3.133869195599998068e-03,4.575683593136858733e-03,6.137023721901923023e-01,3.267145359978681274e+00,2.000000000000000000e+01,7.386868824313644333e-02,-2.438281495343363758e+01,6.234454312005992094e+00,-3.291461654099882139e+01,7.008722478232562558e+00,-5.469790342336679601e+01,6.151721613746157225e+00,0.000000000000000000e+00,1.552729412544153547e+03,5.403162366376927395e+01,3.846500000000000000e+06,3.290399999999999991e-01,-1.522859189999715227e+03,1.000000000000000000e+00
2.844939773110264063e-03,4.459073916696910250e-03,5.943976678962549220e-01,3.139756260653013165e+00,2.000000000000000000e+01,7.454203562137910744e-02,-2.348618353017094051e+01,6.453029584318840328e+00,-3.342862360285559475e+01,6.269414997169434400e+00,-5.708454965932882175e+01,5.868512806029922757e+00,1.000000000000000000e+00,1.521569370397135799e+03,5.440607208610938983e+01,3.757500000000000000e+06,2.190400000000000125e-01,-7.502238629999620798e+02,1.000000000000000000e+00
2.846703848971774298e-03,4.605101401165683471e-03,6.021861695619941113e-01,3.116927976819189539e+00,2.000000000000000000e+01,7.366347149481132506e-02,-2.345818584957344299e+01,6.431873037169260954e+00,-3.358823473985820129e+01,6.265212315704482116e+00,-5.736570362139289614e+01,5.868985010503271482e+00,2.000000000000000000e+00,1.516575104974971509e+03,5.443393810146299927e+01,3.750600000000000000e+06,3.440599999999999770e-01,-1.592422000000598246e+03,1.000000000000000000e+00
2.879504125312199164e-03,3.685147622980367976e-03,6.352914867378092190e-01,2.982266152571372064e+00,2.000000000000000000e+01,7.263253627053353756e-02,-2.522723262535251365e+01,6.685952902349876936e+00,-3.443966302490733256e+01,6.118233217515380851e+00,-6.394805141954079630e+01,5.804279449983043015e+00,3.000000000000000000e+00,1.405385472146131860e+03,5.465521846965266661e+01,3.679500000000000000e+06,6.019700000000000051e-01,-2.655648000001415767e+03,1.000000000000000000e+00
2.850517426737661595e-03,4.053726267063963509e-03,6.344366926666626938e-01,3.312017634728854798e+00,2.000000000000000000e+01,7.336483661225938480e-02,-2.298837808015044004e+01,6.357606973817655494e+00,-3.501242453499538243e+01,5.870345158493417870e+00,-6.246384742988686867e+01,6.106433365952456782e+00,4.000000000000000000e+00,1.331145769567098796e+03,5.475801860011608824e+01,3.658900000000000000e+06,3.944300000000000028e-01,-1.910638464999349480e+03,1.000000000000000000e+00
2.922398201745932123e-03,4.234621339346049569e-03,6.350059175986287885e-01,3.054037478080714685e+00,2.000000000000000000e+01,7.394602107337934493e-02,-2.488801788634972212e+01,6.178337741043880449e+00,-3.580596560186875621e+01,5.557424565485901802e+00,-6.124515456952126158e+01,6.268046349920314952e+00,5.000000000000000000e+00,1.226861762295363860e+03,5.523279407554684894e+01,3.618500000000000000e+06,2.877600000000000158e-01,-1.132762000000215039e+03,1.000000000000000000e+00
2.970629239290849093e-03,4.504112919822888216e-03,6.481674733506708197e-01,2.604943594088091618e+00,2.000000000000000000e+01,7.403665009089571702e-02,-2.889660910836069618e+01,6.415661905473360349e+00,-3.921509168218648966e+01,6.227186297069236431e+00,-5.975020407965759262e+01,5.820648805320008279e+00,6.000000000000000000e+00,1.084356541466807130e+03,5.546821586340734456e+01,3.648200000000000000e+06,2.556700000000000084e-01,-9.300189030001105266e+02,1.000000000000000000e+00
2.954746241976064901e-03,4.315792189921219962e-03,6.294527325533805229e-01,2.538374970214667403e+00,2.000000000000000000e+01,7.431303071191910914e-02,-2.723144170143932996e+01,6.356205351183855434e+00,-3.951910683000840407e+01,5.577423387739978367e+00,-6.131837867699034916e+01,5.811121737797440012e+00,7.000000000000000000e+00,1.076281096691302309e+03,5.584798359541380108e+01,3.575600000000000000e+06,2.375899999999999956e-01,-8.539949999998794965e+02,1.000000000000000000e+00
2.973430809881872500e-03,4.779782841021473598e-03,6.721986877727562648e-01,2.128766917742344944e+00,2.000000000000000000e+01,7.428823226809169733e-02,-2.814236647256839774e+01,6.356334084312402766e+00,-4.276559193701220352e+01,6.284271531286563572e+00,-6.014049379278701224e+01,5.586231711079579831e+00,8.000000000000000000e+00,1.047569820380609599e+03,5.629489880295977855e+01,3.606300000000000000e+06,2.016799999999999982e-01,-5.868702000000065482e+02,1.000000000000000000e+00
2.938648205925437594e-03,4.666859236440233476e-03,6.318439999328472334e-01,1.807303787458084177e+00,2.000000000000000000e+01,7.398688025931783596e-02,-3.219784234189019401e+01,6.046885316388546094e+00,-4.229157601971080283e+01,6.007785989622255407e+00,-5.928880456059044235e+01,5.545841771582778357e+00,9.000000000000000000e+00,8.506230555363570147e+02,5.750489594490200318e+01,3.537200000000000000e+06,2.810199999999999920e-01,-1.122603853000128993e+03,1.000000000000000000e+00
2.732853098931823169e-03,4.086478083906585831e-03,5.968067497445230796e-01,1.609378668138079505e+00,2.000000000000000000e+01,7.398909554536078903e-02,-3.222649724417219375e+01,6.288277145827698256e+00,-3.947935907444261261e+01,6.293484411415951385e+00,-6.153403319298793406e+01,5.534041339748027255e+00,1.000000000000000000e+01,8.509828170107600727e+02,5.726380297988590939e+01,3.586300000000000000e+06,3.235000000000000098e-01,-1.450312000000041962e+03,1.000000000000000000e+00
3.071411108718974381e-03,4.597487081472862239e-03,6.346209236206987736e-01,1.440361251114162577e+00,2.000000000000000000e+01,7.374670270658736926e-02,-3.121659860367802253e+01,6.306293298237790168e+00,-4.611534819299652099e+01,5.737741006337163441e+00,-6.096108212103582957e+01,5.612010442669822297e+00,1.100000000000000000e+01,7.554429771850886937e+02,5.830313748944743679e+01,3.504000000000000000e+06,3.430699999999999861e-01,-1.627990109999562037e+03,1.000000000000000000e+00
3.053260250590182200e-03,4.617349715539892721e-03,6.211294756324865496e-01,1.237849944470887031e+00,2.000000000000000000e+01,7.411708579600065350e-02,-3.151967701742031380e+01,6.151844887423481012e+00,-4.423725059504376844e+01,5.730039641035711284e+00,-6.099264003932610478e+01,5.776820698071512439e+00,1.200000000000000000e+01,7.535614011549430415e+02,5.831390066487274737e+01,3.510100000000000000e+06,2.883100000000000107e-01,-1.248514359999896897e+03,1.000000000000000000e+00
2.824828354686082302e-03,4.415803719982999698e-03,6.258439550171406296e-01,1.312246750833167885e+00,2.000000000000000000e+01,7.569435403343297009e-02,-3.086930370675287350e+01,6.057409406240880756e+00,-4.553562916935162264e+01,6.090265144145722509e+00,-6.011370172469546702e+01,5.559388494730171715e+00,1.300000000000000000e+01,7.920870138138853918e+02,5.825806177663554308e+01,3.520800000000000000e+06,1.223299999999999943e-01,-2.705417909999989092e+02,1.000000000000000000e+00
2.983127499875626483e-03,4.365711042431961141e-03,6.662890955323658160e-01,2.139467093600781133e+00,2.000000000000000000e+01,7.420696909167245892e-02,-2.926065021979034242e+01,6.027146054634666683e+00,-3.921677574388480991e+01,5.872098308190790483e+00,-5.992959063611081660e+01,5.743962737033037058e+00,1.400000000000000000e+01,1.024277505938698823e+03,5.638095357628336046e+01,3.570500000000000000e+06,2.279700000000000060e-01,-7.407758500000855975e+02,1.000000000000000000e+00
2.851581924352405116e-03,4.139581449492481247e-03,6.278685831105172976e-01,1.975207734943325244e+00,2.000000000000000000e+01,7.404629792011155343e-02,-3.069416805265345971e+01,6.124978294476816743e+00,-4.328351001341853532e+01,5.867335747144253766e+00,-6.290582205624985335e+01,5.317790501940900860e+00,1.500000000000000000e+01,7.939022399553289233e+02,5.769515418390385975e+01,3.487400000000000000e+06,2.856000000000000205e-01,-1.151831772000207366e+03,1.000000000000000000e+00
2.761147866036726094e-03,4.214754154867745607e-03,6.400774818773569130e-01,1.980296114403177654e+00,2.000000000000000000e+01,7.300037253632468692e-02,-3.295248287523877195e+01,6.595862318818218384e+00,-4.215952005840613737e+01,5.847366719136077862e+00,-6.629020330294929408e+01,6.105352131436425189e+00,1.600000000000000000e+01,7.414735591196473479e+02,5.833108498335121084e+01,3.530700000000000000e+06,4.646600000000000175e-01,-2.263275536000329794e+03,1.000000000000000000e+00
2.994673905361835628e-03,4.298920968260854653e-03,6.728511687864122681e-01,2.128711199650120456e+00,2.000000000000000000e+01,7.401058491376180659e-02,-2.944600705849365596e+01,6.188657820867064174e+00,-3.886618003890279738e+01,5.712707135655668900e+00,-6.025157103584160723e+01,5.639831924439523192e+00,1.700000000000000000e+01,1.003366819496114090e+03,5.643287793132588348e+01,3.564000000000000000e+06,2.560399999999999898e-01,-8.995951629998960470e+02,1.000000000000000000e+00
2.716732601420986711e-03,3.986196579955518515e-03,6.498229417833214505e-01,1.733250001308385801e+00,2.000000000000000000e+01,7.490794451057022907e-02,-2.923228639241276028e+01,6.087113522852396486e+00,-3.939007890106901755e+01,5.745746363313573468e+00,-6.468382736093852259e+01,5.833139923461525100e+00,1.800000000000000000e+01,8.860475097514116669e+02,5.726285000508457301e+01,3.521000000000000000e+06,1.601200000000000123e-01,-3.908871720000221330e+02,1.000000000000000000e+00
2.730425485626671554e-03,4.421135341774282135e-03,6.345090075555581688e-01,1.243861423318082471e+00,2.000000000000000000e+01,7.436166704408135597e-02,-3.199828858802172604e+01,6.111439855507043717e+00,-4.476638945250805079e+01,6.112036969449180290e+00,-6.041365303315859592e+01,5.502700040825687644e+00,1.900000000000000000e+01,7.176328572477035550e+02,5.842674810314610312e+01,3.520600000000000000e+06,2.169800000000000062e-01,-6.923280000001084318e+02,1.000000000000000000e+00
3.319138020930618906e-03,4.985821563334599110e-03,6.665903336717479144e-01,1.985881845828364245e+00,2.000000000000000000e+01,7.752608205988588408e-02,-3.222588276711641697e+01,6.708421590802760015e+00,-4.090816573288523017e+01,5.666315951023392472e+00,-6.157001122111744706e+01,5.417202617426417177e+00,2.000000000000000000e+01,9.202440074394000931e+02,5.715464549723256482e+01,3.563500000000000000e+06,3.297300000000000231e-01,-1.506525300000267862e+03,1.000000000000000000e+00
2.770153414347482565e-03,4.256029531887515517e-03,5.896743083600590740e-01,1.874110491771560083e+00,2.000000000000000000e+01,7.433470691696933419e-02,-3.110880539471685324e+01,6.338950554437866813e+00,-3.746503704226585540e+01,6.231862276181322713e+00,-5.861533554960747949e+01,5.753310453843557326e+00,2.100000000000000000e+01,9.871601970920432905e+02,5.645050366590899671e+01,3.649100000000000000e+06,2.676999999999999935e-01,-1.074294454999981554e+03,1.000000000000000000e+00
2.633382409168449640e-03,4.239861071776030582e-03,6.611937626802668611e-01,2.061885507217970481e+00,2.000000000000000000e+01,8.188852245168243282e-02,-2.965633530101304061e+01,6.781252054678073904e+00,-3.437655276630444945e+01,5.777465235278230082e+00,-6.318826322952821073e+01,5.064490067919742877e+00,2.200000000000000000e+01,9.829943495174504733e+02,5.662158082545386861e+01,3.616700000000000000e+06,2.295899999999999885e-01,-7.849158539998722972e+02,1.000000000000000000e+00
2.899597906783259876e-03,4.151822231057692401e-03,6.351662135314743995e-01,1.166789249095482317e+00,2.000000000000000000e+01,7.437910746687262376e-02,-3.102067386443578556e+01,6.257732599308166499e+00,-4.540244530288136104e+01,5.931125891487743829e+00,-6.322664830799465108e+01,5.613593223370289209e+00,2.300000000000000000e+01,6.737200157880072311e+02,5.862603074846916229e+01,3.499800000000000000e+06,2.414600000000000080e-01,-8.592729630001241503e+02,1.000000000000000000e+00
2.597084341043745699e-03,3.983742904526186776e-03,5.847809503825653898e-01,1.430219199454636714e+00,2.000000000000000000e+01,7.036398173723491800e-02,-3.107076927105662278e+01,6.433608101125719791e+00,-4.195261475098367754e+01,5.981523805485858603e+00,-6.434433549534763586e+01,5.521227156659074709e+00,2.400000000000000000e+01,6.719307640760873710e+02,5.887078841455121392e+01,3.461000000000000000e+06,1.707599999999999951e-01,-4.814178389999840988e+02,1.000000000000000000e+00
3.135612980127678966e-03,4.692725957589823430e-03,6.269694516616485247e-01,1.724040865341127882e+00,2.000000000000000000e+01,7.439857943327563006e-02,-3.012246647162062629e+01,6.398029603928417686e+00,-4.279785995778806296e+01,5.755533928263904642e+00,-5.910531200416737363e+01,5.611214328540071961e+00,2.500000000000000000e+01,9.331357535191647230e+02,5.712592466844707673e+01,3.565000000000000000e+06,2.385899999999999965e-01,-8.952994499998422953e+02,1.000000000000000000e+00
2.866453687477065870e-03,4.686317143573618879e-03,5.669415656846962248e-01,1.658290305015457156e+00,2.000000000000000000e+01,7.112471764765349036e-02,-3.231351340808407713e+01,6.482516146935943802e+00,-4.349233423365890161e+01,6.471648488326400717e+00,-6.317949378029444318e+01,5.970065438667808699e+00,2.600000000000000000e+01,9.297649055207544961e+02,5.713570771630957523e+01,3.565500000000000000e+06,2.397400000000000087e-01,-9.210768000001593236e+02,1.000000000000000000e+00
2.955506362362230171e-03,4.488383740544369185e-03,6.518644105657454002e-01,1.814072194932942583e+00,2.000000000000000000e+01,7.449892013820935688e-02,-2.932354163181802420e+01,6.067444651410450085e+00,-4.087697543979965076e+01,5.924269882535488030e+00,-6.087736514278785194e+01,5.538330879251512684e+00,2.700000000000000000e+01,9.661203130573999260e+02,5.698164250254882290e+01,3.545500000000000000e+06,2.012200000000000100e-01,-6.071603459999799952e+02,1.000000000000000000e+00
3.213665450421615902e-03,4.260408754569376850e-03,5.721793896049310879e-01,2.561660008445687975e+00,2.000000000000000000e+01,6.917525314797050295e-02,-3.601330510872374902e+01,7.558082914268748453e+00,-3.651598370751251110e+01,4.967557473570916926e+00,-5.958421014704388341e+01,5.246866106273977870e+00,2.800000000000000000e+01,9.419136247413774754e+02,5.701868837718198080e+01,3.519600000000000000e+06,2.142300000000000038e-01,-7.403858000001059736e+02,1.000000000000000000e+00
2.829047653492261505e-03,4.515889145489089020e-03,5.972746888474916860e-01,2.065912196094116915e+00,2.000000000000000000e+01,7.511624445072102862e-02,-3.266636655950006940e+01,6.209775500054197650e+00,-3.971810569546516945e+01,5.942758115772095451e+00,-5.839573961414941294e+01,5.708060108053032877e+00,2.900000000000000000e+01,9.698124871578359034e+02,5.684124956368123804e+01,3.583200000000000000e+06,1.626299999999999968e-01,-4.582037000000333933e+02,1.000000000000000000e+00
2.931745095519209220e-03,4.787551177199779288e-03,6.471561038563854451e-01,2.293036168614155379e+00,2.000000000000000000e+01,7.354428435267236497e-02,-3.083658788878970469e+01,6.478030846011398225e+00,-4.286958934988226133e+01,5.822003199168143794e+00,-6.074422463686953222e+01,5.199243147269572596e+00,3.000000000000000000e+01,9.367803201840223437e+02,5.708283455137836171e+01,3.533600000000000000e+06,3.321399999999999908e-01,-1.463356209000104172e+03,1.000000000000000000e+00
2.761147866036726094e-03,4.214754154867745607e-03,6.400774818773569130e-01,1.980296114403177654e+00,2.000000000000000000e+01,7.300037253632468692e-02,-3.295248287523877195e+01,6.595862318818218384e+00,-4.215952005840613737e+01,5.847366719136077862e+00,-6.629020330294929408e+01,6.105352131436425189e+00,3.100000000000000000e+01,9.736149223576950362e+02,5.677793557860166374e+01,3.560100000000000000e+06,1.878199999999999870e-01,-5.762885000000017044e+02,1.000000000000000000e+00
2.844583707317901652e-03,4.410295788261354467e-03,6.378923352805054847e-01,1.416019701800965480e+00,2.000000000000000000e+01,7.467349901789456512e-02,-3.549224269145842925e+01,6.098421325546858895e+00,-4.261447227368299906e+01,6.032765668993009811e+00,-6.183675228156938886e+01,5.457978606243893083e+00,3.200000000000000000e+01,6.592635268762612668e+02,5.904152012306675346e+01,3.492000000000000000e+06,1.894299999999999873e-01,-5.534453879999731498e+02,1.000000000000000000e+00
2.855433338868794673e-03,4.650529213366665950e-03,6.370982319266333960e-01,7.843849157807132322e-01,2.000000000000000000e+01,7.413276361329758368e-02,-3.346103563147323712e+01,5.880965768962227003e+00,-4.620333597173420515e+01,5.704868099404657222e+00,-6.045828913724338349e+01,5.547664766707196549e+00,3.300000000000000000e+01,6.082220030832022530e+02,5.972037562838941938e+01,3.446600000000000000e+06,2.560399999999999898e-01,-9.369191149998425772e+02,1.000000000000000000e+00
2.771489686851098810e-03,4.266237713574387060e-03,6.276791802506581641e-01,1.175696367333171732e+00,2.000000000000000000e+01,7.483079736254946712e-02,-3.418181368768125594e+01,5.714448161219728206e+00,-4.555922711433268546e+01,5.816549682019513057e+00,-6.020644222201718065e+01,5.457478507149202684e+00,3.400000000000000000e+01,6.182686631138634539e+02,5.956516139434747714e+01,3.437700000000000000e+06,1.799399999999999888e-01,-5.095887389999585935e+02,1.000000000000000000e+00
2.897806050554275342e-03,4.641756899854251363e-03,6.396533813918674483e-01,9.662702671742099403e-01,2.000000000000000000e+01,7.461694929567394552e-02,-3.378648266920113485e+01,5.922484661245267290e+00,-4.738258580670549236e+01,5.672459299073061345e+00,-5.958910300613083422e+01,5.487428366350778575e+00,3.500000000000000000e+01,6.058149784720856132e+02,5.982047407811552375e+01,3.441600000000000000e+06,1.935399999999999898e-01,-5.811455999999431015e+02,1.000000000000000000e+00
2.759509866193479190e-03,4.256017624946619587e-03,6.286534602068755140e-01,9.278698892718142410e-01,2.000000000000000000e+01,7.483755498330044165e-02,-3.428162299267427926e+01,5.712277653410803957e+00,-4.542708259634387957e+01,5.736961530539423926e+00,-5.987655373350418131e+01,5.445684948039478002e+00,3.600000000000000000e+01,6.116411068923890753e+02,5.971907375393064399e+01,3.434500000000000000e+06,1.806500000000000050e-01,-5.068279999999818415e+02,1.000000000000000000e+00
2.702126685153827777e-03,4.183339084944105030e-03,6.231698283789708359e-01,6.503259431092959231e-01,2.000000000000000000e+01,7.408902495137892341e-02,-3.290857167893756241e+01,6.187182497734243114e+00,-4.665262426917534100e+01,5.920789622210898884e+00,-5.790698523652811502e+01,5.682463028630781565e+00,3.700000000000000000e+01,6.409342480771439341e+02,5.930312994277643668e+01,3.525700000000000000e+06,2.828200000000000158e-01,-1.100078337999896803e+03,1.000000000000000000e+00
2.735463498734797862e-03,4.208899147378611372e-03,6.288687574618316845e-01,9.081201910854673764e-01,2.000000000000000000e+01,7.528461874790740027e-02,-3.295907792947423331e+01,6.150284999401275599e+00,-4.562415512488901470e+01,6.087837709812770726e+00,-6.228153995018453060e+01,5.443452717407664565e+00,3.800000000000000000e+01,6.312069823319997113e+02,5.933931058419589277e+01,3.488900000000000000e+06,1.442700000000000093e-01,-3.458875980000203754e+02,1.000000000000000000e+00
2.877894637035441523e-03,4.505936794569519004e-03,6.369974378679562621e-01,1.164357680445526677e+00,2.000000000000000000e+01,7.405951734865637293e-02,-3.437688007497789755e+01,6.089375546130652239e+00,-4.507318413449542049e+01,5.574063033530881839e+00,-6.297970538290648790e+01,5.254123241208975337e+00,3.900000000000000000e+01,5.961989073697807271e+02,5.986812957411227387e+01,3.418400000000000000e+06,2.729099999999999859e-01,-1.047108695000224088e+03,1.000000000000000000e+00
3.022028828634565432e-03,4.911148108555940875e-03,5.187040719269451206e-01,1.120511924786789848e+00,2.000000000000000000e+01,7.323185914387561612e-02,-3.517244206696242514e+01,6.224695538544493978e+00,-4.561207873009941949e+01,5.468451444036161568e+00,-7.099706610935878359e+01,5.480892350850623096e+00,4.000000000000000000e+01,6.027370447602678496e+02,5.986400490033246058e+01,3.418900000000000000e+06,2.175700000000000134e-01,-7.360087140000523505e+02,1.000000000000000000e+00
2.713692109316727732e-03,4.225325317080008344e-03,6.247148195548473115e-01,7.858953833803072886e-01,2.000000000000000000e+01,7.509996766620545550e-02,-3.309724632486978635e+01,6.198341330868140098e+00,-4.531683063519280097e+01,6.116369075456359994e+00,-6.159463030441877152e+01,5.423455244104848028e+00,4.100000000000000000e+01,6.388331840512191775e+02,5.932610635423286993e+01,3.503100000000000000e+06,1.576599999999999946e-01,-4.001355409999881090e+02,1.000000000000000000e+00
2.930134191973694791e-03,4.471596433815700801e-03,5.842767924868031981e-01,1.068019750468481854e+00,2.000000000000000000e+01,7.518706091291324500e-02,-3.223053890397689258e+01,6.245913610393344584e+00,-4.945367501396520282e+01,5.190047475217809847e+00,-5.897923402611471744e+01,5.780189054254560865e+00,4.200000000000000000e+01,5.917270247596300123e+02,5.994918170331794016e+01,3.441200000000000000e+06,1.122800000000000048e-01,-2.357628000000134421e+02,1.000000000000000000e+00
2.679753835798816437e-03,4.743155672038837541e-03,6.113520757755119828e-01,4.792991942859188836e-01,2.000000000000000000e+01,7.428883187278918776e-02,-3.581087996403668683e+01,5.669501522297350604e+00,-4.573615443435537031e+01,5.870950889032055642e+00,-5.634712708483821331e+01,5.784239626249927824e+00,4.300000000000000000e+01,5.913994383315862251e+02,5.998407083099365167e+01,3.483000000000000000e+06,2.362700000000000078e-01,-8.286529079998899761e+02,1.000000000000000000e+00
2.812823599988033534e-03,4.398027505986458127e-03,6.182888397387812374e-01,1.177484627018915653e+00,2.000000000000000000e+01,7.464299779907060395e-02,-3.339517163001114852e+01,6.000628576008268489e+00,-4.489022706396035289e+01,5.907107436993726424e+00,-6.341628865214532595e+01,5.231036193492084152e+00,4.400000000000000000e+01,6.261780784083075559e+02,5.946644856926937450e+01,3.440600000000000000e+06,2.050099999999999978e-01,-6.561814660001103903e+02,1.000000000000000000e+00
2.705508582596891001e-03,4.184110047159536258e-03,6.320544652521669082e-01,3.130028436186607088e-01,2.000000000000000000e+01,7.433441088186545920e-02,-3.451058401024979361e+01,6.205348076414168190e+00,-4.751923944197353222e+01,6.160543616563519009e+00,-5.800684608601505943e+01,5.682458508696256239e+00,4.500000000000000000e+01,5.466322708629182898e+02,6.005824199733039137e+01,3.527600000000000000e+06,2.406999999999999973e-01,-8.191963999999283033e+02,1.000000000000000000e+00
2.803458937530841147e-03,4.800513301569863008e-03,6.276357926314364288e-01,1.503536538599757055e-01,2.000000000000000000e+01,7.427688848886132567e-02,-3.699111439698078385e+01,5.762940412852556094e+00,-4.760925325929248686e+01,5.767917467662454278e+00,-5.909366068965942986e+01,5.446954604034448089e+00,4.600000000000000000e+01,4.482854298427801041e+02,6.144592856825654081e+01,3.413300000000000000e+06,2.357700000000000073e-01,-8.286572769998442709e+02,1.000000000000000000e+00
2.990531738492570746e-03,4.606486674355360529e-03,6.476060414672537568e-01,2.460194811707937523e-01,2.000000000000000000e+01,7.417056406797001289e-02,-3.620307892626361479e+01,5.825832985091050631e+00,-4.367678391602865418e+01,6.134164483797100331e+00,-6.205438448775275617e+01,5.594544748673559553e+00,4.700000000000000000e+01,5.350094319594990111e+02,6.042086020206915009e+01,3.467100000000000000e+06,2.629400000000000071e-01,-9.881266999997998255e+02,1.000000000000000000e+00
2.832792244285358210e-03,4.685027347084534319e-03,6.409827962412482094e-01,2.236019712876530230e-01,2.000000000000000000e+01,7.449836107938695440e-02,-3.528983681345869883e+01,5.575487175955586849e+00,-4.812053035468611739e+01,5.685428565214614594e+00,-6.067208155831007588e+01,5.471248834489592205e+00,4.800000000000000000e+01,4.574146289967486041e+02,6.137042064391115304e+01,3.383100000000000000e+06,2.059799999999999964e-01,-6.367617189999900802e+02,1.000000000000000000e+00
3.082177492864144643e-03,1.988967338347558209e-03,5.198021480423749008e-01,9.148777781366947970e-01,2.000000000000000000e+01,7.492546993046733661e-02,-5.073256512459061440e+01,5.086948838308448906e+00,-7.023683384275308583e+01,4.172582104185464047e+00,-3.098190388648287197e+01,3.873683359840947027e+00,4.900000000000000000e+01,1.088237151896855437e+02,8.000591579231516448e+01,3.253800000000000000e+06,1.491099999999999925e-01,-3.646530000000023506e+02,1.000000000000000000e+00
2.749080042138956920e-03,4.520052120715514071e-03,5.975787177429574548e-01,3.052134031861825081e-01,2.000000000000000000e+01,7.515740166671963651e-02,-3.466391765632072719e+01,6.057564184559003806e+00,-4.780645497023317603e+01,5.491085142914876371e+00,-5.942577478857303674e+01,5.730276561840643268e+00,5.000000000000000000e+01,5.270552322413660704e+02,6.050774692863316062e+01,3.447500000000000000e+06,1.663999999999999924e-01,-4.708103539999544864e+02,1.000000000000000000e+00
2.822900773085164176e-03,4.624382740764858973e-03,6.433004452835801024e-01,4.024543903250345500e-01,2.000000000000000000e+01,7.413590130687566782e-02,-3.568431649839958197e+01,5.735867211282697831e+00,-4.836720919424080023e+01,5.760124357761405633e+00,-6.113750804761038182e+01,5.364701706326263420e+00,5.100000000000000000e+01,4.440446134838314265e+02,6.145477486369340170e+01,3.388600000000000000e+06,2.511900000000000244e-01,-8.899977999999680378e+02,1.000000000000000000e+00
2.766506887517080834e-03,4.556341903659857223e-03,6.246137828601483477e-01,1.645152498939518870e-01,2.000000000000000000e+01,7.485117535257572452e-02,-3.477509540172827940e+01,5.611872636433071548e+00,-4.830598282823478939e+01,5.928873438466409240e+00,-6.133656302830993923e+01,5.374473287982230119e+00,5.200000000000000000e+01,4.518135779576314235e+02,6.142195630197401357e+01,3.395100000000000000e+06,1.791000000000000092e-01,-5.082960629999353159e+02,1.000000000000000000e+00
2.672097765373245264e-03,4.998709067169524768e-03,5.687274021090452658e-01,2.732506483146592835e-01,2.000000000000000000e+01,6.194388620353935559e-02,-3.312466209187255117e+01,6.847477034240930571e+00,-4.743752727634365129e+01,6.127217490908269504e+00,-5.940185740943126547e+01,5.762987902384200112e+00,5.300000000000000000e+01,4.667449870063441608e+02,6.124770178245696428e+01,3.396800000000000000e+06,1.892000000000000071e-01,-5.578433999999857633e+02,1.000000000000000000e+00
2.548942598338987953e-03,4.381172949630173993e-03,5.371853944648188328e-01,6.137965941807831394e-01,2.000000000000000000e+01,7.553852284476010592e-02,-3.287479803616820107e+01,5.156775911736249718e+00,-4.567140671019372888e+01,6.280309523977641639e+00,-5.916758897637514281e+01,5.384100741331709017e+00,5.400000000000000000e+01,4.594785446101824391e+02,6.134700787588874960e+01,3.380900000000000000e+06,2.172099999999999864e-01,-8.019143779999301387e+02,1.000000000000000000e+00
2.703544562359859200e-03,4.340709085110705696e-03,5.833539176141565585e-01,1.715587069972815681e-01,2.000000000000000000e+01,7.036584974670465065e-02,-3.617843465260573055e+01,6.131135986995871257e+00,-4.575296361607490070e+01,6.193965554017396791e+00,-5.588324132415782941e+01,5.121316079883306394e+00,5.500000000000000000e+01,4.416327232608797999e+02,6.151367058016837319e+01,3.394500000000000000e+06,2.271199999999999886e-01,-7.672199999998878184e+02,1.000000000000000000e+00
2.806840480414741091e-03,4.696379230000652730e-03,6.332296149519802686e-01,2.604743930818902431e-01,2.000000000000000000e+01,7.432579637570760345e-02,-3.616948896129976276e+01,5.636452681650810703e+00,-4.767416531677416458e+01,5.903313282653968486e+00,-5.915798042744205532e+01,5.433424601577490520e+00,5.600000000000000000e+01,4.728210807671708835e+02,6.118614842959782152e+01,3.415700000000000000e+06,2.277899999999999925e-01,-7.745476259999153399e+02,1.000000000000000000e+00
2.520448184712776544e-03,4.653831260240447881e-03,6.470172877635922415e-01,3.315810251807648212e-01,2.000000000000000000e+01,8.139250387780842810e-02,-3.559198469373067297e+01,6.303185380055516873e+00,-4.323572779777914121e+01,5.712576266975365691e+00,-5.907414560896805966e+01,5.710515040852131463e+00,5.700000000000000000e+01,4.690932836111901452e+02,6.122659198978223571e+01,3.454700000000000000e+06,2.555200000000000249e-01,-9.431450279999249915e+02,1.000000000000000000e+00
3.063509884554680655e-03,4.230743188106830810e-03,5.738372588903970506e-01,3.111827346536093497e-01,2.000000000000000000e+01,7.623219710487307010e-02,-3.377054264253104776e+01,5.236684194854725583e+00,-4.954720627639092356e+01,6.133235640747947137e+00,-5.473132745408091182e+01,5.224125422083700343e+00,5.800000000000000000e+01,4.736596656959546863e+02,6.111057288206016835e+01,3.438500000000000000e+06,1.840199999999999891e-01,-5.490125429999505968e+02,1.000000000000000000e+00
2.882444656798289866e-03,4.397113946616406158e-03,6.138422347286027758e-01,3.859949626287224045e-01,2.000000000000000000e+01,7.491622991992633041e-02,-3.439885033548598869e+01,5.986932477794945306e+00,-4.799610563136981511e+01,5.519182506318484727e+00,-6.259348286412829765e+01,5.608644610650309836e+00,5.900000000000000000e+01,4.744066929235796124e+02,6.095685533024651193e+01,3.404800000000000000e+06,1.890499999999999958e-01,-5.921569880000412240e+02,1.000000000000000000e+00
2.825252529203604434e-03,4.622498000839020751e-03,6.431865239605341067e-01,3.988261337016968944e-01,2.000000000000000000e+01,7.423129138323342202e-02,-3.564186284328161491e+01,5.692039914629311248e+00,-4.851985761572476008e+01,5.755980266348807106e+00,-6.108992911370935275e+01,5.364302194296490356e+00,6.000000000000000000e+01,4.398454898341581156e+02,6.151561348299791376e+01,3.383400000000000000e+06,2.362499999999999878e-01,-8.139795480001840815e+02,1.000000000000000000e+00
2.863593255188767901e-03,4.254794845404944077e-03,6.242693897032720596e-01,3.256635656809525603e-01,2.000000000000000000e+01,7.439878845218139691e-02,-3.463305732615179267e+01,5.779920462251581625e+00,-4.446708604686013189e+01,5.944867636745190254e+00,-6.523855340724762186e+01,5.380895460604751435e+00,6.100000000000000000e+01,5.084126272703206268e+02,6.068112937749939562e+01,3.408500000000000000e+06,2.502400000000000180e-01,-9.240250929998279616e+02,1.000000000000000000e+00
2.895436787766063249e-03,4.432717802028328380e-03,6.332096781237437355e-01,3.630543521289174569e-01,2.000000000000000000e+01,7.466454192542359980e-02,-3.490114820995346889e+01,5.788441218604072347e+00,-4.622984781700955637e+01,5.876185440564031026e+00,-6.186433802871941623e+01,5.577268995948576169e+00,6.200000000000000000e+01,5.087414207765677929e+02,6.062064192888900749e+01,3.430800000000000000e+06,2.047499999999999876e-01,-6.457779999999214624e+02,1.000000000000000000e+00
2.722096125781588508e-03,4.533006775502643887e-03,6.118631686711027973e-01,5.049621281383834814e-01,2.000000000000000000e+01,7.513190184810615568e-02,-3.573558260254664987e+01,5.951202564822004604e+00,-4.773676036371618636e+01,5.353939315167473012e+00,-5.957649044197614074e+01,5.739841150180175156e+00,6.300000000000000000e+01,5.006564062832222817e+02,6.079944328366300255e+01,3.419100000000000000e+06,1.570100000000000107e-01,-4.098409610000227303e+02,1.000000000000000000e+00
2.668976031376996041e-03,5.355672128013365223e-03,5.972815940497127052e-01,3.451506908473164770e-01,2.000000000000000000e+01,7.607961640485313981e-02,-3.453615714181412955e+01,6.076129806199280559e+00,-4.186758248136245442e+01,6.395639062180082490e+00,-6.768002518352204788e+01,5.628231504259620266e+00,6.400000000000000000e+01,5.035361699539733991e+02,6.073722499116410489e+01,3.424900000000000000e+06,2.461399999999999977e-01,-8.855021070001690759e+02,1.000000000000000000e+00
2.886123221868083788e-03,4.529587627734804958e-03,6.412518183133412153e-01,4.649539339513946157e-01,2.000000000000000000e+01,7.431589524676368574e-02,-3.525677970617368118e+01,5.858186978317799110e+00,-4.785244307409270448e+01,5.546031387893657794e+00,-6.000402533972258823e+01,5.473900138426340156e+00,6.500000000000000000e+01,5.000555146996923099e+02,6.085346682464376755e+01,3.407300000000000000e+06,2.339400000000000091e-01,-8.107735999998697025e+02,1.000000000000000000e+00
2.864288535062020288e-03,4.405856758403750920e-03,6.729056311385588351e-01,-1.358965794021840479e+00,2.000000000000000000e+01,7.448433759834036105e-02,-4.074703982180442097e+01,5.695646697021526705e+00,-5.627849236343724471e+01,5.940717670490334612e+00,-5.977177624598130734e+01,5.679940616829409983e+00,6.600000000000000000e+01,1.103728962232789570e+02,6.763254188816998180e+01,3.322900000000000000e+06,2.083800000000000097e-01,-6.193898959999714862e+02,1.000000000000000000e+00
2.809307033682909363e-03,4.694957538738543830e-03,6.455366552697885396e-01,5.817306274519024045e-01,2.000000000000000000e+01,7.406003698096647048e-02,-3.568738820405950207e+01,5.734477693207950644e+00,-4.734531023026053020e+01,5.620012321965662139e+00,-6.032308486829670358e+01,5.438298705182854853e+00,6.700000000000000000e+01,4.939182288298167123e+02,6.091616168214830651e+01,3.397600000000000000e+06,2.536599999999999966e-01,-9.095509620001289477e+02,1.000000000000000000e+00
2.892260966132060001e-03,4.570381253657766762e-03,6.101467716772394079e-01,2.671897122337801855e-01,2.000000000000000000e+01,7.518092932167902420e-02,-3.616507663890317303e+01,6.113772401526950340e+00,-4.762900524925973400e+01,5.395088860203970604e+00,-6.258770729538477440e+01,5.664293129435614915e+00,6.800000000000000000e+01,4.286981685618380311e+02,6.154135269178479462e+01,3.401600000000000000e+06,1.644500000000000128e-01,-4.670580000000402379e+02,1.000000000000000000e+00
2.851545772183158162e-03,4.493001891426581795e-03,6.146378261841671797e-01,2.380987385309777937e-01,2.000000000000000000e+01,7.517815131976524068e-02,-3.471458496911453295e+01,5.810916239835066222e+00,-4.768320803246211170e+01,5.836441863111611283e+00,-6.096872895158563210e+01,5.570942216846969330e+00,6.900000000000000000e+01,4.942241502116551146e+02,6.088512811593239604e+01,3.427300000000000000e+06,1.618799999999999961e-01,-4.435826219999687510e+02,1.000000000000000000e+00
2.889416265139644301e-03,4.434934534495641942e-03,6.092358785044678093e-01,6.026472080332427872e-01,2.000000000000000000e+01,7.487120661679322331e-02,-3.476098453863904325e+01,5.904438833173577983e+00,-4.840158564277770381e+01,5.515600284700857614e+00,-6.121490538674304105e+01,5.477059259080411024e+00,7.000000000000000000e+01,4.897059575565177738e+02,6.092674289999315107e+01,3.396900000000000000e+06,1.953799999999999981e-01,-6.301871999999355012e+02,1.000000000000000000e+00
2.662921589090536285e-03,4.557327503459109377e-03,6.259732073997251733e-01,-7.655886855046986628e-02,2.000000000000000000e+01,7.488798979388477939e-02,-3.653037547860931511e+01,5.697189152872228490e+00,-4.715473496343416571e+01,5.749766345912055598e+00,-6.072697217090750144e+01,5.516797474968351267e+00,7.100000000000000000e+01,4.238756386325670746e+02,6.159851977511274157e+01,3.402000000000000000e+06,1.698699999999999932e-01,-4.472969130000063274e+02,1.000000000000000000e+00
2.788971642967072277e-03,4.619430687794766344e-03,6.448847869602357674e-01,1.671267829052703324e-01,2.000000000000000000e+01,7.462018622293969949e-02,-3.716197490208242726e+01,5.707735437763120423e+00,-4.650777138622916596e+01,5.841120298878880845e+00,-6.169862811591630702e+01,5.397841525905665350e+00,7.200000000000000000e+01,4.205563709779045780e+02,6.163427937287179503e+01,3.395500000000000000e+06,1.901100000000000012e-01,-5.430202470000386938e+02,1.000000000000000000e+00
2.583033319004944626e-03,4.564275168349051295e-03,7.019792853095524476e-01,-1.589708554307942001e-01,2.000000000000000000e+01,7.733950240482596883e-02,-3.536363182400162941e+01,5.274117101046691403e+00,-4.543654461754137230e+01,5.768074233840783549e+00,-5.524803466866237045e+01,5.106911918592477839e+00,7.300000000000000000e+01,3.944462566728986417e+02,6.174452108265593608e+01,3.400300000000000000e+06,1.895999999999999908e-01,-4.951224359999898752e+02,1.000000000000000000e+00
2.637139756904028319e-03,4.557036106981868229e-03,6.262831307283661664e-01,-1.722743568738401010e-02,2.000000000000000000e+01,7.498747806490610457e-02,-3.641146904906553772e+01,5.684123699346556258e+00,-4.772812889758583310e+01,5.737567934237508105e+00,-6.058958571090896328e+01,5.545577988231858768e+00,7.400000000000000000e+01,4.195351307206421438e+02,6.163926530490537203e+01,3.398900000000000000e+06,1.583900000000000030e-01,-3.938798999999866624e+02,1.000000000000000000e+00
3.516105208997797639e-03,4.476119378972363665e-03,5.647509844788002331e-01,-1.315244700203869188e+00,2.000000000000000000e+01,6.275382584483829573e-02,-4.709500019895681078e+01,6.182898796776361117e+00,-4.874657257380689401e+01,6.735229817778301431e+00,-5.520688893356711446e+01,6.942704553174528392e+00,7.500000000000000000e+01,1.774326347472930649e+02,6.460860146956393635e+01,3.574300000000000000e+06,3.954699999999999882e-02,-5.180239999999982103e+01,1.000000000000000000e+00
2.869043784566224428e-03,4.551765875753495047e-03,6.280871398095850822e-01,-3.443168327655341532e-01,2.000000000000000000e+01,7.511870709004798974e-02,-3.743216695420893103e+01,5.861542843269952563e+00,-4.633030399449108927e+01,5.833478081445589325e+00,-6.201632255632435431e+01,5.674433450654920108e+00,7.600000000000000000e+01,3.936491075924957386e+02,6.184845979083878120e+01,3.421200000000000000e+06,1.615499999999999992e-01,-4.336000219999871206e+02,1.000000000000000000e+00
3.021485435602104270e-03,4.483241179380222270e-03,5.866044463117326968e-01,1.247066243674843228e-01,2.000000000000000000e+01,8.039679150857369228e-02,-3.650040008698780980e+01,6.014637496527660332e+00,-5.151304928807694239e+01,5.923476503344081934e+00,-5.759436175001570035e+01,5.269798992185025455e+00,7.700000000000000000e+01,3.928555004299754501e+02,6.184863164024954330e+01,3.390000000000000000e+06,1.666100000000000081e-01,-4.780476000000426779e+02,1.000000000000000000e+00
2.649478932976958093e-03,4.673610378798416162e-03,6.261321239395380989e-01,-5.996116447754407108e-02,2.000000000000000000e+01,7.467509642077357901e-02,-3.739599650895097938e+01,5.761632345684124523e+00,-4.676241378483236844e+01,5.666093624806864071e+00,-6.038394134991480655e+01,5.563529495864627528e+00,7.800000000000000000e+01,4.105509225112517697e+02,6.168136370871950902e+01,3.404500000000000000e+06,1.862300000000000066e-01,-5.240605000000479095e+02,1.000000000000000000e+00
2.546111276492587713e-03,4.544418432045845002e-03,6.322407370732739951e-01,-2.426378126175415817e-01,2.000000000000000000e+01,7.491906468209882930e-02,-3.857134180668838752e+01,5.754757797992946955e+00,-4.631069660186653891e+01,5.656981392880583215e+00,-6.001152374654424904e+01,5.687674199228739624e+00,7.900000000000000000e+01,3.784401776682361742e+02,6.195672277892936819e+01,3.409900000000000000e+06,1.571700000000000041e-01,-3.780824850000407764e+02,1.000000000000000000e+00
2.706146298267890840e-03,4.532961981822132558e-03,6.209836749510504461e-01,-3.443725700730276840e-01,2.000000000000000000e+01,7.503016699602557682e-02,-3.790029226137774288e+01,5.861484599764929193e+00,-4.588921655563059687e+01,5.783387609862424839e+00,-6.180400502356695114e+01,5.680599516637371948e+00,8.000000000000000000e+01,3.821578247027424595e+02,6.188313843766449907e+01,3.419500000000000000e+06,1.650399999999999923e-01,-4.354856000000352196e+02,1.000000000000000000e+00
2.633860963479944285e-03,4.542705570114575521e-03,6.218224436452808312e-01,-5.304983589374039354e-01,2.000000000000000000e+01,7.538890217216639988e-02,-3.910843175218709433e+01,5.570093706197845052e+00,-4.843600863868921635e+01,5.594934026418795447e+00,-6.024636310352126145e+01,5.563289182708581748e+00,8.100000000000000000e+01,2.948092717191356087e+02,6.307967237826236584e+01,3.358400000000000000e+06,1.365699999999999970e-01,-3.138850000000007867e+02,1.000000000000000000e+00
2.705117058202042950e-03,4.474718014145662864e-03,6.542670969319197560e-01,-1.095172811578408956e+00,2.000000000000000000e+01,7.439037082911317822e-02,-3.957417743336890226e+01,5.818272726192041944e+00,-5.484204246644349467e+01,6.201020006019335007e+00,-6.114285300031886550e+01,5.686705700269302000e+00,8.200000000000000000e+01,1.175941507061671132e+02,6.648654804328275247e+01,3.360500000000000000e+06,2.144199999999999995e-01,-6.508254059999485435e+02,1.000000000000000000e+00
2.548841913180060256e-03,4.424690751225898548e-03,6.242927439692694813e-01,-7.429696171748297884e-01,2.000000000000000000e+01,7.811164885873944641e-02,-4.168663207736935306e+01,5.433615279711103696e+00,-4.619232831885122437e+01,5.695672620110549644e+00,-6.518244780252253179e+01,6.234366927972516237e+00,8.300000000000000000e+01,2.128219939145565718e+02,6.425748892984032068e+01,3.316100000000000000e+06,1.425800000000000123e-01,-3.729742140000142285e+02,1.000000000000000000e+00
2.812256902606976531e-03,4.739297393236865767e-03,6.271315420704459687e-01,-1.090604560900814146e+00,2.000000000000000000e+01,7.515194891507787078e-02,-3.939745064673547859e+01,5.519301279858197518e+00,-5.327099723255395247e+01,5.486340650487624870e+00,-6.052013577502896169e+01,5.267168914056838069e+00,8.400000000000000000e+01,1.609344061670505823e+02,6.550162629957036131e+01,3.283300000000000000e+06,1.549300000000000122e-01,-4.038017639999961261e+02,1.000000000000000000e+00
2.548841913180060256e-03,4.424690751225898548e-03,6.242927439692694813e-01,-7.429696171748297884e-01,2.000000000000000000e+01,7.811164885873944641e-02,-4.168663207736935306e+01,5.433615279711103696e+00,-4.619232831885122437e+01,5.695672620110549644e+00,-6.518244780252253179e+01,6.234366927972516237e+00,8.500000000000000000e+01,1.680402221817538191e+02,6.484129060003483858e+01,3.341200000000000000e+06,6.257899999999999574e-02,-7.426115800000086153e+01,1.000000000000000000e+00
2.903685773164275691e-03,4.732764998330425688e-03,6.359455446832543712e-01,-5.156317368469440776e-01,2.000000000000000000e+01,7.463667321489289574e-02,-3.698110242532846570e+01,5.668989387889162401e+00,-4.916934223615604793e+01,5.729116283844032154e+00,-6.323713940168032366e+01,5.531285157255966034e+00,8.600000000000000000e+01,2.964506243679554700e+02,6.304278240023273838e+01,3.354100000000000000e+06,2.023099999999999898e-01,-6.362664000000561373e+02,1.000000000000000000e+00
2.822721574937210078e-03,4.720813877352732051e-03,6.656126932094592608e-01,-8.925856538754203262e-01,2.000000000000000000e+01,7.396667581070795472e-02,-4.004839870788107703e+01,5.791685039157112413e+00,-5.363803063228324675e+01,5.868027635600904901e+00,-6.218554505752287298e+01,5.594482632332821836e+00,8.700000000000000000e+01,1.283050157097773081e+02,6.637330793135140539e+01,3.327800000000000000e+06,2.700600000000000223e-01,-9.613255999999652204e+02,1.000000000000000000e+00
3.004267621419910023e-03,4.329399979308517360e-03,6.043946743578395564e-01,-1.503500054053895418e+00,2.000000000000000000e+01,6.990370927724026684e-02,-4.902669379650089354e+01,5.607739310245150932e+00,-5.126379869632677355e+01,6.175236108886495323e+00,-5.528414266845667413e+01,6.923062653834279878e+00,8.800000000000000000e+01,1.963725676056522786e+02,6.460209714789716884e+01,3.529300000000000000e+06,6.402399999999999758e-02,-9.699261000000102229e+01,1.000000000000000000e+00
2.774480371609111280e-03,4.616411783441633568e-03,6.421850498127181783e-01,-6.093757079715282632e-02,2.000000000000000000e+01,7.456323481689836052e-02,-3.702368042903860612e+01,5.672988930463450430e+00,-4.776767206209426320e+01,5.617118761205501798e+00,-6.276894195344645766e+01,5.482350489983950581e+00,8.900000000000000000e+01,3.573244253584942385e+02,6.234470748648575267e+01,3.359500000000000000e+06,1.986499999999999932e-01,-5.866106480000480587e+02,1.000000000000000000e+00
2.936780665350385410e-03,4.401940348889369671e-03,6.290776698220041929e-01,-1.201703714252509769e+00,2.000000000000000000e+01,7.644838727695288383e-02,-3.776682754893067795e+01,5.418639269660365798e+00,-5.211019600345409231e+01,5.824948924964903796e+00,-6.417909913169700076e+01,5.481487517974876766e+00,9.000000000000000000e+01,1.630645044759269524e+02,6.532537354109682326e+01,3.296400000000000000e+06,9.997100000000000430e-02,-1.990306999999953064e+02,1.000000000000000000e+00
2.711055916883432435e-03,4.778366419102439422e-03,6.283754667959255968e-01,-1.223326067280533502e+00,2.000000000000000000e+01,7.457850269734214721e-02,-3.887867865702839509e+01,5.379310929119626827e+00,-5.107516219965101811e+01,5.438587415978028972e+00,-6.087930137655713025e+01,5.439799345279738851e+00,9.100000000000000000e+01,2.005620067453209856e+02,6.448791892938749015e+01,3.295800000000000000e+06,2.029299999999999993e-01,-6.210020239999497562e+02,1.000000000000000000e+00
2.677390255650644296e-03,4.477451488010011221e-03,6.335777057384702760e-01,-1.597178707059354330e-01,2.000000000000000000e+01,7.485862611665797250e-02,-3.769304796838316207e+01,5.686998144091996110e+00,-4.654002649005168735e+01,5.779379679260864044e+00,-6.227132425363561197e+01,5.565974979646008514e+00,9.200000000000000000e+01,3.679070127421226175e+02,6.207877577009532644e+01,3.388700000000000000e+06,1.715500000000000080e-01,-4.500912519999704386e+02,1.000000000000000000e+00
2.758374501541939992e-03,4.439673806772318973e-03,6.643265723492981500e-01,-8.118648559154519884e-01,2.000000000000000000e+01,7.413528961444398879e-02,-4.071445374015546292e+01,5.812655873060845302e+00,-5.173132361080058672e+01,5.870534413877959601e+00,-6.086223567274841173e+01,5.684632098035491410e+00,9.300000000000000000e+01,1.637171748273538583e+02,6.519951763405364886e+01,3.360500000000000000e+06,2.476500000000000090e-01,-8.143425139998943223e+02,1.000000000000000000e+00
2.790889924961481063e-03,4.731429853076724382e-03,6.368495629055427321e-01,-6.686153927804422414e-01,2.000000000000000000e+01,7.582090049434209167e-02,-3.739415816891072097e+01,5.802836046757255062e+00,-5.081019649978082953e+01,5.661181671650799885e+00,-6.040884983749867843e+01,5.573736319186717303e+00,9.400000000000000000e+01,2.891834702355820923e+02,6.313284767308759626e+01,3.375200000000000000e+06,1.152500000000000052e-01,-2.394669420000075206e+02,1.000000000000000000e+00
2.759828114653095372e-03,4.598306836500015010e-03,6.481285931132423350e-01,-5.461026722576527437e-01,2.000000000000000000e+01,7.753498620264540064e-02,-3.675005299353415467e+01,6.033386415777694189e+00,-5.094120034874503489e+01,5.943684503075715497e+00,-5.877214779459534810e+01,5.787451732718752240e+00,9.500000000000000000e+01,3.575757840796011351e+02,6.230024695079588781e+01,3.450700000000000000e+06,6.957399999999999696e-02,-9.190799999999872227e+01,1.000000000000000000e+00
2.885733937025952624e-03,4.798277538408147157e-03,6.429492212284778629e-01,-1.682792010913192859e+00,2.000000000000000000e+01,7.956675323483912432e-02,-4.553846528834523610e+01,5.165576231531945339e+00,-6.161724905996247514e+01,4.992189283393590138e+00,-5.912782404837314232e+01,5.255392777450643926e+00,9.600000000000000000e+01,1.291723419536455424e+02,6.628195248504226811e+01,3.292000000000000000e+06,1.069699999999999956e-01,-2.351625639999838313e+02,1.000000000000000000e+00
2.656857168661144828e-03,4.457958526231908455e-03,6.186846051089804899e-01,-9.240462654236689666e-01,2.000000000000000000e+01,7.553894680449177446e-02,-3.909020599953497310e+01,5.656020952434325011e+00,-5.008021296715113380e+01,5.591660226421859115e+00,-5.996055084707757032e+01,5.285527493552352851e+00,9.700000000000000000e+01,2.496815984909923145e+02,6.384744631323938080e+01,3.338800000000000000e+06,1.323900000000000077e-01,-3.033419749999750934e+02,1.000000000000000000e+00
2.828241195885733417e-03,4.649930444278103057e-03,6.116263553442766732e-01,-1.467015747012593518e+00,2.000000000000000000e+01,7.657920864124365123e-02,-4.078285078620263704e+01,5.319254921009302528e+00,-5.310676598984480279e+01,5.246720762767389523e+00,-5.808538920998887534e+01,5.458867754349334689e+00,9.800000000000000000e+01,1.576471362927866551e+02,6.550624304189098268e+01,3.275300000000000000e+06,9.531000000000000583e-02,-1.874970630000087226e+02,1.000000000000000000e+00
2.655189350646789889e-03,4.446962397696696372e-03,6.078256366599401606e-01,-1.377897640575806548e+00,2.000000000000000000e+01,7.722442669271907534e-02,-4.121075267925107255e+01,5.622073818966662806e+00,-5.033564027617403269e+01,5.464760209933174018e+00,-5.765531193957538392e+01,5.567555930764274130e+00,9.900000000000000000e+01,2.076593855900366918e+02,6.443084866071505701e+01,3.348200000000000000e+06,8.007000000000000228e-02,-1.258469999999980189e+02,1.000000000000000000e+00
2.849169349801524039e-03,4.562746271501480488e-03,6.144522449141274212e-01,-1.803568010608844752e+00,2.000000000000000000e+01,7.601311909067215433e-02,-3.988532628134209546e+01,5.428183929642880656e+00,-5.487278053927940391e+01,5.333161130562592334e+00,-5.846778049348843354e+01,5.132625730582827117e+00,1.000000000000000000e+02,1.362092613626063269e+02,6.618065079066310830e+01,3.257900000000000000e+06,1.179599999999999954e-01,-2.692314450000035890e+02,1.000000000000000000e+00
2.918297085795167230e-03,4.704328986793164351e-03,6.327885742521008883e-01,-2.987928259297966682e-01,2.000000000000000000e+01,7.492001963949730670e-02,-3.613099087559712785e+01,5.814084806309350206e+00,-4.803282182937277867e+01,5.918839617886440863e+00,-6.298185043816179984e+01,5.554603674304287253e+00,1.010000000000000000e+02,3.743146124995362243e+02,6.206016008544306573e+01,3.401500000000000000e+06,1.754000000000000004e-01,-5.022867880000699188e+02,1.000000000000000000e+00
2.848545462808004230e-03,4.595872886652144912e-03,6.123376011110107653e-01,-1.750512593374703219e+00,2.000000000000000000e+01,7.628123740374971595e-02,-3.928586610800987700e+01,5.416884522881205477e+00,-5.475737025845466377e+01,5.380272275844198759e+00,-5.944695548117734774e+01,5.128573831647975645e+00,1.020000000000000000e+02,1.390558783532080156e+02,6.609872795905590692e+01,3.256600000000000000e+06,1.079900000000000027e-01,-2.318144470000030424e+02,1.000000000000000000e+00
2.857550668777187643e-03,4.527216612204171611e-03,6.633585014398041269e-01,-7.020072420888471276e-01,2.000000000000000000e+01,7.508660631631386417e-02,-4.025688128972218038e+01,5.634576486394816897e+00,-4.776662184686301060e+01,5.569582282666416972e+00,-6.194363955825785695e+01,5.410252819246623268e+00,1.030000000000000000e+02,2.499721328128068194e+02,6.383435120762460002e+01,3.334800000000000000e+06,1.492700000000000138e-01,-3.554411769999857711e+02,1.000000000000000000e+00
2.821943052810381436e-03,4.698237250704464206e-03,6.060494126043515228e-01,-4.957045250398062208e-01,2.000000000000000000e+01,7.475267081771169719e-02,-3.675543724058598372e+01,5.750369302332447141e+00,-4.764913946485189200e+01,5.793017943545539339e+00,-6.253182734868394022e+01,5.543502295008353009e+00,1.040000000000000000e+02,3.582973697987084734e+02,6.228051263063548504e+01,3.388600000000000000e+06,2.051699999999999913e-01,-6.785993380000850266e+02,1.000000000000000000e+00
2.820703022042013106e-03,4.621111939132235315e-03,6.338322940407663530e-01,-1.523926013192725915e+00,2.000000000000000000e+01,7.600222273135137652e-02,-3.889210059963932054e+01,5.448394855328867692e+00,-5.476498115882809259e+01,5.509072646068940315e+00,-6.011996704246080725e+01,5.148512698321095371e+00,1.050000000000000000e+02,1.393596567119622023e+02,6.608207279957848357e+01,3.266000000000000000e+06,1.117599999999999982e-01,-2.328257079999957284e+02,1.000000000000000000e+00
2.774439352274924581e-03,4.436643566658142815e-03,6.542121688452405825e-01,-3.418417122069907776e-01,2.000000000000000000e+01,7.618350604237580925e-02,-3.654559853178443518e+01,6.062998552196710023e+00,-5.321334136348707489e+01,6.119023433622436059e+00,-6.007020182676581044e+01,5.683320177462656275e+00,1.060000000000000000e+02,2.742175642609794863e+02,6.324232546615691319e+01,3.425900000000000000e+06,9.935299999999999687e-02,-1.766119699999960062e+02,1.000000000000000000e+00
2.627471564449101321e-03,4.482522428475618770e-03,6.329585205384884450e-01,-1.687139654191505134e-01,2.000000000000000000e+01,7.489380336440265573e-02,-3.744878857652627602e+01,5.719598438560250742e+00,-4.653825825971792085e+01,5.726762026558958496e+00,-6.301556530850881188e+01,5.489745706741695486e+00,1.070000000000000000e+02,3.632469004616833672e+02,6.215208919703463408e+01,3.378000000000000000e+06,1.650600000000000123e-01,-4.197961980000483209e+02,1.000000000000000000e+00
2.577349955872910384e-03,4.816794637486043230e-03,7.253800462582233877e-01,-1.031456181033187258e+00,2.000000000000000000e+01,8.219186077104431720e-02,-4.004502625206163202e+01,4.970036604024364202e+00,-5.093649516684234868e+01,5.518903898088877824e+00,-6.640813623209956518e+01,5.764009652734996436e+00,1.080000000000000000e+02,2.504489380034136730e+02,6.378931837204866184e+01,3.326700000000000000e+06,7.339900000000000591e-02,-9.260440600000177369e+01,1.000000000000000000e+00
2.654710047250877052e-03,4.893780411515047217e-03,6.674957989760936794e-01,2.201607684546654509e-01,2.000000000000000000e+01,7.113760419212153407e-02,-3.989771577545355541e+01,5.141684181129606124e+00,-5.182599609397271934e+01,5.735988974476739166e+00,-6.226687081150608094e+01,5.783537462455359268e+00,1.090000000000000000e+02,3.525948526826603029e+02,6.237682826172959238e+01,3.376400000000000000e+06,1.112599999999999978e-01,-2.514190770000103328e+02,1.000000000000000000e+00
2.721283231063697378e-03,4.616988501058289299e-03,6.493125453409605008e-01,-1.598532052071135690e+00,2.000000000000000000e+01,7.757462260316777547e-02,-4.065502232399717997e+01,5.664751489879106039e+00,-5.152683505408153763e+01,5.569457744587600345e+00,-6.078138530633900416e+01,5.254221726758702360e+00,1.100000000000000000e+02,1.546171345043807719e+02,6.552228961948817698e+01,3.306900000000000000e+06,6.965000000000000357e-02,-9.033720000000143102e+01,1.000000000000000000e+00
2.716462753451612949e-03,4.860917379356705960e-03,6.058169965564170756e-01,-4.875559965678825658e-01,2.000000000000000000e+01,7.474471384957498410e-02,-3.809462882218582536e+01,5.664079667212740254e+00,-4.786971688612401010e+01,5.357841277095055865e+00,-6.158240309403606005e+01,5.473742422385475592e+00,1.110000000000000000e+02,3.229652371169543699e+02,6.284202581224348449e+01,3.341600000000000000e+06,1.943900000000000072e-01,-6.050320390000306361e+02,1.000000000000000000e+00
2.676898301994534886e-03,4.488683909874556163e-03,6.318514579844025647e-01,-1.457037428080356078e-01,2.000000000000000000e+01,7.489543957936270480e-02,-3.746805601390951779e+01,5.699504320381282518e+00,-4.647726558634708738e+01,5.750864984494082677e+00,-6.304870249351920108e+01,5.498540882745338365e+00,1.120000000000000000e+02,3.658089659824566411e+02,6.214102689987144856e+01,3.378300000000000000e+06,1.690200000000000036e-01,-4.383124959999727821e+02,1.000000000000000000e+00
2.788258628955078179e-03,4.380497452967341276e-03,6.615521865629366838e-01,5.899183032664348514e-02,2.000000000000000000e+01,7.487374998469450982e-02,-3.702131675546799272e+01,5.888760763562551404e+00,-5.064585482001781003e+01,6.146643862855855289e+00,-6.202331524575332367e+01,5.466394895767905382e+00,1.130000000000000000e+02,3.026196739573132390e+02,6.301146155566497242e+01,3.400500000000000000e+06,1.621700000000000086e-01,-4.010058949999894367e+02,1.000000000000000000e+00
2.600467502675007925e-03,5.038219502164636293e-03,6.333956642615582444e-01,-3.722596204818171550e-01,2.000000000000000000e+01,7.345893754407062382e-02,-3.793443484089037554e+01,5.344010997946858410e+00,-4.624450172333512654e+01,5.654571492259625742e+00,-6.453095603474739050e+01,5.609658162081039734e+00,1.140000000000000000e+02,3.190624416125736502e+02,6.287344817777830031e+01,3.341700000000000000e+06,1.888199999999999878e-01,-5.702867999999720041e+02,1.000000000000000000e+00
2.633792469440020961e-03,4.587958654897743294e-03,6.164832695591495604e-01,-4.805730753186617799e-01,2.000000000000000000e+01,7.521543917724912709e-02,-3.941251574059744200e+01,5.664245326038450656e+00,-4.730324446343765032e+01,5.448805672262325039e+00,-6.071458696340990002e+01,5.617253130509778813e+00,1.150000000000000000e+02,3.084122863828620780e+02,6.292605077122620116e+01,3.360900000000000000e+06,1.472600000000000020e-01,-3.615604000000096789e+02,1.000000000000000000e+00
2.607562752425403568e-03,4.425760258978627543e-03,6.004066903752891537e-01,-1.853981983896815677e+00,2.000000000000000000e+01,7.728152278618653781e-02,-4.319226631544687933e+01,5.218564973724837408e+00,-5.787649276417650412e+01,5.399922220539378870e+00,-5.143481623120594293e+01,5.304067780722927061e+00,1.160000000000000000e+02,1.452750878595921620e+02,6.590084483118573644e+01,3.275800000000000000e+06,1.408099999999999907e-01,-3.355303739999867503e+02,1.000000000000000000e+00
2.914793747437714744e-03,4.448888688508720324e-03,6.248652348775977083e-01,-1.552109251821867986e+00,2.000000000000000000e+01,7.610890006323475787e-02,-3.835894280977274207e+01,5.436735538474475327e+00,-5.367250832268717886e+01,5.575891723164835057e+00,-6.199339995553054905e+01,5.297482274601484242e+00,1.170000000000000000e+02,1.459249098780544216e+02,6.575495547833716614e+01,3.274100000000000000e+06,1.139000000000000012e-01,-2.512738619999937839e+02,1.000000000000000000e+00
2.668617418909811651e-03,4.106219255257833461e-03,6.373874011128771722e-01,-1.604987832601928677e+00,2.000000000000000000e+01,6.974133474923910336e-02,-3.762870063318669622e+01,5.227461911069530842e+00,-5.143540691555233479e+01,5.476779828144081819e+00,-6.123788198840176733e+01,5.532596081991551173e+00,1.180000000000000000e+02,1.498421795277568833e+02,6.565549113323331198e+01,3.271800000000000000e+06,1.075399999999999967e-01,-2.216050000000076636e+02,1.000000000000000000e+00
2.909464123250076438e-03,4.433069156699295452e-03,6.253869489565361262e-01,-1.478351546084917700e+00,2.000000000000000000e+01,7.611764785789382204e-02,-3.815737069438015538e+01,5.430447442746722864e+00,-5.408513998333113193e+01,5.590271137611642516e+00,-6.153987661156425304e+01,5.286290324312244771e+00,1.190000000000000000e+02,1.493723617425564498e+02,6.573303944366342932e+01,3.275400000000000000e+06,1.134899999999999937e-01,-2.486233880000094132e+02,1.000000000000000000e+00
2.739937544533266149e-03,4.720119683450900092e-03,6.170293791393506311e-01,-6.946807422341778615e-01,2.000000000000000000e+01,7.482410137614420309e-02,-3.812179045746877648e+01,5.545260613635264235e+00,-5.003920837925733878e+01,5.439624063282312960e+00,-6.107185127906012667e+01,5.584364247524528757e+00,1.200000000000000000e+02,2.636686472853353393e+02,6.350190880528072768e+01,3.330500000000000000e+06,1.859999999999999987e-01,-5.516513199999670860e+02,1.000000000000000000e+00
2.840004033263829764e-03,4.586183553273602033e-03,6.301654643315399706e-01,-3.065754514244313778e-01,2.000000000000000000e+01,7.500485509013485319e-02,-3.733214096955423855e+01,5.533957101040325455e+00,-4.825465113050303501e+01,5.824475688321136602e+00,-6.280913598536361064e+01,5.344695689892387414e+00,1.210000000000000000e+02,3.284454099689461941e+02,6.281470982166133865e+01,3.349200000000000000e+06,1.688699999999999923e-01,-4.599869530000231634e+02,1.000000000000000000e+00
2.797525551524970150e-03,4.681600289677418508e-03,6.241192176189640506e-01,-3.448827479066262081e-01,2.000000000000000000e+01,7.472953255377431936e-02,-3.672669625887779432e+01,5.527734952469012697e+00,-4.961647561261114703e+01,5.609574158840290536e+00,-6.142798467861719303e+01,5.436141174034075263e+00,1.220000000000000000e+02,3.291899181062715911e+02,6.278413532409980036e+01,3.342400000000000000e+06,1.937000000000000111e-01,-5.869292309999989357e+02,1.000000000000000000e+00
2.823753168420297267e-03,4.594304135411928641e-03,6.098841953576277231e-01,-1.676384115944023367e+00,2.000000000000000000e+01,7.638486291350940482e-02,-3.920600896123085022e+01,5.422339911314486116e+00,-5.456236744989143972e+01,5.367119707009805119e+00,-5.983165523492087345e+01,5.163325231637491797e+00,1.230000000000000000e+02,1.416908767367289101e+02,6.602704218725254748e+01,3.257500000000000000e+06,1.044999999999999957e-01,-2.173530969999998774e+02,1.000000000000000000e+00
2.712344435647595468e-03,4.791509918201175902e-03,5.942954462229081969e-01,-5.283039432780531897e-01,2.000000000000000000e+01,7.470567798227478740e-02,-3.807616739891481927e+01,5.663539349176518023e+00,-4.781766739471511585e+01,5.445923147126134012e+00,-6.196424285674211774e+01,5.497824212337068417e+00,1.240000000000000000e+02,3.170752070669483942e+02,6.288390516742742165e+01,3.346400000000000000e+06,2.049900000000000055e-01,-6.889384000000370634e+02,1.000000000000000000e+00
2.849458607684129171e-03,4.603689017204171466e-03,6.140223112411840045e-01,-1.776661789160934646e+00,2.000000000000000000e+01,7.615028772225584941e-02,-3.928181412851084531e+01,5.418732991606963090e+00,-5.472778546540277489e+01,5.373928990591077870e+00,-5.914592304581033488e+01,5.119652801141397092e+00,1.250000000000000000e+02,1.417535776556120766e+02,6.600990004702988756e+01,3.258800000000000000e+06,1.122299999999999964e-01,-2.466292990000032432e+02,1.000000000000000000e+00
2.736810096157189093e-03,4.582333952755579358e-03,5.394648891025967119e-01,-5.029317230127899885e-01,2.000000000000000000e+01,7.142455377383859216e-02,-3.654521542860246086e+01,5.706935140241897741e+00,-5.156578725139382158e+01,5.223004990379633838e+00,-7.039293524355365150e+01,5.476140142644895015e+00,1.260000000000000000e+02,2.581917739694681586e+02,6.371474019471436634e+01,3.322600000000000000e+06,2.174200000000000021e-01,-7.672831999999342543e+02,1.000000000000000000e+00
2.710055786736896826e-03,4.883663141683021978e-03,6.594747612441074214e-01,-4.135237601739541469e-01,2.000000000000000000e+01,7.724788353398479024e-02,-4.094400751562123730e+01,5.091707822218602963e+00,-4.479893058193026434e+01,5.973797271818635402e+00,-6.351432928812277368e+01,4.996181119410777249e+00,1.270000000000000000e+02,2.617431153523538683e+02,6.371018419911946751e+01,3.298600000000000000e+06,2.021699999999999886e-01,-6.185488050000683415e+02,1.000000000000000000e+00
2.785460192644102079e-03,4.801750685715647921e-03,6.237099475105434276e-01,-6.894247669127353539e-01,2.000000000000000000e+01,7.465896313028377862e-02,-3.884712955859722427e+01,5.541654010714221812e+00,-4.885949656335689895e+01,5.217944439594952577e+00,-6.187185697638394544e+01,5.511001419538586354e+00,1.280000000000000000e+02,2.618329295195192685e+02,6.369332386232166954e+01,3.306200000000000000e+06,1.980500000000000038e-01,-6.163182869999839113e+02,1.000000000000000000e+00
2.711207702046639773e-03,4.576292605941697025e-03,6.125622573920390668e-01,-4.537908953631355491e-01,2.000000000000000000e+01,7.504701867204741084e-02,-3.907748767769342635e+01,5.725917655360717617e+00,-4.655922688447478208e+01,5.529874814658051640e+00,-6.111264198694205874e+01,5.605968948962302356e+00,1.290000000000000000e+02,3.358650150364222782e+02,6.260953586218580114e+01,3.376600000000000000e+06,1.676199999999999912e-01,-4.584317910000207235e+02,1.000000000000000000e+00
2.917475547653317763e-03,4.725626351986559823e-03,6.344166824017781758e-01,-5.937461623951081346e-01,2.000000000000000000e+01,7.461647887681835400e-02,-3.667690191088223628e+01,5.769063493286827438e+00,-4.862899811988769727e+01,5.637113976432681639e+00,-6.257225484527609183e+01,5.506932663229396674e+00,1.300000000000000000e+02,3.349739002575697668e+02,6.264369540450166340e+01,3.368300000000000000e+06,2.066399999999999904e-01,-6.660460500000989441e+02,1.000000000000000000e+00
2.554234239459091289e-03,4.631071101555162342e-03,6.139339213850710797e-01,-1.333240587965139889e+00,2.000000000000000000e+01,7.072557315672965694e-02,-4.055580150815099216e+01,5.707076408798178235e+00,-5.605846928352048764e+01,5.440623121946631890e+00,-6.647300491942939971e+01,4.993089654828786195e+00,1.310000000000000000e+02,1.424852347999894562e+02,6.595582245147856781e+01,3.268700000000000000e+06,1.314500000000000113e-01,-3.204018390000179579e+02,1.000000000000000000e+00
2.782099370013134398e-03,4.438812515684339294e-03,6.591428341832340498e-01,-3.596209861035176703e-01,2.000000000000000000e+01,7.615324383682162135e-02,-3.648734479496449978e+01,6.057800081101770928e+00,-5.329458982402070433e+01,6.205631388824311756e+00,-6.032806653317531698e+01,5.677711771006366703e+00,1.320000000000000000e+02,2.653343613614810579e+02,6.334641673703650611e+01,3.428100000000000000e+06,9.954899999999999860e-02,-1.748944380000029355e+02,1.000000000000000000e+00
2.807343706867491094e-03,4.655065949268843983e-03,6.463334153524944448e-01,-9.273203141197656763e-01,2.000000000000000000e+01,7.589016332707432255e-02,-3.890103954038782064e+01,5.556389197831798299e+00,-5.132196549365568927e+01,5.406208890104448272e+00,-5.901963263588877595e+01,5.587409719926739626e+00,1.330000000000000000e+02,2.433312386085991648e+02,6.387234817403702891e+01,3.334300000000000000e+06,1.115300000000000041e-01,-2.239058310000114886e+02,1.000000000000000000e+00
2.819667929519406417e-03,4.597078133626791158e-03,6.364501035002538831e-01,-9.009990677707189199e-01,2.000000000000000000e+01,7.604225240346795811e-02,-3.917783757844821935e+01,5.518449650346699542e+00,-5.137237493643131359e+01,5.423735686650818622e+00,-5.968719336743063764e+01,5.589195444589240225e+00,1.340000000000000000e+02,2.242527212900103279e+02,6.416975680636930690e+01,3.323800000000000000e+06,1.091199999999999948e-01,-2.208999999999913655e+02,1.000000000000000000e+00
2.768091188424995526e-03,4.565957354894584902e-03,6.101627520756041090e-01,-9.771536827199096553e-01,2.000000000000000000e+01,7.563381342819514019e-02,-3.878263624868363735e+01,5.400187481137322720e+00,-5.173963962234063274e+01,5.546035263275409299e+00,-5.953872587450642584e+01,5.525865000569961438e+00,1.350000000000000000e+02,2.208070255273140390e+02,6.424050037064213825e+01,3.318400000000000000e+06,1.331900000000000028e-01,-3.205355580000067448e+02,1.000000000000000000e+00
2.719741361990302229e-03,4.309580343008450991e-03,6.634001054234375250e-01,-2.228913728198939070e-01,2.000000000000000000e+01,7.449437787621041029e-02,-3.837402000752815923e+01,6.090040775084027302e+00,-5.153646606100870997e+01,6.376015577703613602e+00,-6.166757109546881566e+01,5.506867782939724343e+00,1.360000000000000000e+02,2.318512308688066810e+02,6.390274349160088008e+01,3.423100000000000000e+06,2.001000000000000001e-01,-5.596873910000349497e+02,1.000000000000000000e+00
2.808761394464295326e-03,4.680309579427709490e-03,6.379262681154106440e-01,-9.413721647680290960e-01,2.000000000000000000e+01,7.594049455154150419e-02,-3.863937558167397412e+01,5.557974103907374896e+00,-5.152335872582295195e+01,5.399825507755531717e+00,-6.046123243152803184e+01,5.485058462110371735e+00,1.370000000000000000e+02,2.216773248473203353e+02,6.422002719609935184e+01,3.314300000000000000e+06,1.111000000000000043e-01,-2.270600249999942264e+02,1.000000000000000000e+00
2.749908818688496029e-03,4.644220780499856704e-03,6.349405779233516789e-01,-4.057298991867387683e-02,2.000000000000000000e+01,7.474623164483668036e-02,-3.699088891153670033e+01,5.704175075506730863e+00,-4.969244006380648671e+01,5.652602906731202026e+00,-6.096947851383569628e+01,5.473621750105002626e+00,1.380000000000000000e+02,3.417612347510889208e+02,6.253951219125872285e+01,3.366000000000000000e+06,1.804999999999999938e-01,-5.033434970000161002e+02,1.000000000000000000e+00
2.858269273991390861e-03,4.669724818786487493e-03,5.957560851734065022e-01,-4.307414752758359500e-01,2.000000000000000000e+01,7.517054845197956858e-02,-3.794510565975035377e+01,5.829020209295086019e+00,-4.927397275924718656e+01,5.399055466236587719e+00,-6.549819686877097524e+01,5.757516941372292862e+00,1.390000000000000000e+02,2.262776876712747764e+02,6.406659845637629758e+01,3.325300000000000000e+06,1.742599999999999982e-01,-5.275886459999771887e+02,1.000000000000000000e+00
3.440891520587329496e-03,4.479327657694315637e-03,6.312647553864380034e-01,3.466392926375624128e+00,2.000000000000000000e+01,7.817397244016170699e-02,-2.404905401919749863e+01,5.690539839786133314e+00,-3.475933655239166598e+01,7.609164885444431370e+00,-5.825179285399548945e+01,5.960422978299250829e+00,1.400000000000000000e+02,1.825377335149979217e+03,5.430737549794879726e+01,3.788900000000000000e+06,6.403200000000000558e-02,-9.439810000000058210e+01,1.000000000000000000e+00
2.788031377169307781e-03,4.009328757313521292e-03,6.535001273012579492e-01,3.352345532916561233e+00,2.000000000000000000e+01,7.450861489304880236e-02,-2.267799352484285080e+01,6.379462197867784568e+00,-3.095110385224024441e+01,5.799401475459728061e+00,-6.181252248143950823e+01,6.391522261476014322e+00,1.410000000000000000e+02,1.445887067792935113e+03,5.472235127997105053e+01,3.704700000000000000e+06,1.888100000000000056e-01,-5.073212469999863856e+02,1.000000000000000000e+00
2.839032159533118500e-03,4.275302505246466982e-03,6.600709397273319956e-01,2.862757649955457673e+00,2.000000000000000000e+01,6.776130464300153533e-02,-2.906224889421439173e+01,5.922565440164690109e+00,-3.794968733934349814e+01,5.961920279414846036e+00,-5.507371133523013640e+01,5.258432677278188194e+00,1.420000000000000000e+02,1.242493553348311252e+03,5.527462262128532444e+01,3.622100000000000000e+06,3.122599999999999820e-01,-1.387821129999981849e+03,1.000000000000000000e+00
3.440891520587329496e-03,4.479327657694315637e-03,6.312647553864380034e-01,3.466392926375624128e+00,2.000000000000000000e+01,7.817397244016170699e-02,-2.404905401919749863e+01,5.690539839786133314e+00,-3.475933655239166598e+01,7.609164885444431370e+00,-5.825179285399548945e+01,5.960422978299250829e+00,1.430000000000000000e+02,1.368677681111122865e+03,5.490633719414531555e+01,3.632400000000000000e+06,1.754600000000000048e-01,-5.043938969999746291e+02,1.000000000000000000e+00
2.671256036147477263e-03,3.852934399157051729e-03,6.053646317543039945e-01,2.962506880031465339e+00,2.000000000000000000e+01,7.895185049135387823e-02,-2.304918018342051411e+01,6.706711010047564869e+00,-3.196654879631697810e+01,6.228025785650836532e+00,-6.051227139540889510e+01,5.585892735453111158e+00,1.440000000000000000e+02,1.336153508988754538e+03,5.517279686162387975e+01,3.614500000000000000e+06,9.774599999999999955e-02,-1.932243109999935484e+02,1.000000000000000000e+00
2.905379257306695516e-03,4.221646695190766838e-03,6.440454860892257383e-01,2.555525908561611104e+00,2.000000000000000000e+01,7.454671688179462241e-02,-2.934780660202722657e+01,6.277596747661567278e+00,-3.591565712677862621e+01,5.753632901430396629e+00,-6.093850411612240237e+01,6.121204997272934989e+00,1.450000000000000000e+02,1.095415398523613931e+03,5.575088357426862729e+01,3.617800000000000000e+06,1.995200000000000029e-01,-5.932957910000922084e+02,1.000000000000000000e+00
2.832753635254469608e-03,4.271805468532612060e-03,6.479512681311105915e-01,2.307904364614769666e+00,2.000000000000000000e+01,7.464778645320982453e-02,-2.786263725378314859e+01,6.083724291030747189e+00,-3.808864798078312219e+01,5.753088851299787976e+00,-6.151410873188909534e+01,5.940158720093570821e+00,1.460000000000000000e+02,1.080891974461438849e+03,5.609319241166397063e+01,3.576100000000000000e+06,1.811500000000000055e-01,-4.923736620000410085e+02,1.000000000000000000e+00
2.899335641472036360e-03,4.380638010814535965e-03,6.406636491504403841e-01,2.033498345587439360e+00,2.000000000000000000e+01,7.457236724701415964e-02,-2.660305444748151160e+01,6.266244545316371983e+00,-3.918216597971992599e+01,5.751647663773898245e+00,-6.151374165038997432e+01,5.977901026603577250e+00,1.470000000000000000e+02,1.079657002193572225e+03,5.623640542299862943e+01,3.595900000000000000e+06,1.990399999999999947e-01,-5.957424449999980425e+02,1.000000000000000000e+00
2.763506394682510841e-03,4.267252015539537563e-03,6.045440037027053348e-01,2.058815616431057371e+00,2.000000000000000000e+01,7.645548845419854189e-02,-2.844804133959681280e+01,6.373666490887776703e+00,-4.242762608681837833e+01,6.378170671662251934e+00,-5.854354269660841226e+01,5.683386027667765461e+00,1.480000000000000000e+02,1.082316951779271903e+03,5.619541061388169823e+01,3.640200000000000000e+06,9.655800000000000494e-02,-1.854637289999946290e+02,1.000000000000000000e+00
2.826647504916655635e-03,4.343926617603828012e-03,6.450252600267807335e-01,1.617868540677463995e+00,2.000000000000000000e+01,7.460025961708566244e-02,-2.861612697132894567e+01,6.036166396282425239e+00,-4.104478606797557916e+01,5.746928066215541975e+00,-6.156083455135004101e+01,5.938210490718006440e+00,1.490000000000000000e+02,9.208150511836698797e+02,5.723020085213222075e+01,3.545300000000000000e+06,1.922500000000000042e-01,-5.516399820000273166e+02,1.000000000000000000e+00
3.134058593603074143e-03,4.124392839185470408e-03,6.552080511752813585e-01,4.193878355845183648e-01,2.000000000000000000e+01,7.261323987271037228e-02,-3.529416030590872566e+01,6.500692942679038744e+00,-4.025655564097666428e+01,5.869181773584742245e+00,-5.949922895861114824e+01,5.110945457403126113e+00,1.500000000000000000e+02,5.973309442336384336e+02,5.987179686891215624e+01,3.465100000000000000e+06,2.398299999999999876e-01,-8.729668909998687241e+02,1.000000000000000000e+00
2.916442115346909968e-03,4.601820580466462612e-03,6.405574577068634534e-01,9.316472915430167312e-01,2.000000000000000000e+01,7.461098287697270903e-02,-3.424913689411944517e+01,5.887048060516251624e+00,-4.650410965940238839e+01,5.684859368257468404e+00,-5.953464671449552270e+01,5.488845314405623732e+00,1.510000000000000000e+02,6.091431970405197944e+02,5.978178099867452744e+01,3.443800000000000000e+06,1.972899999999999932e-01,-5.999184000000173000e+02,1.000000000000000000e+00
2.784462707419052725e-03,4.301973628432558330e-03,6.245557076384119499e-01,7.048939724589162736e-01,2.000000000000000000e+01,7.479670148110292849e-02,-3.415349720923693155e+01,5.705969399856001267e+00,-4.525875054809209530e+01,5.813128294984895028e+00,-5.964144302692997712e+01,5.509567301988617771e+00,1.520000000000000000e+02,6.094964703565190121e+02,5.978107399614684425e+01,3.448200000000000000e+06,1.893299999999999983e-01,-5.610687999999371414e+02,1.000000000000000000e+00
2.771037093707501460e-03,4.644139798379945741e-03,6.243793976052569583e-01,-9.169699279471070774e-01,2.000000000000000000e+01,7.718087176008624206e-02,-4.085335375812699255e+01,5.501661690967573293e+00,-4.667787393472416824e+01,5.394487446836050637e+00,-6.119159745129493899e+01,5.636657280278597248e+00,1.530000000000000000e+02,2.622847705750295972e+02,6.370892895468987405e+01,3.334500000000000000e+06,7.929100000000000037e-02,-1.231252109999979325e+02,1.000000000000000000e+00
2.837606535206844451e-03,4.526011322085281112e-03,6.369019626718721572e-01,1.540903254873455808e+00,2.000000000000000000e+01,7.409977623928813706e-02,-3.257775664831222429e+01,5.999711887071670802e+00,-4.468980487970362248e+01,5.636844197149121882e+00,-5.905656839094993416e+01,5.468419220083590382e+00,1.540000000000000000e+02,7.474784105981103721e+02,5.840608429769920207e+01,3.478000000000000000e+06,2.551700000000000079e-01,-9.285935999997850558e+02,1.000000000000000000e+00
2.745696107455087957e-03,4.482471717003814853e-03,6.442821853769857832e-01,1.400081686567922867e+00,2.000000000000000000e+01,7.409372702976707581e-02,-3.401013612319674451e+01,6.049153916620326754e+00,-4.639751672586120890e+01,5.490741218315830174e+00,-5.795978793657438644e+01,5.521418804822507909e+00,1.550000000000000000e+02,6.632631944663920649e+02,5.911116664926615272e+01,3.462400000000000000e+06,2.434499999999999997e-01,-8.321265029998533009e+02,1.000000000000000000e+00
2.736201369691808587e-03,4.595985761976582873e-03,6.324435052828887294e-01,4.159537025315245273e-01,2.000000000000000000e+01,7.488192193937623364e-02,-3.639411025180397985e+01,5.840899349334724988e+00,-4.624197418915269964e+01,5.669774643041437301e+00,-5.978870012567993797e+01,5.594869499993534667e+00,1.560000000000000000e+02,5.072575387972726162e+02,6.075012005067388543e+01,3.431000000000000000e+06,1.674200000000000133e-01,-4.381247999999745275e+02,1.000000000000000000e+00
2.721282721601952018e-03,4.587297280892337764e-03,6.332790463512316670e-01,2.578493698675763390e-01,2.000000000000000000e+01,7.483130353950903646e-02,-3.602398799720594980e+01,5.809001850169188685e+00,-4.635167579023384832e+01,5.670061708080570639e+00,-5.976897779325005189e+01,5.583904472178346623e+00,1.570000000000000000e+02,5.028152323202856451e+02,6.080504332126745481e+01,3.428800000000000000e+06,1.719700000000000117e-01,-4.564023999999475905e+02,1.000000000000000000e+00
2.780033063205483712e-03,4.743358446723657668e-03,6.193721549431633333e-01,-5.641982218007748351e-01,2.000000000000000000e+01,7.563280915136059990e-02,-3.664413230609218175e+01,5.624194194657011536e+00,-4.861837421090041289e+01,5.823390714399231172e+00,-6.286536163775967623e+01,5.326336222098484896e+00,1.580000000000000000e+02,3.321586402037880248e+02,6.279943232558134270e+01,3.357900000000000000e+06,1.263400000000000079e-01,-2.927350529999944229e+02,1.000000000000000000e+00
2.930134191973694791e-03,4.471596433815700801e-03,5.842767924868031981e-01,1.068019750468481854e+00,2.000000000000000000e+01,7.518706091291324500e-02,-3.223053890397689258e+01,6.245913610393344584e+00,-4.945367501396520282e+01,5.190047475217809847e+00,-5.897923402611471744e+01,5.780189054254560865e+00,1.590000000000000000e+02,6.359383357669685211e+02,5.943132439112483922e+01,3.452300000000000000e+06,1.795100000000000029e-01,-5.791653099999524557e+02,1.000000000000000000e+00
2.703002208642473012e-03,3.986154723060100075e-03,6.636917600306676546e-01,-1.033068699503675747e+00,2.000000000000000000e+01,7.327481562280159511e-02,-4.460216184933861427e+01,6.116013979282037383e+00,-5.653755774307396109e+01,5.124558592252455469e+00,-6.629382089452450089e+01,5.348089735806775380e+00,1.600000000000000000e+02,1.132971726556291543e+02,6.865387176234807498e+01,3.244700000000000000e+06,2.830300000000000038e-01,-1.112859379999816611e+03,1.000000000000000000e+00
2.569592245376841125e-03,4.492088977475630802e-03,6.297105305289627530e-01,-1.874087943285126956e+00,2.000000000000000000e+01,7.361018140745641258e-02,-4.118607838314696323e+01,5.165457812203036347e+00,-5.135083291589368315e+01,5.277006913794195064e+00,-5.635656262637115788e+01,5.347283390393527291e+00,1.610000000000000000e+02,1.144534879867642303e+02,6.788396517640694583e+01,3.257700000000000000e+06,2.045500000000000096e-01,-6.358777290001022493e+02,1.000000000000000000e+00
3.162906755953503839e-03,4.590765340268233852e-03,6.152317774860744937e-01,1.668754619955319818e+00,2.000000000000000000e+01,7.631137019351082185e-02,-3.149869096788128786e+01,5.769996063031783251e+00,-4.288618042020097931e+01,6.555952135410242576e+00,-6.296106358895454491e+01,5.880496449300262718e+00,1.620000000000000000e+02,8.386526623352735896e+02,5.794133868684583177e+01,3.539500000000000000e+06,1.058599999999999958e-01,-2.358469099999907428e+02,1.000000000000000000e+00
2.815899950110405461e-03,4.660133278713002661e-03,6.500078642592792555e-01,7.091890217645713257e-01,2.000000000000000000e+01,7.393976021006340438e-02,-3.541536965480287336e+01,5.814161452484363224e+00,-4.948667122252001604e+01,5.581089573229497169e+00,-6.032820669337027653e+01,5.366239382075480790e+00,1.630000000000000000e+02,4.574852279908878927e+02,6.138398789955260071e+01,3.382100000000000000e+06,2.710899999999999976e-01,-1.010008919999794671e+03,1.000000000000000000e+00
2.832253352178363149e-03,4.586747462890877064e-03,6.364791049848349536e-01,9.209150226216013257e-02,2.000000000000000000e+01,7.442743248004568546e-02,-3.591080968687833064e+01,5.613745673427645855e+00,-4.740039558744554427e+01,5.935015050880715570e+00,-6.189923046794946515e+01,5.362764518547272985e+00,1.640000000000000000e+02,4.285954615620823915e+02,6.161632680180838406e+01,3.390600000000000000e+06,2.200799999999999979e-01,-7.275407999999383719e+02,1.000000000000000000e+00
2.847448214837619736e-03,4.425948169304086237e-03,6.346890343058317896e-01,2.791390925002529277e-01,2.000000000000000000e+01,7.502304682305119266e-02,-3.280657693129899855e+01,5.948950581147723682e+00,-5.066552363321501673e+01,5.604936405590279058e+00,-6.060100839950246154e+01,5.561938579889746492e+00,1.650000000000000000e+02,4.922154817842722423e+02,6.093803739296381394e+01,3.412800000000000000e+06,1.647699999999999998e-01,-4.391022999999917147e+02,1.000000000000000000e+00
2.805359815161131195e-03,4.781533042184376789e-03,6.267341652521769557e-01,1.663222208576000116e-01,2.000000000000000000e+01,7.425591254044056067e-02,-3.669614034302630046e+01,5.757482234633766183e+00,-4.752723052633174206e+01,5.610399149579841094e+00,-5.982608990107181057e+01,5.437922218679687170e+00,1.660000000000000000e+02,4.481362369989498120e+02,6.147661102999040139e+01,3.395800000000000000e+06,2.394799999999999984e-01,-8.571145000000639129e+02,1.000000000000000000e+00
2.695164220859821644e-03,4.745357283724163482e-03,5.765004110919612623e-01,-6.221630262675518219e-01,2.000000000000000000e+01,7.499198108366225690e-02,-3.813611110997156572e+01,5.666683070225280616e+00,-4.800281629809051509e+01,5.548407617139021752e+00,-6.118401861313574841e+01,5.436144995504852417e+00,1.670000000000000000e+02,3.230512631928693281e+02,6.287188951744298038e+01,3.357000000000000000e+06,1.903799999999999937e-01,-6.222731910000962898e+02,1.000000000000000000e+00
2.806517596347076447e-03,4.612892021404425488e-03,6.328347608921898182e-01,-3.576025692814880919e-01,2.000000000000000000e+01,7.463147745029158342e-02,-3.691468400586663279e+01,5.608484024431321657e+00,-4.982204348499251978e+01,5.556097271087299561e+00,-6.118153124332471293e+01,5.377873875416827154e+00,1.680000000000000000e+02,3.278484089562143140e+02,6.284774027806446384e+01,3.342000000000000000e+06,2.009700000000000097e-01,-6.179164679999862528e+02,1.000000000000000000e+00
2.755804917192122751e-03,4.902772444408719579e-03,6.228933938586591612e-01,-3.897484424509388701e-01,2.000000000000000000e+01,7.450992496741876137e-02,-3.806591896764919625e+01,5.671026710345520527e+00,-4.741929332129749497e+01,5.126388564707976769e+00,-6.211348206243599890e+01,5.566794733981952348e+00,1.690000000000000000e+02,3.281019564608947121e+02,6.284377033201538865e+01,3.327500000000000000e+06,2.073099999999999943e-01,-6.639228089999891154e+02,1.000000000000000000e+00
2.759019370047713533e-03,4.532901148038519581e-03,6.270912442008342857e-01,1.640579149060619191e-01,2.000000000000000000e+01,7.477322525687833676e-02,-3.477288317278436836e+01,5.618459713231121810e+00,-4.879332354103582503e+01,5.832357297285024167e+00,-6.129352667738200466e+01,5.372446805433952477e+00,1.700000000000000000e+02,4.389982487434317591e+02,6.154566041858100789e+01,3.384800000000000000e+06,1.855600000000000027e-01,-5.387426860000052784e+02,1.000000000000000000e+00
2.866591167693510918e-03,4.216572186973320535e-03,6.245578692794728770e-01,3.571692586678221204e-01,2.000000000000000000e+01,7.428050216947879036e-02,-3.501767502129114007e+01,5.841524426768341272e+00,-4.446237572982778374e+01,6.022887726167702738e+00,-6.487695968185411743e+01,5.403508242024706476e+00,1.710000000000000000e+02,5.090711539908038503e+02,6.062915022052864344e+01,3.423000000000000000e+06,2.719199999999999950e-01,-1.060029163999895900e+03,1.000000000000000000e+00
2.566852523248287690e-03,5.144638512332158457e-03,6.334431995747651367e-01,1.254056582342961967e-01,2.000000000000000000e+01,6.934402260509006655e-02,-3.693593720904807753e+01,5.411299482224411150e+00,-4.851524810794786191e+01,5.763348754713486066e+00,-5.529185531055208003e+01,5.038214935667896910e+00,1.720000000000000000e+02,4.222704308492389487e+02,6.163439846634303620e+01,3.409200000000000000e+06,2.393899999999999917e-01,-8.518502910001607233e+02,1.000000000000000000e+00
2.811059694327049281e-03,4.699294796431296474e-03,6.440416303339231430e-01,5.539683490170236313e-01,2.000000000000000000e+01,7.414122552209254091e-02,-3.566544888670956936e+01,5.616395033423085437e+00,-4.770705477641180181e+01,5.603150658567436437e+00,-6.031953786018664232e+01,5.450346288322243105e+00,1.730000000000000000e+02,4.817933424371705087e+02,6.110873612959159829e+01,3.383400000000000000e+06,2.429099999999999870e-01,-8.460172999999291505e+02,1.000000000000000000e+00
2.926358964486488502e-03,4.461996771106209458e-03,6.172210482411643051e-01,5.472164166919818440e-01,2.000000000000000000e+01,7.514660216615277888e-02,-3.437611466582393405e+01,5.781845994489984264e+00,-4.856217324132070701e+01,5.869596201321305884e+00,-6.176451927401654984e+01,5.552253229894935416e+00,1.740000000000000000e+02,4.829442997643629951e+02,6.099544670422298509e+01,3.412800000000000000e+06,1.659799999999999887e-01,-4.704016589999745293e+02,1.000000000000000000e+00
2.841726729964239376e-03,4.360452047296347299e-03,6.388013207462673870e-01,-7.937757980651662104e-02,2.000000000000000000e+01,7.460037562380630871e-02,-3.692929597014813936e+01,5.645457700575178706e+00,-4.694401626018231610e+01,5.844735315801532494e+00,-6.482915422475662126e+01,5.305514815476159995e+00,1.750000000000000000e+02,3.565641089328114504e+02,6.246781628315384438e+01,3.353400000000000000e+06,2.087600000000000011e-01,-6.572575539999534158e+02,1.000000000000000000e+00
2.879717646120944462e-03,4.962757543554775774e-03,7.005078768929929867e-01,-2.278464990566363979e-01,2.000000000000000000e+01,8.699600247677530263e-02,-3.560690213652843283e+01,6.535962599963670350e+00,-4.917246171901459917e+01,6.471490574720387912e+00,-6.130251376920622874e+01,5.835517213483742971e+00,1.760000000000000000e+02,3.542767702896595665e+02,6.247502711217791216e+01,3.405900000000000000e+06,8.279499999999999360e-02,-1.375336339999975621e+02,1.000000000000000000e+00
3.468072441334781215e-03,4.886583954600719551e-03,5.379150508947641018e-01,-1.264471333545083453e+00,2.000000000000000000e+01,7.098645001281508882e-02,-4.017814037707426422e+01,5.570046267582407395e+00,-4.118079777823536602e+01,5.794628520004329708e+00,-6.714487984146867916e+01,5.221623153987764887e+00,1.770000000000000000e+02,1.552242502775066271e+02,6.560121589364099748e+01,3.275200000000000000e+06,1.562099999999999878e-01,-5.205749019999800566e+02,1.000000000000000000e+00
2.774775747966717800e-03,4.581212315708842187e-03,6.541909381673460810e-01,1.409758800629855369e+00,2.000000000000000000e+01,7.373582637830826403e-02,-3.296811537315298324e+01,6.106524844356838955e+00,-4.825118091201672854e+01,6.189258821290925638e+00,-6.324484870469403575e+01,5.367184379089673385e+00,1.780000000000000000e+02,5.558472068216062780e+02,6.005960137156223766e+01,3.454800000000000000e+06,2.943899999999999850e-01,-1.136270000000111850e+03,1.000000000000000000e+00
2.920721662712393463e-03,4.750835745080162625e-03,6.609830519698098872e-01,3.719636083026840456e-01,2.000000000000000000e+01,7.444548568770453789e-02,-3.333323864816149040e+01,6.108751781741013076e+00,-4.756458544435020741e+01,6.031324525522613555e+00,-6.159498477617705703e+01,5.356203485771409589e+00,1.790000000000000000e+02,5.528200804167208844e+02,6.032485309279924479e+01,3.462500000000000000e+06,2.023699999999999943e-01,-6.034806659999726435e+02,1.000000000000000000e+00
2.888347646277534403e-03,4.464795396539308903e-03,6.257331736763787067e-01,6.274146016946129389e-01,2.000000000000000000e+01,7.482577875103735288e-02,-3.378127598880121241e+01,5.919158489706028092e+00,-4.790078749315123474e+01,5.420630405684157438e+00,-6.060072860810282691e+01,5.580357144259701307e+00,1.800000000000000000e+02,5.477399617148834068e+02,6.034560610808659931e+01,3.413200000000000000e+06,1.884000000000000119e-01,-5.686491690000485733e+02,1.000000000000000000e+00
2.858942345302243129e-03,4.519375034443570346e-03,6.220521745992416696e-01,-1.843582813583143576e+00,2.000000000000000000e+01,7.554460453278358245e-02,-3.928664389949786084e+01,5.436913013649414594e+00,-5.547549896489920229e+01,5.440606747144512312e+00,-5.886752499064533595e+01,5.093017643887120194e+00,1.810000000000000000e+02,1.349360099701519573e+02,6.633953329268194921e+01,3.258700000000000000e+06,1.412100000000000022e-01,-3.509899000000265801e+02,1.000000000000000000e+00
2.907185258906011711e-03,4.264204080895513116e-03,6.551763622961903621e-01,-9.834921263758537036e-01,2.000000000000000000e+01,7.620278813417322161e-02,-3.925172392228720497e+01,5.345891651245182175e+00,-5.246333742638378794e+01,5.869468990193580815e+00,-6.364690028795109811e+01,5.586103498680794033e+00,1.820000000000000000e+02,1.366334860198248577e+02,6.618131800434329648e+01,3.291300000000000000e+06,1.035900000000000015e-01,-1.981605000000040491e+02,1.000000000000000000e+00
2.750292692466428483e-03,4.874272881944144258e-03,6.109337617455126157e-01,-7.674783916697217601e-01,2.000000000000000000e+01,7.605866368659566779e-02,-3.646765062688108827e+01,5.757319884499469964e+00,-4.835830597900371686e+01,5.879389148276555233e+00,-6.415345605397362760e+01,5.317532668575361221e+00,1.830000000000000000e+02,3.182268872306339631e+02,6.292150740532212438e+01,3.365200000000000000e+06,1.098900000000000016e-01,-2.305425049999859937e+02,1.000000000000000000e+00
2.891538232364963129e-03,4.374565668830339600e-03,6.332772967299941103e-01,-6.869772348247671356e-01,2.000000000000000000e+01,7.513833927253851797e-02,-3.745241712566537728e+01,5.546884341861026968e+00,-4.917483843306278857e+01,5.833608914252222277e+00,-6.453090930457490515e+01,5.395929688594058860e+00,1.840000000000000000e+02,2.591419064840927149e+02,6.373839583138192921e+01,3.328600000000000000e+06,1.661900000000000044e-01,-4.475852000000358544e+02,1.000000000000000000e+00
2.901298780379285569e-03,4.458447366718026536e-03,6.440685803901629036e-01,-1.742394658563663157e+00,2.000000000000000000e+01,7.434109393224561102e-02,-4.104595091634431014e+01,5.600038999538327289e+00,-5.744833709334603356e+01,5.847720138881680185e+00,-5.959673827766387433e+01,5.408806266419684761e+00,1.850000000000000000e+02,1.138156138567717477e+02,6.880838818768465615e+01,3.280900000000000000e+06,2.568500000000000227e-01,-9.290936000000970125e+02,1.000000000000000000e+00
2.793505838683962503e-03,4.604395897243833760e-03,6.094643670935580015e-01,-1.218644506950711470e+00,2.000000000000000000e+01,7.549461529467273169e-02,-3.940875476381111753e+01,5.420596091982798903e+00,-5.201725759256265746e+01,5.590378376577104902e+00,-6.140371452151594411e+01,5.241411949874001053e+00,1.860000000000000000e+02,1.672716286526188298e+02,6.531536443868334629e+01,3.283300000000000000e+06,1.428000000000000103e-01,-3.634980990000271959e+02,1.000000000000000000e+00
2.856561412633429244e-03,4.522056593937054045e-03,6.344926679253339863e-01,-1.782711248098445944e+00,2.000000000000000000e+01,7.551650259161996059e-02,-4.052954685815076630e+01,5.320121529517685133e+00,-5.417197325333430058e+01,5.341826287432774656e+00,-5.731874843440517964e+01,5.281942420523879633e+00,1.870000000000000000e+02,1.469721799774297892e+02,6.585315125952102733e+01,3.270100000000000000e+06,1.365999999999999992e-01,-3.258873260000115692e+02,1.000000000000000000e+00
2.844959074860031571e-03,4.727444880418023125e-03,6.242140441328445366e-01,-3.851518861587644449e-01,2.000000000000000000e+01,7.457242524307047815e-02,-3.769463743162831548e+01,5.579090111833524546e+00,-4.922696938748725870e+01,5.662933703562316623e+00,-6.253197624316174341e+01,5.447082740518310651e+00,1.880000000000000000e+02,2.923688858282972660e+02,6.322837103698986283e+01,3.338300000000000000e+06,2.113400000000000001e-01,-7.003417049999649180e+02,1.000000000000000000e+00
2.624753478270965001e-03,4.459776581880889323e-03,6.714192998992052352e-01,-2.082274300742854578e+00,2.000000000000000000e+01,8.105819856692608738e-02,-4.336200406576330124e+01,5.759334814872624442e+00,-5.398757674680862806e+01,5.710982096134419983e+00,-5.941082868932402761e+01,5.099587404805450142e+00,1.890000000000000000e+02,1.145616225440076335e+02,6.820260117850918391e+01,3.246200000000000000e+06,1.947399999999999964e-01,-5.933723319999586465e+02,1.000000000000000000e+00
2.922449583797131871e-03,4.332929358515523813e-03,6.934285753539608521e-01,-1.649193448349945079e+00,2.000000000000000000e+01,7.342341784164461982e-02,-4.211966981863388071e+01,5.868075460265224308e+00,-6.048382575725991472e+01,6.416577437032755071e+00,-6.198205746863282428e+01,5.681409140538535851e+00,1.900000000000000000e+02,1.163927450002078245e+02,6.804870875410429676e+01,3.229700000000000000e+06,1.777499999999999913e-01,-4.903211320000280580e+02,1.000000000000000000e+00
2.916759484696412452e-03,4.712324351127939598e-03,6.365910401964793852e-01,-7.884283909882600083e-02,2.000000000000000000e+01,7.438695631004317577e-02,-3.617065360172543365e+01,5.837242330076920283e+00,-4.735598236609807543e+01,5.801596666538982205e+00,-6.244909738779401920e+01,5.546457730821698462e+00,1.910000000000000000e+02,4.106526243999378494e+02,6.169507420659348895e+01,3.404300000000000000e+06,2.294100000000000028e-01,-7.966299690001716272e+02,1.000000000000000000e+00
2.825469856526141837e-03,4.382415500702612800e-03,6.366957836707205498e-01,2.368374213803022266e-01,2.000000000000000000e+01,7.465526853991144574e-02,-3.686308891106794761e+01,5.622747278086391631e+00,-4.502537263296052572e+01,6.056357654615363018e+00,-6.532949319882892780e+01,5.323029337191345078e+00,1.920000000000000000e+02,4.112253304549690256e+02,6.169487343167527627e+01,3.380500000000000000e+06,1.999299999999999966e-01,-6.068121480000656902e+02,1.000000000000000000e+00
2.774545612469855004e-03,4.597034042103076944e-03,6.419339234282943618e-01,-6.393848579284805433e-02,2.000000000000000000e+01,7.454977358853917546e-02,-3.750745969087515164e+01,5.734618567439019543e+00,-4.775410886397277466e+01,5.583906125264606501e+00,-6.282756776653224051e+01,5.421168983703685385e+00,1.930000000000000000e+02,3.447876952733210487e+02,6.253975750424956459e+01,3.355700000000000000e+06,2.001699999999999868e-01,-5.971799999999668671e+02,1.000000000000000000e+00
2.478686668207481444e-03,4.517427676128064201e-03,5.727817488607657159e-01,2.260088450228817658e-01,2.000000000000000000e+01,7.188455476904455355e-02,-2.984924120329754516e+01,4.676536519792779067e+00,-4.703973928245689962e+01,6.879869039115620311e+00,-6.679744096377282858e+01,5.960965066821191094e+00,1.940000000000000000e+02,3.429938806932024136e+02,6.257004030707166464e+01,3.358300000000000000e+06,1.822400000000000131e-01,-5.821619000000281403e+02,1.000000000000000000e+00
2.804566772712068900e-03,4.698895564996329044e-03,6.282735488229451715e-01,-3.169283823719805659e-01,2.000000000000000000e+01,7.481773767054231139e-02,-3.658923405781597182e+01,5.671758559626207230e+00,-4.946337747025329179e+01,5.714183738865891371e+00,-6.140684439402308215e+01,5.387847138437260597e+00,1.950000000000000000e+02,3.423417541014074459e+02,6.257447066492886023e+01,3.363000000000000000e+06,1.821299999999999863e-01,-5.224780000000334894e+02,1.000000000000000000e+00
2.779480765667307306e-03,4.654975594471181047e-03,6.887615722334231583e-01,-2.604979302961566989e-01,2.000000000000000000e+01,7.340467761154648163e-02,-3.945866129339734130e+01,5.835297013137642708e+00,-5.051661377320835555e+01,5.191763833319641641e+00,-6.244287180835999607e+01,5.707668259843395653e+00,1.960000000000000000e+02,3.341334592247996511e+02,6.281109404951457975e+01,3.350000000000000000e+06,1.681499999999999939e-01,-4.412923290000331349e+02,1.000000000000000000e+00
2.754192416325978825e-03,4.715328987280875510e-03,5.996142902835572830e-01,-4.364003851085785923e-01,2.000000000000000000e+01,7.486468090486862736e-02,-3.744301200673597663e+01,5.544120167650240738e+00,-4.863597364756476793e+01,5.580367313960348241e+00,-6.228828654548499344e+01,5.459969870950643234e+00,1.970000000000000000e+02,3.131738488392771274e+02,6.293194995734888408e+01,3.338400000000000000e+06,1.927699999999999969e-01,-6.085422000000241951e+02,1.000000000000000000e+00
2.881335376301434950e-03,4.451530426568642805e-03,6.234338063854090173e-01,-1.931136274019962906e+00,2.000000000000000000e+01,7.585599821604932513e-02,-4.006613845833312837e+01,5.450477952608178356e+00,-5.570571429568759925e+01,5.320259329253028469e+00,-5.825453788479486406e+01,5.041821506743107584e+00,1.980000000000000000e+02,1.269112771532199133e+02,6.667571670955560137e+01,3.247200000000000000e+06,1.238999999999999962e-01,-2.879069340000053785e+02,1.000000000000000000e+00
2.859194055717557970e-03,4.455342595065761579e-03,6.263727032668859884e-01,-1.893394495712001024e+00,2.000000000000000000e+01,7.545217312270993681e-02,-3.949140220168855819e+01,5.453400506135687387e+00,-5.611904290772643833e+01,5.392661647686943560e+00,-5.878676722401532118e+01,5.061710670137644641e+00,1.990000000000000000e+02,1.263524621763775002e+02,6.673771499087430925e+01,3.249100000000000000e+06,1.467299999999999993e-01,-3.694781000000315885e+02,1.000000000000000000e+00
