2.944084178443160012e-03,4.669420084819067215e-03,6.033319851157911140e-01,2.769392089026156079e+00,2.000000000000000000e+01,6.743443326633685730e-02,-3.083172101482183436e+01,4.713557187756818756e+00,-3.417962895722830297e+01,5.763210421064576927e+00,-5.133210600854208394e+01,5.454373868444148066e+00,0.000000000000000000e+00,2.055028638292494179e+03,5.647421074409232489e+01,3.523300000000000000e+06,9.987200000000000244e-02,-1.887097590000032881e+02,1.000000000000000000e+00
3.240204775442100289e-03,4.703505843920165706e-03,5.914868452777428676e-01,3.237082363255701978e+00,2.000000000000000000e+01,7.533281621953098750e-02,-1.499876807310700144e+01,5.430508082210146803e+00,-4.184005967805684634e+01,5.639554237095900646e+00,-4.594915474639902442e+01,5.258609783561343676e+00,1.000000000000000000e+00,1.926513119997141985e+03,5.689266800152141457e+01,3.614800000000000000e+06,1.592800000000000049e-01,-4.771440000000384885e+02,1.000000000000000000e+00
3.300849510349044506e-03,4.825624819925525624e-03,5.941989665310259960e-01,2.684629248273662228e+00,2.000000000000000000e+01,7.303239241174236396e-02,-2.304364136111411909e+01,4.595982885812495589e+00,-3.427550502591581250e+01,5.156414249950479700e+00,-5.081470656354819226e+01,4.742923050371044447e+00,2.000000000000000000e+00,1.857698074051764479e+03,5.766729200056541060e+01,3.430000000000000000e+06,5.568600000000000216e-01,-2.882455910001550819e+03,1.000000000000000000e+00
3.251882131082644515e-03,4.188295713201629564e-03,5.852256813978167216e-01,2.767545299006879844e+00,2.000000000000000000e+01,7.350266754288431459e-02,-2.566467591211813826e+01,4.785296484296114983e+00,-3.606929093576173528e+01,5.343743557479355033e+00,-3.745303860019561171e+01,5.048766599675697186e+00,3.000000000000000000e+00,1.765420433064496819e+03,5.770752576173033788e+01,3.562700000000000000e+06,4.962500000000000244e-01,-2.668157600001541596e+03,1.000000000000000000e+00
3.154774929730658293e-03,4.486854558021788689e-03,5.638323336577325540e-01,2.208522570416786124e+00,2.000000000000000000e+01,7.546500747048881519e-02,-3.071484562707479427e+01,4.722517504772115515e+00,-3.520173122309991243e+01,5.142500725816627316e+00,-3.974714638894737107e+01,5.173618746769359511e+00,4.000000000000000000e+00,1.480470418029121220e+03,5.825269033601020396e+01,3.517700000000000000e+06,1.768800000000000094e-01,-5.951570299999904137e+02,1.000000000000000000e+00
3.233284871784825650e-03,4.576634432093057946e-03,5.726421601327489341e-01,2.128007646942836839e+00,2.000000000000000000e+01,7.371632407986034030e-02,-2.859117264505560740e+01,4.303459432165318788e+00,-3.911882230488093626e+01,4.960846032091711599e+00,-5.613128607538187964e+01,4.235237363844543523e+00,5.000000000000000000e+00,1.280233350848895043e+03,5.879713829121355673e+01,3.259200000000000000e+06,4.334500000000000020e-01,-2.494121110000354292e+03,1.000000000000000000e+00
2.982454749213552577e-03,4.713333231427971511e-03,5.700372612357088586e-01,2.324695830862733015e+00,2.000000000000000000e+01,7.565624316606063549e-02,-3.566781925458553815e+01,5.315497084369229519e+00,-4.582327266980199454e+01,5.897205554648258463e+00,-4.428521956125945280e+01,4.604121155508022589e+00,6.000000000000000000e+00,1.011484832594262002e+03,5.918078544754603598e+01,3.461100000000000000e+06,1.398099999999999898e-01,-3.943198000000080583e+02,1.000000000000000000e+00
3.350506807262206357e-03,4.634572868429364008e-03,5.748910069079260499e-01,1.215591461959434572e+00,2.000000000000000000e+01,7.348361039968402675e-02,-3.555390914522376988e+01,4.642934990767451531e+00,-4.363976985695904887e+01,5.230129082346101299e+00,-5.165921103913198920e+01,4.624885718880996421e+00,7.000000000000000000e+00,9.955144944998917254e+02,6.005639716985994880e+01,3.312800000000000000e+06,5.239099999999999868e-01,-2.849802099998882113e+03,1.000000000000000000e+00
3.011650867174358627e-03,4.281463001133397304e-03,6.376599022733563382e-01,9.971792833193220407e-01,2.000000000000000000e+01,7.435412463830870511e-02,-2.658774711176572225e+01,4.964505074821917496e+00,-4.781320698955406101e+01,6.542683769574535901e+00,-5.517547568390953927e+01,5.052396520073149766e+00,8.000000000000000000e+00,8.252470115788856901e+02,6.007455730421445850e+01,3.460500000000000000e+06,2.519799999999999818e-01,-9.352259999998432249e+02,1.000000000000000000e+00
3.021261644040526551e-03,4.636885393105732306e-03,5.481718813022600223e-01,2.461857940720067361e+00,2.000000000000000000e+01,7.439494607948868299e-02,-2.914275479321424811e+01,4.211442383649257160e+00,-4.134080223876129878e+01,4.869291812716667778e+00,-5.215503543345857906e+01,4.253685593683924182e+00,9.000000000000000000e+00,1.206370650489260242e+03,5.890305405576371811e+01,3.253700000000000000e+06,3.018700000000000272e-01,-1.519563000000331385e+03,1.000000000000000000e+00
3.319923136926770935e-03,4.825824707761345450e-03,5.570656971934619950e-01,1.696732689236784664e+00,2.000000000000000000e+01,7.246696004821290282e-02,-2.541262022122934994e+01,5.353716404695717301e+00,-4.933420320322694153e+01,5.658146687865011515e+00,-5.834216241281414739e+01,4.889976975406386650e+00,1.000000000000000000e+01,1.225843353082623935e+03,5.890251892450537952e+01,3.389600000000000000e+06,6.387000000000000455e-01,-2.879301390000563970e+03,1.000000000000000000e+00
2.970220004615575261e-03,2.600872725359368656e-03,5.887109144691454743e-01,1.001720058900320343e+00,2.000000000000000000e+01,7.042781885680114706e-02,-4.761208541924898441e+01,5.584344607617500067e+00,-6.049568307471823658e+01,5.391893733618120521e+00,-3.490419072535169676e+01,4.179193387423189243e+00,1.100000000000000000e+01,1.088237151896855437e+02,8.000591579231516448e+01,3.253800000000000000e+06,1.491099999999999925e-01,-3.646530000000023506e+02,1.000000000000000000e+00
3.270590085186836186e-03,5.693823172523685208e-03,5.739748173704459777e-01,6.179121443544227654e-01,2.000000000000000000e+01,7.601151894417698673e-02,-3.623495827268626357e+01,4.747047395754215415e+00,-4.240255518549756175e+01,5.229541839009661075e+00,-6.022920701709108471e+01,4.941485347119224159e+00,1.200000000000000000e+01,7.421900837288613957e+02,6.090421851176215995e+01,3.281000000000000000e+06,1.220500000000000057e-01,-3.423542000000164194e+02,1.000000000000000000e+00
3.039470153218505437e-03,3.185017967366289126e-03,5.974316959748642297e-01,-1.661566612213726923e+00,2.000000000000000000e+01,7.223617019240610726e-02,-5.652734061247343789e+01,5.742027388585989378e+00,-5.794790292859688918e+01,5.809362983046664652e+00,-3.096113076036693457e+01,4.603570032481984597e+00,1.300000000000000000e+01,1.316369616152279036e+02,7.816805842887796985e+01,3.297400000000000000e+06,6.092199999999999838e-01,-1.918419400000454971e+03,1.000000000000000000e+00
3.273045284027861161e-03,5.829253764951317085e-03,5.751679936810532023e-01,1.479424340995357801e+00,2.000000000000000000e+01,7.401704250297369558e-02,-3.617372830423865793e+01,4.737816622176522330e+00,-4.814113222511748802e+01,5.081346407642393537e+00,-5.522820153384753894e+01,4.932429590950454745e+00,1.400000000000000000e+01,7.019450027733760180e+02,6.121861905593760156e+01,3.266000000000000000e+06,3.196800000000000197e-01,-1.686140499999489748e+03,1.000000000000000000e+00
2.956030677873561219e-03,3.256649768530357758e-03,6.043903312329140798e-01,-1.886792813094204213e+00,2.000000000000000000e+01,7.232075633183701613e-02,-5.269332798087036451e+01,5.709227303781081453e+00,-6.024344000867939997e+01,5.877199816505759955e+00,-3.429073898883908100e+01,4.629842273022550359e+00,1.500000000000000000e+01,1.331458780450114148e+02,7.608095946549450161e+01,3.296700000000000000e+06,6.175199999999999578e-01,-2.079341899000526610e+03,1.000000000000000000e+00
3.083689814736661951e-03,4.334332343915104496e-03,5.689330613975080997e-01,-1.438788254539061118e+00,2.000000000000000000e+01,7.583195441472775911e-02,-4.292669123020334609e+01,5.995534033910577598e+00,-5.865734431368806412e+01,5.664949477441005854e+00,-4.846457048471668827e+01,4.268165576668754291e+00,1.600000000000000000e+01,1.385334589203608573e+02,6.944168039754499944e+01,3.287800000000000000e+06,1.648600000000000065e-01,-5.355879999999799566e+02,1.000000000000000000e+00
3.005669660031651605e-03,5.267283160250147561e-03,5.625071377747768997e-01,-6.933626728413174511e+00,2.000000000000000000e+01,7.626747823565688256e-02,-5.139566989756767157e+01,4.940802881328717255e+00,-4.283427509140228295e+01,4.626051454438560029e+00,-4.449293996540551177e+01,5.170998374404980780e+00,1.700000000000000000e+01,1.367684375787287081e+02,7.535283840472428096e+01,3.281500000000000000e+06,1.324299999999999922e-01,-3.560106000000077984e+02,1.000000000000000000e+00
2.555933475732783278e-03,4.938480991297794151e-03,4.413505912997346403e-01,-3.424166347877227956e+00,2.000000000000000000e+01,7.551741736394565474e-02,-3.469653776174755677e+01,4.593139193310400437e+00,-5.858167230914117596e+01,5.239288512716957058e+00,-6.405723397104024741e+01,4.104423483256649519e+00,1.800000000000000000e+01,1.432073524998071434e+02,6.932858022699080891e+01,3.070300000000000000e+06,2.599500000000000144e-01,-1.374275999999954365e+03,1.000000000000000000e+00
2.885522673803391294e-03,5.236193471849427683e-03,5.463828160520161070e-01,-5.433356057877524181e-01,2.000000000000000000e+01,7.534647418330586710e-02,-4.421565987391732477e+01,4.441770585922403924e+00,-4.482648223112531838e+01,5.341150175923177201e+00,-5.871607703685015167e+01,3.917355080113825494e+00,1.900000000000000000e+01,3.325064632539127274e+02,6.517147704757000781e+01,3.151600000000000000e+06,1.775799999999999879e-01,-6.194317999999622089e+02,1.000000000000000000e+00
3.196832740067963655e-03,5.295899574807467862e-03,4.909963649955039755e-01,-1.085520113583428925e+00,2.000000000000000000e+01,7.615626134616007570e-02,-4.448964901231023816e+01,4.647314214683956557e+00,-5.102049184100091850e+01,5.503820094169199706e+00,-4.866962356035786286e+01,4.623298315913841883e+00,2.000000000000000000e+01,2.891356552059113483e+02,6.567896961549139689e+01,3.247300000000000000e+06,1.711100000000000121e-01,-7.050671200000442695e+02,1.000000000000000000e+00
3.223772746105461884e-03,5.021103433626966650e-03,6.593483150309793484e-01,-1.528993706415050946e+00,2.000000000000000000e+01,7.694514043798902914e-02,-4.372079406031387805e+01,4.232881497244173730e+00,-5.454136741813393741e+01,4.732331583566656619e+00,-4.490513694404149447e+01,5.435185774428267891e+00,2.100000000000000000e+01,3.166916753259196753e+02,6.525304856036417789e+01,3.227300000000000000e+06,8.352900000000000602e-02,-1.410006399999982420e+02,1.000000000000000000e+00
3.095356923945009539e-03,5.617045977597526565e-03,5.996841673335185918e-01,-4.044996156784686825e+00,2.000000000000000000e+01,7.569879518630304172e-02,-4.514442943274421793e+01,4.780269614255923116e+00,-5.468202276973934772e+01,4.683021150075823869e+00,-4.862318615109879261e+01,5.223981202243419553e+00,2.200000000000000000e+01,1.573633100216143816e+02,6.796406922995919331e+01,3.212700000000000000e+06,1.383399999999999908e-01,-3.780148800000164329e+02,1.000000000000000000e+00
3.198500242783463426e-03,5.046080683116209095e-03,6.064536524272217122e-01,-8.764430131981763017e-01,2.000000000000000000e+01,7.536720204328622996e-02,-4.727189537616447979e+01,4.225956904456772634e+00,-5.158391715091247676e+01,4.506744354596309954e+00,-4.407255721554804495e+01,5.547802742875525439e+00,2.300000000000000000e+01,3.506930811803142660e+02,6.473443019346223082e+01,3.226400000000000000e+06,1.636499999999999899e-01,-4.957228700000381423e+02,1.000000000000000000e+00
3.228460772496017511e-03,5.014695786564080798e-03,7.247658742455289627e-01,-1.331931842686439049e+00,2.000000000000000000e+01,7.440402319106753648e-02,-5.108247638661041634e+01,3.860314154512464846e+00,-4.774275884856641028e+01,5.200446840820390548e+00,-5.596034232049665036e+01,3.831263472206053677e+00,2.400000000000000000e+01,1.567599330096447261e+02,6.892589514476503609e+01,3.044900000000000000e+06,1.940600000000000103e-01,-5.268095999999919741e+02,1.000000000000000000e+00
3.046218734177243582e-03,4.545156185626985854e-03,6.313706151186195825e-01,-2.666348690940104404e+00,2.000000000000000000e+01,7.109889870010187296e-02,-5.079321587367384438e+01,4.419996531961370323e+00,-4.808330350513671192e+01,4.775569313331186727e+00,-5.045879957607079547e+01,4.816888768469650195e+00,2.500000000000000000e+01,1.846113923821755520e+02,6.773573279298135219e+01,3.161100000000000000e+06,5.277600000000000069e-01,-1.484673190000164141e+03,1.000000000000000000e+00
3.249515761148127294e-03,4.467000465287449679e-03,6.239238409467839919e-01,-1.316946467878763016e+00,2.000000000000000000e+01,7.816980119412850203e-02,-4.443792064757899141e+01,4.260567887019791833e+00,-4.819052018801153281e+01,5.150838745050460687e+00,-5.792102768824020842e+01,4.157556115779355466e+00,2.600000000000000000e+01,2.466145656483243442e+02,6.640393938508732674e+01,3.116400000000000000e+06,6.628599999999999770e-02,-1.038884700000015329e+02,1.000000000000000000e+00
3.075253841989914871e-03,4.826813804597655105e-03,6.515947326314986965e-01,-2.297436555078061549e+00,2.000000000000000000e+01,7.179779862361389264e-02,-3.908963463746386680e+01,5.109873847765262767e+00,-5.036572029945740780e+01,5.432456067987677883e+00,-6.205991702357737694e+01,4.610724698491364570e+00,2.700000000000000000e+01,2.517270090499107766e+02,6.579112662676719481e+01,3.221500000000000000e+06,6.374900000000000011e-01,-2.442882499999717311e+03,1.000000000000000000e+00
2.970433988431639243e-03,4.977045065346533126e-03,6.299078413760204054e-01,-4.387452714085249283e-01,2.000000000000000000e+01,7.570942263189751886e-02,-4.064172999678137899e+01,3.900163948344982145e+00,-4.878489219053645343e+01,4.331626374188834561e+00,-5.692778798321765521e+01,5.074229135707061467e+00,2.800000000000000000e+01,3.688018605655489068e+02,6.435815904837419055e+01,3.103000000000000000e+06,1.217599999999999932e-01,-2.833379999999785923e+02,1.000000000000000000e+00
3.133999603267162513e-03,3.704238330688100489e-03,6.074294708965541911e-01,-1.714641819126711542e-01,2.000000000000000000e+01,6.900884953102327801e-02,-4.233344848136290750e+01,4.568104945607418088e+00,-4.906662693038244782e+01,5.985254278767031089e+00,-4.878693284634810823e+01,4.954647329346917317e+00,2.900000000000000000e+01,5.517462283846501805e+02,6.349619950642600941e+01,3.335600000000000000e+06,1.751399999999999901e-01,-3.138278799999891930e+02,1.000000000000000000e+00
2.937648818255642232e-03,4.997359545435102295e-03,6.590217171107127792e-01,-1.513075660446807857e+00,2.000000000000000000e+01,7.361558295424816545e-02,-3.777725494916226978e+01,4.837910664807333561e+00,-5.490435484571391100e+01,4.918374397194590131e+00,-4.990277001341586072e+01,5.462848375614751006e+00,3.000000000000000000e+01,3.738837293362990977e+02,6.430111785436238847e+01,3.285300000000000000e+06,3.449200000000000044e-01,-1.537939832000319484e+03,1.000000000000000000e+00
2.856975461019867560e-03,5.109186136065842557e-03,5.579169430875796643e-01,-1.666961277271693964e+00,2.000000000000000000e+01,7.484152341286341714e-02,-4.990359995783197178e+01,5.180642029213340827e+00,-5.189005930605078021e+01,5.616685522523359175e+00,-4.159880995709319507e+01,5.466484016118680955e+00,3.100000000000000000e+01,1.961064949927948646e+02,6.677934850664857436e+01,3.370800000000000000e+06,2.337899999999999978e-01,-9.377593510001572668e+02,1.000000000000000000e+00
3.377022280490484495e-03,4.569459783730358063e-03,5.660724551657072556e-01,-1.278307046635984712e-02,2.000000000000000000e+01,7.418995666355795993e-02,-4.553194547033872652e+01,4.797363964868070596e+00,-4.127370695937710821e+01,5.475631929819114951e+00,-5.155066303427229002e+01,4.970093828473099329e+00,3.200000000000000000e+01,6.286102040615793385e+02,6.267561524686305319e+01,3.330400000000000000e+06,3.968999999999999750e-01,-2.436352509999022914e+03,1.000000000000000000e+00
3.015186994784642242e-03,4.612444988529773061e-03,5.892823755415862452e-01,5.849288519456373736e-01,2.000000000000000000e+01,7.734739058925882427e-02,-3.344737825593087166e+01,4.149070192217505060e+00,-5.005867960139038786e+01,5.236745642430810754e+00,-5.746018264203821957e+01,4.037394914308610971e+00,3.300000000000000000e+01,6.284282614937956168e+02,6.327195584486518243e+01,3.149200000000000000e+06,8.057799999999999685e-02,-1.494434999999998865e+02,1.000000000000000000e+00
3.180270193355920483e-03,5.328614727479322188e-03,6.102457636837064214e-01,-3.336108460378114371e-01,2.000000000000000000e+01,7.303054671827396982e-02,-4.517652271128798702e+01,4.448178478051771023e+00,-4.383524212828914557e+01,4.997293673158721639e+00,-5.113723396817384526e+01,5.026957098525731027e+00,3.400000000000000000e+01,5.710869958669990183e+02,6.330026651595998288e+01,3.253700000000000000e+06,5.268800000000000150e-01,-2.759286000000702188e+03,1.000000000000000000e+00
2.969573671603817789e-03,5.428169982978597874e-03,5.249647936449983732e-01,-7.833725059876028851e-01,2.000000000000000000e+01,7.572006405641629190e-02,-3.989842441481064839e+01,4.774943983781287926e+00,-4.615580068716739248e+01,5.533889732646667170e+00,-5.411102184513066504e+01,4.406864839959297342e+00,3.500000000000000000e+01,4.713413197224731448e+02,6.372255740132330004e+01,3.274500000000000000e+06,1.641400000000000081e-01,-5.750909999999869342e+02,1.000000000000000000e+00
2.960173934848321989e-03,5.388164460052823936e-03,5.117598611829670130e-01,3.650751397849643531e+00,2.000000000000000000e+01,6.333539539189003698e-02,-1.498655912757805808e+01,6.643610847834909627e+00,-2.399985839798188181e+01,5.028623871745478091e+00,-6.934882075879399110e+01,6.138963759558280664e+00,3.600000000000000000e+01,3.135697999657595574e+03,5.667734700176377061e+01,3.627700000000000000e+06,4.449700000000000183e-02,-6.798156300000086105e+01,1.000000000000000000e+00
3.308299012433843674e-03,3.900307268404062423e-03,5.998253248955028871e-01,3.086538082440294151e+00,2.000000000000000000e+01,7.471892954905359763e-02,-2.402255398211939763e+01,5.133671459015334726e+00,-4.646759886220930014e+01,5.271829800063279947e+00,-2.512418686663563960e+01,5.062473154714510315e+00,3.700000000000000000e+01,1.569013115971678872e+03,5.839759779062177358e+01,3.593300000000000000e+06,2.607800000000000118e-01,-1.081969240000024229e+03,1.000000000000000000e+00
3.237341996971124063e-03,4.268076545006355138e-03,6.016122747721854847e-01,2.987347454306781280e+00,2.000000000000000000e+01,7.460965104610972620e-02,-2.756729093071971448e+01,4.798600074770718038e+00,-4.242526138273054670e+01,5.129059365236121160e+00,-2.799522325243861332e+01,5.078801302517734761e+00,3.800000000000000000e+01,1.584406738581423269e+03,5.827025357083128654e+01,3.549300000000000000e+06,2.500899999999999790e-01,-9.905220000001545486e+02,1.000000000000000000e+00
3.059140580324058029e-03,4.455178930195819419e-03,5.936954532982853250e-01,2.249468520986261488e+00,2.000000000000000000e+01,7.591025911395039849e-02,-2.691354814453375965e+01,4.537760925091772535e+00,-3.530237461201542715e+01,5.622971511114925214e+00,-3.243069586487749945e+01,5.179233397020469809e+00,3.900000000000000000e+01,1.560546824426053490e+03,5.863052095406175113e+01,3.583600000000000000e+06,3.537600000000000189e-01,-1.841527889999499848e+03,1.000000000000000000e+00
3.327830087625034770e-03,4.996692752349074160e-03,6.220985624881121279e-01,2.398287063839227518e+00,2.000000000000000000e+01,7.241496858047900831e-02,-3.451920138690819329e+01,4.459644149196568819e+00,-4.438019469956164187e+01,4.647544315021111316e+00,-4.302722778379138902e+01,5.023811971954421196e+00,4.000000000000000000e+01,1.413516862469532498e+03,5.882973021279578063e+01,3.339100000000000000e+06,6.696900000000000075e-01,-3.121792059999266257e+03,1.000000000000000000e+00
3.508204674611360707e-03,3.856439102272393379e-03,6.305480421884779307e-01,2.599365722549950686e+00,2.000000000000000000e+01,7.995611479339215233e-02,-3.404068329624166012e+01,4.564197301179709676e+00,-3.462351656648653631e+01,5.504843564069094697e+00,-3.085123676063876275e+01,4.541164436176609698e+00,4.100000000000000000e+01,1.448657642694735159e+03,5.880930629668344523e+01,3.557300000000000000e+06,2.802799999999999736e-01,-1.169750099999998838e+03,1.000000000000000000e+00
3.225084344471464397e-03,4.509816539721585825e-03,5.710722694682528466e-01,3.360803675877748198e+00,2.000000000000000000e+01,7.119807716262857578e-02,-2.427923000178130053e+01,4.964286219350043439e+00,-3.482634597379556141e+01,4.954928495454976378e+00,-3.610931436062666933e+01,5.462100232376494446e+00,4.200000000000000000e+01,2.868297176023964767e+03,5.726366864332177897e+01,3.609000000000000000e+06,5.110799999999999788e-01,-1.763107500000183336e+03,1.000000000000000000e+00
3.402457184880449716e-03,4.848862786829341055e-03,5.299355000765072488e-01,3.332585652358607042e+00,2.000000000000000000e+01,7.654246274192394450e-02,-1.887789786486107602e+01,5.032273270628217610e+00,-3.145125177502261238e+01,5.027039977567902440e+00,-4.708642471297200416e+01,4.967675257322407667e+00,4.300000000000000000e+01,2.190982147062371041e+03,5.755820038536023731e+01,3.537300000000000000e+06,1.209199999999999997e-01,-3.580038000000109264e+02,1.000000000000000000e+00
3.298141204602691653e-03,3.908181398419930883e-03,6.156254558713015745e-01,3.036568517279099488e+00,2.000000000000000000e+01,7.411090741083913025e-02,-2.353037204120331083e+01,4.754851379097761566e+00,-4.609596736062792388e+01,5.779013810791205685e+00,-2.476455466348041412e+01,5.470737986464144775e+00,4.400000000000000000e+01,1.577530559522912199e+03,5.848179997522822759e+01,3.642900000000000000e+06,3.496099999999999763e-01,-1.706113600000207043e+03,1.000000000000000000e+00
3.092905225100217505e-03,4.493074463888522760e-03,5.948349307443177025e-01,1.434047882322707856e+00,2.000000000000000000e+01,6.912064488545129060e-02,-3.122551312283640002e+01,5.782158713073927814e+00,-3.351185301522967563e+01,5.275487568432303043e+00,-5.591532102437638230e+01,5.558994239106926472e+00,4.500000000000000000e+01,1.855348051430581336e+03,5.826950932000138295e+01,3.553700000000000000e+06,2.018300000000000094e-01,-4.163177999999638246e+02,1.000000000000000000e+00
2.960173934848321989e-03,5.388164460052823936e-03,5.117598611829670130e-01,3.650751397849643531e+00,2.000000000000000000e+01,6.333539539189003698e-02,-1.498655912757805808e+01,6.643610847834909627e+00,-2.399985839798188181e+01,5.028623871745478091e+00,-6.934882075879399110e+01,6.138963759558280664e+00,4.600000000000000000e+01,3.488389730391592366e+03,5.756457823774177029e+01,3.579800000000000000e+06,8.634000000000000008e-02,-1.958191200000086098e+02,1.000000000000000000e+00
2.922261028641962282e-03,4.975360130874263535e-03,5.596833539468920593e-01,2.993327020477702050e+00,2.000000000000000000e+01,7.284126128076670592e-02,-2.445230671777746068e+01,4.683184342116917698e+00,-4.305142081241494623e+01,4.824985729605161033e+00,-3.466286787671057112e+01,4.948629933281450732e+00,4.700000000000000000e+01,1.980114923149609695e+03,5.802535149523280467e+01,3.473200000000000000e+06,5.495600000000000485e-01,-2.641195799999261908e+03,1.000000000000000000e+00
3.039733272162481546e-03,5.182115545511269128e-03,5.572549333356856538e-01,2.899770026299393066e+00,2.000000000000000000e+01,7.277496405710234817e-02,-2.614027905785113504e+01,4.522222194631169145e+00,-4.299830231403600322e+01,4.823983290053437401e+00,-3.555170949789994950e+01,4.892077446438138466e+00,4.800000000000000000e+01,1.968842196055468094e+03,5.816803775101682561e+01,3.440100000000000000e+06,5.766799999999999704e-01,-2.783839090000566102e+03,1.000000000000000000e+00
2.703591890225075928e-03,3.932279239251042918e-03,5.232942321571324440e-01,2.102931745768129801e+00,2.000000000000000000e+01,6.360481975873805149e-02,-4.105140353880051407e+01,4.706585166251612939e+00,-4.266869438921997926e+01,5.363715845456980880e+00,-5.141088440219105848e+01,5.470267301902195456e+00,4.900000000000000000e+01,8.575828892825588810e+02,6.016756160815790366e+01,3.370000000000000000e+06,4.316500000000000198e-02,-5.651339099999958648e+01,1.000000000000000000e+00
2.947304987663679991e-03,4.843601866276545619e-03,5.798124837509344154e-01,2.015770191147005619e+00,2.000000000000000000e+01,7.605601751430282609e-02,-3.659774817345472542e+01,5.588108411295445777e+00,-4.464840065414270498e+01,5.876425169485659517e+00,-4.454557189883303181e+01,4.561524287046626824e+00,5.000000000000000000e+01,1.013528195888020946e+03,5.924170811615924492e+01,3.483900000000000000e+06,1.158399999999999985e-01,-2.797675839999933487e+02,1.000000000000000000e+00
2.993479820880230388e-03,4.536604478155164405e-03,5.378141373721361251e-01,5.205704017916417126e-01,2.000000000000000000e+01,7.537142550372388783e-02,-4.153343232415861053e+01,4.507336284585612418e+00,-4.563758815178870520e+01,5.578340795547491737e+00,-4.177242607903056637e+01,4.358431440374305410e+00,5.100000000000000000e+01,7.063602475558761853e+02,6.252792623491229307e+01,3.324600000000000000e+06,2.051099999999999868e-01,-8.067159620000796849e+02,1.000000000000000000e+00
3.060732857524804673e-03,4.491260610909856080e-03,5.802515829042914630e-01,7.314776133380100909e-01,2.000000000000000000e+01,7.539719484936741045e-02,-3.937157816921461517e+01,4.441494484171082391e+00,-4.638137320155841792e+01,5.142784547632413883e+00,-4.621159419437141480e+01,4.219224883819666871e+00,5.200000000000000000e+01,7.113345226083177977e+02,6.217941345572860712e+01,3.252400000000000000e+06,1.748999999999999999e-01,-5.676949200000212841e+02,1.000000000000000000e+00
2.899005113885309674e-03,4.526410219767107966e-03,6.567468069386570573e-01,7.620991663328807730e-01,2.000000000000000000e+01,7.513778618618477401e-02,-3.030708464551616288e+01,4.282312579565881627e+00,-5.072585803395209325e+01,5.160750384009080705e+00,-5.442489097820038069e+01,4.254309144880924265e+00,5.300000000000000000e+01,7.204491524394657063e+02,6.213544457362338846e+01,3.199300000000000000e+06,1.442900000000000016e-01,-3.433370490000264681e+02,1.000000000000000000e+00
3.179534799743886919e-03,3.884384201544119342e-03,5.363188924111732536e-01,2.213754208927516398e-01,2.000000000000000000e+01,6.704035066793478936e-02,-3.528266132179594905e+01,4.575926292880606816e+00,-4.094415459155276693e+01,5.423797102134369830e+00,-6.122988956715666120e+01,5.578692024368095304e+00,5.400000000000000000e+01,8.082163665441904641e+02,6.100136491571186070e+01,3.328200000000000000e+06,7.220300000000000329e-02,-1.373759999999999195e+02,1.000000000000000000e+00
3.203146750191942019e-03,4.489766360122991393e-03,5.720525302026966408e-01,3.028303775361997907e+00,2.000000000000000000e+01,7.120437627930453761e-02,-2.374404721472165392e+01,4.893796798761323785e+00,-3.351363397964731661e+01,5.046009760495539176e+00,-3.704992783994423888e+01,5.345392370327900267e+00,5.500000000000000000e+01,2.842262552850953853e+03,5.767082147737045972e+01,3.603100000000000000e+06,5.065699999999999648e-01,-1.725830279999266168e+03,1.000000000000000000e+00
3.067778849197917452e-03,3.945401420500427303e-03,5.651111879997450238e-01,2.350720103841959840e+00,2.000000000000000000e+01,7.484316015047816351e-02,-2.990196581139290188e+01,4.334514869724205965e+00,-3.372823855191110454e+01,5.699620797959380702e+00,-3.441915549156920662e+01,5.220437081110834043e+00,5.600000000000000000e+01,1.490002011832757717e+03,5.881696756017465333e+01,3.582500000000000000e+06,2.664900000000000047e-01,-1.140310500000055754e+03,1.000000000000000000e+00
3.091232819234034958e-03,3.972075544856725968e-03,5.844140380330092865e-01,2.101208383226822463e+00,2.000000000000000000e+01,7.264609497915966441e-02,-3.334567664376704954e+01,4.806813878302734544e+00,-3.930570121554525542e+01,5.639129247314958349e+00,-3.491340780238681418e+01,4.978972922397288947e+00,5.700000000000000000e+01,1.595018847810529905e+03,5.855046746644138267e+01,3.545600000000000000e+06,6.613900000000000334e-01,-2.823021999999722993e+03,1.000000000000000000e+00
2.852136803942713090e-03,4.878195141485364324e-03,5.692625312329112619e-01,2.198488536787980063e+00,2.000000000000000000e+01,7.535233151300786691e-02,-2.786040569979570591e+01,4.152030781433960094e+00,-4.082832843100973719e+01,4.950724224766507753e+00,-5.423725105067521923e+01,4.310920548843833799e+00,5.800000000000000000e+01,1.269423682228690723e+03,5.895245175781877123e+01,3.253300000000000000e+06,1.513299999999999923e-01,-4.373081999999699860e+02,1.000000000000000000e+00
3.147252408366239384e-03,4.632482446036544771e-03,5.530439942616356408e-01,1.727410579952056491e+00,2.000000000000000000e+01,7.418230824012214675e-02,-2.755718197909953560e+01,4.558751572029112964e+00,-3.741749614659413226e+01,4.860696916114632060e+00,-5.818298726633484819e+01,4.347432187056997854e+00,5.900000000000000000e+01,1.227190986432156478e+03,5.904197929441501458e+01,3.282900000000000000e+06,3.579999999999999849e-01,-2.041039300000054482e+03,1.000000000000000000e+00
3.368232123134006113e-03,4.908168336611162634e-03,6.024149912977726506e-01,2.253563336959363284e+00,2.000000000000000000e+01,7.226664997152007497e-02,-3.304920258772750685e+01,4.719367665270146617e+00,-4.398043160305127230e+01,4.555748027601765671e+00,-3.962267825105850250e+01,4.958703788352712749e+00,6.000000000000000000e+01,1.621293517666390471e+03,5.862404867043272105e+01,3.383800000000000000e+06,6.789399999999999880e-01,-3.033198589998646639e+03,1.000000000000000000e+00
3.109650794024175664e-03,5.588581625742895451e-03,5.323555596367715026e-01,-5.657932212656360704e+00,2.000000000000000000e+01,7.555858862245855290e-02,-4.174079254956730267e+01,4.628345083992503106e+00,-4.786115771451250822e+01,5.724955361546590460e+00,-6.140203374022544125e+01,3.565794183599800604e+00,6.100000000000000000e+01,1.402260862145934937e+02,7.110341594047528702e+01,3.148300000000000000e+06,2.024199999999999888e-01,-8.133948200000339739e+02,1.000000000000000000e+00
3.276863610262644756e-03,4.288598780367016902e-03,5.918280205472883360e-01,2.330303255773463977e+00,2.000000000000000000e+01,7.284706709902691313e-02,-3.187580689737661288e+01,4.321949894156997374e+00,-3.353608332496516198e+01,5.477406868321486044e+00,-4.232641728099291356e+01,4.339435574809125562e+00,6.200000000000000000e+01,1.728729539218691116e+03,5.862607122374239310e+01,3.426700000000000000e+06,6.538300000000000223e-01,-3.033972479998720701e+03,1.000000000000000000e+00
3.171127364406804792e-03,4.145585120250394953e-03,6.321906221854065588e-01,1.851849870100264805e+00,2.000000000000000000e+01,7.099845624161285618e-02,-2.737519690047380649e+01,4.650379854385480627e+00,-3.673926153914732851e+01,5.760658532330955595e+00,-5.074714442987551166e+01,4.787980026657009169e+00,6.300000000000000000e+01,1.913426624520524001e+03,5.834979862699375275e+01,3.470100000000000000e+06,5.035399999999999876e-01,-1.550301900000469232e+03,1.000000000000000000e+00
3.394062989244334659e-03,4.959535924433700754e-03,5.600714099699286574e-01,3.425425315978452012e+00,2.000000000000000000e+01,7.656426167090382706e-02,-1.886492107887272596e+01,4.653743872983583607e+00,-3.120716405096633750e+01,5.028295213265586483e+00,-4.796820603724103904e+01,4.894362159494730413e+00,6.400000000000000000e+01,2.248325624248600889e+03,5.794781990226389468e+01,3.485600000000000000e+06,1.090799999999999964e-01,-2.827118700000177114e+02,1.000000000000000000e+00
3.396110078888007165e-03,5.014861052300333133e-03,5.215094782790024031e-01,3.540878264949964382e+00,2.000000000000000000e+01,7.655616065857845376e-02,-1.906462512045894186e+01,4.981880971595567864e+00,-3.291262932937152641e+01,5.030429434187939641e+00,-4.412788243259949184e+01,4.789974884222073293e+00,6.500000000000000000e+01,2.292147515112746078e+03,5.774400469526973012e+01,3.529700000000000000e+06,1.199500000000000011e-01,-3.606552000000106659e+02,1.000000000000000000e+00
3.069247986287338900e-03,3.639129420033894013e-03,5.716678408120494659e-01,2.326023937436080047e+00,2.000000000000000000e+01,7.351032258883731518e-02,-2.980169317126958717e+01,4.344844516313930427e+00,-3.339990683701718410e+01,6.129520458102954095e+00,-3.546433346323935609e+01,5.157158638317190125e+00,6.600000000000000000e+01,1.680065003553217593e+03,5.865660383742482509e+01,3.615500000000000000e+06,5.496900000000000119e-01,-2.669007000000893186e+03,1.000000000000000000e+00
3.281933441311017143e-03,4.516112422498989865e-03,6.282124165995931486e-01,2.081590848589401244e+00,2.000000000000000000e+01,7.066366572780648225e-02,-3.097031287893248930e+01,4.194904174028265764e+00,-3.395109787211377750e+01,6.145417908884233782e+00,-4.949715355903562397e+01,4.479715549367991656e+00,6.700000000000000000e+01,2.150019031456538869e+03,5.824095635083213551e+01,3.452100000000000000e+06,4.623300000000000187e-01,-1.333039000000103215e+03,1.000000000000000000e+00
2.608103112708721767e-03,4.571591259384036668e-03,6.852136743238443906e-01,3.410318873771044368e-01,2.000000000000000000e+01,6.818185147724392658e-02,-3.995377796408693882e+01,4.122647655498164809e+00,-4.707920761439045521e+01,4.591196760443897240e+00,-5.250849768276371066e+01,4.652496822499506024e+00,6.800000000000000000e+01,6.883842637046936943e+02,6.271545044377872102e+01,3.167400000000000000e+06,1.330099999999999894e-01,-2.196796910000103651e+02,1.000000000000000000e+00
2.911337470557957136e-03,4.209603916246512818e-03,6.210051080882630359e-01,-1.047993957667960885e-01,2.000000000000000000e+01,7.380809630698299817e-02,-3.726899607576594065e+01,4.582083409452931022e+00,-4.818051395446413920e+01,6.243341334628945916e+00,-4.746934822078245020e+01,4.648913621332669166e+00,6.900000000000000000e+01,6.488496415329748288e+02,6.284386220563687431e+01,3.374400000000000000e+06,3.693899999999999961e-01,-1.807627756999789881e+03,1.000000000000000000e+00
3.383526371896473234e-03,4.852422985578976403e-03,6.219490515551051590e-01,2.398115483016779681e+00,2.000000000000000000e+01,7.113034350250634075e-02,-3.434497721280015980e+01,4.573825925179166418e+00,-4.282035715417622868e+01,4.699494684208842088e+00,-4.239377563062419085e+01,4.957947058899996762e+00,7.000000000000000000e+01,1.827410882765392898e+03,5.859183726075481502e+01,3.368900000000000000e+06,5.521700000000000497e-01,-1.934181600000571734e+03,1.000000000000000000e+00
3.254575959525830321e-03,4.676016032911432113e-03,4.791271177720043961e-01,1.880916374735394081e+00,2.000000000000000000e+01,7.673934149417291350e-02,-3.021509889670070947e+01,4.401639982370248561e+00,-4.351078210969206594e+01,5.006122359059132165e+00,-4.441166086828408055e+01,4.621338615999379229e+00,7.100000000000000000e+01,1.246723751080626471e+03,5.905063869598335913e+01,3.346100000000000000e+06,1.398000000000000076e-01,-5.155919999999492802e+02,1.000000000000000000e+00
3.224936841706746698e-03,4.099955295014227202e-03,5.773506039781288735e-01,2.572616331310645599e+00,2.000000000000000000e+01,7.052864839794628637e-02,-3.158980768575306897e+01,4.389143801409218781e+00,-3.451000175389829394e+01,5.280143460063780658e+00,-4.323242337909755406e+01,4.560977644530243680e+00,7.200000000000000000e+01,2.279445453737662319e+03,5.804480191963002511e+01,3.429500000000000000e+06,3.934199999999999919e-01,-1.024905000000100245e+03,1.000000000000000000e+00
3.417349876753952940e-03,3.360790020238762707e-03,6.395079633832079224e-01,2.561128665146067629e+00,2.000000000000000000e+01,6.230554905032772983e-02,-2.786489116708911951e+01,4.166535653582240428e+00,-2.443261008791823485e+01,6.795370288226029842e+00,-4.445067896547669051e+01,5.968621689497249250e+00,7.300000000000000000e+01,2.233753260845228397e+03,5.823024135598082296e+01,3.642800000000000000e+06,7.840199999999999947e-02,-1.212905000000027371e+02,1.000000000000000000e+00
3.160197843100732464e-03,4.686291693859917853e-03,6.095439694149670240e-01,2.648915118597760632e+00,2.000000000000000000e+01,7.017983327820008499e-02,-2.836996783529203014e+01,4.405044815543348591e+00,-3.427314668857584934e+01,4.640609597879177706e+00,-4.202582940582076532e+01,5.188110837682401666e+00,7.400000000000000000e+01,2.683604816595262946e+03,5.803264797643760176e+01,3.447800000000000000e+06,3.824600000000000222e-01,-9.892593600000752758e+02,1.000000000000000000e+00
3.143012506807062179e-03,6.060810877065517244e-03,5.446349149002024381e-01,-4.118851364918003632e+00,2.000000000000000000e+01,7.553665312948970589e-02,-4.034923635081139537e+01,5.256587868558215249e+00,-5.272957361166768919e+01,5.654064405868063581e+00,-5.264447086249776930e+01,4.617358204499101504e+00,7.500000000000000000e+01,1.629044151359887280e+02,6.798551739969904872e+01,3.292100000000000000e+06,1.769600000000000062e-01,-6.491549200000057454e+02,1.000000000000000000e+00
2.728738292669432609e-03,4.258462213115866285e-03,5.234101370846190315e-01,2.261089191563482537e+00,2.000000000000000000e+01,6.677717136042182755e-02,-4.158787008847873068e+01,4.661572637413922138e+00,-4.212953454098308725e+01,5.253787365758831207e+00,-5.314875042682335504e+01,5.288651157993387031e+00,7.600000000000000000e+01,9.639584277851130310e+02,6.081299764585053680e+01,3.333700000000000000e+06,7.560899999999999566e-02,-1.386337080000024287e+02,1.000000000000000000e+00
2.799062949909489340e-03,4.444481917465548104e-03,6.109191001151600409e-01,2.144926789601639072e+00,2.000000000000000000e+01,6.678220260752776305e-02,-4.232891344108073639e+01,4.181985664812524206e+00,-4.336361545035120457e+01,5.251560062035185439e+00,-4.993088796685179886e+01,5.394320854265806986e+00,7.700000000000000000e+01,9.793845563511066530e+02,6.077259380272055722e+01,3.313300000000000000e+06,8.213700000000000168e-02,-1.316462999999964438e+02,1.000000000000000000e+00
3.224304721405941813e-03,4.945740743407409101e-03,6.200478176592794100e-01,2.698321515571806550e+00,2.000000000000000000e+01,6.899587278028010418e-02,-2.809932163573976638e+01,4.221661723660554699e+00,-3.850168976214651906e+01,4.173515165785230963e+00,-4.148409619695182471e+01,5.365338427568877577e+00,7.800000000000000000e+01,2.759009256346489110e+03,5.822587539870302464e+01,3.385500000000000000e+06,2.223999999999999866e-01,-4.543831600000409026e+02,1.000000000000000000e+00
3.387715883251892109e-03,5.125534189904691965e-03,5.516453881724238117e-01,3.633717928569809352e+00,2.000000000000000000e+01,7.657795958755832244e-02,-1.905164833447059181e+01,4.603351573950934750e+00,-3.266854160531524798e+01,5.031684669885622796e+00,-4.500966375686851961e+01,4.716661786394395151e+00,7.900000000000000000e+01,2.358459531161160157e+03,5.824843073722933440e+01,3.478100000000000000e+06,1.079500000000000043e-01,-2.830025799999975220e+02,1.000000000000000000e+00
3.226457514465956664e-03,4.726615198326285933e-03,6.107047694931301285e-01,1.504783839116575761e+00,2.000000000000000000e+01,7.415096937275067468e-02,-3.495776502506588912e+01,4.923085912486223847e+00,-3.978340875022457368e+01,5.051636015809183533e+00,-4.475465355338977247e+01,4.806567631832612264e+00,8.000000000000000000e+01,1.092975600279061609e+03,5.924399630570886188e+01,3.414500000000000000e+06,3.073400000000000021e-01,-1.434880319999546373e+03,1.000000000000000000e+00
2.749791187507250739e-03,3.637907807088866779e-03,5.998172285567511253e-01,1.864965111254267782e+00,2.000000000000000000e+01,6.713723391605710966e-02,-4.364566877974865378e+01,4.673408285167181653e+00,-3.849546103615861625e+01,5.087949122876621821e+00,-4.333186483119936128e+01,5.596049567121500701e+00,8.100000000000000000e+01,1.085125305148442067e+03,5.957154497599926657e+01,3.432500000000000000e+06,8.371699999999999975e-02,-1.352088249999991660e+02,1.000000000000000000e+00
3.266508341030107364e-03,4.828460161820431751e-03,4.905639468864054775e-01,1.535651526492191721e+00,2.000000000000000000e+01,7.675075710604595258e-02,-3.704590515701639220e+01,4.172469143308301653e+00,-4.209712777827134289e+01,5.007970369509482822e+00,-4.434071349600999667e+01,4.632839965990680042e+00,8.200000000000000000e+01,1.081986357039291988e+03,5.996651609036823771e+01,3.303900000000000000e+06,1.325199999999999989e-01,-4.511727000000064436e+02,1.000000000000000000e+00
3.142979319352171182e-03,4.362230712135191021e-03,5.592304551716791305e-01,2.137567816905899587e+00,2.000000000000000000e+01,7.535609756099721779e-02,-3.302753805733569692e+01,3.807004025336930830e+00,-3.861045045565981582e+01,6.263795594515549681e+00,-3.578038329128891348e+01,4.976243008125242895e+00,8.300000000000000000e+01,1.363129619990558467e+03,5.901530114576722497e+01,3.505200000000000000e+06,1.955500000000000016e-01,-7.010160699999910321e+02,1.000000000000000000e+00
3.349668180614885117e-03,4.917061591821008347e-03,5.949395612927237398e-01,2.349067720713475360e+00,2.000000000000000000e+01,7.121034588442909374e-02,-3.291489027895116237e+01,4.459517389540484267e+00,-4.401515442573906967e+01,4.759821812941803287e+00,-4.015426178179197336e+01,5.010841448588191582e+00,8.400000000000000000e+01,1.928582530849306067e+03,5.854509438594171655e+01,3.381400000000000000e+06,5.435499999999999776e-01,-1.917373900000569620e+03,1.000000000000000000e+00
3.183407613056015752e-03,4.489985195106634130e-03,5.632004725088621822e-01,6.039238885361044584e-01,2.000000000000000000e+01,7.564158812952860578e-02,-3.384392609137315588e+01,4.264646668159680409e+00,-4.867125175185143604e+01,5.204624152821139660e+00,-4.679380997614478588e+01,4.625235727751201509e+00,8.500000000000000000e+01,7.986505057576216586e+02,6.166485942449346425e+01,3.280200000000000000e+06,1.743300000000000127e-01,-5.998894000000115057e+02,1.000000000000000000e+00
3.184778361569087259e-03,4.508584215082736719e-03,6.086414491161267204e-01,9.136313558554098879e-03,2.000000000000000000e+01,7.170169820115521175e-02,-4.514828584546967249e+01,4.707384278671213451e+00,-3.843100451363152104e+01,5.002672567455446639e+00,-6.095487064896109075e+01,4.971031050205043655e+00,8.600000000000000000e+01,5.937468768818692979e+02,6.343499560281013316e+01,3.229400000000000000e+06,5.976599999999999691e-01,-2.166929699999021977e+03,1.000000000000000000e+00
3.143677964430053283e-03,4.694164860048642349e-03,6.793100307121541226e-01,2.458661017655284109e+00,2.000000000000000000e+01,6.720045317219959513e-02,-3.190930023244115432e+01,4.098389907679326427e+00,-3.054321430801893911e+01,5.491083055721311723e+00,-4.710950819926755173e+01,4.508988227562598539e+00,8.700000000000000000e+01,2.199070253236653571e+03,5.828360531333475336e+01,3.411900000000000000e+06,9.587600000000000289e-02,-1.604488000000041268e+02,1.000000000000000000e+00
3.470568257167658092e-03,4.745918478535111722e-03,5.763696130036969345e-01,1.747176859826647721e+00,2.000000000000000000e+01,7.517926426727485067e-02,-4.040851495673749127e+01,5.024082155235134906e+00,-4.229623859929870378e+01,5.156096927843244693e+00,-3.835638341797232442e+01,4.603859094537099850e+00,8.800000000000000000e+01,9.997786104668891767e+02,6.045924897541700460e+01,3.406600000000000000e+06,2.102600000000000025e-01,-8.436843999999363177e+02,1.000000000000000000e+00
3.248250526740996576e-03,4.554025922342211895e-03,6.679958129422325364e-01,-1.847288341773130949e+00,2.000000000000000000e+01,7.857831940614168342e-02,-4.012716745417664299e+01,4.551827652594202078e+00,-5.212083099904512551e+01,5.579406340809926590e+00,-5.726900181807609158e+01,3.993263558422762038e+00,8.900000000000000000e+01,2.223888101665176862e+02,6.697523830265102163e+01,3.160800000000000000e+06,5.839600000000000346e-02,-7.232435999999951548e+01,1.000000000000000000e+00
3.170226712236576955e-03,4.681323753179400179e-03,6.652530012192039433e-01,-2.293342143130787658e+00,2.000000000000000000e+01,7.623878263031960700e-02,-3.936279474519024291e+01,3.988688951770812174e+00,-5.045636669963904808e+01,5.106863552457424404e+00,-6.172606787387320537e+01,4.098259806804071204e+00,9.000000000000000000e+01,2.042532672240279794e+02,6.715659934302186684e+01,3.067900000000000000e+06,1.030500000000000027e-01,-2.071132000000080211e+02,1.000000000000000000e+00
2.889208452359894215e-03,5.151056983772007644e-03,5.571019056890134102e-01,-2.994221259645882260e-01,2.000000000000000000e+01,7.610701856177382041e-02,-4.015405679121543869e+01,5.434656665549589150e+00,-5.746953608353346965e+01,6.548667699361264027e+00,-4.927907406640608201e+01,4.552858444017397588e+00,9.100000000000000000e+01,2.033127348403296821e+02,6.765543519518413973e+01,3.342900000000000000e+06,1.219699999999999951e-01,-3.239531999999750838e+02,1.000000000000000000e+00
3.195917719060122585e-03,5.328707942081775673e-03,6.111616570426579020e-01,-2.618598717611109183e-01,2.000000000000000000e+01,7.239081070375377736e-02,-4.547586839004558357e+01,4.357506102391490721e+00,-4.373348962038638632e+01,5.025422203139809696e+00,-4.847774004464282882e+01,4.983170073112434650e+00,9.200000000000000000e+01,6.835201616499905413e+02,6.318284254012888113e+01,3.265600000000000000e+06,6.747199999999999864e-01,-3.026304240001802555e+03,1.000000000000000000e+00
3.164485307643857739e-03,4.965428750156308628e-03,5.367042301905911028e-01,-4.769732540939458865e+00,2.000000000000000000e+01,7.309553482283109860e-02,-4.791942619763706546e+01,5.816740323722616957e+00,-5.463500422963693381e+01,5.293875601859483915e+00,-4.490095855145481352e+01,5.049806742856599584e+00,9.300000000000000000e+01,1.459549573884433471e+02,6.964342206956625603e+01,3.330400000000000000e+06,6.296000000000000485e-01,-2.788732270001665256e+03,1.000000000000000000e+00
3.182384735770902445e-03,4.101306593058771238e-03,5.898929603141653821e-01,-1.368689020398524692e-01,2.000000000000000000e+01,7.244779135587597896e-02,-3.445410020214218605e+01,5.045359815637366019e+00,-5.411601948198409673e+01,4.809792764092504669e+00,-5.499944869406685655e+01,4.519643518644141267e+00,9.400000000000000000e+01,6.633522577741358646e+02,6.318319046363756541e+01,3.217600000000000000e+06,6.472799999999999665e-01,-2.611761609999879056e+03,1.000000000000000000e+00
3.233302731268907805e-03,4.779149819894266960e-03,5.581401413033179049e-01,1.987941575135953265e+00,2.000000000000000000e+01,7.235506748072645378e-02,-2.715418460655891764e+01,5.355541790426686433e+00,-5.063411429650229678e+01,5.511837484965440126e+00,-5.925290668914743009e+01,4.862140276482498358e+00,9.500000000000000000e+01,1.111264761138688982e+03,5.942577478937517554e+01,3.350800000000000000e+06,6.285699999999999621e-01,-2.777232900000400150e+03,1.000000000000000000e+00
3.148374988982349798e-03,4.667512842707722577e-03,5.598323031001934957e-01,1.494998762771889034e+00,2.000000000000000000e+01,7.444146487789818356e-02,-3.158712631573290253e+01,4.044872981095432252e+00,-3.493067225961159039e+01,5.474597411455863316e+00,-5.680852844131651125e+01,4.452367708159268744e+00,9.600000000000000000e+01,1.147711410104972401e+03,5.941146481297520410e+01,3.303800000000000000e+06,3.089500000000000024e-01,-1.574579580000389342e+03,1.000000000000000000e+00
2.724986710257381109e-03,3.494529349495492133e-03,5.998424681923142376e-01,2.567119175413113297e+00,2.000000000000000000e+01,7.152891758217361229e-02,-4.172976494740966302e+01,4.649968208573984185e+00,-3.875483768120248840e+01,5.023541885959206255e+00,-4.761051765703680161e+01,5.618772376872952279e+00,9.700000000000000000e+01,1.173451145473151882e+03,5.932697521451022027e+01,3.401400000000000000e+06,5.473500000000000032e-01,-1.783415122000551264e+03,1.000000000000000000e+00
3.313667726562857362e-03,5.508294257971097126e-03,6.195584947512984275e-01,1.275038156006329526e+00,2.000000000000000000e+01,7.427327571616682000e-02,-3.603115594575773883e+01,3.667847521004722999e+00,-4.143233086482375427e+01,4.931804421676170946e+00,-5.310293160883679775e+01,4.271688233533171619e+00,9.800000000000000000e+01,9.545270441665113594e+02,6.091974095836822300e+01,3.172900000000000000e+06,2.534199999999999786e-01,-1.051232519999908845e+03,1.000000000000000000e+00
3.263951280083779265e-03,4.258313721564136248e-03,6.821593921275461714e-01,1.292816361622690424e+00,2.000000000000000000e+01,7.458387727434341585e-02,-2.849188184110608901e+01,4.015056858289892894e+00,-4.326855297993891725e+01,5.434487661568769390e+00,-6.069961017895179367e+01,3.863846635900639370e+00,9.900000000000000000e+01,9.156208777703039914e+02,6.096422771184614930e+01,3.190400000000000000e+06,2.050200000000000078e-01,-6.341952000000693488e+02,1.000000000000000000e+00
2.929021677386529215e-03,4.326730825407235602e-03,5.952703526273347423e-01,1.365132767901386268e+00,2.000000000000000000e+01,7.118744518200860460e-02,-4.077785144239615533e+01,4.750490687257953759e+00,-4.318801544744184184e+01,5.204236690764951767e+00,-5.344590926429275157e+01,5.025918497818346431e+00,1.000000000000000000e+02,9.151446352859262561e+02,6.097921262331210812e+01,3.314000000000000000e+06,5.083299999999999486e-01,-1.629299503999629451e+03,1.000000000000000000e+00
2.971599065089683758e-03,4.756076263702677456e-03,7.085163210872758022e-01,1.352746287337760034e+00,2.000000000000000000e+01,7.369509001358755251e-02,-3.396957424031749184e+01,3.986440863336663476e+00,-4.244708962532382657e+01,4.884769377654231803e+00,-4.750375559858002816e+01,4.117446725613365999e+00,1.010000000000000000e+02,1.009610670968182490e+03,6.064706276681396702e+01,3.226300000000000000e+06,2.691700000000000204e-01,-9.109210649999217821e+02,1.000000000000000000e+00
3.564519805893204968e-03,5.082953878525294476e-03,5.493079992908059817e-01,1.308875006943743813e+00,2.000000000000000000e+01,7.907933625595416072e-02,-4.070265272486089003e+01,3.913012875159148862e+00,-3.839170872068248741e+01,5.263021774799057084e+00,-4.485453823751945635e+01,4.052054015610156767e+00,1.020000000000000000e+02,1.003113465353367928e+03,6.067592098397478395e+01,3.311700000000000000e+06,3.392100000000000115e-01,-1.817875840000363723e+03,1.000000000000000000e+00
3.330812767456534790e-03,4.354067475743494606e-03,5.392833037498223625e-01,3.746101542006162743e-01,2.000000000000000000e+01,7.070349887785487564e-02,-4.105140483691653941e+01,4.832522219224447468e+00,-4.001872042175392608e+01,5.170662776356358847e+00,-6.442344997649786364e+01,4.733781088002740667e+00,1.030000000000000000e+02,7.259656114443955630e+02,6.257628723754370270e+01,3.231800000000000000e+06,3.972800000000000220e-01,-9.739551600000131657e+02,1.000000000000000000e+00
3.142582342556593002e-03,4.403911023057800397e-03,6.650092107819951526e-01,-1.803367838289672953e+00,2.000000000000000000e+01,6.836618996262892878e-02,-5.036813233674519807e+01,4.255817286171769354e+00,-3.827095548839644579e+01,4.765713670967950399e+00,-5.891422850057524840e+01,4.990105961332728768e+00,1.040000000000000000e+02,2.782904888284676872e+02,6.599853671358667384e+01,3.158100000000000000e+06,1.401399999999999868e-01,-2.413900799999947253e+02,1.000000000000000000e+00
3.141845030134982932e-03,4.457468708806854377e-03,6.524303319376194565e-01,-1.242024247811020388e+00,2.000000000000000000e+01,7.572540823874954197e-02,-4.571801479332654594e+01,4.306032587414085455e+00,-4.726865929933963173e+01,4.965399502663648157e+00,-5.570946944377831045e+01,4.214761722419570589e+00,1.050000000000000000e+02,2.605560694661450611e+02,6.617091783190934962e+01,3.122500000000000000e+06,1.267999999999999960e-01,-3.031933500000030790e+02,1.000000000000000000e+00
3.123908353081808476e-03,4.466218939694833329e-03,5.925850510096893897e-01,7.808271524171364053e-01,2.000000000000000000e+01,7.736115812837543460e-02,-3.313303180569030815e+01,3.951529022731274488e+00,-5.099890536264670970e+01,5.128158044560607642e+00,-5.403537206021865558e+01,4.213137080227843612e+00,1.060000000000000000e+02,6.893573890642703645e+02,6.307527894061840357e+01,3.151200000000000000e+06,8.154400000000000537e-02,-1.555702200000060884e+02,1.000000000000000000e+00
2.962026769658810191e-03,4.626699585856935623e-03,6.518995983355240220e-01,5.039011089441511881e-01,2.000000000000000000e+01,7.233228418783600733e-02,-4.085747608592729563e+01,4.742630635939859118e+00,-4.568511298236589369e+01,4.908966609973063555e+00,-4.686874386465171938e+01,4.970339213205232198e+00,1.070000000000000000e+02,8.129600294313680706e+02,6.171448466782117492e+01,3.313300000000000000e+06,6.539700000000000513e-01,-2.811619641000478168e+03,1.000000000000000000e+00
3.625747750616190208e-03,4.833173736879929974e-03,5.088242153763985476e-01,-2.626393359356182788e+00,2.000000000000000000e+01,7.628723127496769840e-02,-6.481157208671648107e+01,5.418600347314921351e+00,-4.444628065349152024e+01,6.245321821989572086e+00,-4.309789801200993509e+01,5.711711453115102088e+00,1.080000000000000000e+02,1.445981238045880275e+02,7.321467356168362528e+01,3.380600000000000000e+06,2.016699999999999882e-01,-9.132937200001198335e+02,1.000000000000000000e+00
3.183314952835394375e-03,4.488767175607754310e-03,6.473398833316346135e-01,-1.305536800632288719e+00,2.000000000000000000e+01,7.729793659354514124e-02,-4.452140506105249074e+01,4.230330548720215411e+00,-5.190887132218239230e+01,4.999525850733701482e+00,-5.784434536486985223e+01,3.925302372046481469e+00,1.090000000000000000e+02,1.711475360282965994e+02,6.831556941445853681e+01,3.059400000000000000e+06,7.878100000000000380e-02,-1.312456999999975267e+02,1.000000000000000000e+00
3.092791538933653030e-03,4.291519928562557290e-03,5.370849178257599554e-01,-4.496335417207746765e+00,2.000000000000000000e+01,7.092849422952787752e-02,-2.926552568184625613e+01,5.470116920529877191e+00,-6.144611889652377101e+01,4.702380113523338068e+00,-6.358031438210699804e+01,4.679184493527456468e+00,1.100000000000000000e+02,1.826682232195238385e+02,6.825796677219086916e+01,3.163900000000000000e+06,4.304600000000000093e-01,-9.273845000000725349e+02,1.000000000000000000e+00
3.149815415312440074e-03,5.936418878935964538e-03,5.435689743089248127e-01,-4.364255423161123915e+00,2.000000000000000000e+01,7.697979499436881368e-02,-3.951238034680228850e+01,5.457320152039989658e+00,-5.681265118068702691e+01,5.441956864106430203e+00,-5.284758495987532001e+01,4.567777334939749245e+00,1.110000000000000000e+02,1.842472811742237297e+02,6.820596146590428077e+01,3.260200000000000000e+06,1.003700000000000009e-01,-2.591400000000035106e+02,1.000000000000000000e+00
2.994977369481451740e-03,4.505765704511343478e-03,5.064408185505459015e-01,4.803981136503098770e-01,2.000000000000000000e+01,7.498730000211507873e-02,-4.021591065964823031e+01,4.361665956543378186e+00,-4.598665498603884316e+01,5.557841517956050303e+00,-4.296350061366881334e+01,4.394111396446548135e+00,1.120000000000000000e+02,7.545757600684490853e+02,6.237620166301643820e+01,3.310700000000000000e+06,2.907399999999999984e-01,-1.554299977000293893e+03,1.000000000000000000e+00
3.290644105240193417e-03,4.909050084876791231e-03,5.769315956405343115e-01,1.604656775027840432e+00,2.000000000000000000e+01,7.324726871255335392e-02,-3.774755128667572990e+01,4.038206429484935356e+00,-3.865679704005398776e+01,5.298318286138435695e+00,-5.610231557176795292e+01,4.305836761467246809e+00,1.130000000000000000e+02,1.069450631742927499e+03,6.014323810216410493e+01,3.232100000000000000e+06,5.381899999999999462e-01,-2.851212700000009136e+03,1.000000000000000000e+00
3.159648131116412576e-03,4.472574023741526100e-03,5.756831611716246577e-01,9.322626659276866956e-02,2.000000000000000000e+01,7.555276782788514223e-02,-3.377454507339727741e+01,4.171658191594930898e+00,-4.859409705385940015e+01,5.255655164072688734e+00,-4.883186601256220882e+01,4.602453694234105441e+00,1.140000000000000000e+02,7.277583693481370801e+02,6.261007254445938486e+01,3.260800000000000000e+06,1.765899999999999970e-01,-5.921652600000400071e+02,1.000000000000000000e+00
3.217817915274145089e-03,5.145320648431756308e-03,5.621336912572236777e-01,-6.568767441763307957e-01,2.000000000000000000e+01,7.652659308166141761e-02,-4.846718445142101928e+01,4.178231178373276400e+00,-5.178180979807507356e+01,4.407534025635302832e+00,-4.451966220704062493e+01,5.348869769476673142e+00,1.150000000000000000e+02,3.250407067699477466e+02,6.527547814312350738e+01,3.187500000000000000e+06,1.131199999999999983e-01,-3.028232100000145124e+02,1.000000000000000000e+00
3.357117868026758718e-03,4.670099778415890378e-03,5.393723388440120337e-01,1.090154648298501394e+00,2.000000000000000000e+01,7.137788303657685574e-02,-3.584296417400180701e+01,5.020490360933928642e+00,-4.897081442996113765e+01,5.031217715294502568e+00,-6.069366251564886028e+01,4.531336435012189412e+00,1.160000000000000000e+02,7.884343710055447900e+02,6.248954651006394556e+01,3.223800000000000000e+06,5.016699999999999493e-01,-1.615276499999926045e+03,1.000000000000000000e+00
3.187084477384075597e-03,3.952187857749303243e-03,6.059047842828274577e-01,1.596071448465493869e+00,2.000000000000000000e+01,7.459140511060169398e-02,-3.338906534731960818e+01,4.010834753742406278e+00,-4.069940475080045417e+01,5.532202537522591612e+00,-4.101759304356977509e+01,4.585551428395147511e+00,1.170000000000000000e+02,1.121751645631757128e+03,5.990625924221665599e+01,3.376800000000000000e+06,2.784300000000000108e-01,-1.194450120000133893e+03,1.000000000000000000e+00
2.741873596672746941e-03,5.742961902745849848e-03,5.364693692482485066e-01,-6.043075370608511632e-01,2.000000000000000000e+01,6.437419625646675914e-02,-3.948818741656675257e+01,5.112783344128220442e+00,-4.320348495795600741e+01,4.917991996560962420e+00,-6.492891543308635960e+01,4.333709519579232783e+00,1.180000000000000000e+02,5.377864541111475774e+02,6.378587468933346116e+01,3.195700000000000000e+06,5.114099999999999896e-02,-7.458239999999874215e+01,1.000000000000000000e+00
3.004970147008686077e-03,4.767787752772773696e-03,5.443500809370815929e-01,-2.930800072844565562e+00,2.000000000000000000e+01,7.155247516676807584e-02,-4.021785351318921187e+01,5.014317177918312218e+00,-6.145012725409979737e+01,4.428083072453276259e+00,-4.767647547473611525e+01,4.544205133281759679e+00,1.190000000000000000e+02,1.981433571577021553e+02,6.787429381713829457e+01,3.154700000000000000e+06,5.288699999999999513e-01,-1.591801470000244535e+03,1.000000000000000000e+00
3.215976000548935627e-03,5.862905779760767960e-03,5.749783964528988323e-01,-1.096694296496500964e+00,2.000000000000000000e+01,7.540400002807901014e-02,-4.654015259986634589e+01,4.100736015922460176e+00,-4.197454276324624800e+01,5.663751400662084379e+00,-5.090567598653811388e+01,5.036571530840681099e+00,1.200000000000000000e+02,4.789133498867279854e+02,6.394432509647435836e+01,3.289600000000000000e+06,1.646400000000000086e-01,-5.357856000000416543e+02,1.000000000000000000e+00
2.785052167925144810e-03,4.989033704157486149e-03,5.472819484265535328e-01,-2.206314697298773497e-01,2.000000000000000000e+01,7.596991125324409344e-02,-4.292367641287050617e+01,4.291478833841869900e+00,-4.152423776482523010e+01,5.281063332205246041e+00,-5.918644097628254030e+01,3.767069351994269510e+00,1.210000000000000000e+02,4.961252151287945367e+02,6.392516100084923636e+01,3.153100000000000000e+06,1.305900000000000116e-01,-3.586138790000103995e+02,1.000000000000000000e+00
3.204794241432887963e-03,4.719183346403739085e-03,5.892987816569716930e-01,2.044471104354707691e+00,2.000000000000000000e+01,7.399999907962862000e-02,-2.777790306324865099e+01,4.354530812335893231e+00,-2.914191350400983893e+01,4.993593809767325808e+00,-5.187155067457501190e+01,4.767783575701779242e+00,1.220000000000000000e+02,1.520245876730542022e+03,5.916093360996011086e+01,3.392400000000000000e+06,3.527199999999999780e-01,-1.820810520000553424e+03,1.000000000000000000e+00
2.960645626200655595e-03,5.905986525028910326e-03,7.351071657588752473e-01,1.789526971068833960e+00,2.000000000000000000e+01,7.170221303228441201e-02,-2.548571104723178138e+01,4.029901742792944219e+00,-4.052005382560317770e+01,5.112695024114558784e+00,-5.636247336386638551e+01,5.117444012625703920e+00,1.230000000000000000e+02,1.556223975978248291e+03,5.917538173372028609e+01,3.304100000000000000e+06,6.673000000000000043e-01,-2.829630299999166709e+03,1.000000000000000000e+00
3.165348694411262986e-03,4.300637070992478772e-03,5.594269117039076811e-01,1.940554246652909320e+00,2.000000000000000000e+01,7.519473401681389668e-02,-2.825942339771704326e+01,4.657439244407060031e+00,-3.710683238839524734e+01,5.092656851234212745e+00,-3.847838768593103964e+01,5.164881857866191694e+00,1.240000000000000000e+02,1.441656895267334448e+03,5.923030981831012554e+01,3.514100000000000000e+06,2.188900000000000012e-01,-8.603524999998927569e+02,1.000000000000000000e+00
3.376329967632895647e-03,4.736025532493979076e-03,5.806222993185222725e-01,1.333796360967854033e+00,2.000000000000000000e+01,7.417603688752168190e-02,-4.047629406350888814e+01,4.194991669597237127e+00,-3.693321186001385570e+01,5.380576946434201702e+00,-4.505891603443146920e+01,4.333452822098765367e+00,1.250000000000000000e+02,1.068217601607678034e+03,6.039823008827659123e+01,3.325800000000000000e+06,3.559899999999999731e-01,-1.991218350000640839e+03,1.000000000000000000e+00
3.181526506583599780e-03,4.294312274123542224e-03,7.718779260908231743e-01,-1.982191231727478575e+00,2.000000000000000000e+01,7.841542247821903233e-02,-4.631047173699020192e+01,3.840033562504370224e+00,-4.516777404842007115e+01,5.240121031800465623e+00,-6.248822096607222676e+01,3.783069443504997409e+00,1.260000000000000000e+02,2.069830779088833879e+02,6.729420687048640559e+01,3.047900000000000000e+06,5.765599999999999892e-02,-5.271679000000006710e+01,1.000000000000000000e+00
3.129794657805137596e-03,4.667022622954236644e-03,5.490579278660352447e-01,1.663668559866736008e+00,2.000000000000000000e+01,7.564324518687853827e-02,-3.267411544612745899e+01,4.006917441000263480e+00,-3.534150090636306629e+01,4.531467016026364369e+00,-5.529656972695256911e+01,4.490000431516758539e+00,1.270000000000000000e+02,1.160354426739518658e+03,5.977628427087384466e+01,3.218200000000000000e+06,1.671799999999999953e-01,-5.737106699999690136e+02,1.000000000000000000e+00
2.927295989485119172e-03,4.952776868409825700e-03,6.505127753384083444e-01,-2.939805731965128288e-01,2.000000000000000000e+01,7.609102914396163875e-02,-4.778647930958193513e+01,4.997143803980049981e+00,-5.588014952427210602e+01,5.472247075445062947e+00,-4.670105662984509820e+01,4.810938436522364192e+00,1.280000000000000000e+02,1.645652538329856895e+02,6.931335242962350662e+01,3.238200000000000000e+06,1.002500000000000058e-01,-1.927923919999913949e+02,1.000000000000000000e+00
3.009295481455788804e-03,4.686508498386755296e-03,5.329139865760185168e-01,-3.258215426598869424e+00,2.000000000000000000e+01,7.158500697216640951e-02,-3.961328305156096974e+01,5.021562426163042048e+00,-6.408518349178028473e+01,4.459943146794470792e+00,-4.648857268416344368e+01,4.531706866095579933e+00,1.290000000000000000e+02,1.825319505073217670e+02,6.846728538662505059e+01,3.147300000000000000e+06,5.253299999999999637e-01,-1.518341399999918394e+03,1.000000000000000000e+00
3.496252849128115084e-03,4.888729600919095378e-03,7.006243055805266851e-01,-6.741621434581298589e-01,2.000000000000000000e+01,7.308620817092158217e-02,-5.247919781759242142e+01,4.305066362487586673e+00,-5.491073715687576851e+01,5.729591364137633036e+00,-4.926941455389465574e+01,3.881798538003818244e+00,1.300000000000000000e+02,1.515931006699261161e+02,7.481924979253814456e+01,3.090600000000000000e+06,5.008399999999999519e-01,-2.740319480000440763e+03,1.000000000000000000e+00
3.200138622679150370e-03,4.420878664267664793e-03,6.284024917044370717e-01,-1.631155435612515747e-01,2.000000000000000000e+01,7.171728377830322021e-02,-4.490343075367593428e+01,4.692103566668370362e+00,-3.777918407322810168e+01,4.943920813095223465e+00,-5.701177261837355559e+01,4.970571275809664513e+00,1.310000000000000000e+02,7.091924033097715210e+02,6.301123153421362844e+01,3.261400000000000000e+06,6.196300000000000141e-01,-2.247323560000798807e+03,1.000000000000000000e+00
2.909410634433620951e-03,4.903644079203624967e-03,6.673224610071091245e-01,-4.500546675393087170e+00,2.000000000000000000e+01,7.167430150184728177e-02,-4.878890421353563056e+01,5.414688957754101750e+00,-5.705268174852824359e+01,5.658977377787718588e+00,-3.637737203251606388e+01,4.854935397805720143e+00,1.320000000000000000e+02,1.570937116703640015e+02,7.075892345607830691e+01,3.333200000000000000e+06,6.228099999999999747e-01,-2.287257595999818932e+03,1.000000000000000000e+00
2.536814828549645642e-03,3.921101120699351308e-03,6.161015057943486362e-01,-4.714661872910475005e+00,2.000000000000000000e+01,7.723027389478322180e-02,-3.842769530433255198e+01,6.497563691247825624e+00,-6.080024164128133890e+01,6.313840573980250781e+00,-4.043030634906886434e+01,3.969508052374432605e+00,1.330000000000000000e+02,1.569827623484845276e+02,7.088969105733632148e+01,3.403500000000000000e+06,8.238099999999999590e-02,-1.260048300000037642e+02,1.000000000000000000e+00
3.067488536432096818e-03,4.809737086003337825e-03,6.468354913574384524e-01,-3.221172984766520475e+00,2.000000000000000000e+01,7.182972723753791588e-02,-4.196733661050350150e+01,5.106869125634434070e+00,-5.065526234109813686e+01,5.156654255572785672e+00,-5.436189241642721726e+01,4.710831641977477169e+00,1.340000000000000000e+02,2.489706917750737603e+02,6.680792241009206123e+01,3.246200000000000000e+06,6.414900000000000047e-01,-2.401996080000649272e+03,1.000000000000000000e+00
3.317722257447228412e-03,5.299150515053826713e-03,5.548911272734252664e-01,1.459730404511125679e+00,2.000000000000000000e+01,7.539123455819535247e-02,-3.644153308007290804e+01,4.481272625350966266e+00,-3.873091615324717907e+01,5.264957244512387113e+00,-4.453410580739258506e+01,4.537313021436798266e+00,1.350000000000000000e+02,1.177983615189768443e+03,5.969969733796173017e+01,3.370500000000000000e+06,1.804399999999999893e-01,-6.708995999999542619e+02,1.000000000000000000e+00
3.210735140300644518e-03,5.426258179536915492e-03,5.828369572448574010e-01,2.163101344170252349e-01,2.000000000000000000e+01,7.389789637658392141e-02,-3.376158676394089042e+01,4.174074012965214742e+00,-4.731033013815084587e+01,5.493214405104670739e+00,-5.796094367821662274e+01,3.794207613173671056e+00,1.360000000000000000e+02,6.933539005083683833e+02,6.323512272287560165e+01,3.172400000000000000e+06,3.622099999999999764e-01,-1.993647809999609308e+03,1.000000000000000000e+00
3.091701963089112451e-03,4.469581159235827897e-03,5.677860623359132219e-01,-2.492794503835811248e-01,2.000000000000000000e+01,7.227592361872657578e-02,-4.438278236442936020e+01,5.310992515799438429e+00,-3.923077538576787759e+01,5.446211758980149753e+00,-5.839326908540131456e+01,4.598088942373948385e+00,1.370000000000000000e+02,6.312359663272818580e+02,6.331941749574303913e+01,3.316900000000000000e+06,6.206099999999999950e-01,-2.448427850000227409e+03,1.000000000000000000e+00
3.176412350966793807e-03,5.170772469538850204e-03,6.380704860869838013e-01,-8.930586406636011887e-01,2.000000000000000000e+01,7.525969579369887197e-02,-4.526810498978247210e+01,4.464652113417191259e+00,-5.007871688811469824e+01,4.477398211545164486e+00,-4.493164439290318057e+01,5.434323527394889553e+00,1.380000000000000000e+02,4.083778768540643682e+02,6.432415502530668050e+01,3.250500000000000000e+06,1.504999999999999949e-01,-4.095051600000267626e+02,1.000000000000000000e+00
3.283111442352116757e-03,4.179509586615538785e-03,6.557991499477427988e-01,4.585044701382127164e-01,2.000000000000000000e+01,7.235662497666148218e-02,-3.941328463655107583e+01,4.004273209235785558e+00,-3.648196188396904205e+01,5.253467302686687823e+00,-6.391230922176794138e+01,4.309738850126557885e+00,1.390000000000000000e+02,9.110804075779414006e+02,6.174676996555125186e+01,3.174600000000000000e+06,6.925499999999999989e-01,-2.981092059999896264e+03,1.000000000000000000e+00
3.069164862045178389e-03,4.694970087589472700e-03,5.891026696343837354e-01,-9.968268340149249340e+00,2.000000000000000000e+01,7.698216454785736240e-02,-4.471312127011493942e+01,5.773920273201498254e+00,-5.766754638980899017e+01,4.789235658227410042e+00,-3.850556101042350576e+01,5.429468918897621954e+00,1.400000000000000000e+02,1.494185227273264047e+02,7.772899005778417347e+01,3.402000000000000000e+06,6.174199999999999688e-01,-2.220496000000080585e+03,1.000000000000000000e+00
3.122072679634926504e-03,5.231097009777934195e-03,4.873430664905711307e-01,-7.562673118334624967e+00,2.000000000000000000e+01,7.313393322463890289e-02,-4.629183705881260380e+01,5.923989916480194573e+00,-6.038610209011939389e+01,4.555221016544505730e+00,-2.996740447567315613e+01,4.696988227479483413e+00,1.410000000000000000e+02,1.508168682807445862e+02,7.667512125200649109e+01,3.311100000000000000e+06,6.152800000000000491e-01,-2.402143740000545677e+03,1.000000000000000000e+00
2.826825443136701203e-03,5.110668101601380589e-03,6.672780209058141176e-01,1.333412329204031188e+00,2.000000000000000000e+01,7.205084686281457151e-02,-3.119348496164297302e+01,3.917272706677789706e+00,-4.500376995018189064e+01,4.959469019407068302e+00,-5.998819956651357188e+01,4.565333574017612861e+00,1.420000000000000000e+02,9.702595730379771339e+02,6.117046052930067646e+01,3.165400000000000000e+06,6.351799999999999669e-01,-2.702413973998200163e+03,1.000000000000000000e+00
3.161269048940655753e-03,4.157549493980031326e-03,6.326080440234946867e-01,1.828382041673315639e+00,2.000000000000000000e+01,7.376822407407462867e-02,-2.706078346205450558e+01,4.349768390881037838e+00,-3.776324247102188281e+01,5.658002360481374282e+00,-4.479341848334146192e+01,4.667324552036365759e+00,1.430000000000000000e+02,1.348867602845784404e+03,5.926165127075434924e+01,3.451200000000000000e+06,3.815799999999999748e-01,-1.896976110000425933e+03,1.000000000000000000e+00
2.984055496943268000e-03,3.939754339921494770e-03,5.899060895847184627e-01,1.895237097593364561e+00,2.000000000000000000e+01,7.440862686539785609e-02,-2.917978949166796099e+01,4.291955904735279326e+00,-4.741842622256298512e+01,5.733583440000493248e+00,-3.605652158225343840e+01,4.582790924691552803e+00,1.440000000000000000e+02,1.125979876058950140e+03,6.006423048948783361e+01,3.414600000000000000e+06,2.980400000000000271e-01,-1.330470592000187480e+03,1.000000000000000000e+00
2.778747543662243510e-03,4.427138274117045635e-03,6.070892202124245074e-01,-3.121869600518264232e+00,2.000000000000000000e+01,7.320744426614742006e-02,-3.120128449612638732e+01,5.029733860521004907e+00,-4.520332200075233686e+01,5.845850783019182373e+00,-7.943830902852708675e+01,5.561709185272067479e+00,1.450000000000000000e+02,2.605036947154233644e+02,6.640980497097920932e+01,3.201200000000000000e+06,5.060900000000000398e-01,-2.423835077998984161e+03,1.000000000000000000e+00
3.048618444318812980e-03,3.534166203141373558e-03,6.079947446645717068e-01,-3.815048690484713068e-01,2.000000000000000000e+01,7.022709904436483241e-02,-4.064575137256729676e+01,4.635247536077096164e+00,-4.729654768367661433e+01,6.117639463923836729e+00,-4.753996005206377617e+01,5.110024301518290457e+00,1.460000000000000000e+02,7.298955501715570335e+02,6.270451784539998386e+01,3.399000000000000000e+06,3.322800000000000198e-01,-6.476879900000537873e+02,1.000000000000000000e+00
2.833682157743699741e-03,3.665213420217621615e-03,5.632744893186685253e-01,3.308648829785133749e+00,2.000000000000000000e+01,6.705232200315240643e-02,-4.024613706229056476e+01,4.484838652590765307e+00,-4.085692703413313609e+01,5.459208031182958720e+00,-4.852317702588954518e+01,5.649533223528420578e+00,1.470000000000000000e+02,1.218508123804099341e+03,5.962615186969215131e+01,3.416300000000000000e+06,8.124699999999999978e-02,-1.427396369999945307e+02,1.000000000000000000e+00
2.655469447691792204e-03,5.765283550436272469e-03,3.447432863283987903e-01,-1.011273373744323933e+01,2.000000000000000000e+01,7.807235758018198080e-02,-1.339502205172595772e+01,5.073115371163495979e+00,-7.017407247595792796e+01,5.677700858221848002e+00,-6.462090085138845552e+01,4.357866557297388255e+00,1.480000000000000000e+02,1.466705873487277074e+02,8.367990146240626359e+01,3.109600000000000000e+06,1.447199999999999875e-01,-6.749895000000492473e+02,1.000000000000000000e+00
3.121851577434784589e-03,3.880596053283853070e-03,5.048133094969183832e-01,-4.755357050017638088e+00,2.000000000000000000e+01,7.682566044865869748e-02,-7.037387084472774745e+01,5.814598446416836097e+00,-4.818335681141810767e+01,4.715550119521493500e+00,-7.248480972297304703e+00,4.708661748505743816e+00,1.490000000000000000e+02,1.495272068873448177e+02,9.117497042306274579e+01,3.246500000000000000e+06,1.670500000000000040e-01,-6.152618399999479379e+02,1.000000000000000000e+00
2.831525975539601024e-03,5.124613807101260042e-03,6.580884480462975139e-01,1.148892897025810322e+00,2.000000000000000000e+01,7.214206217477972527e-02,-3.169215609596952987e+01,3.964767675763498200e+00,-4.279489300599670543e+01,5.033111591680085262e+00,-6.173314716654138579e+01,4.381606564902073231e+00,1.500000000000000000e+02,9.854597658514385330e+02,6.106090023760424401e+01,3.165300000000000000e+06,6.209400000000000475e-01,-2.685208000001696746e+03,1.000000000000000000e+00
3.170486222427572158e-03,5.410323830098784717e-03,5.501164192700264133e-01,-4.976208070866057653e+00,2.000000000000000000e+01,7.368755630576298565e-02,-4.576339453418724190e+01,4.939156310243248527e+00,-5.468951429975425782e+01,4.873835493373076311e+00,-4.719859775704696858e+01,4.963898049838100235e+00,1.510000000000000000e+02,1.811642568189331257e+02,6.918810912161988824e+01,3.223400000000000000e+06,4.962500000000000244e-01,-2.697121080000544225e+03,1.000000000000000000e+00
3.107457867083783347e-03,4.439293537397618131e-03,5.668888985428837124e-01,-6.882953112145320240e-01,2.000000000000000000e+01,7.229731445981021909e-02,-4.419689389321041517e+01,5.058611452173043865e+00,-4.884545567771081664e+01,5.155093797786380883e+00,-5.850583775488746596e+01,4.887130443091518117e+00,1.520000000000000000e+02,2.948486203202327260e+02,6.594190320811678419e+01,3.220500000000000000e+06,6.176700000000000523e-01,-2.418670210000414500e+03,1.000000000000000000e+00
3.156389760858563116e-03,3.984592518708490565e-03,5.640948691199281217e-01,2.135933050078247852e+00,2.000000000000000000e+01,7.393085355245154755e-02,-3.355383635428049871e+01,3.650627848559704791e+00,-3.804464221735608476e+01,6.045900402817204977e+00,-3.604794438024888592e+01,4.862238831960912222e+00,1.530000000000000000e+02,1.428019013455884306e+03,5.926438964168189472e+01,3.460800000000000000e+06,4.461100000000000065e-01,-2.453474400000196965e+03,1.000000000000000000e+00
3.246825028006402377e-03,5.232802169799549361e-03,6.952748254033817021e-01,-8.465210953145660966e+00,2.000000000000000000e+01,7.631092791388535690e-02,-5.203356679609079549e+01,5.496712743153619130e+00,-4.055309303466912496e+01,5.122836855219839336e+00,-3.766931979183560486e+01,4.986819159960965031e+00,1.540000000000000000e+02,1.524742135353213826e+02,8.237673956812491838e+01,3.401000000000000000e+06,9.722699999999999398e-02,-1.786877299999954687e+02,1.000000000000000000e+00
3.108301753810901666e-03,5.524381128270606893e-03,5.715316322137263816e-01,-3.728081773514349884e+00,2.000000000000000000e+01,7.495034947548995241e-02,-4.493214591771127431e+01,5.250170575917127103e+00,-5.413889716884092707e+01,4.702408985505201144e+00,-4.365643646949702372e+01,5.225607990164741423e+00,1.550000000000000000e+02,1.876740708007782814e+02,6.820841909917668033e+01,3.294900000000000000e+06,2.298499999999999988e-01,-9.235939999998993244e+02,1.000000000000000000e+00
3.275661230961776638e-03,4.607641630629273621e-03,5.620008440284418594e-01,1.227211710816423773e+00,2.000000000000000000e+01,7.205180018098755745e-02,-3.482203586672562068e+01,4.657230025462713918e+00,-4.292673519542202598e+01,5.212704706297407675e+00,-5.267868446904320479e+01,4.626471366049344169e+00,1.560000000000000000e+02,1.216148717213528016e+03,5.986905404379294282e+01,3.317300000000000000e+06,6.075599999999999890e-01,-2.399888399999440026e+03,1.000000000000000000e+00
3.008279947226924923e-03,4.942117339849092655e-03,5.746206792634748206e-01,-3.947869779892929643e+00,2.000000000000000000e+01,7.765742324648962358e-02,-5.223177990229329737e+01,4.937143306293270584e+00,-4.419112024779095549e+01,4.802894772614386021e+00,-4.489311160608525597e+01,4.276528657374202069e+00,1.570000000000000000e+02,1.623349943366223158e+02,7.064126119365199941e+01,3.208800000000000000e+06,7.932400000000000562e-02,-1.499036499999990326e+02,1.000000000000000000e+00
2.971756281045247281e-03,4.642043081161403330e-03,5.880725810102110929e-01,7.192871680344148366e-02,2.000000000000000000e+01,7.383937598479858866e-02,-4.202789489199943773e+01,4.630335338373045673e+00,-5.055098451886162536e+01,5.109875132641247930e+00,-4.493745736463020535e+01,4.584357588360353120e+00,1.580000000000000000e+02,5.592581083201705496e+02,6.374277162833462995e+01,3.257300000000000000e+06,3.728400000000000047e-01,-2.034142711000966074e+03,1.000000000000000000e+00
3.091020823099910157e-03,5.335709167253588694e-03,6.002542357339202272e-01,-7.043152829807344251e-01,2.000000000000000000e+01,7.233993196001475834e-02,-4.136581208704956936e+01,4.433498807785352547e+00,-4.497510610109263496e+01,4.919087929488865640e+00,-5.486307111500202183e+01,4.848000041538296223e+00,1.590000000000000000e+02,6.058417674269559257e+02,6.352051646064961687e+01,3.220500000000000000e+06,6.582700000000000218e-01,-2.892567249999638989e+03,1.000000000000000000e+00
3.398004011995998420e-03,4.675247976607999761e-03,4.829845805873111964e-01,7.964729215271326712e-01,2.000000000000000000e+01,7.193527097154288341e-02,-3.874506723390949503e+01,4.869382272834473113e+00,-5.061113519977585895e+01,5.088597792781834883e+00,-5.179563513933884877e+01,4.708597242052159793e+00,1.600000000000000000e+02,7.893019301687884308e+02,6.267737018795727977e+01,3.263600000000000000e+06,5.221000000000000085e-01,-1.740393549999803781e+03,1.000000000000000000e+00
2.569383573568198749e-03,4.338181147327816595e-03,5.706278703072195091e-01,8.183765447897242140e-01,2.000000000000000000e+01,7.297082667495327635e-02,-5.140943695380551048e+01,4.722861392911095635e+00,-5.243370510207587643e+01,5.622830197269683694e+00,-5.710540620452860594e+01,3.940424601720025066e+00,1.610000000000000000e+02,1.572263427196743066e+02,7.527719343951700637e+01,3.098400000000000000e+06,5.158700000000000507e-01,-2.325877913000043463e+03,1.000000000000000000e+00
3.007960065462539530e-03,4.870836655805399484e-03,5.607089332946513238e-01,-8.266400661557391505e-01,2.000000000000000000e+01,7.748831969474208325e-02,-4.352890547125294063e+01,4.157945001323840373e+00,-4.766538463355600896e+01,5.401404260481234232e+00,-4.661687166523820025e+01,4.781131498567384064e+00,1.620000000000000000e+02,4.883410750235836417e+02,6.426939400643468048e+01,3.258800000000000000e+06,8.203000000000000569e-02,-1.654455000000002372e+02,1.000000000000000000e+00
3.371966587392273389e-03,4.923030708309451137e-03,5.222553396966129746e-01,-2.709842285468326839e+00,2.000000000000000000e+01,7.191752800630363263e-02,-4.673873994882376337e+01,5.389814799341272611e+00,-4.822467017816875767e+01,4.549673446958697021e+00,-5.109580466629659412e+01,4.822260642694629951e+00,1.630000000000000000e+02,2.349565833390427656e+02,6.757935130168135629e+01,3.242200000000000000e+06,5.705000000000000071e-01,-1.813686399999400692e+03,1.000000000000000000e+00
3.256699926751804256e-03,4.639228988962362105e-03,6.104660722562061936e-01,1.184717204773912291e+00,2.000000000000000000e+01,7.267546979097749826e-02,-3.845509295935586636e+01,4.466691419703755273e+00,-5.101291044898323435e+01,4.970305430306988015e+00,-4.052492201215007128e+01,4.264479554067865053e+00,1.640000000000000000e+02,9.419552838567273056e+02,6.247999881714869019e+01,3.249200000000000000e+06,6.539300000000000113e-01,-3.038874299999105460e+03,1.000000000000000000e+00
3.074467130309182714e-03,4.406243547188680443e-03,5.927615288759995327e-01,9.091959716617146192e-01,2.000000000000000000e+01,6.740379738837455614e-02,-3.976220687484145344e+01,4.254682750863484131e+00,-4.678129514760047414e+01,5.295588547760964104e+00,-4.463239791531984224e+01,4.262629620402285546e+00,1.650000000000000000e+02,9.717072564107829749e+02,6.216161015537664269e+01,3.260600000000000000e+06,9.288899999999999935e-02,-1.701001999999986083e+02,1.000000000000000000e+00
3.175747074589437956e-03,4.351134833476131419e-03,5.422042714011482412e-01,6.107731015761930227e-01,2.000000000000000000e+01,7.297616197321196707e-02,-4.170100071604052516e+01,4.194700152278567629e+00,-4.883807159966615075e+01,5.150297097772385868e+00,-4.140865478536315436e+01,4.733860719532613004e+00,1.660000000000000000e+02,8.868337417208034594e+02,6.257752066233624078e+01,3.274200000000000000e+06,6.457000000000000517e-01,-2.860501529998632122e+03,1.000000000000000000e+00
2.844159552088402522e-03,4.313804164722580270e-03,6.317049415134263768e-01,-3.584686321529288455e-01,2.000000000000000000e+01,7.233959696661890204e-02,-4.034081164529484198e+01,4.387779344474553866e+00,-4.655520210486783128e+01,4.982562648693059870e+00,-5.260005355215236023e+01,4.402099491060790015e+00,1.670000000000000000e+02,6.627270112974912308e+02,6.345265752298306694e+01,3.202000000000000000e+06,6.570300000000000029e-01,-2.687011199998779375e+03,1.000000000000000000e+00
3.144179738810076903e-03,4.431995633149056826e-03,6.117077724909372183e-01,-1.411276879209359070e+00,2.000000000000000000e+01,7.699278046395192920e-02,-4.411826385852741339e+01,4.062506500815045385e+00,-5.111309984521693650e+01,5.161835815680033690e+00,-5.621206203080066643e+01,3.807782634662717491e+00,1.680000000000000000e+02,2.102358760252603815e+02,6.779846602889752205e+01,3.068400000000000000e+06,9.026800000000000102e-02,-1.849720000000071423e+02,1.000000000000000000e+00
3.049160431618459267e-03,4.833484044165151441e-03,5.556239762152043182e-01,-5.355624780222997927e+00,2.000000000000000000e+01,7.167316318462131630e-02,-3.469905656944452943e+01,5.628147300261590047e+00,-6.898593927969707806e+01,4.354285946661765827e+00,-4.504698171016545416e+01,4.825704852792169319e+00,1.690000000000000000e+02,1.691406289630330377e+02,7.058099510755079109e+01,3.219600000000000000e+06,5.530599999999999961e-01,-1.649048380000533598e+03,1.000000000000000000e+00
3.326975149738653145e-03,4.470951782175368663e-03,5.514824045028046129e-01,-4.055372741991781216e-01,2.000000000000000000e+01,7.138357702632049107e-02,-4.593632059088771769e+01,4.649601008888454956e+00,-3.551890538756607896e+01,5.238830129873388586e+00,-5.857928047378285896e+01,4.969302871824133661e+00,1.700000000000000000e+02,7.520116221123466858e+02,6.311942170703223098e+01,3.280700000000000000e+06,5.107399999999999718e-01,-1.493379400000277201e+03,1.000000000000000000e+00
3.091991902219788993e-03,4.991856407952669286e-03,6.589853449284728271e-01,-5.585162032291359324e+00,2.000000000000000000e+01,7.283104573292377426e-02,-4.851322318144430312e+01,4.779574234572145031e+00,-4.834040579677092353e+01,4.746829217334556539e+00,-3.650384716760657255e+01,4.823087964863658428e+00,1.710000000000000000e+02,1.575343138299153907e+02,7.562962504211982662e+01,3.270900000000000000e+06,1.348100000000000132e-01,-3.508663800000100537e+02,1.000000000000000000e+00
3.032772590159127715e-03,4.168004728958872758e-03,6.192785913363774153e-01,1.514180603701573924e+00,2.000000000000000000e+01,7.310818594663921755e-02,-3.416886062389883705e+01,4.136103476147987124e+00,-4.751285217115672310e+01,5.514303367979316306e+00,-4.164527729288354863e+01,4.256944272035235954e+00,1.720000000000000000e+02,1.065850558436370420e+03,6.104199568153424593e+01,3.300700000000000000e+06,5.271400000000000530e-01,-2.616872400001374444e+03,1.000000000000000000e+00
3.048632073021285971e-03,4.439396144552044780e-03,7.208669512142933389e-01,-2.325417960193007616e+00,2.000000000000000000e+01,6.876340947673910409e-02,-4.958763143763377457e+01,4.233418420384188252e+00,-3.792539278094479016e+01,4.716009794873103012e+00,-5.883028852357231386e+01,4.988039661472615904e+00,1.730000000000000000e+02,2.691588002605672045e+02,6.646353894673418949e+01,3.158700000000000000e+06,1.713300000000000101e-01,-2.918813599999880921e+02,1.000000000000000000e+00
3.298243459470193845e-03,4.457032119601349318e-03,6.463831983054343366e-01,-1.822454329876577850e+00,2.000000000000000000e+01,7.773946257376983249e-02,-4.127934805606437862e+01,4.185846226955932003e+00,-5.333357045726690160e+01,5.471748836813989492e+00,-5.183070034642865664e+01,4.180733956190597844e+00,1.740000000000000000e+02,2.509673075753262026e+02,6.716644992990397611e+01,3.151700000000000000e+06,7.299500000000000433e-02,-1.154265000000026191e+02,1.000000000000000000e+00
3.613468609107858658e-03,4.096045912831463610e-03,4.234750992017976001e-01,-1.991619664289682623e+00,2.000000000000000000e+01,6.955486826251408572e-02,-4.645634033035547361e+01,5.472076165809399484e+00,-6.034471915373585205e+01,5.356350607781809714e+00,-5.290670211612279417e+01,4.168536563457257316e+00,1.750000000000000000e+02,1.928600488309270418e+02,6.841821492969536678e+01,3.235800000000000000e+06,5.953500000000000458e-01,-2.127207599998896967e+03,1.000000000000000000e+00
3.059140580324058029e-03,4.455178930195819419e-03,5.936954532982853250e-01,2.249468520986261488e+00,2.000000000000000000e+01,7.591025911395039849e-02,-2.691354814453375965e+01,4.537760925091772535e+00,-3.530237461201542715e+01,5.622971511114925214e+00,-3.243069586487749945e+01,5.179233397020469809e+00,1.760000000000000000e+02,1.786328810773388568e+03,5.953140546265093747e+01,3.605800000000000000e+06,1.290600000000000080e-01,-3.160050299999855952e+02,1.000000000000000000e+00
3.050673486251976457e-03,4.909810482773835361e-03,6.605975809309959645e-01,-2.057227764663083214e-01,2.000000000000000000e+01,7.675750597153430110e-02,-4.240047591201444277e+01,3.907807625350999459e+00,-4.802497438851749223e+01,4.542243200120986479e+00,-5.611526061061579185e+01,4.629040051029901903e+00,1.770000000000000000e+02,3.905621708773063006e+02,6.452310698794435950e+01,3.094400000000000000e+06,8.444100000000000217e-02,-1.386171000000014146e+02,1.000000000000000000e+00
2.883466461875669115e-03,5.100631161995904106e-03,6.046775257691734407e-01,-3.495698481593386475e+00,2.000000000000000000e+01,7.211610829555614721e-02,-4.529067637975725802e+01,6.022011415263394341e+00,-5.947532498053094940e+01,4.947464843958084835e+00,-4.669304441727169319e+01,4.828812177766037550e+00,1.780000000000000000e+02,1.745786444511030311e+02,6.984374892036088056e+01,3.277200000000000000e+06,6.266500000000000403e-01,-2.503116699999275170e+03,1.000000000000000000e+00
3.204829096848807804e-03,4.672538584950636058e-03,6.286565084925471725e-01,1.883906773943946344e+00,2.000000000000000000e+01,6.898527084006272903e-02,-3.894198201522436875e+01,4.252899099838003849e+00,-3.040921107095226006e+01,5.197632939624373449e+00,-6.449628772592673442e+01,4.838719278571524285e+00,1.790000000000000000e+02,1.514321744647436617e+03,5.979875556810638670e+01,3.256900000000000000e+06,2.041699999999999904e-01,-4.133252699999761717e+02,1.000000000000000000e+00
3.327911910931427315e-03,4.502109663440948678e-03,5.642010058201007983e-01,-2.353625027791096613e+00,2.000000000000000000e+01,7.098657440823871734e-02,-4.680100704942589829e+01,4.652331403672681276e+00,-4.010670593031808551e+01,4.967378736040497955e+00,-6.042016195243000709e+01,4.933788066663662875e+00,1.800000000000000000e+02,3.100255404367503616e+02,6.599868730447593634e+01,3.203800000000000000e+06,4.736799999999999899e-01,-1.149678519999845093e+03,1.000000000000000000e+00
3.257426255166496337e-03,4.715109768598313780e-03,6.903428783509442113e-01,-1.203316676699163201e+00,2.000000000000000000e+01,7.472898163402599825e-02,-5.388325672288696921e+01,3.683751938026560424e+00,-4.497008372387968222e+01,5.130548365251804022e+00,-5.219426309305713119e+01,3.910857814660050558e+00,1.810000000000000000e+02,2.230973027076875326e+02,6.778477758266785713e+01,3.059400000000000000e+06,1.865700000000000136e-01,-5.319930000000229029e+02,1.000000000000000000e+00
3.269030987120557195e-03,4.670988639434261666e-03,6.143578270433567301e-01,1.448562447896879934e+00,2.000000000000000000e+01,6.945277106244757137e-02,-3.914573645358832010e+01,4.389675541503960332e+00,-3.036959302357906054e+01,5.166973893838738618e+00,-5.500960387958846809e+01,4.784102566257228517e+00,1.820000000000000000e+02,1.763553357808440978e+03,5.966333937357256190e+01,3.340700000000000000e+06,2.591100000000000070e-01,-5.445230899999762642e+02,1.000000000000000000e+00
3.215444711007636475e-03,5.104703685580782614e-03,6.159742547474154062e-01,5.246456569030293338e-01,2.000000000000000000e+01,7.886783137987581072e-02,-4.129890072403320289e+01,4.366103749853131433e+00,-5.057296050681769373e+01,4.719978230178172751e+00,-5.158008210572324970e+01,4.461067567081519414e+00,1.830000000000000000e+02,5.165729059456764389e+02,6.404732993005710284e+01,3.158300000000000000e+06,5.574099999999999888e-02,-7.587636000000091485e+01,1.000000000000000000e+00
3.324732830563614794e-03,4.364984277764674681e-03,5.443750400463351902e-01,-4.662905369508915654e-01,2.000000000000000000e+01,7.141239271833950408e-02,-4.562127578699782049e+01,4.607435718434883754e+00,-4.071884748417280520e+01,5.187140289859780040e+00,-6.092327689306533500e+01,4.778035653853343945e+00,1.840000000000000000e+02,4.973039343682752929e+02,6.415157764367090465e+01,3.211100000000000000e+06,5.070299999999999807e-01,-1.446553159999861236e+03,1.000000000000000000e+00
3.330588077896609947e-03,5.820895172714939114e-03,5.475765260901300779e-01,1.380520456153255804e+00,2.000000000000000000e+01,7.826596526917697916e-02,-2.571711453289814386e+01,4.719967790922007467e+00,-4.327484514076336097e+01,5.651488885537462536e+00,-4.999311959789270077e+01,4.448945835288729000e+00,1.850000000000000000e+02,1.587352159363851115e+03,5.970674830566279923e+01,3.404200000000000000e+06,6.707899999999999974e-02,-1.294609800000015696e+02,1.000000000000000000e+00
3.178952059687390093e-03,4.160105594542712684e-03,5.214888315440013855e-01,7.448368931117865799e-01,2.000000000000000000e+01,7.306320331993793049e-02,-4.202025020192358795e+01,4.200664094680709226e+00,-4.426286257705182692e+01,5.121873540315357687e+00,-4.136824935415577897e+01,4.856236930996616685e+00,1.860000000000000000e+02,1.052341410275489352e+03,6.161289848789979118e+01,3.315400000000000000e+06,6.370400000000000507e-01,-2.739218529999541261e+03,1.000000000000000000e+00
3.157952639472809669e-03,4.860214842717053979e-03,5.586803714749573047e-01,4.827287540683244949e-02,2.000000000000000000e+01,7.382252593174809530e-02,-3.430218535595923157e+01,4.559738959876733055e+00,-5.435470137103079225e+01,4.671925375151624316e+00,-4.302981892786652907e+01,4.522615134523911173e+00,1.870000000000000000e+02,8.044995418766510511e+02,6.312353174700932357e+01,3.240400000000000000e+06,4.370200000000000196e-01,-2.484477270000569206e+03,1.000000000000000000e+00
3.139624177973903991e-03,5.177087751153478315e-03,5.570183099669424598e-01,-3.061640988148872644e+00,2.000000000000000000e+01,7.366873776118745831e-02,-4.630944841965118997e+01,5.232786521811214620e+00,-5.665874095234435259e+01,4.907856076183707117e+00,-4.549990098155012674e+01,4.906176304856593617e+00,1.880000000000000000e+02,1.898272586063451683e+02,6.848347751819440532e+01,3.239000000000000000e+06,4.848399999999999932e-01,-2.641242779999457525e+03,1.000000000000000000e+00
3.278402773885295829e-03,4.409814986339379711e-03,5.659404851432625616e-01,9.901954256313146852e-01,2.000000000000000000e+01,7.313834771142430080e-02,-3.464632084079683239e+01,4.316672474428177253e+00,-3.918980919648440420e+01,5.188301444895158099e+00,-5.151706348903665855e+01,4.347273972575689704e+00,1.890000000000000000e+02,1.210850524937834734e+03,6.052607475662802017e+01,3.294900000000000000e+06,6.322699999999999987e-01,-3.012027550001671898e+03,1.000000000000000000e+00
3.288395341354386110e-03,4.711996999126000230e-03,6.163887821611656603e-01,1.324816016938380026e+00,2.000000000000000000e+01,7.250340074522362843e-02,-3.760516861055462812e+01,4.468701375979593493e+00,-4.905182309784274253e+01,4.937507230213510567e+00,-4.044867467035756192e+01,4.603018712351045316e+00,1.900000000000000000e+02,1.076681106478283027e+03,6.117264096252218053e+01,3.296500000000000000e+06,6.831800000000000095e-01,-3.092583200001409750e+03,1.000000000000000000e+00
3.294739055269268416e-03,4.551205403793496911e-03,5.509396363556768872e-01,-5.693107442778293503e-01,2.000000000000000000e+01,7.238791862096589924e-02,-4.330124562594534154e+01,4.638113361555710412e+00,-4.491212395450141059e+01,5.048603088674464168e+00,-5.229504774156110614e+01,4.773820117380195072e+00,1.910000000000000000e+02,6.415988053748133098e+02,6.360613666943543620e+01,3.253000000000000000e+06,6.306199999999999584e-01,-2.468758740000524540e+03,1.000000000000000000e+00
2.858898050230518871e-03,5.222230541310976526e-03,5.647271435785866656e-01,-2.905638941807340836e-01,2.000000000000000000e+01,7.793562269006022725e-02,-4.212367817926948987e+01,5.736548510938357381e+00,-5.391744149146817477e+01,6.443142522646823522e+00,-4.817926953041337867e+01,4.257655473430972393e+00,1.920000000000000000e+02,2.752991044695235701e+02,6.666865208898522610e+01,3.372200000000000000e+06,6.998999999999999666e-02,-1.189343999999988455e+02,1.000000000000000000e+00
3.284765884101214367e-03,4.614078661676491999e-03,5.116056131462547452e-01,7.732714048903597259e-01,2.000000000000000000e+01,7.186948699802481189e-02,-3.619449017555591297e+01,4.697200366557199303e+00,-4.384793352104921382e+01,5.024485109276692008e+00,-4.984318644144120469e+01,4.872544365126500132e+00,1.930000000000000000e+02,1.219864992130839028e+03,6.053869322812671072e+01,3.331900000000000000e+06,5.341500000000000137e-01,-1.851316500000509222e+03,1.000000000000000000e+00
2.975867596562362973e-03,4.312368960214349456e-03,5.913368842282018534e-01,9.616884387952371327e-01,2.000000000000000000e+01,7.438411842711760424e-02,-4.418747495315227525e+01,3.691244046887386610e+00,-4.637787743935283657e+01,5.899441221201515262e+00,-4.042357644857166576e+01,4.174579227597872588e+00,1.940000000000000000e+02,6.994895631087734955e+02,6.346096648813813346e+01,3.252000000000000000e+06,2.885900000000000132e-01,-1.284144000000008646e+03,1.000000000000000000e+00
2.901795005425548881e-03,5.515379665254321190e-03,5.762943049919677652e-01,-6.912414174063461481e-01,2.000000000000000000e+01,7.645864616514599921e-02,-4.618107675879926433e+01,5.467120487685834362e+00,-5.338904932438948947e+01,6.566587754837547308e+00,-4.972768403285632388e+01,4.344112784310696362e+00,1.950000000000000000e+02,1.894153576624658228e+02,6.915186533457121243e+01,3.328600000000000000e+06,1.004599999999999937e-01,-2.270323509999944633e+02,1.000000000000000000e+00
2.886408506767375488e-03,4.695049189712151988e-03,5.157127707803017547e-01,-2.937496580870183838e+00,2.000000000000000000e+01,8.059158700235366513e-02,-3.228667276069223391e+01,3.985911459568494131e+00,-7.177431272830929743e+01,4.263631874213613671e+00,-5.171671597823810629e+01,3.959838431709602702e+00,1.960000000000000000e+02,1.718511078505964917e+02,7.108412197626606144e+01,2.940700000000000000e+06,4.653100000000000291e-02,-6.522360000000008995e+01,1.000000000000000000e+00
3.278103540166614656e-03,4.205881111552439017e-03,6.619461147971461568e-01,-3.627430063997788556e-01,2.000000000000000000e+01,7.190717679370758897e-02,-3.584668081683325624e+01,4.007339705342241487e+00,-3.970381157509075365e+01,5.350094202340700988e+00,-6.348173041879937983e+01,4.427699714035672862e+00,1.970000000000000000e+02,8.699302931110954660e+02,6.288162468985012765e+01,3.190500000000000000e+06,6.670099999999999918e-01,-2.553312090001271827e+03,1.000000000000000000e+00
3.234700471522945330e-03,4.704636350852949012e-03,4.540988383690451324e-01,-8.980146686383644550e+00,2.000000000000000000e+01,6.859575395779587970e-02,-4.715699565804717253e+01,5.107663831157813306e+00,-5.888229752682347140e+01,4.737818327203090263e+00,-3.473606490904533217e+01,4.791250786867920830e+00,1.980000000000000000e+02,1.661819523526723685e+02,7.544587778205496420e+01,3.207900000000000000e+06,6.108200000000000296e-01,-2.488435679999508011e+03,1.000000000000000000e+00
3.209045079332648737e-03,5.190209123338338122e-03,6.101040940260281653e-01,-5.403245032084931232e-01,2.000000000000000000e+01,7.904134961045240770e-02,-3.923782393422876424e+01,4.250922518572386011e+00,-4.840818643031776247e+01,4.592897961632631088e+00,-5.352657178347251232e+01,4.368016815085663751e+00,1.990000000000000000e+02,5.419707798898785995e+02,6.396673075589588109e+01,3.144500000000000000e+06,5.467799999999999744e-02,-7.445112000000071362e+01,1.000000000000000000e+00
