3.133869195599998068e-03,4.575683593136858733e-03,6.137023721901923023e-01,3.267145359978681274e+00,2.000000000000000000e+01,7.386868824313644333e-02,-2.438281495343363758e+01,6.234454312005992094e+00,-3.291461654099882139e+01,7.008722478232562558e+00,-5.469790342336679601e+01,6.151721613746157225e+00,0.000000000000000000e+00,1.552729412544153547e+03,5.403162366376927395e+01,3.846500000000000000e+06,3.290399999999999991e-01,-1.522859189999715227e+03,1.000000000000000000e+00
3.085576055145494972e-03,4.471131430501035578e-03,5.903978645223929567e-01,3.243235741535977823e+00,2.000000000000000000e+01,7.518927921215905197e-02,-2.501685444007225101e+01,6.228761069486218993e+00,-3.641997337954551028e+01,7.424903880874871298e+00,-5.969146192311820442e+01,6.037055882238070659e+00,1.000000000000000000e+00,1.420665016993681093e+03,5.408192990141130707e+01,3.795900000000000000e+06,1.690099999999999936e-01,-5.164074000000564411e+02,1.000000000000000000e+00
2.990637597251987433e-03,4.219774943242746851e-03,6.152142642988336352e-01,2.904574403813169337e+00,2.000000000000000000e+01,7.577591736780597831e-02,-2.639514541869133879e+01,6.014713326055201037e+00,-3.624047607496812873e+01,7.270207162632743803e+00,-6.163387489642262551e+01,6.177822488788835997e+00,2.000000000000000000e+00,1.305865262652976071e+03,5.459752162817061105e+01,3.742200000000000000e+06,1.244200000000000028e-01,-2.860393000000112806e+02,1.000000000000000000e+00
2.958596989487623750e-03,4.143391396607897306e-03,6.400854559971231872e-01,3.201653199939070049e+00,2.000000000000000000e+01,7.417838778715382664e-02,-2.429570479174777375e+01,6.279074577498284349e+00,-3.455784808421898902e+01,6.139535333630099068e+00,-6.181635684187787660e+01,6.146224984034054373e+00,3.000000000000000000e+00,1.292610242370637252e+03,5.464147704804707928e+01,3.681800000000000000e+06,2.484500000000000042e-01,-8.862175049999212888e+02,1.000000000000000000e+00
2.931788691716610482e-03,4.210794068231615145e-03,6.099534812515723381e-01,2.881317487711400283e+00,2.000000000000000000e+01,7.476257558628780775e-02,-2.518279775053822789e+01,5.663459328994102648e+00,-3.660442688164875591e+01,7.191969734540721859e+00,-5.965159863239053095e+01,5.950232797717136535e+00,4.000000000000000000e+00,1.267184739928456565e+03,5.491584971122338033e+01,3.708900000000000000e+06,1.998800000000000021e-01,-6.357531650000380523e+02,1.000000000000000000e+00
2.922398201745932123e-03,4.234621339346049569e-03,6.350059175986287885e-01,3.054037478080714685e+00,2.000000000000000000e+01,7.394602107337934493e-02,-2.488801788634972212e+01,6.178337741043880449e+00,-3.580596560186875621e+01,5.557424565485901802e+00,-6.124515456952126158e+01,6.268046349920314952e+00,5.000000000000000000e+00,1.226861762295363860e+03,5.523279407554684894e+01,3.618500000000000000e+06,2.877600000000000158e-01,-1.132762000000215039e+03,1.000000000000000000e+00
2.893595281526711339e-03,4.244468922781061138e-03,6.399853252831896322e-01,2.706915801735434002e+00,2.000000000000000000e+01,7.444900219536462749e-02,-2.792374891626443656e+01,6.291768918519567322e+00,-3.647733340878814090e+01,6.374045419745783647e+00,-6.375743960995099258e+01,6.107907171455011941e+00,6.000000000000000000e+00,1.097040508265839435e+03,5.529044703947051431e+01,3.649500000000000000e+06,2.087299999999999989e-01,-6.527921890000087615e+02,1.000000000000000000e+00
2.812418786944996703e-03,4.195489061012887613e-03,6.338143977456611733e-01,2.321215407254844099e+00,2.000000000000000000e+01,7.345036653856386322e-02,-2.889517388564236455e+01,6.279653898626976982e+00,-3.936406941773499568e+01,5.813778670751782229e+00,-6.293552040029319983e+01,5.976725032056540599e+00,7.000000000000000000e+00,9.766727478978413046e+02,5.628561666569395072e+01,3.573100000000000000e+06,3.798500000000000210e-01,-1.801267060999787418e+03,1.000000000000000000e+00
2.977494437709956622e-03,4.285353966309806036e-03,5.738704095018839491e-01,2.229637954168394387e+00,2.000000000000000000e+01,7.476431451491795388e-02,-2.800049355434159182e+01,5.932997636423040788e+00,-4.435711725454914500e+01,6.864483339455160760e+00,-5.665670824993181753e+01,6.001495952356714625e+00,8.000000000000000000e+00,9.591058260340782908e+02,5.631138539024803435e+01,3.657700000000000000e+06,2.357899999999999996e-01,-9.361641219998487031e+02,1.000000000000000000e+00
2.852902294776997992e-03,4.382571291426620719e-03,6.034304278114075437e-01,1.912422201073653794e+00,2.000000000000000000e+01,7.406772479962631106e-02,-3.117874396873660103e+01,6.009756128880942683e+00,-4.461157945434658245e+01,6.133426825820265549e+00,-6.123204181612136665e+01,5.942022524533384420e+00,9.000000000000000000e+00,7.622724760675639573e+02,5.777714872693096027e+01,3.535100000000000000e+06,2.955800000000000094e-01,-1.276717499999801930e+03,1.000000000000000000e+00
2.746641857887591881e-03,4.139510622622298228e-03,6.446229403301946270e-01,1.610269700603406573e+00,2.000000000000000000e+01,7.403368294314921494e-02,-3.032420052380577147e+01,6.048763154700679934e+00,-4.201746693982933323e+01,5.733952773566031169e+00,-6.221130283109526715e+01,5.912770923180550753e+00,1.000000000000000000e+01,7.897012973845179431e+02,5.761130707977855536e+01,3.519500000000000000e+06,2.684099999999999819e-01,-9.685957260001351870e+02,1.000000000000000000e+00
2.852925970003574938e-03,4.271566521643159302e-03,6.474959592558804378e-01,2.136694508313154994e+00,2.000000000000000000e+01,7.428304647969967422e-02,-3.008187228583051365e+01,6.205164875058881258e+00,-3.666301580469618671e+01,6.044856545411100512e+00,-6.296075061244268056e+01,5.881188397176994265e+00,1.100000000000000000e+01,9.885429875204596328e+02,5.627824356235084480e+01,3.594000000000000000e+06,2.263000000000000012e-01,-7.348377000000757562e+02,1.000000000000000000e+00
2.970629239290849093e-03,4.504112919822888216e-03,6.481674733506708197e-01,2.604943594088091618e+00,2.000000000000000000e+01,7.403665009089571702e-02,-2.889660910836069618e+01,6.415661905473360349e+00,-3.921509168218648966e+01,6.227186297069236431e+00,-5.975020407965759262e+01,5.820648805320008279e+00,1.200000000000000000e+01,1.084356541466807130e+03,5.546821586340734456e+01,3.648200000000000000e+06,2.556700000000000084e-01,-9.300189030001105266e+02,1.000000000000000000e+00
3.207304861279696665e-03,4.366386934265181589e-03,5.711132946698609381e-01,2.114002013973681038e+00,2.000000000000000000e+01,8.195918181860420426e-02,-2.930891709748192397e+01,5.766013287323108472e+00,-4.026758858180352263e+01,6.196165584487467015e+00,-6.383695126514142260e+01,5.442081017603124238e+00,1.300000000000000000e+01,9.340562431637878262e+02,5.660185982041272013e+01,3.606600000000000000e+06,1.713600000000000123e-01,-5.308264419999447910e+02,1.000000000000000000e+00
2.881288082217295550e-03,4.271988208213558375e-03,6.280812602650548415e-01,2.261273995979020235e+00,2.000000000000000000e+01,7.406214021406237746e-02,-2.800334663824762771e+01,6.074352481888967148e+00,-4.207545860960479445e+01,5.831607633005892133e+00,-6.173670501885217732e+01,5.790881608126607460e+00,1.400000000000000000e+01,9.350205691431901869e+02,5.657632467894325856e+01,3.541000000000000000e+06,2.783999999999999808e-01,-1.098041322000004357e+03,1.000000000000000000e+00
2.804576944642708271e-03,4.442432137901599493e-03,6.485536865757647318e-01,1.522268910181441282e+00,2.000000000000000000e+01,7.409208938103524489e-02,-3.083296616611847440e+01,6.061964111318581594e+00,-4.428475669415588811e+01,5.952681869206235099e+00,-6.263308792443800144e+01,5.702038911307761637e+00,1.500000000000000000e+01,7.360746691018385945e+02,5.811728812341282691e+01,3.502800000000000000e+06,2.467900000000000094e-01,-8.519720000000634172e+02,1.000000000000000000e+00
2.783377139300294897e-03,4.335625265217906733e-03,6.539011696777183857e-01,2.122861695614157718e+00,2.000000000000000000e+01,7.410153998905924522e-02,-2.813839882122899638e+01,6.273618438537329922e+00,-4.122219000631704944e+01,6.064216639886489624e+00,-6.241518632476496009e+01,5.781435039979617052e+00,1.600000000000000000e+01,9.476056474049057670e+02,5.636598475886131610e+01,3.579500000000000000e+06,2.365500000000000103e-01,-7.783151300000700985e+02,1.000000000000000000e+00
2.911003148661172463e-03,4.164992196848555858e-03,6.476377566183438850e-01,2.110993965042924358e+00,2.000000000000000000e+01,7.383404576528687646e-02,-3.081343557067690853e+01,6.109252826245592516e+00,-3.573348145291159739e+01,6.202417657203788792e+00,-6.474263178288163090e+01,5.873140566355221637e+00,1.700000000000000000e+01,9.419677032467272966e+02,5.644392018605084616e+01,3.582000000000000000e+06,3.113099999999999756e-01,-1.284813952999865478e+03,1.000000000000000000e+00
2.902690970864396126e-03,4.249563581191328175e-03,6.399429108651490949e-01,2.694851492205521559e+00,2.000000000000000000e+01,7.461459325643315932e-02,-2.846163586109161869e+01,6.222008022421557705e+00,-3.836016908390621438e+01,6.259574231198300254e+00,-6.292569211269976392e+01,6.107459947275520662e+00,1.800000000000000000e+01,1.051672798692944298e+03,5.563447745538624645e+01,3.624200000000000000e+06,1.920000000000000040e-01,-5.644419110000120554e+02,1.000000000000000000e+00
2.984439791163456118e-03,4.210572069911206264e-03,6.089432193495845080e-01,2.012142070255542148e+00,2.000000000000000000e+01,7.639805074086569725e-02,-2.878345565744334777e+01,6.229875876343960783e+00,-4.177269915492124142e+01,6.596796235343424186e+00,-5.940044016176983632e+01,6.193673337732615636e+00,1.900000000000000000e+01,1.040067322517815683e+03,5.612321223341381682e+01,3.669500000000000000e+06,1.035800000000000054e-01,-2.161417909999935318e+02,1.000000000000000000e+00
2.956528590137767146e-03,4.263730834079678886e-03,6.540639311850013904e-01,2.399802319722217803e+00,2.000000000000000000e+01,7.427421594343525113e-02,-2.938448620431633174e+01,6.236101795440291973e+00,-3.784507970936537902e+01,5.735449239909431007e+00,-6.064934842225279965e+01,5.923381486795573636e+00,2.000000000000000000e+01,1.042478968957685538e+03,5.603455945454977893e+01,3.590400000000000000e+06,2.292299999999999893e-01,-7.546289520000634639e+02,1.000000000000000000e+00
2.813377186161724209e-03,4.261831050407621432e-03,6.195788235017495316e-01,2.116982727896886463e+00,2.000000000000000000e+01,7.444575129418244674e-02,-2.975467958448568240e+01,6.167443316526041386e+00,-3.775808183270421381e+01,6.055647782917234601e+00,-5.963471862481146957e+01,5.841779883973231335e+00,2.100000000000000000e+01,1.025451307934324404e+03,5.613647344091507563e+01,3.617100000000000000e+06,2.230600000000000083e-01,-7.506048350001364042e+02,1.000000000000000000e+00
2.882186834521580868e-03,4.244958048488798978e-03,6.294107244450408700e-01,2.098835116588294802e+00,2.000000000000000000e+01,7.387102233910558535e-02,-2.848562170918644298e+01,6.113096229887876376e+00,-4.232091658901786957e+01,5.809913870601890906e+00,-6.222364458085895933e+01,5.814944661890915079e+00,2.200000000000000000e+01,9.021751450223364373e+02,5.682462595106202485e+01,3.535100000000000000e+06,3.135299999999999754e-01,-1.342920593000027793e+03,1.000000000000000000e+00
2.881708028604598477e-03,4.240461764039246857e-03,6.300105269517368711e-01,2.062286152046608478e+00,2.000000000000000000e+01,7.394259496195518255e-02,-2.834114148871108796e+01,6.110561335250368487e+00,-4.227263064639047485e+01,5.799848890785902711e+00,-6.229432811523249569e+01,5.809895215854235850e+00,2.300000000000000000e+01,8.975659706957251274e+02,5.683696556038879066e+01,3.534000000000000000e+06,3.008799999999999808e-01,-1.255787824000079809e+03,1.000000000000000000e+00
2.834864643212657055e-03,4.378604086842942042e-03,6.045099576791337359e-01,1.888867895358917304e+00,2.000000000000000000e+01,7.442004546569240542e-02,-3.227895920407530639e+01,5.972202435804994991e+00,-4.457735865003090225e+01,6.230777530771039352e+00,-6.200767065146499135e+01,5.914967906892417915e+00,2.400000000000000000e+01,7.023592341537633956e+02,5.822245725980236131e+01,3.523400000000000000e+06,2.360700000000000021e-01,-8.779050000001562921e+02,1.000000000000000000e+00
2.800729540988027878e-03,4.142231322706857455e-03,6.374719108283206648e-01,1.406597990134398346e+00,2.000000000000000000e+01,7.399261866218567740e-02,-2.929537784772334419e+01,6.070539127119635836e+00,-4.146676812056233530e+01,5.808024563724119460e+00,-6.239632289744054816e+01,5.754614973385337784e+00,2.500000000000000000e+01,8.334213407418452562e+02,5.760802604878225708e+01,3.528100000000000000e+06,2.906699999999999839e-01,-1.141411575000166067e+03,1.000000000000000000e+00
2.806097029434477010e-03,4.321702336204897438e-03,6.306724294639086681e-01,1.298677125725954395e+00,2.000000000000000000e+01,7.473895351387052632e-02,-3.130349540671993225e+01,5.885027642467964171e+00,-4.406838451489063146e+01,6.242860902354051333e+00,-6.301845459500700741e+01,5.940134191559151233e+00,2.600000000000000000e+01,6.970264594883187783e+02,5.841563980395764588e+01,3.517800000000000000e+06,1.882800000000000029e-01,-5.482904459999657547e+02,1.000000000000000000e+00
2.803881471172134984e-03,4.301515376317024963e-03,6.250896659711947523e-01,1.516509268197624882e+00,2.000000000000000000e+01,7.440687827473438376e-02,-3.076951906206395648e+01,6.175381864494161377e+00,-4.119862252266467806e+01,5.831327732405140019e+00,-6.082358445557257198e+01,5.720051003300988590e+00,2.700000000000000000e+01,8.490184668256243867e+02,5.746382172658273646e+01,3.548000000000000000e+06,2.272500000000000075e-01,-7.704484810000474226e+02,1.000000000000000000e+00
2.973567189617962701e-03,4.363200129182606690e-03,5.956120333539127731e-01,2.218192106344988979e+00,2.000000000000000000e+01,7.485549934353111223e-02,-3.021938993558830333e+01,5.803993830420873579e+00,-4.231025882319882214e+01,6.398309621506769851e+00,-6.067509436994221517e+01,6.014756252934013503e+00,2.800000000000000000e+01,8.899873560502687724e+02,5.688137455188329028e+01,3.572000000000000000e+06,2.016400000000000137e-01,-6.839185670000897517e+02,1.000000000000000000e+00
2.951642033591954720e-03,4.280358641906335110e-03,6.275953764827648662e-01,1.655266498844349510e+00,2.000000000000000000e+01,7.503286767604937235e-02,-3.118585347253375772e+01,6.121304505660361883e+00,-4.190400166018898176e+01,5.906045886279246204e+00,-6.142071374475987255e+01,5.835938415295233384e+00,2.900000000000000000e+01,8.432907229047801820e+02,5.749039688020621242e+01,3.541600000000000000e+06,1.693000000000000060e-01,-4.758623999999949774e+02,1.000000000000000000e+00
2.795579650118971103e-03,4.404772553921004058e-03,6.313400336540315738e-01,1.691735986692108451e+00,2.000000000000000000e+01,7.455234061665744205e-02,-3.060675700900029739e+01,6.111900476544169791e+00,-4.207618729602124574e+01,5.715136854191844584e+00,-6.171844954259334770e+01,5.678108340174667923e+00,3.000000000000000000e+01,8.423856248269756861e+02,5.754041897365286218e+01,3.514400000000000000e+06,1.992400000000000004e-01,-6.097144000000421329e+02,1.000000000000000000e+00
2.732853098931823169e-03,4.086478083906585831e-03,5.968067497445230796e-01,1.609378668138079505e+00,2.000000000000000000e+01,7.398909554536078903e-02,-3.222649724417219375e+01,6.288277145827698256e+00,-3.947935907444261261e+01,6.293484411415951385e+00,-6.153403319298793406e+01,5.534041339748027255e+00,3.100000000000000000e+01,8.509828170107600727e+02,5.726380297988590939e+01,3.586300000000000000e+06,3.235000000000000098e-01,-1.450312000000041962e+03,1.000000000000000000e+00
2.906943003936616598e-03,4.452386149017296783e-03,6.382862410478998827e-01,1.930425591518250217e+00,2.000000000000000000e+01,7.459880732769433309e-02,-2.948790901514679774e+01,6.042698205095073938e+00,-4.485330922078595961e+01,6.640297471874349711e+00,-6.023747655443459337e+01,5.852032831351004383e+00,3.200000000000000000e+01,8.523648318026374682e+02,5.718937536641487185e+01,3.592900000000000000e+06,1.955399999999999916e-01,-5.874077999999177564e+02,1.000000000000000000e+00
2.948366726301740546e-03,4.342684434385494022e-03,6.251476511876737918e-01,2.053078803739992519e+00,2.000000000000000000e+01,7.425071737285959816e-02,-3.066671342159130376e+01,5.993410833260451653e+00,-3.993640351122949994e+01,6.014364279150782977e+00,-6.232344463862574457e+01,5.911754561530420560e+00,3.300000000000000000e+01,8.839350873914871727e+02,5.688617922353520839e+01,3.550700000000000000e+06,2.559799999999999853e-01,-9.730398340001672750e+02,1.000000000000000000e+00
2.718238815292767317e-03,4.112846541188595537e-03,6.285930405762325535e-01,1.272406687434945116e+00,2.000000000000000000e+01,7.843450185071523806e-02,-3.266358501113079882e+01,6.382310308441256019e+00,-4.271272396539412597e+01,6.327644985340093342e+00,-6.589088432379513449e+01,5.501693275978251307e+00,3.400000000000000000e+01,6.737200157880072311e+02,5.862603074846916229e+01,3.499800000000000000e+06,2.414600000000000080e-01,-8.592729630001241503e+02,1.000000000000000000e+00
2.769387398542504444e-03,4.354651434419759895e-03,6.512939617467569109e-01,1.264388533939160508e+00,2.000000000000000000e+01,7.447197183721823710e-02,-3.249661374614531439e+01,5.951786282502526504e+00,-4.490636521279574822e+01,6.030312432770795539e+00,-6.131303473314034136e+01,5.806290523754281452e+00,3.500000000000000000e+01,6.688900702636383357e+02,5.868398971875242864e+01,3.502600000000000000e+06,2.010699999999999987e-01,-5.806592999999880931e+02,1.000000000000000000e+00
2.734152276294653065e-03,4.647917183197344988e-03,6.469937087288809563e-01,2.060970494463344460e-01,2.000000000000000000e+01,7.410784095060626853e-02,-3.703176795829443790e+01,5.881055590344297812e+00,-4.719406836238698588e+01,5.934503372851585468e+00,-6.188349459643656303e+01,5.449480128831810433e+00,3.600000000000000000e+01,4.044554557066461484e+02,6.164232321737080866e+01,3.414300000000000000e+06,2.435599999999999987e-01,-8.280344380000775573e+02,1.000000000000000000e+00
2.943724971402368260e-03,4.355123259529893043e-03,6.004573327401054872e-01,2.218714460081228523e+00,2.000000000000000000e+01,7.485006794282562936e-02,-3.020829480940385992e+01,5.804241746137653202e+00,-4.317838950022370170e+01,6.465036190110892811e+00,-6.085987710250275029e+01,6.009269091250952322e+00,3.700000000000000000e+01,8.586863220092624260e+02,5.708914904803383905e+01,3.567800000000000000e+06,1.969299999999999939e-01,-6.507199230000217085e+02,1.000000000000000000e+00
2.856938796731287554e-03,4.506382004757430310e-03,6.247588130919563554e-01,3.912441366850082369e-01,2.000000000000000000e+01,7.469534593000279332e-02,-3.562191980992806606e+01,5.950336535505707403e+00,-4.965559198306571886e+01,5.654193610593550190e+00,-6.174162760490040114e+01,5.583943766410184750e+00,3.800000000000000000e+01,4.026151766122052322e+02,6.173398918682799774e+01,3.396800000000000000e+06,2.000000000000000111e-01,-6.306329260000841259e+02,1.000000000000000000e+00
2.756490683314628300e-03,4.412105869106643791e-03,6.334281813475639566e-01,4.761914994003543233e-01,2.000000000000000000e+01,7.414095301154660644e-02,-3.451168055305370785e+01,6.092224874090524267e+00,-4.784364502922637996e+01,6.087961137678192358e+00,-5.969365340502916695e+01,5.552425428135828511e+00,3.900000000000000000e+01,5.242013772046263966e+02,6.028485512599780094e+01,3.484300000000000000e+06,2.630700000000000260e-01,-9.591833470000805164e+02,1.000000000000000000e+00
2.695590178816605065e-03,4.453996815148336848e-03,6.461591130586765708e-01,2.996151443609902654e-02,2.000000000000000000e+01,7.465724314043033216e-02,-3.563163595608828871e+01,5.797065562676584349e+00,-4.761292778982613783e+01,5.905253714007983490e+00,-6.245243864309184545e+01,5.475544250744958319e+00,4.000000000000000000e+01,4.130405446471057189e+02,6.154957831478078134e+01,3.406400000000000000e+06,1.834099999999999897e-01,-4.996605199999842171e+02,1.000000000000000000e+00
2.792469400944939690e-03,4.608281644667194289e-03,6.479387321398042410e-01,1.240471333986752134e+00,2.000000000000000000e+01,7.404540138391772774e-02,-3.568039508352164546e+01,6.069214691180181198e+00,-4.636867499365036593e+01,6.019605380136601624e+00,-6.196855425659354921e+01,5.509537100507545304e+00,4.100000000000000000e+01,5.255755287446985449e+02,6.028448578176026729e+01,3.456400000000000000e+06,2.479699999999999960e-01,-8.644993630000333269e+02,1.000000000000000000e+00
2.857891367402000740e-03,4.581302851169875671e-03,6.331241667710214571e-01,4.965346039746275641e-01,2.000000000000000000e+01,7.442219819942699766e-02,-3.563879498330811657e+01,5.956955872007437591e+00,-4.592589923472264957e+01,5.975837194195957380e+00,-6.179565234055473866e+01,5.540704858708606295e+00,4.200000000000000000e+01,5.044285664853578623e+02,6.052598850062640423e+01,3.450600000000000000e+06,2.233100000000000085e-01,-7.518471639999660283e+02,1.000000000000000000e+00
2.618610289018485308e-03,4.100375710924679222e-03,6.019885489248922861e-01,5.255262405561664796e-01,2.000000000000000000e+01,7.447537318060165612e-02,-3.520669517051337749e+01,5.924106504067040646e+00,-4.251213065982400252e+01,5.777219627636037913e+00,-6.693204497094023964e+01,5.479418108707897694e+00,4.300000000000000000e+01,5.044697484093054527e+02,6.051869202869527697e+01,3.408000000000000000e+06,2.377400000000000069e-01,-8.398259999998487046e+02,1.000000000000000000e+00
3.061537534903229808e-03,4.442757272623124032e-03,6.444232736561922303e-01,1.468565297722584040e+00,2.000000000000000000e+01,7.458113730380717954e-02,-3.840404065467211581e+01,5.555556764529385738e+00,-4.341075469310483470e+01,5.484044871558347189e+00,-6.851767620847866169e+01,6.180225172575998904e+00,4.400000000000000000e+01,5.092438902224456569e+02,6.029648483856858832e+01,3.462200000000000000e+06,2.697700000000000098e-01,-1.037101654000224244e+03,1.000000000000000000e+00
2.671646431714835498e-03,4.842437362243626371e-03,6.193894532453487756e-01,-2.893132450793258204e-01,2.000000000000000000e+01,7.483924679461720353e-02,-3.842189427610957608e+01,5.460740810521326871e+00,-4.459855435885900476e+01,5.970732234874297717e+00,-6.541175267119646719e+01,5.798329512597924840e+00,4.500000000000000000e+01,3.207016622924189733e+02,6.247840618851118677e+01,3.374500000000000000e+06,1.728500000000000036e-01,-4.714316309999783812e+02,1.000000000000000000e+00
2.761665881777506867e-03,4.652334839889647571e-03,6.009165814530184058e-01,7.478028664017893901e-01,2.000000000000000000e+01,7.485526222321184364e-02,-3.567501359882889744e+01,5.772428875792756209e+00,-4.382255878321124953e+01,6.586725823003986235e+00,-6.369068492872493437e+01,5.838441313945557098e+00,4.600000000000000000e+01,5.350037351509780592e+02,5.992907754361997519e+01,3.498700000000000000e+06,1.859500000000000042e-01,-5.708153999999441339e+02,1.000000000000000000e+00
2.843025703217569138e-03,4.301403538910459311e-03,6.364661661773116652e-01,2.147212022798942410e+00,2.000000000000000000e+01,7.374119325925590496e-02,-3.081508525439049606e+01,6.132870834159967366e+00,-4.065643747849174616e+01,6.017581303094204692e+00,-6.275460645740990628e+01,5.840495168034371076e+00,4.700000000000000000e+01,8.670298607794347845e+02,5.693281794262691875e+01,3.549900000000000000e+06,3.206800000000000206e-01,-1.376869742999884011e+03,1.000000000000000000e+00
3.082177492864144643e-03,1.988967338347558209e-03,5.198021480423749008e-01,9.148777781366947970e-01,2.000000000000000000e+01,7.492546993046733661e-02,-5.073256512459061440e+01,5.086948838308448906e+00,-7.023683384275308583e+01,4.172582104185464047e+00,-3.098190388648287197e+01,3.873683359840947027e+00,4.800000000000000000e+01,1.088237151896855437e+02,8.000591579231516448e+01,3.253800000000000000e+06,1.491099999999999925e-01,-3.646530000000023506e+02,1.000000000000000000e+00
2.784509312915154407e-03,4.406781971674633355e-03,6.288252836460366257e-01,4.538216939929957672e-01,2.000000000000000000e+01,7.483216752091367829e-02,-3.453828336395149989e+01,5.748578487969258966e+00,-4.469472265128519695e+01,5.928594468150716779e+00,-6.302951701162795928e+01,5.900722509348108602e+00,4.900000000000000000e+01,5.288258128790265573e+02,6.022219076294893370e+01,3.452100000000000000e+06,1.824600000000000111e-01,-5.204217980000219086e+02,1.000000000000000000e+00
2.768483294914007679e-03,4.391872048258515029e-03,6.509244033162734366e-01,-5.165698090279979837e-02,2.000000000000000000e+01,7.456618544510476565e-02,-3.494020094100673646e+01,5.950210734720263517e+00,-4.802432523443086865e+01,5.923796424548327444e+00,-6.134392699906761948e+01,5.820573896608591369e+00,5.000000000000000000e+01,4.386627690739387049e+02,6.110797206679093563e+01,3.453200000000000000e+06,1.985099999999999920e-01,-5.732548709999629182e+02,1.000000000000000000e+00
2.669079680420987331e-03,4.850949439195637557e-03,6.194824383159615033e-01,-3.064927797601241788e-01,2.000000000000000000e+01,7.481219383400544709e-02,-3.872218507430156365e+01,5.596189506840905104e+00,-4.462523605844535268e+01,5.976707911372583837e+00,-6.488473239267337078e+01,5.679596738438041470e+00,5.100000000000000000e+01,3.262904475338283987e+02,6.240305357036568523e+01,3.384500000000000000e+06,1.743999999999999995e-01,-4.830908100000264653e+02,1.000000000000000000e+00
2.802549785257839321e-03,4.562166646865341985e-03,6.418424175307501089e-01,6.646645064761845800e-01,2.000000000000000000e+01,7.442100220211070316e-02,-3.634679475675966387e+01,6.028629183350882492e+00,-4.736208935820030774e+01,6.047008282424711112e+00,-6.268243127903021872e+01,5.533071943994409381e+00,5.200000000000000000e+01,4.334170241651414699e+02,6.123898859567888309e+01,3.437000000000000000e+06,2.115100000000000036e-01,-6.637480319999308449e+02,1.000000000000000000e+00
2.937007552750818366e-03,4.458419088256057768e-03,6.164381958237912240e-01,5.009452941022753958e-01,2.000000000000000000e+01,7.472576149890872155e-02,-3.624339916508091619e+01,5.998718737451990357e+00,-4.329798776956014450e+01,6.655140822878481188e+00,-6.031622104143202989e+01,5.869655148922557686e+00,5.300000000000000000e+01,5.900000285138768277e+02,5.955048044261678797e+01,3.562800000000000000e+06,2.101999999999999980e-01,-7.019429999999493930e+02,1.000000000000000000e+00
2.786716233553217410e-03,4.592054693754839961e-03,6.495075903028210140e-01,3.581658421985916552e-01,2.000000000000000000e+01,7.417124689936874238e-02,-3.625137158588346153e+01,5.877469466565370837e+00,-4.738175817927313460e+01,6.021827093008004894e+00,-6.197718324054062577e+01,5.479979415677522780e+00,5.400000000000000000e+01,4.307202794642993808e+02,6.131587701185800654e+01,3.425200000000000000e+06,2.386199999999999988e-01,-8.055359000001130880e+02,1.000000000000000000e+00
3.057531774069019437e-03,4.891464884313212816e-03,6.762200725163506343e-01,2.772931356232932743e-01,2.000000000000000000e+01,7.187119192409338608e-02,-3.698437356467813686e+01,5.946527129236498510e+00,-4.689257983500579741e+01,5.769975534624135705e+00,-5.478050413974858657e+01,5.432494604123746740e+00,5.500000000000000000e+01,4.740548489133321937e+02,6.084460804536129075e+01,3.452400000000000000e+06,2.055899999999999950e-01,-6.389585999999941350e+02,1.000000000000000000e+00
2.829164877685264208e-03,4.537290264349111424e-03,6.353226999702297206e-01,1.073402879931123266e+00,2.000000000000000000e+01,7.453344206776627012e-02,-3.512224644659191597e+01,6.199697253060308277e+00,-4.545955829682120708e+01,5.865424286520253716e+00,-6.010949277622765408e+01,5.623619325967989191e+00,5.600000000000000000e+01,6.035949793498527924e+02,5.950820999237045328e+01,3.492700000000000000e+06,2.040500000000000091e-01,-6.301125999999705982e+02,1.000000000000000000e+00
2.741592583166365185e-03,4.592386165657877557e-03,6.507010058042439482e-01,1.635539553958292869e-02,2.000000000000000000e+01,7.406523711478554817e-02,-3.775080146802776682e+01,5.844061848738927978e+00,-4.916159923019701949e+01,5.955927366925853228e+00,-6.049412713334088210e+01,5.640865212433393339e+00,5.700000000000000000e+01,3.418154629266235816e+02,6.234205644738903374e+01,3.414800000000000000e+06,2.534500000000000086e-01,-8.725958000002016206e+02,1.000000000000000000e+00
2.739485546645757143e-03,4.621927540317288807e-03,6.459271603371103954e-01,-1.520858890665523488e-01,2.000000000000000000e+01,7.439112076585226163e-02,-3.719097277238550703e+01,5.859831742313495795e+00,-4.480163057074889821e+01,6.074456286150217821e+00,-6.334074319403559628e+01,5.561377529050079538e+00,5.800000000000000000e+01,4.165005598324318612e+02,6.144176180734103099e+01,3.435200000000000000e+06,2.117499999999999938e-01,-6.508777000000650332e+02,1.000000000000000000e+00
2.742746453802960820e-03,4.400079313138684570e-03,6.266215053134550628e-01,4.371487680978425883e-01,2.000000000000000000e+01,7.480930568129823266e-02,-3.513387290560459064e+01,5.750245687936880401e+00,-4.500319365839135344e+01,6.058447668451474755e+00,-6.376952945314101129e+01,5.849033035607433817e+00,5.900000000000000000e+01,4.852993129373669490e+02,6.053931175077394755e+01,3.445800000000000000e+06,1.835199999999999887e-01,-5.228138939999423656e+02,1.000000000000000000e+00
2.822891233897905066e-03,4.452472395919847108e-03,6.359787990374420330e-01,1.305256329654686243e-01,2.000000000000000000e+01,7.451159778482957519e-02,-3.682581347635981217e+01,5.784920902368378748e+00,-4.555968351155173934e+01,6.089487448932642266e+00,-6.356723043659181371e+01,5.473273008959040453e+00,6.000000000000000000e+01,4.237939735941887989e+02,6.141988365246348991e+01,3.418800000000000000e+06,2.136399999999999966e-01,-6.893765999999760652e+02,1.000000000000000000e+00
2.303765966311860543e-03,4.560269994983111135e-03,6.614766953263256921e-01,-1.767019042178090138e-01,2.000000000000000000e+01,8.244241757853119912e-02,-3.366027650139324123e+01,4.935146561851802005e+00,-4.906175418814233780e+01,6.158664749139133754e+00,-5.171401716443653385e+01,5.326477905217227971e+00,6.100000000000000000e+01,3.944462566728986417e+02,6.174452108265593608e+01,3.400300000000000000e+06,1.895999999999999908e-01,-4.951224359999898752e+02,1.000000000000000000e+00
3.169555542097570074e-03,4.022972878464950615e-03,6.282408979180845732e-01,9.388208784093059478e-01,2.000000000000000000e+01,7.561460489518098682e-02,-3.352020888712880264e+01,5.699064243478324521e+00,-4.325975928537697257e+01,6.941771228239323577e+00,-6.078051589708465485e+01,5.788496293066409670e+00,6.200000000000000000e+01,5.404912935772911169e+02,5.982494665745267781e+01,3.520300000000000000e+06,2.687800000000000189e-01,-1.059243422999956920e+03,1.000000000000000000e+00
2.752451616713603305e-03,4.427151007590165305e-03,6.297199210629440547e-01,5.290404871139027243e-01,2.000000000000000000e+01,7.480900647136375092e-02,-3.427422210464764873e+01,5.783749956883561971e+00,-4.643587994747551306e+01,5.621962480676036655e+00,-6.353663232760290214e+01,5.853835732973102779e+00,6.300000000000000000e+01,4.845706920168549914e+02,6.071202549867768283e+01,3.410300000000000000e+06,1.801800000000000068e-01,-5.043480340000518822e+02,1.000000000000000000e+00
2.964836638368229579e-03,4.177245511936561288e-03,6.266285622484489837e-01,3.109026411928098380e-02,2.000000000000000000e+01,6.816923485015624617e-02,-3.986825300781745796e+01,5.603006563700604126e+00,-4.690352818429636272e+01,6.733175103009403806e+00,-6.473192012230077808e+01,5.175902451377707436e+00,6.400000000000000000e+01,3.839523272935532532e+02,6.178687775259353288e+01,3.443000000000000000e+06,2.248799999999999966e-01,-7.286107750000115857e+02,1.000000000000000000e+00
2.687789499200806016e-03,4.325143112995276373e-03,6.215605867206801527e-01,2.651408177027387847e-01,2.000000000000000000e+01,7.482738532096379347e-02,-3.517219036109490560e+01,5.779849702294768576e+00,-4.366114725910829009e+01,5.690436103363928133e+00,-6.591134903582974403e+01,5.788989458406009980e+00,6.500000000000000000e+01,4.640939248999998199e+02,6.091616566856686177e+01,3.403500000000000000e+06,1.833200000000000107e-01,-5.255935999999497881e+02,1.000000000000000000e+00
2.734868725929845423e-03,4.653080289527001742e-03,6.586256689305848289e-01,2.613196966017368172e-01,2.000000000000000000e+01,7.410455789151605688e-02,-3.615508325284358193e+01,5.867548507002393166e+00,-4.714393683104754018e+01,5.888273892062432679e+00,-6.238710832538588846e+01,5.469264988838080654e+00,6.600000000000000000e+01,4.254652592861716016e+02,6.138539518362976111e+01,3.412000000000000000e+06,2.358300000000000118e-01,-7.666233030000507824e+02,1.000000000000000000e+00
2.821925793437405489e-03,4.306167469184040211e-03,6.006497064470304181e-01,1.266892727592381140e+00,2.000000000000000000e+01,7.462502829633090029e-02,-3.374499056301671374e+01,5.799625484903447870e+00,-4.540629054065350800e+01,6.246728440387464332e+00,-6.123638732224947034e+01,5.791446719494414808e+00,6.700000000000000000e+01,6.122184513156694265e+02,5.919798762872370190e+01,3.493400000000000000e+06,2.219299999999999884e-01,-7.872467230001078633e+02,1.000000000000000000e+00
2.913484321677229164e-03,4.510151405884974506e-03,6.351053126470806998e-01,1.312038566754755387e+00,2.000000000000000000e+01,7.457076054633336726e-02,-3.386373512193797097e+01,5.896036375585676836e+00,-4.514068578417777644e+01,6.042411509740393427e+00,-6.173927792959466387e+01,5.818198220423440148e+00,6.800000000000000000e+01,6.239818334028821027e+02,5.918340847641452029e+01,3.483900000000000000e+06,2.046499999999999986e-01,-6.442585000000320861e+02,1.000000000000000000e+00
2.743381251426166376e-03,4.530820513426606425e-03,6.472157374014995135e-01,9.537041649482042027e-02,2.000000000000000000e+01,7.408024802812063214e-02,-3.743222773325265962e+01,5.836224139137215161e+00,-4.962634602899938585e+01,5.962598196568785980e+00,-6.036009151836067588e+01,5.616873890544645143e+00,6.900000000000000000e+01,3.473827619387083132e+02,6.233595884742217663e+01,3.412800000000000000e+06,2.572400000000000242e-01,-8.991521220000571475e+02,1.000000000000000000e+00
2.862258071989187518e-03,4.479992541847018991e-03,6.568481170564364202e-01,-1.035241607808615183e-02,2.000000000000000000e+01,7.431374552295932912e-02,-3.703843166850900559e+01,5.999650274385047943e+00,-4.809035725238629766e+01,6.272191165861409345e+00,-6.178963545935610568e+01,5.564192624250121177e+00,7.000000000000000000e+01,3.775276413618670972e+02,6.183929655306550188e+01,3.451300000000000000e+06,2.281799999999999939e-01,-7.478406000000419453e+02,1.000000000000000000e+00
2.935228156070258509e-03,4.579564736356587194e-03,6.331361752520776598e-01,1.113568810282556720e+00,2.000000000000000000e+01,7.441612897262818438e-02,-3.451761294903604949e+01,5.774645149060456006e+00,-4.628646412045020497e+01,6.055957043820122010e+00,-6.066012708725990876e+01,5.821815365579723789e+00,7.100000000000000000e+01,5.754722787862053792e+02,5.974178573432639183e+01,3.470500000000000000e+06,2.240800000000000014e-01,-7.679890500000751672e+02,1.000000000000000000e+00
2.869411902847396334e-03,4.125784584692224720e-03,6.393425439967430624e-01,1.510965176868430238e+00,2.000000000000000000e+01,7.418284902216257248e-02,-3.194988331348595523e+01,5.970613633940786258e+00,-4.652747876790684245e+01,5.863470903308744653e+00,-6.165912920964375132e+01,5.770323985935885247e+00,7.200000000000000000e+01,6.417101678075011932e+02,5.888902279195507106e+01,3.474800000000000000e+06,2.628599999999999826e-01,-9.767954620002435604e+02,1.000000000000000000e+00
2.742359466879506179e-03,4.412024308575457354e-03,6.363920811288499291e-01,1.121311911389224480e+00,2.000000000000000000e+01,7.446343523136772502e-02,-3.297503418100455974e+01,5.957433862250079315e+00,-4.598157821075735541e+01,5.983308903874705820e+00,-6.461620373398169193e+01,5.587680514812022992e+00,7.300000000000000000e+01,5.616896411646586103e+02,5.981404115568664537e+01,3.442400000000000000e+06,2.074799999999999978e-01,-6.355042000000684084e+02,1.000000000000000000e+00
2.826102479074499296e-03,4.570969192669773612e-03,6.305379266371774483e-01,2.500831181296835903e-01,2.000000000000000000e+01,7.473440228535688235e-02,-3.669428538847542143e+01,5.790715233857321564e+00,-4.657563594922459060e+01,6.261424031533790568e+00,-6.063715614589442282e+01,5.720193696666894922e+00,7.400000000000000000e+01,4.533849762477665877e+02,6.096625668261282271e+01,3.467000000000000000e+06,1.910900000000000098e-01,-5.687795999999715377e+02,1.000000000000000000e+00
2.625352154400424805e-03,4.566767453397768337e-03,6.760173408551586327e-01,-3.194514548161761502e-02,2.000000000000000000e+01,7.382937867773264884e-02,-3.719693273402772604e+01,5.881667748334534096e+00,-4.467781262708779622e+01,5.834738846468938256e+00,-6.573234747992972871e+01,5.515472395478266954e+00,7.500000000000000000e+01,3.747434722769447148e+02,6.185296673058675765e+01,3.392000000000000000e+06,2.604500000000000148e-01,-8.498000000001461558e+02,1.000000000000000000e+00
2.577033058818914424e-03,4.417521219176137083e-03,6.119486757659864384e-01,-6.383742514979624527e-01,2.000000000000000000e+01,7.484904461233063411e-02,-3.752917690379152305e+01,5.766951763632753192e+00,-4.294873769542856934e+01,5.745570762389839992e+00,-6.716159472669063746e+01,5.623353557768062672e+00,7.600000000000000000e+01,3.483789055923494971e+02,6.232455305678732316e+01,3.376700000000000000e+06,1.830900000000000027e-01,-5.195232000000522703e+02,1.000000000000000000e+00
2.905241034466335415e-03,4.401723051799763878e-03,6.241211698570693356e-01,3.567751784330233100e-01,2.000000000000000000e+01,7.452546354881571522e-02,-3.505197773133880901e+01,5.945800019651779955e+00,-4.617757549040798182e+01,6.056439521354728406e+00,-6.349762702103749490e+01,5.515495075333502584e+00,7.700000000000000000e+01,4.816102414126528970e+02,6.075557494814923842e+01,3.439900000000000000e+06,2.275699999999999945e-01,-8.017772400001485948e+02,1.000000000000000000e+00
2.615864886426231758e-03,4.368709368620035671e-03,6.706506731541619359e-01,-6.267079648591153962e-01,2.000000000000000000e+01,7.466524116680170464e-02,-3.858563461000079542e+01,5.778438528025255039e+00,-4.695709423181725128e+01,5.644088057858509089e+00,-6.177901867337741493e+01,5.590745029478837225e+00,7.800000000000000000e+01,3.141305020451704308e+02,6.270761786904420632e+01,3.383200000000000000e+06,1.700200000000000045e-01,-4.039975999999567762e+02,1.000000000000000000e+00
2.864288535062020288e-03,4.405856758403750920e-03,6.729056311385588351e-01,-1.358965794021840479e+00,2.000000000000000000e+01,7.448433759834036105e-02,-4.074703982180442097e+01,5.695646697021526705e+00,-5.627849236343724471e+01,5.940717670490334612e+00,-5.977177624598130734e+01,5.679940616829409983e+00,7.900000000000000000e+01,1.103728962232789570e+02,6.763254188816998180e+01,3.322900000000000000e+06,2.083800000000000097e-01,-6.193898959999714862e+02,1.000000000000000000e+00
2.706620895930899641e-03,4.236068530131711918e-03,6.254436727109637939e-01,1.261405477015748566e+00,2.000000000000000000e+01,7.514070069884931646e-02,-3.298276564739737893e+01,6.051634834529222573e+00,-4.412414310467127621e+01,5.722553258891528216e+00,-6.620070043297018003e+01,6.033416560194639899e+00,8.000000000000000000e+01,5.805003043833507945e+02,5.961161591269478066e+01,3.450700000000000000e+06,1.508700000000000041e-01,-3.744669499999932327e+02,1.000000000000000000e+00
2.742262995755530199e-03,4.589081033840916243e-03,6.466500491783868654e-01,-1.868980577682118893e-01,2.000000000000000000e+01,7.458680919312424273e-02,-3.672900736510563036e+01,5.782370908120213038e+00,-4.884359194842076590e+01,5.760432881386082116e+00,-6.162587336440815022e+01,5.543674816553366469e+00,8.100000000000000000e+01,3.502741889900686374e+02,6.227011033090969505e+01,3.387800000000000000e+06,1.924099999999999977e-01,-5.453838000000177999e+02,1.000000000000000000e+00
2.774633400842321015e-03,4.596102766649436122e-03,6.491121576637862711e-01,4.858546121096875559e-01,2.000000000000000000e+01,7.432561359426512193e-02,-3.472299668924794958e+01,5.889399630352025738e+00,-4.803556031904423662e+01,6.016002983306645291e+00,-6.296033334752411292e+01,5.445462484199572017e+00,8.200000000000000000e+01,4.492465589146575553e+02,6.110708350198461147e+01,3.418800000000000000e+06,2.150799999999999934e-01,-6.716424999999610463e+02,1.000000000000000000e+00
2.701576126739256047e-03,4.391455245116081783e-03,6.693549668198315317e-01,-6.797588600811306503e-02,2.000000000000000000e+01,7.424846103755544657e-02,-3.751888481667170083e+01,5.861979542716127867e+00,-4.565767751489996584e+01,5.751292117136085125e+00,-6.394284167615742831e+01,5.485936836815331397e+00,8.300000000000000000e+01,3.727931844292149322e+02,6.198982968994060627e+01,3.389900000000000000e+06,2.177000000000000046e-01,-6.430783799999676376e+02,1.000000000000000000e+00
2.519027810952634110e-03,4.628751923747273511e-03,6.257344171631213925e-01,-2.772790851487856867e-01,2.000000000000000000e+01,7.437087102370271152e-02,-3.551262030361293398e+01,5.779928968250363397e+00,-4.810090077576417400e+01,5.800316027046084955e+00,-6.371841306925359305e+01,5.631775519751132997e+00,8.400000000000000000e+01,3.544521948169231109e+02,6.202644490204141903e+01,3.389100000000000000e+06,2.102900000000000047e-01,-6.362179590000414464e+02,1.000000000000000000e+00
2.327034705862026775e-03,4.483264676466346306e-03,6.701588429700257032e-01,-5.422910838339491946e-01,2.000000000000000000e+01,7.322105225274203044e-02,-4.132661490534280091e+01,5.282909856832205264e+00,-5.145337820600455814e+01,6.006772099202909665e+00,-6.443338208405945977e+01,6.573676455898554316e+00,8.500000000000000000e+01,1.110469997246879927e+02,6.734037510059576448e+01,3.332000000000000000e+06,3.544999999999999818e-01,-1.335393471999771464e+03,1.000000000000000000e+00
2.703635539465793457e-03,4.209503853886745889e-03,6.282367528241716848e-01,5.117581253314601453e-01,2.000000000000000000e+01,7.466939223021967775e-02,-3.391144682854215375e+01,5.979866470487935182e+00,-4.492768720804412652e+01,5.985945996036895700e+00,-6.177006782975725230e+01,5.828679561303367507e+00,8.600000000000000000e+01,5.667760032814674105e+02,5.974510455203516557e+01,3.489700000000000000e+06,1.993999999999999939e-01,-5.926244750000613521e+02,1.000000000000000000e+00
2.706506770135278482e-03,4.148461011195463816e-03,6.930453592395622309e-01,-1.461251943749643623e+00,2.000000000000000000e+01,7.957554026056333496e-02,-3.639329785809557904e+01,5.883038659028626327e+00,-5.892754957957401274e+01,5.488577836687261957e+00,-6.090333478112374621e+01,5.713716107812344625e+00,8.700000000000000000e+01,1.153385107122225151e+02,6.716115411495081844e+01,3.291400000000000000e+06,1.568100000000000049e-01,-3.971703999999846246e+02,1.000000000000000000e+00
2.705117058202042950e-03,4.474718014145662864e-03,6.542670969319197560e-01,-1.095172811578408956e+00,2.000000000000000000e+01,7.439037082911317822e-02,-3.957417743336890226e+01,5.818272726192041944e+00,-5.484204246644349467e+01,6.201020006019335007e+00,-6.114285300031886550e+01,5.686705700269302000e+00,8.800000000000000000e+01,1.175941507061671132e+02,6.648654804328275247e+01,3.360500000000000000e+06,2.144199999999999995e-01,-6.508254059999485435e+02,1.000000000000000000e+00
2.504758318314356802e-03,4.539684405400810571e-03,6.644184722760443362e-01,-6.594400309737112886e-01,2.000000000000000000e+01,7.439404027785745388e-02,-3.983049405436324975e+01,5.414380731150645332e+00,-4.999418675297236803e+01,5.887064757401070381e+00,-6.417217814746155113e+01,5.879205150351324072e+00,8.900000000000000000e+01,1.460782154415158516e+02,6.519720845429432643e+01,3.325500000000000000e+06,1.912999999999999978e-01,-4.869720000000203299e+02,1.000000000000000000e+00
2.540404790688959198e-03,4.549948978391581134e-03,6.659046499336971348e-01,-6.261222158338021204e-01,2.000000000000000000e+01,7.433575765265762469e-02,-3.998130694757755066e+01,5.432187344060602996e+00,-4.983438662918845807e+01,5.874321232905768575e+00,-6.422281450264513580e+01,6.070816330049103371e+00,9.000000000000000000e+01,1.448391879433922895e+02,6.519778170140658347e+01,3.336100000000000000e+06,1.982500000000000095e-01,-5.223953900000369686e+02,1.000000000000000000e+00
2.587487329516281742e-03,4.550148165529158475e-03,6.479838571357667831e-01,-1.315343722594595421e+00,2.000000000000000000e+01,7.659934567478214607e-02,-3.824867493683114361e+01,5.627670489529180919e+00,-5.164107519537321167e+01,5.502961828921903553e+00,-6.113410971918186476e+01,5.773576651044546537e+00,9.100000000000000000e+01,1.932352098541002761e+02,6.421988822260350105e+01,3.339800000000000000e+06,8.695500000000000451e-02,-1.297806650000020738e+02,1.000000000000000000e+00
2.546785956242746205e-03,4.555976932050864216e-03,6.703636131578132318e-01,-4.946834873341535155e-01,2.000000000000000000e+01,7.445735480914972282e-02,-3.927279571733672725e+01,5.478699425102936615e+00,-4.904496722101546879e+01,5.865921936873258247e+00,-6.431679373305365743e+01,5.938412330937092420e+00,9.200000000000000000e+01,1.812934436976518384e+02,6.439452972842850897e+01,3.343300000000000000e+06,1.812999999999999889e-01,-4.448760000000155514e+02,1.000000000000000000e+00
2.490520889524023423e-03,4.461837609454220345e-03,6.605978104272306473e-01,-3.028212096762647465e-01,2.000000000000000000e+01,7.388949402763297925e-02,-3.875137177225404628e+01,5.625994765052982238e+00,-5.001396763708321913e+01,5.763101175231027717e+00,-6.238886363907660382e+01,6.035354553918775622e+00,9.300000000000000000e+01,2.205585056004958631e+02,6.379173846399044123e+01,3.369000000000000000e+06,2.555899999999999839e-01,-8.174598849998900505e+02,1.000000000000000000e+00
2.708830313911920074e-03,4.575989745995785903e-03,6.326789075958234587e-01,-3.719100822373826443e-01,2.000000000000000000e+01,7.449268808341216741e-02,-3.700255763983550139e+01,5.765946839397939172e+00,-4.930770975211123641e+01,5.957856336603695624e+00,-6.255900863664842859e+01,5.563313587881573596e+00,9.400000000000000000e+01,3.030208430029948090e+02,6.275835308739132756e+01,3.387500000000000000e+06,2.097400000000000098e-01,-6.519660000000104674e+02,1.000000000000000000e+00
2.705321725172661618e-03,4.555619680353730286e-03,6.423899860080327651e-01,-5.463734929641049787e-01,2.000000000000000000e+01,7.437140518641138787e-02,-3.834686129865777815e+01,5.783281628440166244e+00,-4.903123813163308853e+01,5.774510098062211938e+00,-6.056366820152786801e+01,5.633237351826016592e+00,9.500000000000000000e+01,3.007049619009245021e+02,6.285891607034336204e+01,3.392100000000000000e+06,2.182099999999999873e-01,-6.898677169999446050e+02,1.000000000000000000e+00
2.630981171345504310e-03,4.741679619960738508e-03,6.488154062035302871e-01,-6.155734608168678124e-01,2.000000000000000000e+01,7.830188910244842426e-02,-3.937949419871002732e+01,5.987555493967310127e+00,-4.840040545693427987e+01,5.324662315286664338e+00,-6.615696298081432758e+01,6.151849449354156896e+00,9.600000000000000000e+01,2.192336878259127388e+02,6.389702179761027878e+01,3.351200000000000000e+06,9.883000000000000118e-02,-1.756936650000083944e+02,1.000000000000000000e+00
2.502627250302771021e-03,4.450697412662157904e-03,6.751281781541562665e-01,-9.046211209581138668e-01,2.000000000000000000e+01,7.441759297004588158e-02,-4.118044814089586225e+01,6.057238954749237791e+00,-5.114388331325510251e+01,5.457065487065344556e+00,-6.139561744580856839e+01,5.853198888896883112e+00,9.700000000000000000e+01,1.395481591516441711e+02,6.528017748357618188e+01,3.358400000000000000e+06,1.851299999999999890e-01,-4.512056640000374159e+02,1.000000000000000000e+00
2.597751112153346212e-03,4.412149049834906793e-03,6.391521955523202791e-01,-1.062978149046674758e+00,2.000000000000000000e+01,7.656272374846886941e-02,-4.028717821301376034e+01,5.488243192216387456e+00,-4.842782575539952461e+01,5.611532302197202782e+00,-6.265582054812993107e+01,5.776363622321273539e+00,9.800000000000000000e+01,1.909542584004572916e+02,6.429865993305506322e+01,3.333000000000000000e+06,8.917899999999999439e-02,-1.427167999999969936e+02,1.000000000000000000e+00
2.696035782125662250e-03,4.726542159166818857e-03,6.747519611887085045e-01,-5.674913310745728356e-01,2.000000000000000000e+01,7.450250440543126906e-02,-3.882306791482911734e+01,5.705910012845450296e+00,-4.673071512498380997e+01,5.747341656373077257e+00,-6.414316052758312026e+01,5.376606967445818341e+00,9.900000000000000000e+01,2.761103466920705500e+02,6.320279972369699806e+01,3.350400000000000000e+06,1.812699999999999867e-01,-4.551763549999856764e+02,1.000000000000000000e+00
2.748367092215884926e-03,4.593737153969628360e-03,6.299110069533973011e-01,-2.470447793330675101e-01,2.000000000000000000e+01,7.448396990775515980e-02,-3.757097999849885639e+01,5.770534172944793205e+00,-4.972770512065090998e+01,5.763890557289647276e+00,-6.253456436690238718e+01,5.590326476990901128e+00,1.000000000000000000e+02,2.841172126369872331e+02,6.312080714664020320e+01,3.367300000000000000e+06,2.137000000000000011e-01,-6.886488000000664442e+02,1.000000000000000000e+00
2.738995084675277785e-03,4.759090989458046421e-03,6.076422555456277852e-01,-5.080891192909460230e-01,2.000000000000000000e+01,7.518385462294571719e-02,-3.871364195401950070e+01,5.430502083253259116e+00,-4.675515885647961056e+01,5.879555737505713253e+00,-6.387112645935197008e+01,5.617858041266245550e+00,1.010000000000000000e+02,2.843436780055376971e+02,6.311171965649569415e+01,3.351900000000000000e+06,1.561299999999999910e-01,-4.156889000000206806e+02,1.000000000000000000e+00
2.433302779416129328e-03,4.417211588532789224e-03,6.741305441630922601e-01,-9.939101370217378051e-01,2.000000000000000000e+01,7.654203312416212046e-02,-4.585826474990962254e+01,6.133107535277646960e+00,-4.862937319119108537e+01,4.980158923328382947e+00,-6.576597400852044473e+01,5.849652656141207885e+00,1.020000000000000000e+02,1.310361737877869643e+02,6.569886837656757450e+01,3.357900000000000000e+06,1.285000000000000031e-01,-2.603266870000067570e+02,1.000000000000000000e+00
2.571601016326917864e-03,4.625401582263811290e-03,6.579224427867023106e-01,-5.264742297282235528e-01,2.000000000000000000e+01,7.519054569335337224e-02,-3.831185239605373738e+01,5.786556862427335801e+00,-4.904556954757958920e+01,5.661769363973806257e+00,-6.361039658165091737e+01,5.780622561460168285e+00,1.030000000000000000e+02,2.322690816125586650e+02,6.354831210771280325e+01,3.361700000000000000e+06,1.321199999999999875e-01,-2.756315950000023918e+02,1.000000000000000000e+00
2.516215409882842109e-03,4.458125113511500828e-03,6.584631959755762320e-01,-3.324176225222663650e-01,2.000000000000000000e+01,7.465207773072983499e-02,-4.012584427285699462e+01,5.620872207064438797e+00,-4.983159505126923960e+01,5.843018145861419654e+00,-6.296186914991041306e+01,6.094556113556796717e+00,1.040000000000000000e+02,1.703940067646942964e+02,6.461626770678175546e+01,3.364000000000000000e+06,1.681199999999999917e-01,-3.958522400000328503e+02,1.000000000000000000e+00
2.661940738808716254e-03,4.470163035791303169e-03,6.372603228605333570e-01,-6.101809045446520141e-01,2.000000000000000000e+01,7.642412350715532821e-02,-3.990978636032781424e+01,5.658227050248981982e+00,-4.896500039059807108e+01,5.745754014445580538e+00,-6.287120510202217361e+01,5.915539308140415287e+00,1.050000000000000000e+02,2.020921659275133777e+02,6.411773839611527137e+01,3.361400000000000000e+06,9.307600000000000595e-02,-1.592757350000026690e+02,1.000000000000000000e+00
3.766487470533852987e-03,4.463372753235769937e-03,5.970537494259272604e-01,-1.280327365325931943e+00,2.000000000000000000e+01,5.816037446948683909e-02,-4.964598428537127006e+01,5.671968539863476266e+00,-4.609022699685587554e+01,6.950523746786250179e+00,-5.293858801140051185e+01,6.649217477766022455e+00,1.060000000000000000e+02,1.774326347472930649e+02,6.460860146956393635e+01,3.574300000000000000e+06,3.954699999999999882e-02,-5.180239999999982103e+01,1.000000000000000000e+00
2.715333442591092144e-03,4.300884304771403904e-03,6.110481046166231778e-01,-4.716185186518664363e-01,2.000000000000000000e+01,7.486878860981635575e-02,-3.619686745203787837e+01,5.916794344149478135e+00,-5.163622298183982195e+01,5.510233499655798006e+00,-6.280851725489682025e+01,5.835191830382837175e+00,1.070000000000000000e+02,2.713390815677587966e+02,6.321055650805111270e+01,3.365600000000000000e+06,1.933499999999999941e-01,-5.950374999999821739e+02,1.000000000000000000e+00
2.529563498642709886e-03,4.464005074911463374e-03,6.665568072723677684e-01,-6.768959058516627048e-01,2.000000000000000000e+01,7.371602028609913759e-02,-4.104801789427998671e+01,5.621415773144788020e+00,-5.154618602526021220e+01,5.948962965623787014e+00,-6.310707032271132988e+01,6.033547094469862593e+00,1.080000000000000000e+02,1.255062869697755730e+02,6.615837822882575381e+01,3.345200000000000000e+06,2.890699999999999936e-01,-1.011321335999919029e+03,1.000000000000000000e+00
2.539874411131026917e-03,4.531540133643242874e-03,6.580435611763816306e-01,-4.303745449251334954e-01,2.000000000000000000e+01,7.496049518207519025e-02,-3.795068135126833653e+01,5.850618200701989124e+00,-4.909722808528982796e+01,5.676898317041036535e+00,-6.349637266527109603e+01,5.466854046690101221e+00,1.090000000000000000e+02,2.585889021971780153e+02,6.334603763674050469e+01,3.355800000000000000e+06,1.447900000000000020e-01,-3.165699130000280093e+02,1.000000000000000000e+00
2.824864543794479346e-03,4.598224693675469210e-03,6.471282900192228960e-01,-3.030060037739384926e-01,2.000000000000000000e+01,7.449048051073978161e-02,-3.761610710269096813e+01,5.846368088619980696e+00,-5.047428377906105368e+01,5.743642458497715708e+00,-6.173081497107590110e+01,5.597536924555813087e+00,1.100000000000000000e+02,2.791092614423446889e+02,6.319650472804400465e+01,3.374200000000000000e+06,2.088099999999999956e-01,-6.437256120000868123e+02,1.000000000000000000e+00
2.466081257731928857e-03,4.128586135270425131e-03,7.021287474693088670e-01,-1.153720161990665405e+00,2.000000000000000000e+01,7.440572036344496321e-02,-3.911471106718879298e+01,5.618587341808858326e+00,-4.676679025495982955e+01,5.687261218512468908e+00,-6.262565934365044740e+01,5.561015575973365266e+00,1.110000000000000000e+02,2.585441362515396122e+02,6.335736416954867423e+01,3.360000000000000000e+06,1.789300000000000057e-01,-3.961218000000156962e+02,1.000000000000000000e+00
2.617757141223591918e-03,4.364995205957122870e-03,6.680615363641354554e-01,-1.321192190002051126e+00,2.000000000000000000e+01,7.556803933790720573e-02,-4.010399582981416700e+01,5.931019066342757107e+00,-5.248790710642009572e+01,5.503051296613889143e+00,-6.126471284618207136e+01,5.499377250065211165e+00,1.120000000000000000e+02,1.356208081139576791e+02,6.543414991961806493e+01,3.328800000000000000e+06,1.185999999999999971e-01,-2.251488600000085398e+02,1.000000000000000000e+00
2.693881159966027804e-03,4.698089869487435954e-03,6.758107422392279906e-01,-3.941872320161515231e-01,2.000000000000000000e+01,7.449060195150244978e-02,-3.861761766875871871e+01,5.838549265810083710e+00,-4.600034011953775348e+01,5.821733561814041558e+00,-6.552698402128058319e+01,5.344215574695988735e+00,1.130000000000000000e+02,2.886192396452900084e+02,6.298232332674212586e+01,3.360700000000000000e+06,1.804699999999999915e-01,-4.543879999999722941e+02,1.000000000000000000e+00
2.742124440858610332e-03,4.624001142030062170e-03,6.543866690986200885e-01,-6.711057625296226181e-01,2.000000000000000000e+01,7.495879969737125059e-02,-3.810684469991639389e+01,5.661561267921666030e+00,-4.948078579762525919e+01,5.789305471340551179e+00,-6.246541468142264364e+01,5.465787363262224474e+00,1.140000000000000000e+02,2.559611985492651343e+02,6.352129559068550435e+01,3.352300000000000000e+06,1.534800000000000053e-01,-3.725463999999893758e+02,1.000000000000000000e+00
2.599717894060520583e-03,4.586484206491929505e-03,6.148145852768359676e-01,-6.090875825650035047e-01,2.000000000000000000e+01,7.562344216776376027e-02,-3.695045717153929843e+01,5.844597581900467631e+00,-5.243298466530331581e+01,5.674818230766196514e+00,-6.256983306289156133e+01,5.663037700616731840e+00,1.150000000000000000e+02,2.151235110398926906e+02,6.394964015210866393e+01,3.352600000000000000e+06,1.246499999999999969e-01,-2.743877219999836257e+02,1.000000000000000000e+00
2.707724129127889699e-03,4.627761137292616712e-03,6.706603199780249991e-01,-7.489653681742294289e-01,2.000000000000000000e+01,7.434050817453885518e-02,-3.985231816858977538e+01,5.751500293638009076e+00,-4.926384840648650254e+01,5.743567955147099724e+00,-6.204921793343350345e+01,5.551579576628514090e+00,1.160000000000000000e+02,2.107281713688647073e+02,6.408121091359578259e+01,3.355300000000000000e+06,2.055599999999999927e-01,-5.790628050000875646e+02,1.000000000000000000e+00
2.686367525601103708e-03,4.753793965254554318e-03,6.631939972134589523e-01,-5.165029584322806677e-01,2.000000000000000000e+01,7.452859218707144628e-02,-3.854373403265445575e+01,5.697455972983840766e+00,-4.847253988918645007e+01,5.795691575071247215e+00,-6.124334396768173860e+01,5.539621259053523872e+00,1.170000000000000000e+02,2.895775695922395130e+02,6.296711911311865606e+01,3.377100000000000000e+06,1.824699999999999933e-01,-4.739877019999449317e+02,1.000000000000000000e+00
2.320050178805330068e-03,4.826717329461668350e-03,6.790925906436906523e-01,-5.302111894976572204e-01,2.000000000000000000e+01,7.076099276877859112e-02,-3.868301665094401898e+01,6.097236445491026835e+00,-5.535186902799162567e+01,5.914079490444431819e+00,-6.461568719916769510e+01,5.777152823984663677e+00,1.180000000000000000e+02,2.149909590018157814e+02,6.397773853087587526e+01,3.357700000000000000e+06,5.716799999999999660e-02,-5.790376500000044047e+01,1.000000000000000000e+00
2.582386130556012498e-03,4.480066997475964236e-03,6.154315052270341591e-01,-7.661253225204154305e-01,2.000000000000000000e+01,7.561806557974262710e-02,-3.787152828423063511e+01,5.801491103106151570e+00,-5.300975365664689321e+01,5.497925865747210317e+00,-6.368146094664739110e+01,5.511974590636206983e+00,1.190000000000000000e+02,1.598176681225985192e+02,6.516117446777032285e+01,3.305700000000000000e+06,1.249500000000000055e-01,-2.755004670000059832e+02,1.000000000000000000e+00
2.618071592648334080e-03,4.371076966814239559e-03,6.672540793193905140e-01,-1.203082852827435101e+00,2.000000000000000000e+01,7.556520985502979126e-02,-4.077608328451917430e+01,5.751694860259418007e+00,-5.249458813030565096e+01,5.500874579178613111e+00,-6.112228516943983436e+01,5.470017483325682051e+00,1.200000000000000000e+02,1.269776500992995238e+02,6.588310641701180259e+01,3.307800000000000000e+06,1.184199999999999975e-01,-2.251488600000085398e+02,1.000000000000000000e+00
2.566407525534749115e-03,4.680467449643429916e-03,6.117395107670735577e-01,-5.421553453240229858e-01,2.000000000000000000e+01,7.572230886093582469e-02,-3.750983170692573765e+01,5.764444565839273338e+00,-5.223342122276589095e+01,5.737646832377266470e+00,-6.202295970340477993e+01,5.650925535272538269e+00,1.210000000000000000e+02,2.115085334651628273e+02,6.407495157179324963e+01,3.352200000000000000e+06,1.189100000000000018e-01,-2.524934159999913561e+02,1.000000000000000000e+00
2.690062078177533900e-03,4.629580264574034015e-03,6.315394001028261650e-01,-4.941785790109090026e-01,2.000000000000000000e+01,7.451311864414543462e-02,-3.741267568695933221e+01,5.637691546320194647e+00,-4.890728121285823704e+01,5.774289174370768052e+00,-6.250877448560287775e+01,5.528935549845794384e+00,1.220000000000000000e+02,2.928954235780612407e+02,6.295617840392208819e+01,3.360800000000000000e+06,2.055800000000000127e-01,-6.309866790000252195e+02,1.000000000000000000e+00
2.646887723275485188e-03,4.414956308538367860e-03,6.388649535146191383e-01,-1.324611879480553256e+00,2.000000000000000000e+01,7.715057788597992627e-02,-4.062010891170506000e+01,5.470335869624586067e+00,-4.885227919277751596e+01,5.619506669627192252e+00,-6.308899219750608012e+01,5.810157987010028613e+00,1.230000000000000000e+02,1.639797281600001497e+02,6.481230296624624998e+01,3.323600000000000000e+06,7.826400000000000023e-02,-1.108206479999967939e+02,1.000000000000000000e+00
2.615811784943544629e-03,4.658246637941614032e-03,6.575103443211658405e-01,-1.381069469327647958e+00,2.000000000000000000e+01,7.617601279691081639e-02,-4.074012305793198152e+01,5.529527495654810387e+00,-4.948768588473499364e+01,5.680207520063461857e+00,-6.198125897395546957e+01,5.451381169789189407e+00,1.240000000000000000e+02,1.627642451868755415e+02,6.490399281105256080e+01,3.318800000000000000e+06,9.600300000000000500e-02,-1.576576000000023612e+02,1.000000000000000000e+00
2.634573909831986090e-03,4.409025531558198943e-03,6.055353925058937214e-01,-5.849504026855851802e-01,2.000000000000000000e+01,7.485889760628583467e-02,-3.770147498392616114e+01,5.766469848855980906e+00,-4.514467027808294830e+01,5.715114271732671725e+00,-6.722607045278635951e+01,5.622670855175307736e+00,1.250000000000000000e+02,2.945332593933154044e+02,6.289402178831016954e+01,3.354900000000000000e+06,1.902999999999999969e-01,-5.700361699999681377e+02,1.000000000000000000e+00
2.726377618873322261e-03,4.752777511779644401e-03,6.556147530138637380e-01,-3.972719657804256177e-01,2.000000000000000000e+01,7.441793410501457151e-02,-3.849928254068288425e+01,5.659869240208591279e+00,-4.853111706923250068e+01,5.723813729643615567e+00,-6.169196910051758209e+01,5.585495526835126512e+00,1.260000000000000000e+02,2.873563180110851931e+02,6.300835499369809867e+01,3.366500000000000000e+06,2.012899999999999967e-01,-5.775506520000626551e+02,1.000000000000000000e+00
2.450569268858738756e-03,4.409754356465549023e-03,6.656478244510477538e-01,-3.991231431482405445e-01,2.000000000000000000e+01,7.467992670262495192e-02,-3.721047064852574238e+01,5.903392046711356755e+00,-4.909591398740492707e+01,5.278523625892854731e+00,-6.417484601125208599e+01,5.433217725901159589e+00,1.270000000000000000e+02,2.679837032976736282e+02,6.325597525397691356e+01,3.326700000000000000e+06,1.595000000000000029e-01,-3.532707999999873323e+02,1.000000000000000000e+00
2.558991855169321684e-03,3.876646188321996537e-03,5.929599642340697141e-01,2.474373242633691294e+00,2.000000000000000000e+01,6.250685926771613887e-02,-3.084151102982144010e+01,5.617638956616417545e+00,-3.853487092655879565e+01,7.314585770455656721e+00,-5.867492266041255533e+01,4.561975331205880835e+00,1.280000000000000000e+02,1.242493553348311252e+03,5.527462262128532444e+01,3.622100000000000000e+06,3.122599999999999820e-01,-1.387821129999981849e+03,1.000000000000000000e+00
3.029426055122329871e-03,4.219596452515801677e-03,6.010643607304166913e-01,3.065633393550533992e+00,2.000000000000000000e+01,7.547487076196482403e-02,-2.544435386898045692e+01,5.772080720321625336e+00,-3.643559739867927760e+01,6.347213237546574405e+00,-6.178052080850780214e+01,6.189490982353870407e+00,1.290000000000000000e+02,1.281030943469998647e+03,5.521112998266907113e+01,3.633600000000000000e+06,1.442700000000000093e-01,-3.899461399999697164e+02,1.000000000000000000e+00
2.919118081480398010e-03,4.127266696526714872e-03,6.387353429970693552e-01,3.124231255709734256e+00,2.000000000000000000e+01,7.435860554040935044e-02,-2.511473839978469869e+01,6.317415754661192651e+00,-3.451193816760828526e+01,6.055953793067402557e+00,-6.091837137652258605e+01,6.140530847828341798e+00,1.300000000000000000e+02,1.295961645964923036e+03,5.467112051923167115e+01,3.683900000000000000e+06,2.235900000000000110e-01,-7.291662000000235366e+02,1.000000000000000000e+00
3.027197644230359731e-03,4.216931826070648669e-03,6.443841063275298486e-01,3.013866820919949063e+00,2.000000000000000000e+01,7.517215671530379228e-02,-2.642206511138203595e+01,6.238883358341821506e+00,-3.405736171683189184e+01,6.325143968204083755e+00,-6.027088078851360109e+01,6.180322465909939389e+00,1.310000000000000000e+02,1.367046275874091180e+03,5.462801424087588487e+01,3.707600000000000000e+06,1.469499999999999973e-01,-3.635426999999926352e+02,1.000000000000000000e+00
3.027197644230359731e-03,4.216931826070648669e-03,6.443841063275298486e-01,3.013866820919949063e+00,2.000000000000000000e+01,7.517215671530379228e-02,-2.642206511138203595e+01,6.238883358341821506e+00,-3.405736171683189184e+01,6.325143968204083755e+00,-6.027088078851360109e+01,6.180322465909939389e+00,1.320000000000000000e+02,1.367046275874091180e+03,5.462801424087588487e+01,3.707600000000000000e+06,1.469499999999999973e-01,-3.635426999999926352e+02,1.000000000000000000e+00
3.027197644230359731e-03,4.216931826070648669e-03,6.443841063275298486e-01,3.013866820919949063e+00,2.000000000000000000e+01,7.517215671530379228e-02,-2.642206511138203595e+01,6.238883358341821506e+00,-3.405736171683189184e+01,6.325143968204083755e+00,-6.027088078851360109e+01,6.180322465909939389e+00,1.330000000000000000e+02,1.367046275874091180e+03,5.462801424087588487e+01,3.707600000000000000e+06,1.469499999999999973e-01,-3.635426999999926352e+02,1.000000000000000000e+00
2.780809643055156405e-03,4.578170324606890308e-03,6.528402717775608766e-01,1.452405392056239086e-01,2.000000000000000000e+01,7.403519925344478891e-02,-3.551834647898846953e+01,5.894030526525494196e+00,-4.912476933560461134e+01,6.019599724441125232e+00,-6.210293811468485359e+01,5.434323312492839619e+00,1.340000000000000000e+02,3.964368089512245774e+02,6.176888364502285356e+01,3.412400000000000000e+06,2.593900000000000095e-01,-9.151343999998125582e+02,1.000000000000000000e+00
2.848844099174908419e-03,4.484803837472784577e-03,6.378571346498786987e-01,3.902088591815888741e-01,2.000000000000000000e+01,7.466132447350809498e-02,-3.534255791247823453e+01,5.949003832570795680e+00,-4.958094157633422583e+01,5.723958731616392015e+00,-6.200317082852124884e+01,5.582823796212974088e+00,1.350000000000000000e+02,4.051981588498755968e+02,6.164654353444257850e+01,3.401600000000000000e+06,1.956499999999999906e-01,-5.908846740000080899e+02,1.000000000000000000e+00
2.757715981293790142e-03,4.673904563759318301e-03,6.519625314572471408e-01,-4.577352193315845086e-02,2.000000000000000000e+01,7.467886024212054552e-02,-3.705285164021751143e+01,5.812655104096208447e+00,-4.480281940003462182e+01,5.999757295187981398e+00,-6.317451023754345840e+01,5.528513449550475300e+00,1.360000000000000000e+02,4.334165510639239756e+02,6.136220774867808814e+01,3.425400000000000000e+06,1.777600000000000013e-01,-4.688582999999635490e+02,1.000000000000000000e+00
2.620806079691008830e-03,4.430698180001062074e-03,6.943666850837291182e-01,-1.606069646885941588e-02,2.000000000000000000e+01,7.375393949062217236e-02,-3.811378899621711724e+01,5.940866127553556808e+00,-4.539880501762242915e+01,5.746356875332399916e+00,-6.516696806201616710e+01,5.387635930658365879e+00,1.370000000000000000e+02,3.420040799333631867e+02,6.234978944200427975e+01,3.377300000000000000e+06,2.645399999999999974e-01,-8.428294490000956785e+02,1.000000000000000000e+00
2.848015393029271203e-03,4.590384208527422197e-03,6.488015181245018193e-01,-7.827639100109196058e-02,2.000000000000000000e+01,7.450807269573062053e-02,-3.730193523332597039e+01,5.900363695297944133e+00,-5.024994490726425056e+01,5.814787354728537139e+00,-6.109273547621992861e+01,5.502598282118792206e+00,1.380000000000000000e+02,3.195453799613096635e+02,6.275286994768163140e+01,3.389600000000000000e+06,2.054900000000000060e-01,-6.276969959999810271e+02,1.000000000000000000e+00
2.790746758546484504e-03,4.644221997953048783e-03,6.230757435397307198e-01,-5.208037917674286366e-01,2.000000000000000000e+01,7.584127488079454860e-02,-3.675250347054874567e+01,5.938552926980117164e+00,-4.940961859746364127e+01,5.849220935400026633e+00,-6.062807601180831085e+01,5.674558958645101292e+00,1.390000000000000000e+02,3.521495547816532508e+02,6.228968758950631468e+01,3.421500000000000000e+06,1.181799999999999934e-01,-2.570501790000045617e+02,1.000000000000000000e+00
2.636005864933237738e-03,4.563097779370734949e-03,6.237239023169174335e-01,-3.415739073882558818e-01,2.000000000000000000e+01,7.496957149296878953e-02,-3.885054836391564947e+01,5.740036122260493201e+00,-4.645909521393474506e+01,5.607495903506332979e+00,-6.063987589306866255e+01,5.651597312570864062e+00,1.400000000000000000e+02,3.532281533727237388e+02,6.228410317805666097e+01,3.393300000000000000e+06,1.628300000000000025e-01,-4.193013240000327642e+02,1.000000000000000000e+00
2.811611127171073470e-03,4.735180395066984627e-03,6.045152855448999718e-01,2.298679511330920244e-01,2.000000000000000000e+01,7.474703141955993391e-02,-3.726833362556028817e+01,5.725255515079616941e+00,-4.646279721856847544e+01,5.768834131924046815e+00,-6.393818523731167147e+01,5.718254859457918116e+00,1.410000000000000000e+02,3.738821994905953261e+02,6.200629164810133176e+01,3.386000000000000000e+06,1.996900000000000064e-01,-6.478824960000860074e+02,1.000000000000000000e+00
2.808551227252948507e-03,4.365985478983385251e-03,6.203869514691118248e-01,9.818944149681151368e-01,2.000000000000000000e+01,7.517326200745136355e-02,-3.496961943930866568e+01,5.884496973463605229e+00,-4.988262501671898974e+01,6.217347499342429806e+00,-6.033881272201139723e+01,5.838410205435829781e+00,1.420000000000000000e+02,4.632367816968049965e+02,6.100748843662461240e+01,3.463300000000000000e+06,1.542999999999999927e-01,-4.034645970000253783e+02,1.000000000000000000e+00
2.745308190377752748e-03,4.642881981994808130e-03,6.282755611008806751e-01,1.600099281675297358e-01,2.000000000000000000e+01,7.480051577142313168e-02,-3.579432825087567949e+01,5.924455086629182965e+00,-4.789003366895343561e+01,5.957017635348361040e+00,-6.005984708882505174e+01,5.602310466026722224e+00,1.430000000000000000e+02,4.599078905328036058e+02,6.106642921969292104e+01,3.449400000000000000e+06,1.780599999999999961e-01,-4.971194999999439688e+02,1.000000000000000000e+00
2.632721639497332018e-03,4.407954830125182522e-03,6.577126864997078215e-01,3.741713764551010124e-01,2.000000000000000000e+01,7.476042703129887057e-02,-3.673019060611308362e+01,5.681710602126079479e+00,-4.541949756270943794e+01,5.804253302004569015e+00,-6.173465751650233813e+01,5.660440087970427747e+00,1.440000000000000000e+02,4.634470777427776511e+02,6.099092721687119223e+01,3.416300000000000000e+06,1.629500000000000115e-01,-3.873157709999930489e+02,1.000000000000000000e+00
2.823068824501093026e-03,4.377766901777068766e-03,6.459673132651613248e-01,-1.386495003512294266e+00,2.000000000000000000e+01,7.532290816574588321e-02,-4.074835410769023269e+01,5.743674404301593484e+00,-5.355898034916532424e+01,5.442745483305848175e+00,-6.209688238763932588e+01,5.313677878908704244e+00,1.450000000000000000e+02,1.197789164306757357e+02,6.681858403651179401e+01,3.276600000000000000e+06,1.443500000000000061e-01,-3.442177999999896656e+02,1.000000000000000000e+00
2.880582783111031338e-03,4.450965670356053956e-03,6.365768558355383577e-01,-1.652178632995551455e+00,2.000000000000000000e+01,7.564118905343808485e-02,-3.987297829532717230e+01,5.448371267396186823e+00,-5.498575383893425794e+01,5.643487117528454888e+00,-5.993811480318871077e+01,5.265331069794731533e+00,1.460000000000000000e+02,1.236479305980550549e+02,6.667087077766747427e+01,3.274800000000000000e+06,1.306100000000000039e-01,-3.055770060000098738e+02,1.000000000000000000e+00
2.754470208083057911e-03,4.589076261929090489e-03,5.678826146230969707e-01,4.015846154203959739e-01,2.000000000000000000e+01,7.496616690261490024e-02,-3.196224193848709660e+01,5.926612527727943558e+00,-4.765985414692369204e+01,5.420249273972793880e+00,-6.500829267638677322e+01,5.898273572127568976e+00,1.470000000000000000e+02,5.010604044564950641e+02,6.066948464945196662e+01,3.399300000000000000e+06,2.006400000000000128e-01,-7.025453999999942880e+02,1.000000000000000000e+00
2.819153476388229669e-03,4.272706499070707750e-03,6.180009478772116038e-01,4.267487048476280576e-01,2.000000000000000000e+01,7.497488191630133358e-02,-3.376676753133770603e+01,5.906471597757782632e+00,-4.949641352034613817e+01,6.031873912945656890e+00,-6.266233960347366860e+01,5.687968268428724272e+00,1.480000000000000000e+02,4.401420325016236461e+02,6.115993750929101935e+01,3.431100000000000000e+06,1.822999999999999898e-01,-5.341084279999711271e+02,1.000000000000000000e+00
2.597670331397702523e-03,4.875061561316385711e-03,6.283233955856366570e-01,-8.304308300575712343e-01,2.000000000000000000e+01,7.534800914364499225e-02,-3.689295233249431050e+01,6.102548462118059902e+00,-5.112323944758131233e+01,5.162436733286813961e+00,-5.970867883547877142e+01,6.013851208608043564e+00,1.490000000000000000e+02,3.032882850597218862e+02,6.276321709064322363e+01,3.400000000000000000e+06,1.308900000000000063e-01,-2.908893999999741027e+02,1.000000000000000000e+00
3.209795473393208844e-03,3.964373500368515053e-03,5.702030033319770430e-01,2.147612027972457760e+00,2.000000000000000000e+01,7.800398153713197780e-02,-2.868822477322933295e+01,5.538408151322375517e+00,-3.632284796452103848e+01,5.195949826584723041e+00,-6.517308930120847776e+01,5.581448370789868996e+00,1.500000000000000000e+02,1.049924089421031113e+03,5.608463593085212295e+01,3.584400000000000000e+06,2.676399999999999890e-01,-9.189772020001571491e+02,1.000000000000000000e+00
2.892794253710950433e-03,4.425939428652919845e-03,5.812945923166579210e-01,-1.458747856290741884e+00,2.000000000000000000e+01,8.261282199437935958e-02,-3.720783704146322890e+01,4.987863696585073114e+00,-5.178315439211790050e+01,5.303218783535752934e+00,-6.666193736100892409e+01,4.984417230946558419e+00,1.510000000000000000e+02,1.262483572863497017e+02,6.636800622885155576e+01,3.269300000000000000e+06,1.139600000000000057e-01,-2.430968399999954954e+02,1.000000000000000000e+00
2.919927671043032018e-03,4.214684740336343237e-03,6.364573765971632824e-01,2.507593203651889979e+00,2.000000000000000000e+01,7.450548334794597494e-02,-2.748834865797812199e+01,6.201272062417984898e+00,-3.861873967564831389e+01,6.025177661073756852e+00,-6.118133127918176228e+01,5.980378970475358713e+00,1.520000000000000000e+02,1.081989847218442037e+03,5.563469406142681351e+01,3.616300000000000000e+06,2.091500000000000026e-01,-6.633243949999178994e+02,1.000000000000000000e+00
2.989876754096211509e-03,4.215678690048792893e-03,6.392667208620896879e-01,2.406120889923941242e+00,2.000000000000000000e+01,7.441815045435620779e-02,-2.775713301305381009e+01,6.186916379173114322e+00,-3.795671066698712082e+01,6.078121435512227499e+00,-6.187081718657110940e+01,6.033901765053123256e+00,1.530000000000000000e+02,1.065611257444060811e+03,5.572056445328952634e+01,3.618700000000000000e+06,2.264599999999999946e-01,-7.606585439998934817e+02,1.000000000000000000e+00
2.697787356502163829e-03,4.700460785308471084e-03,6.582739443365348553e-01,-4.369570800349342754e-02,2.000000000000000000e+01,7.455999425914254519e-02,-3.701928803008093638e+01,5.764818251409558947e+00,-4.642401536009531071e+01,5.834386592856159126e+00,-6.141336564487043148e+01,5.485243262321610302e+00,1.540000000000000000e+02,4.180901511638256238e+02,6.159507914157601505e+01,3.409100000000000000e+06,1.811200000000000032e-01,-4.751160390000189295e+02,1.000000000000000000e+00
2.878852023738220477e-03,4.698962470489147746e-03,6.069811965933343822e-01,5.051595263382617773e-01,2.000000000000000000e+01,7.477393540952854967e-02,-3.578125578688308650e+01,5.544037567532432931e+00,-4.374021033340891762e+01,6.530704226992403605e+00,-6.366368925270515433e+01,5.840167611058436847e+00,1.550000000000000000e+02,5.190164080135265294e+02,6.030416660095282566e+01,3.472700000000000000e+06,2.000099999999999933e-01,-6.533433360000614130e+02,1.000000000000000000e+00
2.971209661481657039e-03,4.221011328875207656e-03,6.381704727827601786e-01,1.724239318817733624e+00,2.000000000000000000e+01,7.488487933017763665e-02,-3.219596255270781882e+01,6.235929271376532412e+00,-4.315400540989044487e+01,5.765816251684454663e+00,-5.732911165999637149e+01,5.816445736574674896e+00,1.560000000000000000e+02,8.515962396574038848e+02,5.742150106351430594e+01,3.564500000000000000e+06,1.790400000000000047e-01,-5.140803030000372473e+02,1.000000000000000000e+00
2.555845708761257315e-03,4.458933408327201905e-03,6.679286080469559739e-01,-6.772600338977384782e-01,2.000000000000000000e+01,7.364032158108688164e-02,-4.099305075121827713e+01,5.474149956748263435e+00,-5.163851579154492555e+01,5.928343547457082252e+00,-6.218854743409654162e+01,6.224761459464183133e+00,1.570000000000000000e+02,1.348373369055827311e+02,6.587028776309503542e+01,3.350600000000000000e+06,3.080499999999999905e-01,-1.118164799999962952e+03,1.000000000000000000e+00
2.700357832971764932e-03,4.707537602710479968e-03,6.755598619161994334e-01,-6.295787694981890281e-01,2.000000000000000000e+01,7.452662121750372459e-02,-3.883583514004860859e+01,5.738638444349261292e+00,-4.672110589890935017e+01,5.713370837239415856e+00,-6.447490234620829597e+01,5.379493824792612955e+00,1.580000000000000000e+02,2.693090331060533913e+02,6.330973449696093525e+01,3.347800000000000000e+06,1.779300000000000048e-01,-4.438800000000236423e+02,1.000000000000000000e+00
2.837256145299688320e-03,4.591356057991540819e-03,6.305998891767303771e-01,8.100721188074134771e-01,2.000000000000000000e+01,7.442957603248852305e-02,-3.545687284485846646e+01,5.781775005569382841e+00,-4.519864470079583896e+01,6.030049866149412630e+00,-6.021724534717456834e+01,5.864020737543262030e+00,1.590000000000000000e+02,5.625671404027508515e+02,5.981726159193185310e+01,3.479300000000000000e+06,2.191899999999999959e-01,-7.252343229998657534e+02,1.000000000000000000e+00
2.708055594211724974e-03,4.844341370718331305e-03,6.403889088005016994e-01,-5.119370437670680563e-01,2.000000000000000000e+01,7.453801084660965914e-02,-3.777140789523301123e+01,5.695193694595316103e+00,-4.916904723136021715e+01,5.774344772693466687e+00,-6.270097564258767164e+01,5.523601748676966849e+00,1.600000000000000000e+02,2.722131385372845216e+02,6.321725114262889633e+01,3.360000000000000000e+06,1.933600000000000041e-01,-5.584819290000817773e+02,1.000000000000000000e+00
2.782303010777092619e-03,4.627417733329574137e-03,6.564156355825561118e-01,-3.922756875312857772e-01,2.000000000000000000e+01,7.438454380516537623e-02,-3.835524983503388796e+01,5.842977192244426021e+00,-4.850628549681591295e+01,5.780194975696728577e+00,-6.332581281896737835e+01,5.502007079638971732e+00,1.610000000000000000e+02,2.715614200850620819e+02,6.321813901794811841e+01,3.367500000000000000e+06,2.109199999999999964e-01,-6.423614910000291047e+02,1.000000000000000000e+00
2.851581924352405116e-03,4.139581449492481247e-03,6.278685831105172976e-01,1.975207734943325244e+00,2.000000000000000000e+01,7.404629792011155343e-02,-3.069416805265345971e+01,6.124978294476816743e+00,-4.328351001341853532e+01,5.867335747144253766e+00,-6.290582205624985335e+01,5.317790501940900860e+00,1.620000000000000000e+02,7.939022399553289233e+02,5.769515418390385975e+01,3.487400000000000000e+06,2.856000000000000205e-01,-1.151831772000207366e+03,1.000000000000000000e+00
2.962391230174998401e-03,4.477184587359664750e-03,6.288698834143958694e-01,1.388644945895129101e+00,2.000000000000000000e+01,7.505586229648814056e-02,-3.178753047988733016e+01,6.033663325239187358e+00,-4.312623267264778804e+01,7.000868041374583406e+00,-6.053170004848496433e+01,5.836665375626474805e+00,1.630000000000000000e+02,8.175465937748238048e+02,5.765837034961840146e+01,3.621400000000000000e+06,1.629400000000000015e-01,-4.429162380000419148e+02,1.000000000000000000e+00
3.043411709371359603e-03,4.117457631085575873e-03,5.980923662985024869e-01,1.658338047722947017e+00,2.000000000000000000e+01,7.526420280124808404e-02,-3.176723291864000487e+01,5.749586089896809860e+00,-4.395807968122977627e+01,6.809629090044573729e+00,-6.011377275630265160e+01,5.898593423518722290e+00,1.640000000000000000e+02,7.665269219186656073e+02,5.783530926046123710e+01,3.577400000000000000e+06,1.793299999999999894e-01,-5.629364999999446582e+02,1.000000000000000000e+00
2.851114529222692658e-03,4.511885376363058107e-03,6.528432374686334860e-01,1.632151944125452836e+00,2.000000000000000000e+01,7.412326983436560990e-02,-3.071866949150167869e+01,6.093247243845636874e+00,-4.481274206438316554e+01,6.006637215444011524e+00,-6.214699499889849221e+01,5.435471164307605463e+00,1.650000000000000000e+02,7.627212506506142518e+02,5.809338200907313876e+01,3.496800000000000000e+06,2.374499999999999944e-01,-8.095861269998767966e+02,1.000000000000000000e+00
3.010740895762216169e-03,4.481160568294785887e-03,6.278967904563668156e-01,1.498179761687637335e+00,2.000000000000000000e+01,7.476128294798614626e-02,-3.208766656722772836e+01,5.900349432765340296e+00,-4.292723008954614272e+01,6.269202401867769225e+00,-6.210551278312850343e+01,5.700892587427578206e+00,1.660000000000000000e+02,7.633410010433359503e+02,5.807898558321988958e+01,3.522600000000000000e+06,1.952500000000000069e-01,-6.158703199999405342e+02,1.000000000000000000e+00
2.802256996644315185e-03,4.320985089601495771e-03,6.350202896750707371e-01,9.760418815926966696e-01,2.000000000000000000e+01,7.444607927800778180e-02,-3.420684509431346498e+01,6.009749116503755317e+00,-4.657416327270266265e+01,5.664685385045448385e+00,-6.276412509342378598e+01,5.500937861546309371e+00,1.670000000000000000e+02,5.369161559333902005e+02,6.019386965658573985e+01,3.423100000000000000e+06,2.172399999999999887e-01,-7.081587999998765781e+02,1.000000000000000000e+00
2.703026330774713475e-03,4.210498285416334682e-03,6.287265747503094637e-01,4.421320622483553286e-01,2.000000000000000000e+01,7.457208956850081005e-02,-3.357700806278830896e+01,5.933590547975049923e+00,-4.571383259438135838e+01,5.900215725595024274e+00,-6.239866857513236198e+01,5.883340795681538893e+00,1.680000000000000000e+02,5.369527800940679754e+02,5.999307496635098147e+01,3.470400000000000000e+06,2.096000000000000085e-01,-6.481794000000244296e+02,1.000000000000000000e+00
2.850517426737661595e-03,4.053726267063963509e-03,6.344366926666626938e-01,3.312017634728854798e+00,2.000000000000000000e+01,7.336483661225938480e-02,-2.298837808015044004e+01,6.357606973817655494e+00,-3.501242453499538243e+01,5.870345158493417870e+00,-6.246384742988686867e+01,6.106433365952456782e+00,1.690000000000000000e+02,1.331145769567098796e+03,5.475801860011608824e+01,3.658900000000000000e+06,3.944300000000000028e-01,-1.910638464999349480e+03,1.000000000000000000e+00
2.797158470805124163e-03,4.255872572227767728e-03,6.361954607732086542e-01,1.775351694614726528e+00,2.000000000000000000e+01,7.387738843319348325e-02,-3.060478350787046509e+01,6.078969693115253037e+00,-3.963971061232193449e+01,5.819599060708710248e+00,-6.234364228203985192e+01,5.891476975676929406e+00,1.700000000000000000e+02,8.645371381795323487e+02,5.716528450265077055e+01,3.543400000000000000e+06,2.988399999999999945e-01,-1.206714718999900242e+03,1.000000000000000000e+00
2.736855070479971962e-03,4.250714717267995053e-03,5.952601694331579596e-01,-9.048351941343908411e-01,2.000000000000000000e+01,7.438584909730469596e-02,-4.658117960295282245e+01,5.133376035749654065e+00,-5.648472184427539844e+01,5.236835518693434111e+00,-5.746261962229118581e+01,4.954793694460177811e+00,1.710000000000000000e+02,1.132971726556291543e+02,6.865387176234807498e+01,3.244700000000000000e+06,2.830300000000000038e-01,-1.112859379999816611e+03,1.000000000000000000e+00
2.432678375371314511e-03,4.370899406539581651e-03,7.205587780499607131e-01,-7.858999068142217270e-01,2.000000000000000000e+01,7.749661875142047074e-02,-4.300391124284490729e+01,6.410126335507659867e+00,-5.186375035567446901e+01,5.320400415474410671e+00,-6.270635932080348596e+01,5.666508996579346480e+00,1.720000000000000000e+02,1.137567834314221926e+02,6.775311065754112860e+01,3.270900000000000000e+06,2.636899999999999800e-01,-9.388853700001761808e+02,1.000000000000000000e+00
2.861527114940604338e-03,4.375935741937037049e-03,6.417890344527857893e-01,1.626696483011277561e+00,2.000000000000000000e+01,7.453756334148267659e-02,-3.415419613381770603e+01,6.015647748463747391e+00,-4.289605584893060097e+01,5.721233600539159525e+00,-6.164098893775205568e+01,5.930969852407878662e+00,1.730000000000000000e+02,6.859849369214332455e+02,5.864432021021320196e+01,3.491900000000000000e+06,2.009400000000000075e-01,-6.090336000000334025e+02,1.000000000000000000e+00
2.773368818883673557e-03,4.642175131393755372e-03,6.267530255252625748e-01,2.846536070309605426e-01,2.000000000000000000e+01,7.505522183200666331e-02,-3.526859509573776563e+01,5.922494092189825032e+00,-4.845029862648647168e+01,5.904421860757967266e+00,-6.016822173356236192e+01,5.650565493015435869e+00,1.740000000000000000e+02,4.759639873090114293e+02,6.095585335334983768e+01,3.445400000000000000e+06,1.559099999999999930e-01,-4.011592199999709578e+02,1.000000000000000000e+00
2.656748333716953819e-03,4.251056521396319801e-03,6.585172366071172512e-01,-8.245728069705764440e-01,2.000000000000000000e+01,7.428607199551812146e-02,-3.801944567749344372e+01,5.308643369765567499e+00,-4.998386179950283292e+01,5.070763801121677794e+00,-7.111318680437844364e+01,5.068448604683818637e+00,1.750000000000000000e+02,1.173057335944622110e+02,6.760719702408277954e+01,3.268600000000000000e+06,3.017699999999999827e-01,-1.171275599999738233e+03,1.000000000000000000e+00
2.688655978384794486e-03,4.732785140857720223e-03,6.726210031822988933e-01,-3.564726040316613109e-01,2.000000000000000000e+01,6.913244242804124362e-02,-3.931535947313797408e+01,6.270579446868195461e+00,-5.398525215660920651e+01,6.807904256480118654e+00,-5.718230562042417375e+01,5.216727776416964169e+00,1.760000000000000000e+02,2.653343613614810579e+02,6.334641673703650611e+01,3.428100000000000000e+06,9.954899999999999860e-02,-1.748944380000029355e+02,1.000000000000000000e+00
2.776978031854193587e-03,4.657134996599971224e-03,6.394706246090017254e-01,2.494905062909992810e-01,2.000000000000000000e+01,7.466533913619813334e-02,-3.549368892790896979e+01,5.840850328681057135e+00,-4.843732603083751087e+01,6.109624516221005663e+00,-6.296285094581388364e+01,5.353434273444507951e+00,1.770000000000000000e+02,4.053820741704758461e+02,6.170640240508728169e+01,3.408300000000000000e+06,1.845700000000000118e-01,-5.247623230000026524e+02,1.000000000000000000e+00
2.718387225554846128e-03,4.338304110798871238e-03,5.981670766886929558e-01,-3.490385223067178355e-01,2.000000000000000000e+01,7.717036214316268239e-02,-3.630351935718235268e+01,5.868986758163226014e+00,-4.677511194112957327e+01,5.793567242277488205e+00,-6.264501280624092772e+01,5.940283540698215958e+00,1.780000000000000000e+02,4.123642252627224707e+02,6.165974669267449570e+01,3.431600000000000000e+06,8.204799999999999593e-02,-1.390709999999965589e+02,1.000000000000000000e+00
2.747370585055490880e-03,4.344377627870661673e-03,6.392306789348665141e-01,-1.300679499797298133e-01,2.000000000000000000e+01,7.450517048311977586e-02,-3.691178327544336923e+01,5.791901846417232491e+00,-4.609405419788888736e+01,5.757278465939410950e+00,-6.227611774959353852e+01,5.539658583109810408e+00,1.790000000000000000e+02,4.114629067436359833e+02,6.166407967684099134e+01,3.403900000000000000e+06,2.121999999999999997e-01,-6.590992660000183605e+02,1.000000000000000000e+00
2.374416094065928077e-03,4.644542377454791149e-03,6.725845754429690126e-01,-6.570232664473586726e-02,2.000000000000000000e+01,8.460490641962102598e-02,-3.625347305986592517e+01,5.204105589998060388e+00,-4.865905227411919753e+01,5.205762957225709364e+00,-5.546308296534064652e+01,5.831937123544791213e+00,1.800000000000000000e+02,4.105509225112517697e+02,6.168136370871950902e+01,3.404500000000000000e+06,1.862300000000000066e-01,-5.240605000000479095e+02,1.000000000000000000e+00
2.766491298038810040e-03,4.328652890821571564e-03,6.111210984390844647e-01,4.995106568573288719e-01,2.000000000000000000e+01,7.563157052267846514e-02,-3.418315892820467639e+01,5.638132998083269953e+00,-4.637108832353929699e+01,6.223831604402875861e+00,-6.451756195124073656e+01,5.616530390145639373e+00,1.810000000000000000e+02,4.838533267919825107e+02,6.086069781070263218e+01,3.423600000000000000e+06,1.316700000000000093e-01,-3.121891999999965037e+02,1.000000000000000000e+00
2.751619003048113698e-03,4.454768248845884446e-03,6.413963527562007716e-01,7.352724175473674961e-01,2.000000000000000000e+01,7.405491590900004084e-02,-3.331875177937541110e+01,5.925600786450561763e+00,-4.635535706488305152e+01,5.809263710158400151e+00,-6.072857104923043892e+01,5.741446679881915927e+00,1.820000000000000000e+02,5.844830600613286151e+02,5.966251149794059216e+01,3.467100000000000000e+06,2.644000000000000239e-01,-9.556743940001589408e+02,1.000000000000000000e+00
2.631069851695443107e-03,4.296951906074568048e-03,6.605097861956277239e-01,-3.617809821132818571e-01,2.000000000000000000e+01,7.465860402843316201e-02,-3.756379625211071982e+01,5.769415345178805055e+00,-4.694888346891765707e+01,5.637859093153518408e+00,-6.188951066486318098e+01,5.580069461583419432e+00,1.830000000000000000e+02,3.551324276970052551e+02,6.218515712763308301e+01,3.386700000000000000e+06,1.791399999999999937e-01,-4.496378999999690791e+02,1.000000000000000000e+00
2.459496079565204937e-03,4.567193880550868106e-03,6.828394829251421827e-01,-1.568034432761520602e-01,2.000000000000000000e+01,6.887487488552790360e-02,-4.003658436523660669e+01,5.256256670347302595e+00,-4.452419908302545082e+01,5.402843458403318699e+00,-6.758544676686939567e+01,5.913104511293478360e+00,1.840000000000000000e+02,3.632469004616833672e+02,6.215208919703463408e+01,3.378000000000000000e+06,1.650600000000000123e-01,-4.197961980000483209e+02,1.000000000000000000e+00
2.646562640550719978e-03,4.766883676567799585e-03,6.691344722034064940e-01,-4.719898023447301472e-01,2.000000000000000000e+01,7.470419203408221187e-02,-3.730143713079014134e+01,5.794317817623937827e+00,-4.534372762006474744e+01,5.797625286816491474e+00,-6.413667294432585209e+01,5.638760808727667495e+00,1.850000000000000000e+02,3.642422069850115918e+02,6.207348042683434386e+01,3.398000000000000000e+06,1.591400000000000037e-01,-3.742843860000181735e+02,1.000000000000000000e+00
2.906770937584361204e-03,4.508670601664896936e-03,6.373118769009915585e-01,1.200693664532393568e+00,2.000000000000000000e+01,7.454846776469380154e-02,-3.437509520278489106e+01,5.838830848718779443e+00,-4.533109407411588876e+01,6.076906026562074459e+00,-6.177850028211432232e+01,5.641290267806580161e+00,1.860000000000000000e+02,5.981344186132281493e+02,5.955453895791806218e+01,3.466500000000000000e+06,2.058300000000000129e-01,-6.480671999999023001e+02,1.000000000000000000e+00
2.666600538007243663e-03,4.383620562755641964e-03,6.642423971987642117e-01,-7.815276044047617110e-02,2.000000000000000000e+01,7.401064893618650165e-02,-3.750668745498879275e+01,5.870788431254661432e+00,-4.583518170061135066e+01,5.752343224135726629e+00,-6.350024413545226309e+01,5.441357676952844891e+00,1.870000000000000000e+02,3.793649367313228709e+02,6.196606243142299775e+01,3.391200000000000000e+06,2.530999999999999917e-01,-8.347709999998827470e+02,1.000000000000000000e+00
2.705953236001920788e-03,4.585830074068169074e-03,6.703115409031277228e-01,-7.619190073961366050e-01,2.000000000000000000e+01,7.462597094335303438e-02,-3.964460729137009309e+01,5.665496191109747670e+00,-4.851200473274899139e+01,5.777120248135637404e+00,-6.276047050186296161e+01,5.548725196372572555e+00,1.880000000000000000e+02,2.201517080059658724e+02,6.390556791350090293e+01,3.350800000000000000e+06,1.745500000000000107e-01,-4.367484000000355309e+02,1.000000000000000000e+00
2.487485562530050102e-03,4.074027995860083663e-03,5.849383874778448789e-01,-7.471556206399919686e-01,2.000000000000000000e+01,7.482659305662206495e-02,-3.811418053898172786e+01,5.772983088855550449e+00,-4.171754791719472877e+01,5.654185547500053310e+00,-7.141728693444591158e+01,5.645503473714678755e+00,1.890000000000000000e+02,1.680402221817538191e+02,6.484129060003483858e+01,3.341200000000000000e+06,6.257899999999999574e-02,-7.426115800000086153e+01,1.000000000000000000e+00
2.533054964398506227e-03,4.530288126305240075e-03,6.703594607828100571e-01,-5.119174272479893872e-01,2.000000000000000000e+01,7.414898404211470173e-02,-4.021871834007248481e+01,5.418798637078587888e+00,-4.988949432934510497e+01,5.892525620917882456e+00,-6.424521889761274451e+01,6.026486429058161676e+00,1.900000000000000000e+02,1.442100338784660494e+02,6.538369127735003872e+01,3.331300000000000000e+06,2.141899999999999915e-01,-6.020917230001078906e+02,1.000000000000000000e+00
2.810386538061464962e-03,4.046101414510046811e-03,5.609683028258027893e-01,2.101844248602121379e+00,2.000000000000000000e+01,8.053436081912312972e-02,-2.820970016323978058e+01,5.967777903921412275e+00,-4.162724991451971590e+01,6.336308326930841339e+00,-5.514028694733905667e+01,6.096593408266131497e+00,1.910000000000000000e+02,8.729873974195478468e+02,5.700745581909166759e+01,3.590300000000000000e+06,2.008000000000000063e-01,-7.045064389999554351e+02,1.000000000000000000e+00
2.785147892955246174e-03,4.338392514554647098e-03,6.424353158464606306e-01,-1.232145581968176140e+00,2.000000000000000000e+01,7.529292276036975151e-02,-4.048600790877691225e+01,5.672562842541526429e+00,-5.433608732905160821e+01,5.514944484051635065e+00,-6.209041719041474039e+01,5.283978125786980229e+00,1.920000000000000000e+02,1.200221962057793945e+02,6.715456586968853969e+01,3.268900000000000000e+06,1.465899999999999981e-01,-3.526725670000092805e+02,1.000000000000000000e+00
2.828737110574144030e-03,4.616240408293762268e-03,6.595704309834991008e-01,-8.603697997405297393e-01,2.000000000000000000e+01,7.398056783822799798e-02,-4.058435068472644502e+01,6.206649498050269997e+00,-5.398699272004382266e+01,5.575567189608808150e+00,-6.276215971390533355e+01,5.507694786249166086e+00,1.930000000000000000e+02,1.228478422268845804e+02,6.688013462351366911e+01,3.326800000000000000e+06,2.776500000000000079e-01,-1.028907299999845009e+03,1.000000000000000000e+00
2.670080709104086236e-03,4.197814481577037161e-03,6.113153015718891803e-01,-1.641799273457921426e+00,2.000000000000000000e+01,7.516128994831237919e-02,-3.901148852140045875e+01,4.962834264811341711e+00,-5.351702647694581572e+01,5.710778254838232648e+00,-6.341074942648687340e+01,5.111261115201422456e+00,1.940000000000000000e+02,1.225548957634543825e+02,6.714525011002844224e+01,3.214700000000000000e+06,1.755099999999999993e-01,-4.847829999999699453e+02,1.000000000000000000e+00
2.597670331397702523e-03,4.875061561316385711e-03,6.283233955856366570e-01,-8.304308300575712343e-01,2.000000000000000000e+01,7.534800914364499225e-02,-3.689295233249431050e+01,6.102548462118059902e+00,-5.112323944758131233e+01,5.162436733286813961e+00,-5.970867883547877142e+01,6.013851208608043564e+00,1.950000000000000000e+02,1.847449816231373063e+02,6.459073787964406677e+01,3.345100000000000000e+06,1.261799999999999866e-01,-2.721593229999885466e+02,1.000000000000000000e+00
2.504903537096526706e-03,4.753830240594022691e-03,6.435409475114547417e-01,-1.129313097867108873e+00,2.000000000000000000e+01,7.565376501809675802e-02,-3.944790165291396278e+01,5.163822835769914299e+00,-4.816236385081253246e+01,5.085737836386007515e+00,-6.355551288217646544e+01,5.690391146895227514e+00,1.960000000000000000e+02,1.903432191811668304e+02,6.456365986651769617e+01,3.257500000000000000e+06,1.138399999999999967e-01,-2.127579999999856000e+02,1.000000000000000000e+00
2.810730598494017365e-03,4.272543913715056915e-03,6.083215887595505578e-01,9.052995754459076672e-01,2.000000000000000000e+01,7.497495902625436748e-02,-3.630835999443284834e+01,5.866194405123358990e+00,-4.837556725109705980e+01,5.929019353841584739e+00,-6.123230451505345684e+01,5.691990018457266487e+00,1.970000000000000000e+02,4.387372836098963944e+02,6.129869089676395078e+01,3.427300000000000000e+06,1.842300000000000049e-01,-5.579835000000265381e+02,1.000000000000000000e+00
2.664225849124488704e-03,4.436250008918581240e-03,6.398434899963230116e-01,-8.554201410289725693e-01,2.000000000000000000e+01,7.669297852692306960e-02,-3.979139623606441489e+01,5.642053303673296938e+00,-4.866249522586060294e+01,5.745517038651518860e+00,-6.206043445039878037e+01,5.614458110732629237e+00,1.980000000000000000e+02,2.273180430773013541e+02,6.388874599254001652e+01,3.355500000000000000e+06,8.703199999999999825e-02,-1.365744000000038625e+02,1.000000000000000000e+00
2.685445757800649334e-03,4.714291734715511314e-03,6.503241872817322466e-01,3.101435153144982415e-01,2.000000000000000000e+01,7.428565796694061585e-02,-3.607360356578816862e+01,5.747918612116243331e+00,-4.655122786631586962e+01,5.827985757254921850e+00,-6.213407992825672466e+01,5.508746413041039958e+00,1.990000000000000000e+02,4.460801867240942329e+02,6.118541713175704899e+01,3.406700000000000000e+06,2.106300000000000117e-01,-6.299010000000839682e+02,1.000000000000000000e+00
