2.262480041801894284e-03,1.322894210338924036e-03,2.724775097418139502e-01,-2.117947085831588083e+01,2.000000000000000000e+01,8.440236934065127594e-02,-3.726025115785361663e+01,9.676580832649454678e+00,-1.242514546163353799e+02,4.322514977361749722e+00,1.461558059599633452e+02,6.549674249064484144e+00,0.000000000000000000e+00,1.661891240004034671e+02,4.528864227431689073e+02,2.068200000000000000e+06,3.298500000000000043e-02,-6.333600000000097907e+01,1.000000000000000000e+00
2.539946397194645187e-03,2.350508505220263045e-03,6.640492662028882886e-01,2.128991580470700917e+00,2.000000000000000000e+01,6.800953501972174797e-02,-2.572729802977896796e+01,4.715869107846209829e+00,-3.836770284990134883e+01,5.836933759171607505e+00,-1.923837017354805923e+01,6.798639914388273198e+00,1.000000000000000000e+00,1.740401230636351102e+03,6.186878712536000080e+01,3.866300000000000000e+06,1.002900000000000041e-01,-1.490985870000029934e+02,1.000000000000000000e+00
2.522466767707784614e-03,7.448047017549355373e-03,4.711725063345095221e-01,-1.249529005083203259e+01,2.000000000000000000e+01,7.492985325967858878e-02,-3.766139623438611750e+01,5.698673915648079458e+00,-5.557123486793493328e+00,5.178901529900340250e+00,-8.389985979136251615e+01,5.939671442767680887e+00,2.000000000000000000e+00,1.665921046609626330e+02,1.174838630773751191e+02,3.284300000000000000e+06,2.505299999999999749e-01,-1.074292192999862436e+03,1.000000000000000000e+00
3.931246248103946461e-03,5.742447652548425367e-03,2.929494764179579325e-01,-1.318016154779091487e+01,2.000000000000000000e+01,7.866975987270258264e-02,-5.150108622872451747e+01,6.023333175650965821e+00,-5.793706768713504118e+01,6.060574167500231368e+00,-3.333861291083596257e+01,4.893195552654582059e+00,3.000000000000000000e+00,1.721361596216437988e+02,7.522255934655136400e+01,3.376400000000000000e+06,1.988099999999999867e-01,-2.297086930000379198e+03,1.000000000000000000e+00
2.466011918211144429e-03,3.780631763262620650e-03,5.956482431698126856e-01,3.565818677764700073e+00,2.000000000000000000e+01,7.236073046544730381e-02,-4.635576607277295835e+01,4.601215337598607569e+00,-3.406030268739755940e+01,5.385161340484547310e+00,-5.798822740915095153e+01,6.207529247572863618e+00,4.000000000000000000e+00,8.359284616476678593e+02,6.250430435358872217e+01,3.370700000000000000e+06,5.907999999999999918e-01,-2.342371199999663531e+03,1.000000000000000000e+00
3.441788132982979108e-03,4.429404096570520311e-03,2.940527267742070183e-01,-8.043372731876328174e-01,2.000000000000000000e+01,7.661695441981641874e-02,-4.290833396553104251e+01,4.875966092769116855e+00,-5.132749996674128568e+01,6.229318865382932557e+00,-6.401750168909423166e+01,4.591610816989137867e+00,5.000000000000000000e+00,2.628740734420979379e+02,6.883699628935120529e+01,3.209100000000000000e+06,5.302000000000000046e-01,-3.144060919999151793e+03,1.000000000000000000e+00
3.475934049304349200e-03,5.178876462244090886e-03,5.867543484702641976e-01,2.855634414468608995e+00,2.000000000000000000e+01,6.897747060523495843e-02,-3.334040576465930172e+01,5.218298918073230652e+00,-4.074420440076507788e+01,4.271442175409734254e+00,-7.995966203321574994e+01,4.746808450499054644e+00,6.000000000000000000e+00,1.089640620761259925e+03,6.549377029452509191e+01,3.096400000000000000e+06,2.163899999999999990e-01,-4.762257000000180369e+02,1.000000000000000000e+00
2.970005417415723901e-03,3.600036001187740479e-03,4.516494146411407229e-01,3.619674266739971280e+00,2.000000000000000000e+01,7.196239044840808952e-02,-1.115530587760230041e+01,5.202947008405272911e+00,-2.770313186872461486e+01,5.425789695060791118e+00,-3.157011382282061973e+01,3.333642758037840714e+00,7.000000000000000000e+00,3.537660856659269029e+03,6.283374728082145566e+01,3.574900000000000000e+06,4.298000000000000154e-01,-1.442825999999834721e+03,1.000000000000000000e+00
3.296086671243769924e-03,4.910263788127860497e-03,4.531744132718185103e-01,4.103520999275864334e+00,2.000000000000000000e+01,7.407038874069120371e-02,-1.142888282820808854e+01,6.326506363449427184e+00,-3.178642916337877722e+01,6.922126418028763162e+00,7.902172705777701367e-01,5.341737825339056833e+00,8.000000000000000000e+00,3.298597794882948165e+03,6.383514437340310366e+01,4.112400000000000000e+06,4.882000000000000228e-01,-2.836733529999495204e+03,1.000000000000000000e+00
2.802406460828700194e-03,5.028154201473761242e-03,5.917361224066910452e-01,1.426330623287489274e+00,2.000000000000000000e+01,7.189891900815476022e-02,-4.005774296692467829e+01,3.317941405283550971e+00,-3.158284455897483411e+01,6.290876000819272562e+00,-2.213261787183969176e+01,5.117043881416656781e+00,9.000000000000000000e+00,2.160490816836811064e+03,6.435226701767123814e+01,3.566500000000000000e+06,6.561200000000000365e-01,-2.497983000000650918e+03,1.000000000000000000e+00
3.659630429980117138e-03,4.800689436972833263e-03,4.548752255084080320e-01,3.182396788043357017e+00,2.000000000000000000e+01,7.072479729421626837e-02,-3.469351499655162741e+01,6.467479372625984269e+00,-2.396171560950391921e+01,7.385722556513635517e+00,1.242508280122976316e+01,3.838036161599042817e+00,1.000000000000000000e+01,4.136329907281973647e+03,6.402920497114784837e+01,3.936600000000000000e+06,3.192800000000000082e-01,-9.983259999999144156e+02,1.000000000000000000e+00
3.292477224993002778e-03,4.777190842452061839e-03,5.766239671219568486e-01,2.745936647100732486e+00,2.000000000000000000e+01,6.937640284527440970e-02,-1.217557761563656094e+01,5.131676882043945120e+00,-2.995166304962044990e+01,5.354523326352770951e+00,-2.616446081495380227e+01,5.561800871400775392e+00,1.100000000000000000e+01,4.355914121991466345e+03,6.404594930655233043e+01,3.799200000000000000e+06,2.502199999999999980e-01,-5.579770499999705180e+02,1.000000000000000000e+00
2.191286426620967041e-03,6.524829773639904962e-03,3.013514800835815910e-01,-9.207749716891275860e-01,2.000000000000000000e+01,7.225196244785761501e-02,-2.891985606174706547e+01,4.695340518094202942e+00,-4.313352139585498435e+01,6.066764932927220855e+00,-6.341959083691442345e+01,2.806658175332580996e+00,1.200000000000000000e+01,1.396997686438008031e+03,6.730593142503481374e+01,3.244900000000000000e+06,3.397600000000000064e-01,-1.320947871000415262e+03,1.000000000000000000e+00
2.933561375045734380e-03,4.808050757661105207e-03,5.672403796720990599e-01,-2.723678485820716144e+00,2.000000000000000000e+01,7.374152782821430385e-02,-2.965126947025216708e+01,4.009430944630709703e+00,-6.614673437261262734e+01,4.067699831989886938e+00,-4.721503463027762137e+01,4.056631572253094120e+00,1.300000000000000000e+01,5.076473317545001578e+02,6.999619800293268668e+01,3.021200000000000000e+06,4.396599999999999953e-01,-2.362358999999214575e+03,1.000000000000000000e+00
3.102392821632213478e-03,4.676693054133600376e-03,6.560137828407296423e-01,2.743550744501811689e+00,2.000000000000000000e+01,6.825501004168378627e-02,-2.673338800104103186e+00,5.381397549620205112e+00,-4.805008225743905115e+01,5.954991152037351299e+00,-3.223634045519453650e+01,3.974167148558062301e+00,1.400000000000000000e+01,3.420080649135780277e+03,6.472175507308554643e+01,3.576900000000000000e+06,1.423099999999999921e-01,-2.769052000000017983e+02,1.000000000000000000e+00
2.486360993051287861e-03,7.124876112273765411e-03,2.261140130014568927e-01,-1.627190682755963991e+01,2.000000000000000000e+01,7.621321006430439859e-02,1.631252854582552203e+00,6.156295681978594558e+00,-6.849203909875811291e+01,6.852071780107248600e+00,-8.066225876764509906e+01,4.777165935238729233e+00,1.500000000000000000e+01,1.861227199219594581e+02,1.033637198284482395e+02,3.177400000000000000e+06,4.509799999999999920e-01,-2.277268027000719030e+03,1.000000000000000000e+00
3.380631142631168422e-03,5.061335566983392667e-03,5.030845875349978513e-01,-1.138280790635367090e+01,2.000000000000000000e+01,7.125362477765381786e-02,-1.329235610951101698e+01,5.884134021868568709e+00,-6.397204918305966714e+01,5.757787671161928245e+00,-6.869474427116124104e+01,6.538700152514673292e+00,1.600000000000000000e+01,2.012367889220312236e+02,8.471778668238052035e+01,3.327700000000000000e+06,4.903399999999999981e-01,-9.922108000002133394e+02,1.000000000000000000e+00
3.060285938092074769e-03,5.502289234725924946e-03,2.681279814210313917e-01,-1.591761749903180068e+01,2.000000000000000000e+01,7.665842582857221310e-02,-4.244013415793027377e+01,5.042137484567003725e+00,-6.538830407186543425e+01,5.669486965965154113e+00,-3.433358342731155943e+01,6.132076321181420653e+00,1.700000000000000000e+01,2.246947581568425960e+02,7.903643973950563861e+01,3.376500000000000000e+06,4.991599999999999926e-01,-2.654142000001308134e+03,1.000000000000000000e+00
3.164815684174201310e-03,4.769773251885641406e-03,6.542396620695802856e-01,3.642810261564580099e+00,2.000000000000000000e+01,6.813522631598481483e-02,-8.685055076535570961e+00,5.613931360208292531e+00,-4.830027924432773290e+01,5.333908004725710583e+00,-5.167618101789699381e+00,4.796578779009990079e+00,1.800000000000000000e+01,4.195690481789456499e+03,6.456239842492948355e+01,3.708400000000000000e+06,1.447599999999999998e-01,-2.776759999999997603e+02,1.000000000000000000e+00
2.791857602062377403e-03,5.038945838642061581e-03,5.080843081688817264e-01,3.046744856577081606e-01,2.000000000000000000e+01,7.419846654916709139e-02,-3.231025066130152368e+01,3.295526062559322789e+00,-3.131491381365933790e+01,5.597142615933570653e+00,-3.726868732309351628e+01,4.911044998633928849e+00,1.900000000000000000e+01,1.498483454225856121e+03,6.877487529505161490e+01,3.430600000000000000e+06,3.681599999999999873e-01,-2.021787507999922582e+03,1.000000000000000000e+00
3.383309385683892952e-03,4.745836526487436785e-03,4.940723597982927817e-01,3.544782858515421964e+00,2.000000000000000000e+01,6.934168871611111340e-02,-1.460300788391862170e+00,5.308214469576859607e+00,-4.037453415015784230e+01,4.272103962803107891e+00,-9.811765584015505226e+01,5.005960240240896475e+00,2.000000000000000000e+01,2.725618820702938592e+03,6.701950981425483178e+01,3.025700000000000000e+06,2.084900000000000087e-01,-5.260720499999573576e+02,1.000000000000000000e+00
2.802277572128955042e-03,5.500273628215071944e-03,5.056834095900246684e-01,3.286012690907711864e+00,2.000000000000000000e+01,6.634992362513138231e-02,-3.434567192023227022e+01,7.111259200886864917e+00,1.534573606643919952e+01,5.219204953621457754e+00,-5.105244450783689558e+01,6.546816453632577471e+00,2.100000000000000000e+01,3.838027560825997625e+03,6.579469026881523064e+01,3.846000000000000000e+06,7.235099999999999865e-02,-1.491598000000021500e+02,1.000000000000000000e+00
3.079495464369794155e-03,5.850861978337330155e-03,6.256128892038970157e-01,4.279836255693282965e+00,2.000000000000000000e+01,7.004308104284544256e-02,-3.368048269071991285e+00,3.302697599052182298e+00,-3.305553143575504293e+01,5.313118441637245226e+00,-2.559107527118253955e+01,5.475328308596377980e+00,2.200000000000000000e+01,5.442621910593551547e+03,6.636366959865010529e+01,3.572800000000000000e+06,4.902699999999999836e-01,-1.261117439999702356e+03,1.000000000000000000e+00
3.318171642180049122e-03,6.228681406294082380e-03,5.536580369130355006e-01,-1.302890109140161989e+01,2.000000000000000000e+01,7.837348450829688395e-02,4.250997150038475070e+01,5.751374285864971903e+00,-7.242497578336251252e+01,6.107739770839863525e+00,-7.606743548435646574e+01,8.679543113129705389e+00,2.300000000000000000e+01,1.884347274856561683e+02,1.162030292680644550e+02,3.051200000000000000e+06,7.013999999999999402e-02,-1.409044000000007202e+02,1.000000000000000000e+00
3.058434465330790459e-03,4.371065671055347074e-03,7.419564627056217665e-01,-1.498970798835159268e+00,2.000000000000000000e+01,7.646176513813142395e-02,-2.558037175922614637e+01,4.984516951456962275e+00,-8.281142375781267617e+01,5.190739786329379157e+00,-2.269334994016544016e+01,5.367036953866134219e+00,2.400000000000000000e+01,5.268041978016115081e+02,7.117705391470718723e+01,3.278700000000000000e+06,8.726399999999999435e-02,-1.200735400000014863e+02,1.000000000000000000e+00
2.892951029464766941e-03,4.421716035578560078e-03,4.055054445633177740e-01,3.864242164330640161e+00,2.000000000000000000e+01,7.200845021576790517e-02,-1.102848512948575532e+01,5.212636604081819058e+00,-7.096098058873872105e+01,4.374131641429795714e+00,3.643776226797921680e+00,5.320113610653103287e+00,2.500000000000000000e+01,3.661472817032455623e+03,6.855163662663473190e+01,3.474900000000000000e+06,4.143499999999999961e-01,-1.536563421999972206e+03,1.000000000000000000e+00
3.171832665557395951e-03,3.267761200570957515e-03,5.476696592720975421e-01,-3.754737502117443615e+00,2.000000000000000000e+01,7.162138570061379883e-02,-6.630290499190981279e+01,5.997435845836689872e+00,-4.128897627955188909e+01,4.579205814867984614e+00,-1.088635245625863313e+01,4.715611685490078031e+00,2.600000000000000000e+01,2.080712368565289125e+02,8.554354711434567093e+01,3.329900000000000000e+06,5.201500000000000012e-01,-1.080877790000072537e+03,1.000000000000000000e+00
3.080746340210153977e-03,5.786627345169923810e-03,5.717146190629947000e-01,1.542785018611870118e+00,2.000000000000000000e+01,7.005556109941053766e-02,-1.891971836699143950e+01,3.328664096821504437e+00,-2.814909750558227586e+01,5.336887831461177178e+00,-3.361193731291798059e+01,5.470334892877993127e+00,2.700000000000000000e+01,3.935457264922688410e+03,6.799290797934605735e+01,3.544000000000000000e+06,3.759899999999999909e-01,-9.907468999999998687e+02,1.000000000000000000e+00
2.738413642101712817e-03,4.263075281189430098e-03,5.044852004937457890e-01,-6.874242630713148117e+00,2.000000000000000000e+01,7.863140489304085157e-02,-6.486052645589511201e+01,5.250488005509310163e+00,-1.618926094171894192e+01,7.205793661063374600e+00,-5.880220571440308674e+01,7.142520155904463763e+00,2.800000000000000000e+01,2.575673106923285900e+02,7.947975044724923066e+01,3.593600000000000000e+06,7.438100000000000267e-02,-1.522333559999955241e+02,1.000000000000000000e+00
2.382160683562067113e-03,5.445095200688560878e-03,6.852219002968351624e-01,-4.621494273095526850e+00,2.000000000000000000e+01,7.371355821642447403e-02,-1.507019315660429370e+01,5.674929691033206325e+00,-6.157678194924108794e+01,5.688113306592459395e+00,-5.703675046599055776e+01,6.813208994851066791e+00,2.900000000000000000e+01,4.359890682958956631e+02,7.778961533046728505e+01,3.481300000000000000e+06,2.493499999999999883e-01,-7.169025999999875012e+02,1.000000000000000000e+00
2.717321412153435485e-03,4.955416417936588797e-03,5.342046013168172403e-01,-4.687799548579878461e+00,2.000000000000000000e+01,7.344357160144746044e-02,-2.888322682861587509e+01,4.299338739193326653e+00,-6.031877453850525228e+01,4.074615662109698278e+00,-5.099109323338072386e+01,3.991193838616141853e+00,3.000000000000000000e+01,4.937710816053445910e+02,7.620990753066129741e+01,3.066400000000000000e+06,5.208899999999999642e-01,-2.431271114999301062e+03,1.000000000000000000e+00
2.958086754532375344e-03,6.540372453659040047e-03,4.217049657518865402e-01,-2.862981213351312615e+00,2.000000000000000000e+01,7.265891364632806604e-02,-3.229907382482548428e+01,4.925826301123997553e+00,-4.419296383236742543e+01,6.248386308188479177e+00,-6.232986048714363392e+01,2.682990360815237896e+00,3.100000000000000000e+01,8.358034461295893607e+02,7.263692110947664560e+01,3.254000000000000000e+06,5.357899999999999885e-01,-2.257545599999609294e+03,1.000000000000000000e+00
3.229802429252050938e-03,6.865079433581914789e-03,2.942669077824237589e-01,-9.350786232267381592e+00,2.000000000000000000e+01,7.470254996643024836e-02,-3.883516591263595075e+01,5.897760531512434845e+00,-2.973479148645320436e+01,5.094176433027549855e+00,-1.095933490052754422e+02,5.182157374800091532e+00,3.200000000000000000e+01,6.936547275339160024e+02,7.365044219512600421e+01,2.949700000000000000e+06,5.744299999999999962e-01,-2.230168709999702060e+03,1.000000000000000000e+00
3.213287106588722658e-03,5.079171827439027398e-03,7.672427958707077611e-01,-5.280953960890635734e+00,2.000000000000000000e+01,6.783248311823242283e-02,-2.772862647143175607e+01,3.909608837365731837e+00,-5.326495509937200268e+01,5.246988529899867082e+00,-7.810301653604170724e+01,5.978649663721434138e+00,3.300000000000000000e+01,5.332292437021485512e+02,7.414537815587958391e+01,3.018600000000000000e+06,1.228599999999999970e-01,-1.800351000000042063e+02,1.000000000000000000e+00
3.116885348911417348e-03,5.088748694511538266e-03,6.222319710593493536e-01,-1.037387732459677991e+01,2.000000000000000000e+01,7.550644952561609557e-02,-5.055451502372273609e+01,4.209509347316410022e+00,-4.234510904052574176e+01,4.158968800101638053e+00,-3.307328189718077738e+01,4.425336577082894962e+00,3.400000000000000000e+01,2.148932719257653901e+02,9.961263920532454108e+01,3.191000000000000000e+06,1.675200000000000022e-01,-4.773165999999554288e+02,1.000000000000000000e+00
3.431171655695910983e-03,4.135252704976614263e-03,4.884513220713500026e-01,-8.370287015050848822e+00,2.000000000000000000e+01,7.967828531550084914e-02,-6.037673463719327316e+01,4.851248042216784739e+00,-4.395043044255176312e+01,5.157499478243958713e+00,-1.743555396253423950e+01,3.550062084495182901e+00,3.500000000000000000e+01,2.406815354077171776e+02,8.539106904017359057e+01,3.203600000000000000e+06,6.833999999999999797e-02,-1.667514599999987865e+02,1.000000000000000000e+00
3.197028715423216524e-03,6.097001151679970130e-03,3.888399843350189844e-01,-6.640596107800831760e+00,2.000000000000000000e+01,7.443134672759620096e-02,-7.758227045953418610e+01,4.804089052688261141e+00,-2.876441868018196146e+01,4.473390735888190584e+00,-2.866817965803849333e+01,4.378810524285484007e+00,3.600000000000000000e+01,2.540487197703322124e+02,8.516192440618036130e+01,3.129900000000000000e+06,5.847900000000000320e-01,-2.824531280000877359e+03,1.000000000000000000e+00
3.116291740518826146e-03,4.373914679155748580e-03,4.689532814826875562e-01,2.816727601332499997e+00,2.000000000000000000e+01,6.881585724052385888e-02,-6.075172006671056835e+00,4.808476891966300570e+00,-7.716077501478315526e+01,5.012765319470334546e+00,-8.927426473616172586e+00,5.321621882241988288e+00,3.700000000000000000e+01,3.209093998450573054e+03,6.895432512517676571e+01,3.401100000000000000e+06,1.535499999999999921e-01,-3.496264199999766333e+02,1.000000000000000000e+00
2.741515874412273415e-03,7.424555611734025631e-03,3.669261234865666133e-01,-1.210397722622976246e+01,2.000000000000000000e+01,7.613272233600919259e-02,-4.132973495340964831e+01,5.787623640243539924e+00,8.841377429011291866e+00,4.700276353867117507e+00,-9.256023609700848453e+01,5.769451987787415526e+00,3.800000000000000000e+01,2.064641234336633318e+02,1.169612797897987946e+02,3.107400000000000000e+06,2.436699999999999977e-01,-1.665399399999829939e+03,1.000000000000000000e+00
2.263969620966057444e-03,3.601476116747385787e-03,2.745405815208005196e-01,-1.662345315395845802e+01,2.000000000000000000e+01,6.719334721127447063e-02,-3.134360154619671590e+01,7.552357224981469663e+00,-1.143068932379840135e+02,4.435291648257700281e+00,-4.279310125399346987e+01,6.064454240153246189e+00,3.900000000000000000e+01,5.603867301001341730e+02,7.460307980243860015e+01,3.136600000000000000e+06,6.129899999999999932e-02,-8.007048700000100894e+01,1.000000000000000000e+00
3.545755413028650604e-03,4.696392621489807288e-03,4.749794517126744164e-01,-1.583033568793943147e+01,2.000000000000000000e+01,7.244438311294126853e-02,-3.950410834115886161e+01,5.900424416738163202e+00,-1.729016723741063899e+01,4.963183099679215893e+00,-7.939498253124037319e+01,5.877404213079835849e+00,4.000000000000000000e+01,2.192716782478983077e+02,1.033091308162332069e+02,3.285500000000000000e+06,5.922800000000000287e-01,-1.230698399999791263e+03,1.000000000000000000e+00
2.379139703567652222e-03,5.433459708476029437e-03,4.365229756892398116e-01,1.087380365231127355e+00,2.000000000000000000e+01,7.209308125568554548e-02,-5.768098201336264452e+01,3.887692682571670666e+00,-2.226214888128799174e+01,4.640260876599501039e+00,-1.209862270632590509e+01,5.690310466182005200e+00,4.100000000000000000e+01,2.157913825896663639e+03,7.063191105504736811e+01,3.488200000000000000e+06,5.037599999999999856e-01,-1.867277099999527763e+03,1.000000000000000000e+00
3.427798365113781786e-03,3.482465791424394462e-03,7.552900373789239730e-01,-4.697305957330371484e+00,2.000000000000000000e+01,7.239154128240068986e-02,-1.049959071861046027e+02,4.936827026678155761e+00,-3.737148803395447771e+01,4.580324169966154990e+00,-1.968572175038121941e+01,7.252966950252639933e+00,4.200000000000000000e+01,2.350643320547638666e+02,9.698701374403313480e+01,3.185400000000000000e+06,7.446000000000000396e-01,-3.008272020001017609e+03,1.000000000000000000e+00
3.741226049337151825e-03,5.414957847209992021e-03,6.449698467527145151e-01,-1.044437550438225593e+01,2.000000000000000000e+01,7.593192897542554165e-02,-7.301383812884743918e+01,4.969781895296986107e+00,-3.853698625169433711e+01,4.210993068583925414e+00,-3.513162092212228060e+01,5.326580560634024408e+00,4.300000000000000000e+01,3.956145151674261911e+02,8.094587891017874881e+01,3.157700000000000000e+06,1.545199999999999907e-01,-4.153757000000252333e+02,1.000000000000000000e+00
3.755609176020771774e-03,2.397047036527829612e-03,5.730699245504965456e-01,-2.571205090765768198e+00,2.000000000000000000e+01,7.290323582483815290e-02,-4.347129670877750840e+01,4.002300654293725835e+00,-2.161061753820548148e+01,6.771266020905382987e+00,-6.434840353882825070e+01,6.718211969356675084e+00,4.400000000000000000e+01,1.240700385851851706e+03,7.311363661023260363e+01,3.508000000000000000e+06,6.045599999999999863e-01,-1.659651199999737401e+03,1.000000000000000000e+00
3.481460433208236234e-03,3.421034338805770646e-03,6.818151797129086145e-01,1.683868284875019938e+00,2.000000000000000000e+01,6.932946363812365898e-02,-3.717466099829142223e+01,5.093958797755176349e+00,1.197968823912389524e+01,4.056789363987721053e+00,-7.301607381943445318e+01,4.687305429269972734e+00,4.500000000000000000e+01,2.105048510737364268e+03,7.239914528406521299e+01,3.197900000000000000e+06,2.129800000000000026e-01,-4.015798300000333256e+02,1.000000000000000000e+00
3.255105736572195922e-03,4.010220328478048685e-03,4.509856920057541685e-01,6.337615525013707618e+00,2.000000000000000000e+01,7.743719419258474068e-02,-2.672791277521313802e+01,4.245754120032095180e+00,-4.347968914529438678e+01,5.346315348752388452e+00,-2.170030128364009414e+01,7.176525808554089281e+00,4.600000000000000000e+01,2.291834323300613050e+03,7.139740774164862103e+01,3.753800000000000000e+06,1.110099999999999976e-01,-3.441619999999772972e+02,1.000000000000000000e+00
3.099620992512662314e-03,4.317213438114905766e-03,7.098644696229833295e-01,9.921133962644742565e-01,2.000000000000000000e+01,6.662941087319584899e-02,-5.378016938119711199e+01,3.551530867475240605e+00,-7.045608848308211236e+01,4.852590155607481748e+00,-8.566113332972356886e+00,3.305505600247300446e+00,4.700000000000000000e+01,2.426377941669413474e+02,8.654957798677959602e+01,2.926400000000000000e+06,8.271799999999999986e-02,-1.132496800000022148e+02,1.000000000000000000e+00
3.181995228067661073e-03,6.203956217395058606e-03,4.942273991104040309e-01,-2.357938949936770889e+00,2.000000000000000000e+01,7.132568818221990403e-02,5.544809997968542348e+00,4.951600355634401041e+00,-5.813309193899847571e+01,6.034814407884825371e+00,-9.057311171231080493e+01,6.102894523680664207e+00,4.800000000000000000e+01,4.924520279699971752e+02,8.013497947058812088e+01,3.051900000000000000e+06,4.584500000000000242e-01,-1.595398870000379929e+03,1.000000000000000000e+00
1.738088157631440499e-03,5.735549947230593817e-03,3.350608651217353851e-01,1.121005878510162201e+00,2.000000000000000000e+01,7.996351092327236287e-02,-6.858144861762556843e+01,2.082078908136643314e+00,-4.475897394262359796e+01,2.320375028288528707e+00,-8.642557439014953502e+01,2.328042944462022312e+00,4.900000000000000000e+01,4.017403746066593726e+02,8.162703287188590195e+01,2.413600000000000000e+06,5.400699999999999945e-02,-1.114051590000022571e+02,1.000000000000000000e+00
4.023388402535773081e-03,9.475346782757210554e-04,7.663098202998187558e-01,1.777134267278871249e+00,2.000000000000000000e+01,7.850257585210079769e-02,-1.514192093288721708e+01,7.518591803167492316e+00,2.074107156005939601e+01,1.885735470581860751e+00,-9.069798597882072499e+01,4.681114101126153670e+00,5.000000000000000000e+01,2.515517852442784260e+03,7.226770550829591855e+01,3.142300000000000000e+06,7.980399999999999994e-02,-1.268586000000017862e+02,1.000000000000000000e+00
3.388439109564449561e-03,6.007519115578328385e-03,5.965917486582881235e-01,-2.939335448565698172e+00,2.000000000000000000e+01,7.350884654302763943e-02,-8.690119558424032675e+01,3.511216964313431887e+00,-3.276656782009507651e+01,4.394251319628178720e+00,-1.534037461528336976e+01,2.904657288998646614e+00,5.100000000000000000e+01,2.694862290769017363e+02,8.474060402561477190e+01,2.887700000000000000e+06,4.531499999999999972e-01,-2.667632460001346772e+03,1.000000000000000000e+00
4.487207299204490178e-03,3.968418772129379997e-03,8.147448048910365115e-01,2.214335867752000198e+00,2.000000000000000000e+01,6.307935393904323673e-02,2.237881100290075587e+00,5.148827463229368462e+00,-7.267642404989668137e+01,1.259354205452229536e+00,-5.280898309785398226e+01,7.292609376327340520e+00,5.200000000000000000e+01,2.776223943726333346e+03,7.160113328794351162e+01,3.261300000000000000e+06,8.741799999999999571e-02,-1.447864000000013220e+02,1.000000000000000000e+00
3.815732300789563894e-03,4.159946204122964494e-03,5.921630630342828994e-01,7.299076049046577808e-01,2.000000000000000000e+01,7.056388099703507499e-02,-2.438825382817771725e+01,6.118726957642900643e+00,-2.845565870692760413e+01,4.609907813895228301e+00,-2.817500977699110720e+01,5.981381470788879717e+00,5.300000000000000000e+01,2.960309592210267056e+03,7.190584610235600849e+01,3.829300000000000000e+06,3.754500000000000060e-01,-9.426792000000482403e+02,1.000000000000000000e+00
3.750094628399070450e-03,3.027821923120600344e-03,5.613390825423115738e-01,5.392154407585699971e+00,2.000000000000000000e+01,6.638808919490080118e-02,-2.794297999746645544e+01,6.395739564868166305e+00,-7.855584688295021323e+00,5.318727959499885749e+00,-1.108398856023064383e+01,3.036302722835941825e+00,5.400000000000000000e+01,3.415616050245422230e+03,7.176925203901103600e+01,3.706500000000000000e+06,6.017700000000000132e-02,-1.198750000000021032e+02,1.000000000000000000e+00
2.472155897984019794e-03,2.349652575647033764e-03,6.667012475862141851e-01,1.912199302042286497e+00,2.000000000000000000e+01,6.819304727679906253e-02,-5.410448960093280135e+00,5.055246436862967485e+00,-2.760075997063690778e+01,5.633854191981589210e+00,-2.779461416870428536e+01,7.121569921369440337e+00,5.500000000000000000e+01,2.223528035999110671e+03,7.270337274978868436e+01,3.988100000000000000e+06,1.065399999999999958e-01,-1.619159999999982915e+02,1.000000000000000000e+00
3.591084300603706887e-03,4.222393545020259459e-03,7.404558446168916230e-01,-1.867789562513017287e+01,2.000000000000000000e+01,6.828796374004314496e-02,-6.665701514604840838e+01,4.868183337602105532e+00,-1.109684398202639954e+01,4.260260960408986719e+00,-6.797363401417941020e+01,5.499488447893587484e+00,5.600000000000000000e+01,4.125817710633536421e+02,8.380756093713917210e+01,3.028600000000000000e+06,1.895499999999999963e-01,-2.300633999999971877e+02,1.000000000000000000e+00
3.190492704294923664e-03,5.063216625971972765e-03,5.382922449700309198e-01,-1.339591547970323404e+01,2.000000000000000000e+01,7.394347495004485737e-02,-7.162856390509149662e+01,4.681582824892329242e+00,-5.512098238428414732e+01,6.474040241319922728e+00,-8.116725215987585784e-01,5.544755371796231458e+00,5.700000000000000000e+01,2.494616042308211661e+02,8.763598294297607083e+01,3.341100000000000000e+06,5.007800000000000029e-01,-2.683343880000321406e+03,1.000000000000000000e+00
4.013395049995101271e-03,4.213830900270706080e-03,9.728807953190715674e-01,-1.058744012795261824e+01,2.000000000000000000e+01,6.923180136295804810e-02,-1.711827020922607900e+01,6.572448329945109080e+00,-9.795724066433288613e+01,4.146713026079947184e+00,-5.060394966841378306e+01,4.315792877746289058e+00,5.800000000000000000e+01,2.504746116149635782e+02,8.752974263344509609e+01,3.072700000000000000e+06,2.726299999999999835e-01,-4.118778299999881369e+02,1.000000000000000000e+00
2.850513326011698371e-03,5.447937455154642193e-03,4.965493396407830162e-01,-5.480175078260906218e+00,2.000000000000000000e+01,7.359929045735562336e-02,-7.694331398469135763e+01,4.435581353460691822e+00,-2.986096460209466485e+01,3.920687161123105113e+00,-3.986664148324803136e+01,3.442138231955667038e+00,5.900000000000000000e+01,2.874055725846786800e+02,8.505437461361240992e+01,2.928600000000000000e+06,5.310200000000000475e-01,-2.583472105000465035e+03,1.000000000000000000e+00
2.758946053945916278e-03,5.150066465886435352e-03,6.215326356434947019e-01,-1.093900416350098226e+01,2.000000000000000000e+01,7.579399760936300634e-02,-4.159045667401619539e+01,4.403521805224068331e+00,-4.271902736785818888e+01,4.165736902887601012e+00,-3.350628725193320889e+01,4.508554359256310207e+00,6.000000000000000000e+01,2.300129506964015320e+02,1.152885602054172978e+02,3.264000000000000000e+06,1.275100000000000122e-01,-2.802234490000116125e+02,1.000000000000000000e+00
2.871342329081125449e-03,6.180016261239422437e-03,3.635650746429534563e-01,-1.656440639769298429e+01,2.000000000000000000e+01,7.853081365887917831e-02,-5.225425479456788480e+01,5.702140268588950178e+00,-1.226713125888705669e+01,4.570197412375611279e+00,-6.337044371337782422e+01,4.755681227213893081e+00,6.100000000000000000e+01,2.310590030516028719e+02,1.079271396733192745e+02,3.250900000000000000e+06,1.136400000000000049e-01,-4.532351999999989971e+02,1.000000000000000000e+00
2.517402040619501000e-03,6.300920644997629744e-03,5.999696254821142993e-01,1.424351358442326188e+00,2.000000000000000000e+01,6.962037056641173782e-02,-4.966541748448610605e+01,5.184851068312160471e+00,6.874264080236928365e+00,4.246493893607015124e+00,-4.845562255529679163e+01,4.680616484918029840e+00,6.200000000000000000e+01,2.906298084900985032e+03,7.355542936671014331e+01,3.350600000000000000e+06,3.213599999999999790e-01,-7.901701999999013424e+02,1.000000000000000000e+00
3.211614248199824630e-03,5.061504336056436675e-03,9.054013906751381402e-01,4.112189481320240869e-01,2.000000000000000000e+01,6.891898730767512249e-02,6.335348691381621933e+00,4.565663703665921780e+00,-7.276240384958819618e+01,5.801346029366962753e+00,-6.715867019369753166e+01,5.709906448612042773e+00,6.300000000000000000e+01,7.903426909555181510e+02,7.750892614456331842e+01,3.100300000000000000e+06,2.018099999999999894e-01,-3.494764799999886122e+02,1.000000000000000000e+00
3.724396566747290634e-03,7.589213669810338306e-03,7.924952904054500813e-01,-1.652387984382440678e+01,2.000000000000000000e+01,7.524868357274391850e-02,-4.331697793888154990e+01,5.729321923616930157e+00,-2.944374784979594750e+01,4.455521132171920584e+00,-8.352301787443293790e+01,7.474142811460697366e+00,6.400000000000000000e+01,6.981990244745593372e+02,7.775972994481699629e+01,3.119300000000000000e+06,1.097000000000000058e-01,-2.015871199999966450e+02,1.000000000000000000e+00
2.782282097352513275e-03,4.779921181490428932e-03,4.875670918199127013e-01,3.988665824338159638e+00,2.000000000000000000e+01,7.228428943510700755e-02,-2.817646145323340434e+01,4.062777431520689930e+00,2.110140633491564888e+00,4.430610994461243735e+00,-9.660207140250646418e+00,5.224954657990168450e+00,6.500000000000000000e+01,4.172769005437517990e+03,7.286064098560709112e+01,3.620600000000000000e+06,5.810800000000000409e-01,-2.390656739999712954e+03,1.000000000000000000e+00
2.810025321984606361e-03,4.711884778657887685e-03,4.882264405845586630e-01,-1.107963971652508306e+01,2.000000000000000000e+01,7.823512270577268057e-02,-6.764640462085300499e+01,5.300288576641156268e+00,-8.889834748462423164e+00,3.339718005842698734e+00,-2.324802769074645425e+01,4.690916415540883122e+00,6.600000000000000000e+01,2.310930474507566998e+02,1.141937284651123150e+02,3.213900000000000000e+06,8.533200000000000507e-02,-2.067230689999952631e+02,1.000000000000000000e+00
3.945918511261063515e-03,2.854101696434146410e-03,1.761881216002221251e-01,-9.690593221994836526e+00,2.000000000000000000e+01,7.762643084918800784e-02,-9.706556000752689783e+01,3.257527789700753296e+00,-1.787847855042608103e+01,6.587646669370815999e+00,-8.132222747103797644e+01,3.654683036932335760e+00,6.700000000000000000e+01,6.637917572637953754e+02,7.811764165419303652e+01,2.849800000000000000e+06,6.914299999999999891e-01,-3.923539900001387650e+03,1.000000000000000000e+00
3.945091443176656359e-03,3.861339077435378079e-03,4.878380839213202202e-01,3.252429193908709326e+00,2.000000000000000000e+01,7.749159404094749237e-02,-2.491301368061728283e+01,6.989006628232929508e+00,-3.591533496396087344e+01,6.001018230201747627e+00,4.062762646492321039e+01,7.717002417042618134e+00,6.800000000000000000e+01,2.703928964475555858e+03,7.406331156022164919e+01,4.076400000000000000e+06,1.324299999999999922e-01,-4.986480000000238419e+02,1.000000000000000000e+00
3.133919045982990620e-03,5.810617576580891230e-03,6.556594206037915651e-01,-1.762563453573037009e+01,2.000000000000000000e+01,7.055089685927538878e-02,-4.911403131877912642e+01,6.025293385852606320e+00,-3.749206080010062436e+01,5.170019641489663975e+00,-5.520888289652020831e+01,6.301976212453844539e+00,6.900000000000000000e+01,5.008246961363652190e+02,8.158252219959189233e+01,3.429300000000000000e+06,6.215399999999999814e-01,-1.154706909999798654e+03,1.000000000000000000e+00
3.807296586097137347e-03,5.109174799993449270e-03,3.645408129110534468e-01,3.884689605587063888e+00,2.000000000000000000e+01,6.895880169128837389e-02,-2.797815715292423988e+01,6.607227153031653977e+00,-5.831688044935744131e+01,6.923670144263234683e+00,4.100656841336935798e+01,2.871583087736731876e+00,7.000000000000000000e+01,3.398514879070522966e+03,7.401926502484654691e+01,3.464000000000000000e+06,1.361900000000000055e-01,-4.006233000000049742e+02,1.000000000000000000e+00
3.344518544853462578e-03,5.096100518049260716e-03,5.805022556558880886e-01,-1.067192054788588607e+01,2.000000000000000000e+01,7.070339495371577576e-02,-3.158515695959438219e+01,4.816445260837290299e+00,-2.489961442823887339e+01,5.299379305198865353e+00,-7.300059304281657546e+01,5.766697647975568941e+00,7.100000000000000000e+01,2.398514510927214474e+02,1.083713662954793904e+02,3.321900000000000000e+06,4.803200000000000247e-01,-9.481959999998981630e+02,1.000000000000000000e+00
3.359195658738998395e-03,1.043470148407149752e-03,2.860718956169877591e-01,-2.215109747586862809e+01,2.000000000000000000e+01,8.490125305387789811e-02,9.489283336683172365e+01,8.966141451309594501e+00,-8.018700271785483835e+01,9.519814687061952441e+00,1.621050811781414609e+02,1.660442240834750782e+00,7.200000000000000000e+01,2.270948735262857952e+02,5.569125815224496137e+02,2.029700000000000000e+06,3.396500000000000213e-02,-6.427077999999978886e+01,1.000000000000000000e+00
3.200209822688107174e-03,4.275757234396928771e-03,6.799754143243641469e-01,-1.029820351298849523e+00,2.000000000000000000e+01,7.601023124377877249e-02,-2.535928992120510372e+01,5.133870097263052656e+00,-5.241625296116251320e+01,5.766704890922980553e+00,-1.551400509322969690e+01,3.922572790979030444e+00,7.300000000000000000e+01,1.210474942841092798e+03,7.684696435577600937e+01,3.486100000000000000e+06,1.146800000000000042e-01,-2.324339299999921025e+02,1.000000000000000000e+00
2.379531008116110482e-03,5.667601558160277955e-03,5.070246108594682610e-01,3.195449362021312023e-01,2.000000000000000000e+01,6.939171594262796838e-02,-5.502964906675780554e+01,5.075515282056329625e+00,-1.405840302990581492e+01,4.858352824479005960e+00,-1.516036835963133278e+01,6.251878145768085204e+00,7.400000000000000000e+01,2.512818244715134369e+03,7.516798571665815132e+01,3.692000000000000000e+06,2.413899999999999935e-01,-5.478736980000712720e+02,1.000000000000000000e+00
3.337110230817333899e-03,5.702680528451041508e-03,3.810464840511916251e-01,-1.280973787732835234e+01,2.000000000000000000e+01,7.742881663257122904e-02,-8.616992629934543402e+01,4.815641718106104641e+00,-2.464893662892433923e+01,5.385888162103986687e+00,-9.871631386789951890e+00,4.026986412231103429e+00,7.500000000000000000e+01,2.534728342135315984e+02,9.999014357792138696e+01,3.163100000000000000e+06,2.280500000000000027e-01,-1.263906490000033273e+03,1.000000000000000000e+00
3.939815578307846212e-03,4.736917469970862785e-03,6.834465257083766065e-01,-1.731286695672086040e+00,2.000000000000000000e+01,7.276243211289590285e-02,-7.594936437635217885e+01,4.693339087008274291e+00,-2.096863562495770239e+01,6.932101918718582390e+00,-2.014370601179980724e+01,3.651614798773908710e+00,7.600000000000000000e+01,8.222928712225887011e+02,7.886926595207737023e+01,3.390500000000000000e+06,7.521799999999999597e-01,-3.620242779999626691e+03,1.000000000000000000e+00
2.392697657060393994e-03,5.531117397906692296e-03,5.091258223642636249e-01,4.806933542651032898e-01,2.000000000000000000e+01,6.924602796022946705e-02,-6.114768398371326441e+01,5.077805383722460597e+00,-1.633770282696469067e+01,4.804676891198008448e+00,-1.149780612277820246e+01,5.227477099576767650e+00,7.700000000000000000e+01,2.045926223533241682e+03,7.624432122750189933e+01,3.523800000000000000e+06,2.290300000000000114e-01,-4.906468170000580926e+02,1.000000000000000000e+00
3.345689347639538465e-03,4.927174823616957064e-03,4.848791743492037454e-01,3.673893950254115470e+00,2.000000000000000000e+01,7.314928376737665772e-02,-5.190538115822526066e+01,5.479984439206425861e+00,1.065370012491575658e+01,3.812520370909386891e+00,-6.121082759291650177e+01,5.296170434152204898e+00,7.800000000000000000e+01,1.607832753846044170e+03,7.709131732221996458e+01,3.228600000000000000e+06,6.277099999999999902e-01,-3.083916030001185391e+03,1.000000000000000000e+00
2.513835349142283949e-03,6.074620327870899027e-03,6.333099207091720251e-01,3.618468954451822039e+00,2.000000000000000000e+01,7.063973276003956969e-02,-1.039501486024832744e+01,4.452283004782749742e+00,-3.785334607987232403e+01,2.779030934276088605e+00,-8.669048126664267784e+01,6.632089639322198416e+00,7.900000000000000000e+01,1.432619391767414072e+03,7.753479029226433283e+01,2.923600000000000000e+06,4.682700000000000196e-01,-1.802705599999297647e+03,1.000000000000000000e+00
3.217439553891672001e-03,5.079440011731765035e-03,5.656908772576080269e-01,-1.728505014795685568e+01,2.000000000000000000e+01,7.022580821830043396e-02,-5.050337752898147414e+01,6.347645489133991958e+00,-5.415478305891814159e+01,4.860661466957044929e+00,-3.252573837817150348e+01,6.398935620566083671e+00,8.000000000000000000e+01,5.169247681662560581e+02,8.272471765768052876e+01,3.504500000000000000e+06,4.938100000000000267e-01,-6.353377500000361806e+02,1.000000000000000000e+00
1.648573367493256061e-03,5.243868711509541009e-03,5.039071482079737763e-01,-1.431059934332658301e+01,2.000000000000000000e+01,6.932984586428764251e-02,-3.295422913858101310e+01,8.627948812385398014e+00,-5.638036793478185160e+01,2.572608039400362756e+00,-1.339702219038209137e+02,1.572271429717713997e-01,8.100000000000000000e+01,2.436494520782931659e+02,1.104591315455212737e+02,3.090900000000000000e+06,1.320600000000000107e-01,-2.645018840000058731e+02,1.000000000000000000e+00
2.878942095712215717e-03,5.595153582567121558e-03,6.233789073882392007e-01,-3.589454940909103442e+00,2.000000000000000000e+01,7.364325989353814883e-02,-8.127032451774109489e+00,6.152282818192176705e+00,-6.690087910561267392e+01,6.357482110354524707e+00,-5.310994340373681410e+01,6.691504328327480877e+00,8.200000000000000000e+01,6.978475868765285668e+02,7.962638742006538450e+01,3.563000000000000000e+06,3.614299999999999735e-01,-1.703414249999427511e+03,1.000000000000000000e+00
2.782925715786072236e-03,4.104333100733501341e-03,7.743465041267157956e-01,6.477992918024882307e+00,2.000000000000000000e+01,6.760493353495389268e-02,-2.109867703901208102e+01,5.242161413764391042e+00,-3.476857453631064487e+01,2.810147166294798993e+00,-4.282782922961850147e+01,5.370291904481726775e+00,8.300000000000000000e+01,3.184435299624364234e+03,7.574490769219522690e+01,3.390800000000000000e+06,1.345500000000000029e-01,-1.951817680000067412e+02,1.000000000000000000e+00
2.925739814075309884e-03,5.238106830712667243e-03,7.591664782582053794e-01,6.352291034771044842e-01,2.000000000000000000e+01,6.869744037222905164e-02,-1.406464661445737896e+01,4.818994590290269997e+00,-7.955187971877243136e+00,3.757873114896766786e+00,-6.192417647917497447e+01,5.574827416750234299e+00,8.400000000000000000e+01,2.569649883765951927e+03,7.641105522389831606e+01,3.362300000000000000e+06,1.079399999999999943e-01,-1.561228500000008808e+02,1.000000000000000000e+00
2.617748212157524658e-03,5.164011640748435682e-03,7.022595918349403554e-01,-9.599491156611872356e+00,2.000000000000000000e+01,7.025398782951255972e-02,-6.333748930584542336e+01,6.018036380463104074e+00,-3.182045433165460935e+01,4.676213328190986118e+00,-2.809849416079807582e+01,6.552675026651851198e+00,8.500000000000000000e+01,3.534235343831149976e+02,8.735472747502241475e+01,3.545400000000000000e+06,4.826099999999999834e-01,-9.704090399998240173e+02,1.000000000000000000e+00
3.510724249071847138e-03,3.255415176391876150e-03,6.964143615688473954e-01,-4.574279763533832366e+00,2.000000000000000000e+01,7.248899823642407370e-02,-1.034324492256619408e+02,5.178621596992684317e+00,-3.303639483980654745e+01,4.408911700141767476e+00,-1.216065497534595963e+01,5.967759895630982747e+00,8.600000000000000000e+01,2.495162657472925787e+02,1.097796757505576011e+02,3.086700000000000000e+06,7.040899999999999936e-01,-2.637973230000004605e+03,1.000000000000000000e+00
2.801837646292582983e-03,4.869861080744508804e-03,5.333921049913616930e-01,3.703475655894423291e+00,2.000000000000000000e+01,7.306116820289183800e-02,-5.900609611362536810e+01,3.887226718126581382e+00,1.909672142644037063e+00,4.246252445179048429e+00,-9.420721380587661287e+00,5.038277879724764929e+00,8.700000000000000000e+01,2.606522455385229932e+03,7.742175813083319724e+01,3.401000000000000000e+06,5.292000000000000037e-01,-2.475286800000604671e+03,1.000000000000000000e+00
3.818907524418954733e-03,4.751040736101066163e-03,3.966219045168978274e-01,5.010147217528693631e+00,2.000000000000000000e+01,6.883457826288116865e-02,-2.736995283940123613e+01,6.630476974139730473e+00,-5.879754502799566751e+01,6.951205915266864821e+00,3.969580672567586532e+01,2.988194754810629572e+00,8.800000000000000000e+01,3.490508969712930593e+03,7.678269721520642577e+01,3.479700000000000000e+06,1.442299999999999971e-01,-3.955210999999747514e+02,1.000000000000000000e+00
3.343364761781374237e-03,5.939157821147277375e-03,5.001424857467930973e-01,-1.624555812833983737e+01,2.000000000000000000e+01,7.483156242567842731e-02,-7.638057308301364401e+01,5.275714175636126768e+00,-2.595270372585899921e+01,3.275824007807154548e+00,-3.847336471669493108e+01,4.848459182030786963e+00,8.900000000000000000e+01,2.815517570384887449e+02,9.238972324573823869e+01,3.016800000000000000e+06,3.356999999999999984e-01,-2.314846819999836498e+03,1.000000000000000000e+00
2.659387263588355171e-03,5.281555414711301168e-03,4.172329387577973225e-01,2.356258147482941379e+00,2.000000000000000000e+01,6.977679932342868707e-02,-5.033429622632938560e+01,3.808992440264524326e+00,6.425144579712076975e+00,3.917024935610449621e+00,-1.796624359504218660e+01,4.487028951285870093e+00,9.000000000000000000e+01,4.313012939821298460e+03,7.653946681257568230e+01,3.332300000000000000e+06,2.375599999999999934e-01,-6.232672560000493149e+02,1.000000000000000000e+00
3.211496059288852789e-03,3.832152294046571074e-03,4.504285691379478207e-01,1.785252883268790391e+00,2.000000000000000000e+01,7.090568605258493196e-02,-1.299394801315522763e+01,5.588364401263735459e+00,-5.248049787860725246e+01,5.619916637555662398e+00,1.807138610358112274e+01,5.435173142737392382e+00,9.100000000000000000e+01,3.688810248847183630e+03,7.700659241389013232e+01,3.728400000000000000e+06,2.948500000000000010e-01,-8.004773700001156840e+02,1.000000000000000000e+00
2.860553707958900325e-03,5.285536111218513966e-03,4.149712978436217448e-01,2.229617135295788533e+00,2.000000000000000000e+01,7.112900347928763356e-02,-5.078020160290623153e+01,3.720648594352429228e+00,8.737943092590258587e+00,4.048548513788555070e+00,-2.305283079442448368e+01,4.492717238887838249e+00,9.200000000000000000e+01,3.982803977391624358e+03,7.686263417141479692e+01,3.319600000000000000e+06,3.718899999999999983e-01,-1.188940388999915285e+03,1.000000000000000000e+00
3.343364761781374237e-03,5.939157821147277375e-03,5.001424857467930973e-01,-1.624555812833983737e+01,2.000000000000000000e+01,7.483156242567842731e-02,-7.638057308301364401e+01,5.275714175636126768e+00,-2.595270372585899921e+01,3.275824007807154548e+00,-3.847336471669493108e+01,4.848459182030786963e+00,9.300000000000000000e+01,2.998328341552796701e+02,8.987255028415303570e+01,3.006400000000000000e+06,3.432600000000000096e-01,-2.203208330000315527e+03,1.000000000000000000e+00
3.575681791858512613e-03,5.911562205655212024e-03,7.128564319317495235e-01,-9.873109883032030965e+00,2.000000000000000000e+01,7.398818638954761384e-02,-6.236083205434088228e+01,3.470412603192913448e+00,-4.208848134761133508e+01,6.172335914114757571e+00,-1.920971556229939736e+01,6.144767032619487424e+00,9.400000000000000000e+01,2.612209264245452118e+02,1.045741908826012718e+02,3.486500000000000000e+06,3.021300000000000097e-01,-1.161127200000084940e+03,1.000000000000000000e+00
3.506809480550134896e-03,4.092841909507516883e-03,5.508754276178551290e-01,-4.249737057489314296e+00,2.000000000000000000e+01,7.308426738970347225e-02,-1.219378374698059702e+02,3.254532734627443968e+00,9.295834856957061731e+01,4.964293609316159817e+00,-6.882992668977695416e+01,7.949550081035500426e+00,9.500000000000000000e+01,2.485250654989109762e+02,2.016362222626766822e+02,2.251000000000000000e+06,7.645899999999999919e-01,-2.590387099999404199e+03,1.000000000000000000e+00
3.305877592178434361e-03,2.985349546219974622e-03,8.335655836097467519e-01,1.441357934116160644e+00,2.000000000000000000e+01,6.888316481125689172e-02,7.452620363741576881e+00,3.597787747463388364e+00,-7.841050421042108098e+01,5.915634761321720170e+00,-6.611313651712077899e+01,3.996187378233650556e+00,9.600000000000000000e+01,3.492653321461415317e+02,9.092610250923560500e+01,2.857000000000000000e+06,1.664200000000000124e-01,-2.719736000000135050e+02,1.000000000000000000e+00
3.513894579580209392e-03,6.465789073231654679e-03,4.845390596678434969e-01,1.062507444433719250e+00,2.000000000000000000e+01,7.053105482219081124e-02,-8.438774594089325376e+01,3.574187866287224846e+00,-2.767615534596165716e+01,4.995572501275978183e+00,-6.563293633237361746e+01,3.589407543649019594e+00,9.700000000000000000e+01,8.210985670469975730e+02,8.130142998955507494e+01,2.850800000000000000e+06,4.569500000000000228e-01,-1.209367249999955220e+03,1.000000000000000000e+00
3.284369886533543715e-03,5.045078522594883749e-03,6.544689209717545753e-01,-1.358654313433933680e+01,2.000000000000000000e+01,7.370951765879983630e-02,-7.102700675526033081e+01,3.730702310795108723e+00,-5.324194260727231409e+01,6.427849543325617532e+00,-4.882124356380941776e+00,5.582279993271280105e+00,9.800000000000000000e+01,3.493500219989402922e+02,9.219155726508120097e+01,3.325100000000000000e+06,3.949199999999999933e-01,-2.223445169999693462e+03,1.000000000000000000e+00
4.030855091872063631e-03,5.158684639374440731e-03,5.289200749581927097e-01,1.841231820000782893e+00,2.000000000000000000e+01,7.174234989399251583e-02,-6.419542682592265237e+01,3.202801611064146403e+00,-2.314700921017638890e+01,3.388438770994961491e+00,2.634680427699109373e+00,3.893290066174056818e+00,9.900000000000000000e+01,2.829254087175078894e+03,7.818023228536037550e+01,3.080900000000000000e+06,6.140700000000000047e-01,-2.076285239999744590e+03,1.000000000000000000e+00
2.139796594882184110e-03,5.961328187342029156e-03,5.708559769823946528e-01,2.811923752206007876e+00,2.000000000000000000e+01,7.402845877025056309e-02,-1.184552210323852961e+01,6.201021826994091768e+00,4.442619738823617048e+00,4.113998039010840380e+00,-1.123309359492306569e+01,5.047581758323984147e+00,1.000000000000000000e+02,3.927141880975997992e+03,7.793564439270110711e+01,3.846500000000000000e+06,2.161500000000000088e-01,-5.698080040000287454e+02,1.000000000000000000e+00
2.781219975192426083e-03,4.923954701501542103e-03,5.701446084603744024e-01,-5.172575935132229574e+00,2.000000000000000000e+01,7.305473626367608997e-02,-8.718541297757283814e+01,5.209115001099309694e+00,4.483655914624542049e+00,3.180659091257412641e+00,-3.173534951370209356e+01,4.370350053961349346e+00,1.010000000000000000e+02,2.558586469414226485e+02,1.112726556980926631e+02,2.945900000000000000e+06,5.623899999999999455e-01,-2.561300999998969928e+03,1.000000000000000000e+00
3.767756401301524706e-03,4.263045626355424153e-03,5.157866107269621914e-01,5.257246913034292923e+00,2.000000000000000000e+01,7.468928331888269323e-02,-2.033336623915345243e+01,6.591359207237836415e+00,-4.213184034053308125e+01,5.375865311862227713e+00,3.879233557885267913e+01,7.427653610729944234e+00,1.020000000000000000e+02,2.980332598647025861e+03,7.826047944184799121e+01,3.945700000000000000e+06,3.629299999999999748e-01,-2.382380799998866678e+03,1.000000000000000000e+00
2.613766095859022982e-03,6.432593258275845494e-03,6.127525392389940873e-01,-1.272193988092496753e+01,2.000000000000000000e+01,7.277582580699246129e-02,-4.032982553794386149e+01,6.088211933295923473e+00,-1.028926541535414856e+02,1.493077705462407589e+00,-3.578817088709683958e+01,4.018184235620365641e+00,1.030000000000000000e+02,3.015535716838969620e+02,9.912535805030402969e+01,2.970000000000000000e+06,4.577700000000000102e-01,-2.231127598001047772e+03,1.000000000000000000e+00
3.161161025720835190e-03,5.976824887273805148e-03,5.208045715741410620e-01,-1.030380602888071451e+01,2.000000000000000000e+01,7.144303053795794667e-02,-5.650760053115014614e+00,4.211839510358702299e+00,-5.602100842093954469e+01,6.394982004075075110e+00,-8.998714395007812072e+01,6.567368819110406264e+00,1.040000000000000000e+02,7.143605508642384621e+02,8.354068339024506429e+01,3.006500000000000000e+06,5.618100000000000316e-01,-1.450101940000144396e+03,1.000000000000000000e+00
3.255321852784269672e-03,3.716096881369165481e-03,8.641090247712268635e-01,-1.325898422152865308e+01,2.000000000000000000e+01,7.027991575732120411e-02,-6.704402302106582567e+01,5.300551743413501882e+00,-2.576917147813406572e+01,4.795248382912875584e+00,-2.037912178728461399e+01,4.567811780916150255e+00,1.050000000000000000e+02,2.720357265679105581e+02,1.043467851452320758e+02,3.328100000000000000e+06,5.403000000000000025e-01,-9.657585000000648279e+02,1.000000000000000000e+00
3.553534059739364183e-03,5.424639704027831022e-03,4.132205600286263936e-01,4.746349141346216882e+00,2.000000000000000000e+01,7.312437312985170523e-02,-5.372086409765969961e+01,5.190657849508348853e+00,6.632394694568436222e+00,4.087465972035192685e+00,-5.495068528838231714e+01,4.709637988354822724e+00,1.060000000000000000e+02,2.248648785624261109e+03,7.929534838205837843e+01,3.245400000000000000e+06,5.721000000000000529e-01,-2.887469310001265967e+03,1.000000000000000000e+00
3.476313174482961038e-03,5.973807180347534898e-03,5.146154781585284832e-01,3.799424227981458735e+00,2.000000000000000000e+01,7.242672728257214254e-02,2.232010980968003722e+01,5.320031108199744452e+00,-6.047591494541893553e+01,4.512138810316738358e+00,-1.705116039691820973e+01,7.354912298513973212e+00,1.070000000000000000e+02,4.905036481154932517e+03,7.844502948541069998e+01,3.738500000000000000e+06,6.416600000000000081e-01,-3.126172600001319097e+03,1.000000000000000000e+00
3.309122617438339450e-03,3.989758196594015739e-03,5.358354414979532576e-01,-1.587633982907434183e+00,2.000000000000000000e+01,7.348820178457408925e-02,-7.161245742570621076e+01,4.033289445545952923e+00,-5.525490440564121286e+01,5.537344519317090707e+00,7.875225579910491547e+00,5.477913722855379142e+00,1.080000000000000000e+02,5.899074373440217869e+02,8.492124309004481120e+01,3.256600000000000000e+06,6.493600000000000483e-01,-2.909603699999797755e+03,1.000000000000000000e+00
3.400117561677910155e-03,4.902994379358873236e-03,5.005130831942743441e-01,4.145892577572578119e+00,2.000000000000000000e+01,7.336710166189831794e-02,-5.248406558448078840e+01,5.463257241899432515e+00,1.249738830138966605e+01,3.714565026269954551e+00,-1.853461389568928297e+01,5.386928548822721652e+00,1.090000000000000000e+02,2.506123897688442412e+03,7.931639111664405561e+01,3.499800000000000000e+06,5.983300000000000285e-01,-3.056396769998677883e+03,1.000000000000000000e+00
3.374096321655040316e-03,5.121241985623477266e-03,4.986465955123684513e-01,-1.385360339878288372e+01,2.000000000000000000e+01,7.428806422529887765e-02,-6.984253313143599939e+01,5.060483141886741976e+00,-5.209469137117177695e+01,4.468713153169677987e+00,9.009574083902387898e+00,4.786177044811049441e+00,1.100000000000000000e+02,3.240814829878677870e+02,9.952662111024336866e+01,3.163900000000000000e+06,5.401500000000000190e-01,-2.723123640000054365e+03,1.000000000000000000e+00
2.289163419884522425e-03,2.050840801743937254e-03,8.478377250066875259e-01,-1.566956013510618639e-01,2.000000000000000000e+01,7.296851307922547214e-02,1.012730949331050212e+01,5.187008626560829505e+00,-8.708904581362034492e+01,8.439678498912011051e+00,-5.071198900676169785e+01,4.921394853968628524e+00,1.110000000000000000e+02,3.363702201589961760e+02,9.922949806839942255e+01,3.121800000000000000e+06,4.321900000000000186e-01,-1.334486999999964382e+03,1.000000000000000000e+00
3.159136808054861627e-03,6.394185212613270886e-03,8.866320794709587894e-01,4.486124216937155573e+00,2.000000000000000000e+01,6.447025099128796122e-02,-1.313636158958983913e+01,5.834453424185742421e+00,-9.124480981691760917e+01,6.590938706934180047e+00,-4.413575025307277855e+01,4.763307728035711008e+00,1.120000000000000000e+02,8.075957587468425345e+02,8.304047360702280400e+01,3.155100000000000000e+06,6.415999999999999481e-02,-5.265000000000020464e+01,1.000000000000000000e+00
3.168220549769644109e-03,5.504544205351126832e-03,6.566587476670460166e-01,-1.309845554193433159e+01,2.000000000000000000e+01,7.021887496671512519e-02,-4.937876442645027453e+01,5.871962197807787831e+00,-3.276236481047034488e+01,5.164445528617133796e+00,-4.973708193068242167e+01,6.302643279847933044e+00,1.130000000000000000e+02,3.857805862412916440e+02,9.231773983016709906e+01,3.508400000000000000e+06,5.220700000000000340e-01,-8.939040000000773034e+02,1.000000000000000000e+00
2.508336277010433154e-03,4.654449407930009823e-03,7.476358911402509744e-01,-9.047125802536086780e+00,2.000000000000000000e+01,6.890726226886226269e-02,-4.411473681085273313e+01,6.403214955485010407e+00,-7.146415806384086977e+01,3.034558366663024032e+00,6.384870725204853770e+00,4.678335806685429255e+00,1.140000000000000000e+02,2.688185116050562442e+02,1.092018593498626871e+02,3.281900000000000000e+06,2.275399999999999923e-01,-3.099887999999810972e+02,1.000000000000000000e+00
2.343758509544852531e-03,2.172608359049251620e-03,7.586527331643037053e-01,-4.036684348660095623e-01,2.000000000000000000e+01,7.397874457587499952e-02,-1.406366001754203054e+01,5.680170539903511617e+00,-2.656944419685780900e+01,5.910583635882368903e+00,-7.097954554338744515e+01,2.986735036545689947e+00,1.150000000000000000e+02,1.300670796212290270e+03,8.101014627408248714e+01,3.463100000000000000e+06,2.785199999999999898e-01,-7.251523730001059675e+02,1.000000000000000000e+00
2.325793138689214237e-03,3.649972063684362063e-03,6.184990046078804315e-01,-1.583662455425354310e+01,2.000000000000000000e+01,7.277643435120174920e-02,-7.011500692840751015e+01,6.659685852378238735e+00,-8.126780109277449071e+01,2.338975338656556602e+00,-1.569174583193905903e+00,4.762242302997999666e+00,1.160000000000000000e+02,2.539193120186064334e+02,1.457236089688240384e+02,2.953500000000000000e+06,5.076000000000000512e-01,-2.015005137000316381e+03,1.000000000000000000e+00
3.107837589931802640e-03,3.351277371631635783e-03,4.337841902765763868e-01,1.819128402204440720e-01,2.000000000000000000e+01,7.636124907491559366e-02,-3.012299705694316287e+01,4.787384228336531322e+00,-4.670594609287671517e+01,6.600800541852168024e+00,5.417264706961792342e+01,1.880871368656741538e+00,1.170000000000000000e+02,1.377592810957007941e+03,8.102348791092057922e+01,3.238300000000000000e+06,2.864800000000000124e-01,-1.953895999999734158e+03,1.000000000000000000e+00
3.132068333823064682e-03,6.049904341750538504e-03,3.968686525903850626e-01,-1.160132878858969363e+01,2.000000000000000000e+01,7.184182129460667254e-02,6.375614115374118818e+00,5.853746060358020920e+00,-7.379862554839877475e+01,6.192335636578945923e+00,-7.639258183324425033e+01,5.929263180216144846e+00,1.180000000000000000e+02,3.631166357404535461e+02,9.484243166440388961e+01,3.137000000000000000e+06,4.806400000000000117e-01,-1.074902400000197758e+03,1.000000000000000000e+00
3.353702732474382435e-03,5.620828127159353815e-03,5.861202786320969249e-01,-7.976594087376179587e+00,2.000000000000000000e+01,7.247022455193090351e-02,-9.389941729503965462e+01,3.477180358282000228e+00,-3.001138202462857407e+01,4.101704474433716996e+00,-1.572555386816702239e+01,3.180643493356231311e+00,1.190000000000000000e+02,3.624506682840145118e+02,9.498642258247234338e+01,2.847500000000000000e+06,6.707400000000000029e-01,-2.697845799999240171e+03,1.000000000000000000e+00
4.024202674399968323e-03,5.376499858030809459e-03,5.489301166091493656e-01,2.276558673989252934e+00,2.000000000000000000e+01,7.232662737884616722e-02,-8.260497560891204216e+01,3.207466887619934148e+00,-2.090774104172597347e+01,3.629535853518254918e+00,-8.592022765627451264e+00,3.992306940347529753e+00,1.200000000000000000e+02,1.915755405345455301e+03,8.040682492252696534e+01,3.007500000000000000e+06,7.219600000000000461e-01,-3.046092300001015701e+03,1.000000000000000000e+00
2.124318184279637596e-03,5.227763731500304628e-03,5.502411710743149165e-01,1.708670524575713667e+00,2.000000000000000000e+01,7.286556793844153890e-02,-4.901880429610165635e+01,2.850472286601200889e+00,-1.794453447792751533e+01,3.680821369786112740e+00,4.981064056191403466e+00,4.627972926098330220e+00,1.210000000000000000e+02,2.544448873558948890e+03,7.951980630010044138e+01,3.258500000000000000e+06,4.476999999999999869e-01,-1.826215200000709274e+03,1.000000000000000000e+00
3.251814454286133457e-03,4.092555803873399595e-03,4.398546003668898363e-01,-1.068819323888978090e+01,2.000000000000000000e+01,7.744116850535946728e-02,-8.159082660082157190e+01,5.699910943595623003e+00,-8.005556873665842232e+00,4.518373284023019743e+00,-2.560605035409969332e+01,4.565106642970459205e+00,1.220000000000000000e+02,2.978813984038873741e+02,1.038036781277442060e+02,3.197700000000000000e+06,1.950800000000000034e-01,-9.054651999999515510e+02,1.000000000000000000e+00
2.166652408145774804e-03,7.320395210425500315e-03,2.044748198226943037e-01,-1.522916402536885450e+01,2.000000000000000000e+01,7.575127213349258648e-02,-2.526492290115019301e+00,6.115453812444650694e+00,-6.862431583829527426e+01,6.498943466790226609e+00,-9.155109572047958011e+01,3.453693595730833898e+00,1.230000000000000000e+02,3.122830328736655474e+02,1.019297299451058763e+02,3.058400000000000000e+06,4.400800000000000267e-01,-1.909334888999693476e+03,1.000000000000000000e+00
3.631997565116387369e-03,3.901536873877199055e-03,7.256371905741281214e-01,-1.763846821526537312e+01,2.000000000000000000e+01,7.189486030546743400e-02,-6.802390389860883602e+01,5.061227502167372272e+00,-1.231122759361688068e+01,4.202591736618638940e+00,-5.617895811268427053e+01,4.608013215317892985e+00,1.240000000000000000e+02,4.395738644352692859e+02,9.156192412590613117e+01,3.076200000000000000e+06,7.154300000000000104e-01,-2.002134590000074013e+03,1.000000000000000000e+00
2.146825043500522404e-03,6.937443889902891563e-03,6.145828232841299421e-01,-1.359072721143069984e+01,2.000000000000000000e+01,7.271166373022322493e-02,-1.185708145976070327e+01,6.540310879328917970e+00,-8.325406395816244753e+01,3.054408575168447548e+00,-3.832026139695922495e+01,4.471813985213202614e+00,1.250000000000000000e+02,2.565076842605998308e+02,1.652382290595655547e+02,3.273600000000000000e+06,3.847700000000000009e-01,-1.636379455000675762e+03,1.000000000000000000e+00
3.356488220459313485e-03,4.357692787969066547e-03,6.304961595637192939e-01,-1.271675088168120915e+00,2.000000000000000000e+01,7.763658320049054984e-02,-1.756380911807967493e+01,1.571595566286601464e+00,-5.669356451646053330e+01,5.866792650132882869e+00,-1.918253009493585637e+01,5.834302923284518272e+00,1.260000000000000000e+02,1.227736941140221916e+03,8.301840081214928091e+01,3.293200000000000000e+06,8.042199999999999349e-02,-1.350270900000037102e+02,1.000000000000000000e+00
2.893403023591889847e-03,4.859092102550827824e-03,8.688411808767633193e-01,1.745167475695091897e-01,2.000000000000000000e+01,6.924804300368074539e-02,-1.149028147245068965e+01,6.280598092186345127e+00,-1.152812901205210352e+02,5.177026243743271472e+00,4.450367357138610203e+00,5.112208479194212174e+00,1.270000000000000000e+02,1.749768768165305801e+03,8.156618502148478456e+01,3.159600000000000000e+06,2.491599999999999926e-01,-4.317305409999927406e+02,1.000000000000000000e+00
3.062053848751932362e-03,3.619189510317203512e-03,4.652803568783911992e-01,-5.704937042116615231e+00,2.000000000000000000e+01,7.714369330176509831e-02,-6.359326125260470519e+01,6.202315788098006877e+00,-4.767878385229123239e+01,3.493846470654309755e+00,8.163774001020460247e+00,4.839776658235471096e+00,1.280000000000000000e+02,3.751078377579508469e+02,9.767978146309330612e+01,3.258500000000000000e+06,1.873400000000000065e-01,-7.929818300001321631e+02,1.000000000000000000e+00
4.012295605698396744e-03,3.172749131355332743e-03,3.348482668430025067e-01,-1.913175444327700037e+00,2.000000000000000000e+01,7.936684174158872840e-02,-1.087371296449799445e+02,5.514755875625154680e+00,-2.066154265351840991e+01,6.079382099301107623e+00,-8.755295070073628949e+00,4.635262432428937096e+00,1.290000000000000000e+02,2.664537766867463802e+02,1.159593321367682677e+02,3.110400000000000000e+06,1.802999999999999881e-01,-1.309082969999978559e+03,1.000000000000000000e+00
2.941558882136368659e-03,5.325378233684481891e-03,8.194926740681343080e-01,2.285849850796969562e+00,2.000000000000000000e+01,7.427949513457593467e-02,-4.006694726658275130e+01,4.311490060910406541e+00,-9.340927618192537807e+00,3.348702847260914162e+00,1.348411377862940164e+01,5.390631137918809657e+00,1.300000000000000000e+02,3.077628974438754540e+03,8.044378904621386539e+01,3.473000000000000000e+06,1.496500000000000052e-01,-2.403622170000031133e+02,1.000000000000000000e+00
3.793272458615441073e-03,4.741811376512613044e-03,5.087722914929084794e-01,3.424568937218110953e+00,2.000000000000000000e+01,7.501235872682079919e-02,-2.290288123822446664e+01,6.695198662076541574e+00,-7.529110798623307232e+00,5.318747211007528009e+00,3.858563530958793564e+01,7.540521121655082482e+00,1.310000000000000000e+02,3.306587802332589035e+03,8.019825576047244908e+01,4.107500000000000000e+06,3.351100000000000190e-01,-2.058406830000589252e+03,1.000000000000000000e+00
2.265106286385834989e-03,5.351016506452748768e-03,4.065222547906580663e-01,1.083456932479460955e+00,2.000000000000000000e+01,6.621007584525522016e-02,-4.515567537460709957e+01,3.154986317101392768e+00,-2.136326511365284375e+01,4.233584517981624273e+00,5.158169879411222070e+00,4.477687022115359738e+00,1.320000000000000000e+02,3.450423013287692356e+03,8.085397672824565518e+01,3.334500000000000000e+06,6.254700000000000537e-02,-1.359754999999972256e+02,1.000000000000000000e+00
2.993158069148426238e-03,2.923685353689639294e-03,3.752313453984416070e-01,4.389448287176792030e-01,2.000000000000000000e+01,8.259192730626711831e-02,-3.702398437387953578e+01,4.812580287019530445e+00,-3.409854956189646913e+01,6.295716088912820751e+00,5.917345949086583090e+01,2.280026488518585470e+00,1.330000000000000000e+02,1.586723478418666673e+03,8.242640853595574413e+01,3.295600000000000000e+06,2.685600000000000209e-01,-1.789195800000629788e+03,1.000000000000000000e+00
3.525904401483176409e-03,5.805497424667289789e-03,1.028514886314523924e+00,-1.311698127149139026e+00,2.000000000000000000e+01,6.898341735104562833e-02,-3.268025068927952503e+01,2.225194364453829898e+00,-6.005364678840908965e+01,5.420359933247500095e+00,-8.295272212463245864e+01,1.646090544364136710e+00,1.340000000000000000e+02,5.695762639238099609e+02,8.718877538597182308e+01,2.672400000000000000e+06,2.254400000000000015e-01,-3.568210799999890810e+02,1.000000000000000000e+00
3.426398755430176517e-03,5.428096209772335229e-03,4.393881999385465531e-01,4.668020466180246686e+00,2.000000000000000000e+01,7.309206862800352034e-02,-5.014814673086370789e+01,5.033318611162723499e+00,2.103487270122800368e+01,3.980693898917704310e+00,-5.377156411621528065e+01,5.103113970875480021e+00,1.350000000000000000e+02,2.662224415771886470e+03,8.138889460945173937e+01,3.257600000000000000e+06,5.961699999999999777e-01,-3.042287999998525265e+03,1.000000000000000000e+00
3.172869957298032548e-03,5.070301541557699007e-03,5.784844507838331484e-01,-1.760765486442767980e+01,2.000000000000000000e+01,7.037857675296627091e-02,-2.722723282203106265e+01,6.516789860395769907e+00,-5.746647920450094915e+01,4.803513312767578647e+00,-4.199819622998726487e+01,6.388352647009764240e+00,1.360000000000000000e+02,2.640290389833218114e+02,1.285913743829422344e+02,3.594000000000000000e+06,4.631600000000000161e-01,-7.103513199999526933e+02,1.000000000000000000e+00
2.636901725765582270e-03,5.336261391272450333e-03,3.936952694903447236e-01,-9.949548578816841626e+00,2.000000000000000000e+01,6.372428231302904034e-02,-5.988766903323389101e+01,6.723740844756941115e+00,-3.885855236957704051e+01,4.232430037091759800e+00,-1.400563930624602271e+01,5.774610653175933805e+00,1.370000000000000000e+02,4.690204341762700437e+02,9.261422423027639184e+01,3.525200000000000000e+06,4.372399999999999898e-02,-6.706770000000067000e+01,1.000000000000000000e+00
2.993158069148426238e-03,2.923685353689639294e-03,3.752313453984416070e-01,4.389448287176792030e-01,2.000000000000000000e+01,8.259192730626711831e-02,-3.702398437387953578e+01,4.812580287019530445e+00,-3.409854956189646913e+01,6.295716088912820751e+00,5.917345949086583090e+01,2.280026488518585470e+00,1.380000000000000000e+02,1.770951757104274520e+03,8.287539829048313322e+01,3.290500000000000000e+06,4.413399999999999962e-02,-9.447934899999867753e+01,1.000000000000000000e+00
3.159136808054861627e-03,6.394185212613270886e-03,8.866320794709587894e-01,4.486124216937155573e+00,2.000000000000000000e+01,6.447025099128796122e-02,-1.313636158958983913e+01,5.834453424185742421e+00,-9.124480981691760917e+01,6.590938706934180047e+00,-4.413575025307277855e+01,4.763307728035711008e+00,1.390000000000000000e+02,6.355342935838760923e+02,8.721981353838737050e+01,3.147000000000000000e+06,1.055399999999999949e-01,-1.411792199999985087e+02,1.000000000000000000e+00
2.740720623926865777e-03,4.831159490812792119e-03,8.356894320115870745e-01,6.448803708682102176e+00,2.000000000000000000e+01,7.117580047394564402e-02,-2.251724070681040857e+01,2.508202452420726924e+00,-3.743793830044972992e+01,4.858836307333080029e+00,-5.177785709399632452e+01,3.196734763208680441e+00,1.400000000000000000e+02,2.459762154814329733e+03,8.231997547014400141e+01,3.041600000000000000e+06,6.796499999999999764e-01,-2.568052269001164404e+03,1.000000000000000000e+00
2.789437687792420753e-03,4.230035729848322448e-03,8.313753052418603184e-01,4.033509608709644922e+00,2.000000000000000000e+01,6.772550581327047015e-02,2.098295589421556784e+01,4.735766912181106569e+00,-6.916040877257877639e+01,4.261406790945452272e+00,-7.537809669529099210e+01,5.643803041220333938e+00,1.410000000000000000e+02,1.875081945874656412e+03,8.303932125839803291e+01,2.967200000000000000e+06,1.246400000000000008e-01,-1.719889499999954978e+02,1.000000000000000000e+00
2.366922993791105000e-03,4.400495347987720164e-03,7.200561538242067350e-01,-9.059116013183301064e+00,2.000000000000000000e+01,6.895773219356195194e-02,-3.879428307718498559e+01,5.740588920937559791e+00,-6.439269668173916727e+01,3.035895415303243361e+00,-5.543101709025707535e+00,4.557995806168508857e+00,1.420000000000000000e+02,2.693961013927567478e+02,1.184095285080549615e+02,3.291600000000000000e+06,2.194399999999999962e-01,-3.045539999999993483e+02,1.000000000000000000e+00
2.450690079678024755e-03,3.299519493419620590e-03,8.435998506487591975e-01,-2.475013972261309037e-01,2.000000000000000000e+01,6.948786190980803246e-02,-6.241283222013720433e-01,6.458715841224263343e+00,-1.166964419721674489e+02,5.305825832656560159e+00,-1.355887235095447885e+01,5.105071082674113470e+00,1.430000000000000000e+02,1.424889567386890803e+03,8.391770670281965749e+01,3.157000000000000000e+06,2.509899999999999909e-01,-3.977155999999852725e+02,1.000000000000000000e+00
2.800899582095057842e-03,3.649634242059910001e-03,6.737507533718121167e-01,-4.866716174814143869e+00,2.000000000000000000e+01,7.400931355187975735e-02,-1.820337249394867740e-01,3.295689173943364025e+00,-8.714279012254324641e+01,5.778753714481171144e+00,-3.095597818744568031e+01,6.466498386987467484e+00,1.440000000000000000e+02,5.392605367894645951e+02,8.919629470095919999e+01,3.168200000000000000e+06,3.397800000000000264e-01,-1.375949479000433030e+03,1.000000000000000000e+00
3.572468545076923352e-03,4.477170238298879695e-03,7.209252734649029826e-01,5.591720893035478923e-02,2.000000000000000000e+01,6.723543008710278213e-02,-7.541218385926993051e+01,5.469551352156693191e+00,-5.266761235973790534e+00,5.424162047356987593e+00,-4.023456008025077324e+01,3.238886500752890196e+00,1.450000000000000000e+02,5.366648623276145145e+02,8.958752304173086145e+01,3.189700000000000000e+06,9.443999999999999617e-02,-1.495519199999966986e+02,1.000000000000000000e+00
3.006090553125824981e-03,5.138928636159890463e-03,5.828151197685069729e-01,-9.183778375171312902e+00,2.000000000000000000e+01,7.434078995597490080e-02,-8.959996445449841929e+01,3.566794792361275501e+00,-2.965345401340873011e+01,4.029778599568694553e+00,6.478836633968221292e-01,2.805189445453249331e+00,1.460000000000000000e+02,3.213113961963701968e+02,1.084381422934536943e+02,2.838900000000000000e+06,3.313200000000000034e-01,-1.663019399999479219e+03,1.000000000000000000e+00
2.265106286385834989e-03,5.351016506452748768e-03,4.065222547906580663e-01,1.083456932479460955e+00,2.000000000000000000e+01,6.621007584525522016e-02,-4.515567537460709957e+01,3.154986317101392768e+00,-2.136326511365284375e+01,4.233584517981624273e+00,5.158169879411222070e+00,4.477687022115359738e+00,1.470000000000000000e+02,2.867296009546658752e+03,8.241665490706405706e+01,3.305800000000000000e+06,5.118899999999999562e-01,-2.001208811001106142e+03,1.000000000000000000e+00
3.104064056372755984e-03,4.154049966137723579e-03,7.150209234343984921e-01,-1.712924846714762950e+01,2.000000000000000000e+01,7.207867757811478593e-02,-7.351065889591896507e+01,5.835928427996383228e+00,-5.192615067596486256e+01,5.975536546773255075e+00,2.823613898490969731e+01,5.453927012302600019e+00,1.480000000000000000e+02,3.217663892978989679e+02,1.090530190298699154e+02,3.270000000000000000e+06,6.425100000000000255e-01,-2.266096470000039517e+03,1.000000000000000000e+00
3.235742339756179572e-03,6.292659427940825063e-03,8.279801741643949553e-01,-1.193848163323535161e+00,2.000000000000000000e+01,7.283178826600460176e-02,-5.633839106778209072e+01,2.980924303257404429e+00,-4.200854597278465974e+01,6.449789267806615101e+00,2.989574028363452385e+01,2.054141421945222756e+00,1.490000000000000000e+02,8.925821723608979710e+02,8.510620601715298505e+01,3.062200000000000000e+06,3.765200000000000213e-01,-1.403712310000425987e+03,1.000000000000000000e+00
3.209483733776569842e-03,2.377712295124287129e-03,6.228285033580075458e-01,-1.374159471917882058e+01,2.000000000000000000e+01,7.202622205623349094e-02,-6.054733308244221490e+01,6.172482508745464003e+00,-3.794581870209489693e+01,2.992723486121484644e+00,-7.888655737768699794e+01,4.249386728185663209e+00,1.500000000000000000e+02,2.700788581263620358e+02,1.188964654727252110e+02,2.820700000000000000e+06,5.682300000000000129e-01,-1.071518489999814392e+03,1.000000000000000000e+00
2.629078832329601045e-03,6.128686645757374166e-03,3.407517273743522201e-01,-4.923522357738044697e+00,2.000000000000000000e+01,7.144342736241626746e-02,-1.124654537947667521e+01,4.291421752384470878e+00,-3.934075220265961548e+01,3.848968861966072907e+00,-9.661989760132631488e+01,4.345484318004528390e+00,1.510000000000000000e+02,6.727661729409047666e+02,8.744859881152575554e+01,2.885600000000000000e+06,3.391500000000000070e-01,-9.259302780001187330e+02,1.000000000000000000e+00
4.491467156785963408e-03,5.835564315179710138e-03,3.870708241111731063e-01,3.465539332794559169e+00,2.000000000000000000e+01,7.085369370996569272e-02,-4.740843101734596132e+01,3.279016942433385484e+00,-5.196982466984322713e+01,5.114729474253498331e+00,2.780679365073528331e+01,3.767230843983955246e+00,1.520000000000000000e+02,3.744521568097383806e+03,8.221083785872082217e+01,3.121300000000000000e+06,3.329799999999999982e-01,-1.042361099999962107e+03,1.000000000000000000e+00
2.748722021315266276e-03,4.989752210246034200e-03,5.669721784131687148e-01,2.803201934835714226e+00,2.000000000000000000e+01,7.404000298356479270e-02,-1.712377809271104923e+01,6.051059969163146590e+00,1.056786944881219625e+01,3.727528666426827897e+00,6.247227112173014518e+00,4.799146065387022375e+00,1.530000000000000000e+02,3.351151217898061077e+03,8.243736473164909739e+01,3.744500000000000000e+06,3.046499999999999764e-01,-1.251706780000175058e+03,1.000000000000000000e+00
2.532460847153126561e-03,6.641131506826573536e-03,6.756774583321392136e-01,1.405394053420667921e+00,2.000000000000000000e+01,6.752487838974925716e-02,1.586199967362041541e+01,4.137828084513610172e+00,-2.698381492205544774e+01,3.053203916718118638e+00,-8.071245257318621213e+01,5.976298917685034517e+00,1.540000000000000000e+02,3.680672088377267301e+03,8.243833894061327783e+01,3.003200000000000000e+06,1.176399999999999946e-01,-1.945419999999932088e+02,1.000000000000000000e+00
2.671292048445132912e-03,2.344236461424403437e-03,6.464365080441321076e-01,1.831419049834997814e+00,2.000000000000000000e+01,6.755352240817061316e-02,-1.129132696070989184e+01,4.708310335609254160e+00,-2.566971766724925885e+00,5.936212510840001677e+00,-2.017827737140198963e+01,6.735525981849294297e+00,1.550000000000000000e+02,2.624305021656324243e+03,8.324988911393242574e+01,4.050100000000000000e+06,8.431199999999999806e-02,-1.224203749999975628e+02,1.000000000000000000e+00
3.135205121669368440e-03,3.517021138385762868e-03,4.280922881901062516e-01,-9.713484225380199177e+00,2.000000000000000000e+01,7.979466955581721033e-02,-1.015301492454460401e+02,5.426312845895133741e+00,-7.658715501407341364e+00,4.803659900711852337e+00,-7.580240686597664812e+00,3.387146280309806912e+00,1.560000000000000000e+02,2.790283346331210623e+02,1.281162352742131247e+02,2.929300000000000000e+06,8.198199999999999932e-02,-2.470379999999938718e+02,1.000000000000000000e+00
3.973327386019964713e-03,3.498145004273258210e-03,4.369826630252088284e-01,-8.095003203941363523e+00,2.000000000000000000e+01,7.980091800058303209e-02,-1.006310108504108314e+02,5.013060693758084163e+00,-1.938269538495948652e+01,4.053062247876422219e+00,-3.584599430451211433e+00,3.474967925329537799e+00,1.570000000000000000e+02,2.805290981372254464e+02,1.218424373924292752e+02,2.853200000000000000e+06,9.496799999999999686e-02,-3.566339899999885006e+02,1.000000000000000000e+00
2.141108256699383178e-03,6.418286909995031195e-03,4.460041283409409418e-01,4.124507001544184259e-01,2.000000000000000000e+01,7.394745371905764308e-02,-8.963952240973888763e+01,4.697723955244248017e+00,-3.303346088249861623e+01,6.993246105922203526e+00,3.036147759367853283e+01,5.236631089776288661e+00,1.580000000000000000e+02,4.924194352826115164e+02,9.861034381313730535e+01,3.324200000000000000e+06,3.160700000000000176e-01,-1.601047277999565949e+03,1.000000000000000000e+00
3.671494282614837755e-03,4.534963667271366128e-03,4.928764317275108886e-01,-7.097979491469011748e+00,2.000000000000000000e+01,7.658721716891891962e-02,-6.351721184722609337e+01,5.945988671330539432e+00,-6.489720781992825493e+01,6.358442384497649869e+00,1.985010077205189738e+00,3.687404962772685479e+00,1.590000000000000000e+02,3.609408488162308117e+02,1.063472345017210330e+02,3.163200000000000000e+06,2.420100000000000029e-01,-1.143180540000071232e+03,1.000000000000000000e+00
3.316690359875539701e-03,3.442295642523500714e-03,1.065218186699486314e+00,-8.372774713837968008e+00,2.000000000000000000e+01,6.971192820460937745e-02,-2.862373477289719759e+01,6.216540375928529372e+00,-8.646090709672103003e+01,5.634607563271647024e+00,6.895497444429453004e+00,5.657614441247943660e+00,1.600000000000000000e+02,3.636400638267340923e+02,1.039851932594334727e+02,3.423600000000000000e+06,3.335500000000000131e-01,-5.244335099999860859e+02,1.000000000000000000e+00
3.804867150400600365e-03,4.873323577956711720e-03,3.701406672148672694e-01,-7.604361083693333967e-02,2.000000000000000000e+01,6.774316267087356069e-02,-2.680198992052843465e+01,6.645463793426552357e+00,-4.287346462090265931e+01,7.060303094656768863e+00,4.350079066819974827e+01,2.955689804693740985e+00,1.610000000000000000e+02,2.978934364786803144e+03,8.335849596551700813e+01,3.642000000000000000e+06,6.864000000000000656e-02,-2.033084899999954587e+02,1.000000000000000000e+00
1.992557044152380372e-03,6.535709499610027617e-03,5.876691839318083366e-01,-3.085222172276887775e+00,2.000000000000000000e+01,6.661835378290444087e-02,-8.613043197511233018e+01,4.362272980599430916e+00,-3.472936810677706632e+01,4.657619689082403980e+00,6.436033579508422697e+00,5.088212140557439866e+00,1.620000000000000000e+02,5.161788509428309908e+02,9.360234870930842987e+01,3.179000000000000000e+06,9.375300000000000300e-02,-1.199779980000003121e+02,1.000000000000000000e+00
3.628048442287059444e-03,5.638696386567857051e-03,7.438087257797091345e-01,-1.355504624695283589e+01,2.000000000000000000e+01,7.657124918761640253e-02,-5.756989931934228366e+01,2.425106405751940031e+00,-4.619551461766168643e+01,6.274959800252165820e+00,-6.230540968293659887e+00,4.174955754307426048e+00,1.630000000000000000e+02,2.737065427814010263e+02,1.354525388034816160e+02,3.224000000000000000e+06,8.568199999999999428e-02,-1.385857800000006819e+02,1.000000000000000000e+00
2.532460847153126561e-03,6.641131506826573536e-03,6.756774583321392136e-01,1.405394053420667921e+00,2.000000000000000000e+01,6.752487838974925716e-02,1.586199967362041541e+01,4.137828084513610172e+00,-2.698381492205544774e+01,3.053203916718118638e+00,-8.071245257318621213e+01,5.976298917685034517e+00,1.640000000000000000e+02,2.743331288857163599e+03,8.354669018361919086e+01,2.981300000000000000e+06,5.278599999999999959e-01,-2.043717178000038302e+03,1.000000000000000000e+00
3.242097765963372798e-03,5.305921730904187769e-03,8.952836393146325067e-01,-1.535514265272334455e+01,2.000000000000000000e+01,7.160531853759413701e-02,-4.903154291434290712e+01,5.426321746232682486e+00,-4.470427961525333416e+01,3.646593872535129233e+00,-2.674965241328689558e+01,2.510745130420271920e+00,1.650000000000000000e+02,3.775054698645940334e+02,1.039727277094107336e+02,3.058700000000000000e+06,6.755100000000000549e-01,-3.010722130000382094e+03,1.000000000000000000e+00
3.604954470283679678e-03,3.554599332746784419e-03,6.711155836216833315e-01,-3.081933336769103526e+00,2.000000000000000000e+01,6.966160369510053518e-02,-4.605128702422860698e+01,5.747655603389816292e+00,-6.056095656273944883e+01,5.867569510300267410e+00,4.190133942295634029e+01,3.453362822127409082e+00,1.660000000000000000e+02,5.224363218694921898e+02,9.322018070430000591e+01,3.208200000000000000e+06,2.642700000000000049e-01,-4.299682600000188017e+02,1.000000000000000000e+00
3.481569958850714002e-03,5.478616797159889702e-03,4.867108954319808722e-01,-1.759483655187788287e+01,2.000000000000000000e+01,7.118052817461209547e-02,-3.651508285098726247e+01,5.908487109819215988e+00,-1.007158516187633168e+01,5.885764749630705950e+00,-7.723787598760688411e+01,5.473704758619998501e+00,1.670000000000000000e+02,2.769002803405099371e+02,1.457540409572163753e+02,3.437300000000000000e+06,5.111900000000000333e-01,-8.344272300000357063e+02,1.000000000000000000e+00
2.678880159367756641e-03,6.500423669379007049e-03,3.127842371480510919e-01,3.466794351227814097e+00,2.000000000000000000e+01,7.310248050650107465e-02,-1.107442264287902987e+02,2.231422596361134048e+00,-3.450860925318028904e+01,4.726390028449484859e+00,7.469205399204312812e+00,4.290961892093489993e+00,1.680000000000000000e+02,2.773394864654089815e+03,8.415010742733218763e+01,2.961600000000000000e+06,5.037199999999999456e-01,-2.125429300001111187e+03,1.000000000000000000e+00
3.482647821167264568e-03,5.567535642899112611e-03,6.609592225900937645e-01,-3.198420862468812853e+00,2.000000000000000000e+01,6.966125714353006704e-02,-5.861043726265027942e+01,5.322768356019355274e+00,-1.069483726610756236e+01,3.537256947081560465e+00,-3.410277798258980653e+01,3.933401799867056514e+00,1.690000000000000000e+02,7.839110191233662590e+02,8.762912806687870670e+01,3.213000000000000000e+06,3.348200000000000065e-01,-6.351831000000497625e+02,1.000000000000000000e+00
2.055559683461512851e-03,5.464084828747829171e-03,4.317158587332377562e-01,-1.656668391559653131e+01,2.000000000000000000e+01,7.100882254475140987e-02,7.825402682091988638e+00,5.361177212317006280e+00,-6.103822540487179538e+01,2.618176053083856480e+00,-6.390206211646377454e+01,4.872958273175625799e+00,1.700000000000000000e+02,2.807870451408215331e+02,2.177421640038083126e+02,3.088300000000000000e+06,4.153600000000000070e-01,-7.730522400001879078e+02,1.000000000000000000e+00
2.828116959792908655e-03,4.391153203535334490e-03,8.779841249931951142e-01,-1.944609331779303618e+00,2.000000000000000000e+01,7.120754983012569928e-02,-8.657228805272430350e+01,4.705452855200181972e+00,-1.072151112391914296e+01,4.361974834775673493e+00,-5.314166719304779463e+00,4.251360803628875473e+00,1.710000000000000000e+02,5.075509985636626311e+02,9.903096218913748316e+01,3.135800000000000000e+06,7.013300000000000090e-01,-2.426432580000626785e+03,1.000000000000000000e+00
3.631997565116387369e-03,3.901536873877199055e-03,7.256371905741281214e-01,-1.763846821526537312e+01,2.000000000000000000e+01,7.189486030546743400e-02,-6.802390389860883602e+01,5.061227502167372272e+00,-1.231122759361688068e+01,4.202591736618638940e+00,-5.617895811268427053e+01,4.608013215317892985e+00,1.720000000000000000e+02,5.815249703185797898e+02,9.225351409438967210e+01,3.007000000000000000e+06,1.875499999999999945e-01,-2.182655999999896039e+02,1.000000000000000000e+00
3.626902807392686119e-03,6.221887736662013238e-03,7.574267952114573932e-01,2.360282312405534988e+00,2.000000000000000000e+01,6.906735876585765044e-02,-1.155326590047918955e+01,2.483215532156948235e+00,-6.292519187594719909e+01,5.613672370023955693e+00,-7.907118428711879687e+01,2.125843232082386347e+00,1.730000000000000000e+02,1.095522348421871129e+03,8.714382944102561623e+01,2.751700000000000000e+06,2.677700000000000080e-01,-5.707688999999676298e+02,1.000000000000000000e+00
3.283692521449283440e-03,3.868885236270046355e-03,8.071279417094833208e-01,-1.235217914837442521e+01,2.000000000000000000e+01,7.217986504835417760e-02,-3.633742539318297560e+01,8.628751370049176472e+00,-1.001403005197739589e+02,2.892000580351356653e+00,2.645610401924030342e+01,5.876671962343563926e+00,1.740000000000000000e+02,2.827174708718530951e+02,1.513364307448331090e+02,3.362300000000000000e+06,1.844500000000000028e-01,-2.505105719999955056e+02,1.000000000000000000e+00
3.679047953910442349e-03,6.487805073626191216e-03,9.025590366906595108e-01,-9.980110340895450349e+00,2.000000000000000000e+01,7.103420469079110844e-02,-6.105309379599463426e+01,3.817080381155688151e+00,2.225650894831963811e+01,2.578936419987745587e+00,-6.339274287479109660e+01,5.897711472650087217e+00,1.750000000000000000e+02,3.493252942432631585e+02,1.124796271421474216e+02,2.901900000000000000e+06,7.137099999999999556e-01,-2.864146280001047217e+03,1.000000000000000000e+00
2.797187553362058890e-03,3.351441539775188230e-03,5.096295659192781047e-01,-5.758894584336082367e+00,2.000000000000000000e+01,7.304101137234178531e-02,-7.199163928036544746e+01,5.550002960471248414e+00,-3.518056451560418907e+01,3.085801516212086426e+00,1.050056010478787627e+01,4.777070770111539133e+00,1.760000000000000000e+02,3.828518148497882976e+02,1.052665141422748576e+02,3.231000000000000000e+06,1.857600000000000084e-01,-7.501446000000848926e+02,1.000000000000000000e+00
3.032487883724426046e-03,4.206683689547714190e-03,4.804471392285672993e-01,-1.609125364594855334e+00,2.000000000000000000e+01,7.419848819373119075e-02,-8.302869301545455016e+01,4.075036953352743296e+00,-1.117084961929599274e+01,5.508909582989934606e+00,-1.247242081971495864e+01,5.534140396349358504e+00,1.770000000000000000e+02,1.190409595424635654e+03,8.714972920641467624e+01,3.418300000000000000e+06,5.680100000000000149e-01,-2.700287189998392023e+03,1.000000000000000000e+00
4.028999377393033612e-03,5.110062923303033272e-03,5.793832509341199088e-01,-3.144964284868914994e+00,2.000000000000000000e+01,7.992681083002417530e-02,-7.593658791453384538e+01,4.492327311901647136e+00,-2.058894804302912362e+01,5.700216318773780877e+00,-8.289450785380111597e+00,5.328481089496506229e+00,1.780000000000000000e+02,7.666810821260455668e+02,8.855893212573467110e+01,3.465400000000000000e+06,5.309400000000000230e-02,-8.863800000000128421e+01,1.000000000000000000e+00
3.488661555639915694e-03,5.263406137599454387e-03,6.088349309641827301e-01,-1.430910095781111480e+01,2.000000000000000000e+01,7.229827094867814774e-02,-7.754002435948773098e+01,5.914783059850551084e+00,-6.944900099135626448e+00,4.333060474344165414e+00,-1.232176826889949162e+01,3.812430478692602875e+00,1.790000000000000000e+02,3.479996631351028782e+02,1.156563105091409085e+02,3.176300000000000000e+06,7.070300000000000473e-01,-2.251568000000168922e+03,1.000000000000000000e+00
3.368576404463730165e-03,5.972435637933946884e-03,4.839210581545665968e-01,2.108288865103974175e+00,2.000000000000000000e+01,7.533081873911026682e-02,-1.046691989923114647e+02,3.621543942323930398e+00,-3.360015002355191172e+01,4.121136583337523085e+00,9.293410757864080551e+00,3.074727200522525017e+00,1.800000000000000000e+02,3.837382449280243009e+02,1.061847848794054983e+02,2.759200000000000000e+06,2.330899999999999916e-01,-1.163427999999998065e+03,1.000000000000000000e+00
2.624876891732762663e-03,4.216703272171978129e-03,6.178716710264616774e-01,5.582353829378466914e-01,2.000000000000000000e+01,6.867230835281223911e-02,-3.534963889979982810e+01,3.211331492704916357e+00,-7.605015359575754985e+01,3.950072043638874320e+00,1.962002460974630935e+01,3.262233287436977047e+00,1.810000000000000000e+02,1.402404847070184132e+03,8.573424640109122663e+01,2.883000000000000000e+06,1.660899999999999876e-01,-2.870000000000018190e+02,1.000000000000000000e+00
3.921061633812211907e-03,5.176912803661174595e-03,4.320415646029943657e-01,-2.086901132027774608e+00,2.000000000000000000e+01,7.420499079968742584e-02,-5.701538899181987574e+01,5.254820804811027202e+00,-2.947022534013024497e+01,6.451281099722157464e+00,1.044948208809158352e+01,4.339943770069647933e+00,1.820000000000000000e+02,1.365409260999575736e+03,8.689034367750429055e+01,3.584900000000000000e+06,6.574299999999999589e-01,-3.157450599998392590e+03,1.000000000000000000e+00
3.694755520226109240e-03,2.673044227262388883e-03,3.580764203455498174e-01,1.801106957295916189e+00,2.000000000000000000e+01,7.734302950786266229e-02,-8.911543031943435267e+01,4.542333780435651391e+00,1.242750965082731085e+00,6.459452646488180960e+00,-4.546521746414801868e+01,4.144766989900217524e+00,1.830000000000000000e+02,1.385773621583344038e+03,8.688749858641396884e+01,3.206800000000000000e+06,4.527900000000000258e-01,-3.062622050000952640e+03,1.000000000000000000e+00
3.047471225231673971e-03,5.611846556761868575e-03,2.835626112366612661e-01,-1.610807973422882000e+01,2.000000000000000000e+01,7.496971911665567534e-02,-3.362551077586786619e+01,4.968314087383543409e+00,-6.536337879349346736e+01,5.754853636878758394e+00,5.665899157945467834e+00,6.147786480594486846e+00,1.840000000000000000e+02,2.994219265038470894e+02,1.506552702976812270e+02,3.547900000000000000e+06,5.834399999999999586e-01,-1.584492000000283269e+03,1.000000000000000000e+00
2.798317444883341790e-03,4.462028967358864714e-03,8.619011451479238195e-01,-1.962390011408825297e+00,2.000000000000000000e+01,7.137927887751763234e-02,-9.205296261655868761e+01,4.709809322803103271e+00,-2.220280190281604504e+01,4.234929244087601852e+00,2.408631268730462338e+01,4.293024063788497990e+00,1.850000000000000000e+02,3.483953290585233731e+02,1.162176528781154303e+02,3.008600000000000000e+06,7.203300000000000258e-01,-2.592822599999611157e+03,1.000000000000000000e+00
3.742548934149796634e-03,3.027826212498903411e-03,5.849237308893371345e-01,-8.470048272935422062e-01,2.000000000000000000e+01,6.579766165597962513e-02,-2.954394889388943923e+01,6.287554562158576665e+00,-3.625677448187463625e+01,5.430807429471470549e+00,1.018910476858495784e+01,2.862981714257921695e+00,1.860000000000000000e+02,1.726411456599062149e+03,8.642657989298128030e+01,3.569900000000000000e+06,4.920800000000000174e-02,-8.322159000000029039e+01,1.000000000000000000e+00
3.027644341630759614e-03,5.133876425069449148e-03,4.710117503331108235e-01,-1.684573894005703121e+00,2.000000000000000000e+01,6.474366352522753498e-02,-6.926751384846532744e+01,5.640972593675169122e+00,3.126883630372574885e+00,4.172343623950421687e+00,-3.078789512914536530e+01,5.095184438941416261e+00,1.870000000000000000e+02,7.521429327067561417e+02,9.027914290595414570e+01,3.336000000000000000e+06,4.724500000000000227e-02,-8.659793999999978098e+01,1.000000000000000000e+00
2.576812107140613161e-03,5.048689138039706703e-03,5.602836024033976958e-01,-8.326667238132504423e+00,2.000000000000000000e+01,7.320475705574147618e-02,-8.369965293615973678e+01,5.219447989656885056e+00,-1.276808381315269969e+00,2.788126813841608431e+00,-4.080510450610086082e+01,4.411909761739088331e+00,1.880000000000000000e+02,3.900117642925023915e+02,1.073336100530103892e+02,2.890000000000000000e+06,5.004800000000000360e-01,-2.309507399999547488e+03,1.000000000000000000e+00
2.893190407698524591e-03,4.240163881144363989e-03,8.273693113619502437e-01,4.929428696582814240e+00,2.000000000000000000e+01,6.656838097141247468e-02,2.420917108641770810e+01,4.741947165846500667e+00,-6.143603548230027656e+01,4.263406376173986878e+00,-7.737766633440395481e+01,5.804887613976156047e+00,1.890000000000000000e+02,2.294677225529295356e+03,8.547855559307991768e+01,2.995100000000000000e+06,8.943800000000000361e-02,-1.033761759999988783e+02,1.000000000000000000e+00
3.809316213241352618e-03,2.529651096235973132e-03,4.515015637236171608e-01,1.075804060687304009e+01,2.000000000000000000e+01,6.749818372575806802e-02,-3.636611546233848458e+01,6.535648863538890296e+00,-7.457547783600493574e+01,7.944575389805252463e+00,2.421979255071819281e+01,9.609727062577522183e-01,1.900000000000000000e+02,3.683854932770934738e+02,1.099423297346318691e+02,3.066100000000000000e+06,1.181500000000000050e-01,-1.959147100000051580e+02,1.000000000000000000e+00
4.117126365352557701e-03,3.166383327245685456e-03,3.255067184266711156e-01,-1.804530996314488211e+00,2.000000000000000000e+01,7.920761378534807440e-02,-1.057322336407459034e+02,4.711721735695946656e+00,-1.213099178442211468e+01,6.067296669626672134e+00,-3.313238769178943244e+01,4.326398644140590832e+00,1.910000000000000000e+02,6.318702426505026324e+02,9.315720280300963907e+01,3.077700000000000000e+06,2.099900000000000100e-01,-1.872777810000436830e+03,1.000000000000000000e+00
3.303980296264270259e-03,2.504084820445455235e-03,1.026360906742023626e+00,-4.262971407948236369e+00,2.000000000000000000e+01,6.904232715945797516e-02,-5.476515614125491282e+01,3.714725571075298660e+00,-6.131170847925233858e+01,4.825964571498028377e+00,3.649123099470886444e+01,3.174043096713850431e+00,1.920000000000000000e+02,5.033782421858460339e+02,1.013853345204133518e+02,2.924300000000000000e+06,1.735399999999999998e-01,-2.416252199999954655e+02,1.000000000000000000e+00
3.400649800452756975e-03,2.563969949345917560e-03,1.014565146021923825e+00,2.669729361315468452e+00,2.000000000000000000e+01,7.650043409821891127e-02,-5.994799794071110455e+01,7.765864248505314649e+00,1.069756280914884883e+01,5.803020981610637286e+00,-1.194635561540258948e+02,3.938490088674399203e+00,1.930000000000000000e+02,3.883093472027997564e+02,1.080992731351001623e+02,3.008400000000000000e+06,7.417799999999999394e-02,-5.668500000000044992e+01,1.000000000000000000e+00
3.486444915959099802e-03,5.095395528965231818e-03,4.229571261407772398e-01,-1.298786477345618451e+01,2.000000000000000000e+01,7.238209566394429584e-02,-3.537728254105599746e+01,6.497343359814752972e+00,-3.580471868751145337e+01,5.946291499140007986e+00,-4.737735313568634155e+01,6.235845054176168745e+00,1.940000000000000000e+02,3.258472470275153796e+02,1.227302206638777875e+02,3.749300000000000000e+06,5.124100000000000321e-01,-1.151193400000120391e+03,1.000000000000000000e+00
3.059061099923099381e-03,6.140226704103107780e-03,5.753299215944441825e-01,1.246896620636976927e+00,2.000000000000000000e+01,7.545842168670198469e-02,-1.016046627883520728e+02,4.185593884822031541e+00,-3.342693621298906237e+01,4.673144328791224211e+00,1.017766623648503810e+01,3.501528903192109077e+00,1.950000000000000000e+02,3.783332630757852257e+02,1.092685478108894159e+02,2.872800000000000000e+06,1.355399999999999938e-01,-3.862623599999794806e+02,1.000000000000000000e+00
3.392119452849228466e-03,7.450911541429591431e-03,7.272401191645873064e-01,-1.750460635259428344e+01,2.000000000000000000e+01,7.643476249535434419e-02,-5.293736605184214739e+01,5.706677293176449339e+00,-5.784188932813542294e+00,3.620918866219117849e+00,-8.275857228405529042e+01,7.799465051878469168e+00,1.960000000000000000e+02,8.004000784668994584e+02,9.071829205615867409e+01,3.021000000000000000e+06,8.243300000000000627e-02,-1.189496399999978848e+02,1.000000000000000000e+00
3.485366467380320368e-03,5.322663187001707569e-03,6.241243297880170182e-01,-1.467292824577853771e+01,2.000000000000000000e+01,7.230999823822101269e-02,-7.740007593083328175e+01,5.979693662182087976e+00,1.078063904088557834e+01,4.309606956698951663e+00,-1.275989414452959991e+01,4.547789018853460874e+00,1.970000000000000000e+02,3.237433648506898862e+02,1.359847111791528675e+02,3.252700000000000000e+06,6.939899999999999958e-01,-2.375444159999804015e+03,1.000000000000000000e+00
3.292581838442773697e-03,5.128222270213126169e-03,6.579602827971230417e-01,-6.975364258670640361e+00,2.000000000000000000e+01,7.062909804044167905e-02,-5.095784343865086186e+01,4.315973371681510073e+00,-6.157394872176735134e+01,5.450588880369792832e+00,2.519379499232596586e+01,1.929369103553051357e+00,1.980000000000000000e+02,6.313166268595967949e+02,9.435374566334419910e+01,2.928800000000000000e+06,5.519300000000000317e-01,-1.155878100000277527e+03,1.000000000000000000e+00
3.799109077316165789e-03,3.121414932753371375e-03,5.074010675115006030e-01,4.443807030143053005e+00,2.000000000000000000e+01,7.685445618307656934e-02,1.294902481021738367e+02,1.641095018849016540e+00,-4.227396193859586049e+01,7.747508416153001676e+00,-2.499644871545299196e+01,4.899705572966908562e+00,1.990000000000000000e+02,2.025061855727662760e+03,8.688641382631649890e+01,3.163400000000000000e+06,2.031100000000000128e-01,-7.143198300000383369e+02,1.000000000000000000e+00
