3.116139261233930296e-03,4.875470074385939920e-03,5.725885154681207290e-01,3.436326663413833415e+00,2.000000000000000000e+01,6.991102141108526680e-02,-2.102671679270370930e+01,6.430215131492831304e+00,-3.456968234853756883e+01,6.071059846494872403e+00,-5.692240426084200777e+01,5.865413136183553533e+00,0.000000000000000000e+00,3.012442691022380586e+03,5.444164742880426644e+01,3.756000000000000000e+06,3.152099999999999902e-01,-8.514223899999213927e+02,1.000000000000000000e+00
2.838950873520170934e-03,4.772577105322634364e-03,6.356476907026901157e-01,3.236202885694311249e+00,2.000000000000000000e+01,7.139675283798394001e-02,-2.330067142161532345e+01,6.397175608650222500e+00,-3.374044657141459425e+01,6.116910775463966665e+00,-5.825958472797980647e+01,5.838224363505561954e+00,1.000000000000000000e+00,2.138765916975391519e+03,5.447263767086741382e+01,3.726900000000000000e+06,5.956299999999999928e-01,-2.334122945000637628e+03,1.000000000000000000e+00
3.185238665393205770e-03,5.498537727359729260e-03,7.292505424243608259e-01,2.999690661529214264e+00,2.000000000000000000e+01,7.758878699431832893e-02,-2.493153834165801186e+01,7.135393513809541233e+00,-3.678333140350749630e+01,5.611570842575932971e+00,-5.850404761285063415e+01,5.466112895309067632e+00,2.000000000000000000e+00,1.972189945761921535e+03,5.463488942521377112e+01,3.700900000000000000e+06,6.478299999999999337e-02,-6.943518000000021573e+01,1.000000000000000000e+00
3.091757859609458800e-03,5.291336096062623784e-03,6.372215578868134500e-01,3.277069452146371020e+00,2.000000000000000000e+01,7.307598643105309155e-02,-2.234235558013404699e+01,6.692917608864512147e+00,-3.423907245676516453e+01,5.704239071547899442e+00,-6.383656668787038058e+01,5.842152713391674190e+00,3.000000000000000000e+00,1.616758829034958126e+03,5.466581359335669532e+01,3.657300000000000000e+06,4.144900000000000251e-01,-2.177044539999833887e+03,1.000000000000000000e+00
2.788031377169307781e-03,4.009328757313521292e-03,6.535001273012579492e-01,3.352345532916561233e+00,2.000000000000000000e+01,7.450861489304880236e-02,-2.267799352484285080e+01,6.379462197867784568e+00,-3.095110385224024441e+01,5.799401475459728061e+00,-6.181252248143950823e+01,6.391522261476014322e+00,4.000000000000000000e+00,1.445887067792935113e+03,5.472235127997105053e+01,3.704700000000000000e+06,1.888100000000000056e-01,-5.073212469999863856e+02,1.000000000000000000e+00
2.850517426737661595e-03,4.053726267063963509e-03,6.344366926666626938e-01,3.312017634728854798e+00,2.000000000000000000e+01,7.336483661225938480e-02,-2.298837808015044004e+01,6.357606973817655494e+00,-3.501242453499538243e+01,5.870345158493417870e+00,-6.246384742988686867e+01,6.106433365952456782e+00,5.000000000000000000e+00,1.331145769567098796e+03,5.475801860011608824e+01,3.658900000000000000e+06,3.944300000000000028e-01,-1.910638464999349480e+03,1.000000000000000000e+00
2.922398201745932123e-03,4.234621339346049569e-03,6.350059175986287885e-01,3.054037478080714685e+00,2.000000000000000000e+01,7.394602107337934493e-02,-2.488801788634972212e+01,6.178337741043880449e+00,-3.580596560186875621e+01,5.557424565485901802e+00,-6.124515456952126158e+01,6.268046349920314952e+00,6.000000000000000000e+00,1.226861762295363860e+03,5.523279407554684894e+01,3.618500000000000000e+06,2.877600000000000158e-01,-1.132762000000215039e+03,1.000000000000000000e+00
2.970629239290849093e-03,4.504112919822888216e-03,6.481674733506708197e-01,2.604943594088091618e+00,2.000000000000000000e+01,7.403665009089571702e-02,-2.889660910836069618e+01,6.415661905473360349e+00,-3.921509168218648966e+01,6.227186297069236431e+00,-5.975020407965759262e+01,5.820648805320008279e+00,7.000000000000000000e+00,1.084356541466807130e+03,5.546821586340734456e+01,3.648200000000000000e+06,2.556700000000000084e-01,-9.300189030001105266e+02,1.000000000000000000e+00
2.973430809881872500e-03,4.779782841021473598e-03,6.721986877727562648e-01,2.128766917742344944e+00,2.000000000000000000e+01,7.428823226809169733e-02,-2.814236647256839774e+01,6.356334084312402766e+00,-4.276559193701220352e+01,6.284271531286563572e+00,-6.014049379278701224e+01,5.586231711079579831e+00,8.000000000000000000e+00,1.047569820380609599e+03,5.629489880295977855e+01,3.606300000000000000e+06,2.016799999999999982e-01,-5.868702000000065482e+02,1.000000000000000000e+00
3.229287463225714687e-03,2.435752888862829924e-03,5.561934931733377718e-01,9.410802723041846729e-01,2.000000000000000000e+01,6.702563702272575086e-02,-5.155143539143048770e+01,5.080372671658937023e+00,-5.672476289204557531e+01,5.018106325439165794e+00,-3.313486906587848324e+01,3.956950707684491420e+00,9.000000000000000000e+00,1.088237151896855437e+02,8.000591579231516448e+01,3.253800000000000000e+06,1.491099999999999925e-01,-3.646530000000023506e+02,1.000000000000000000e+00
2.849385840986015921e-03,4.421194761993835036e-03,6.548181761777832621e-01,-6.583893755385210600e-01,2.000000000000000000e+01,7.437861359771241743e-02,-4.019283455751036627e+01,5.106992447025967330e+00,-4.365557809437938630e+01,6.035138366700159906e+00,-7.066345948305836089e+01,5.595853386866220802e+00,1.000000000000000000e+01,2.062237786971313653e+02,6.465456555808752626e+01,3.280600000000000000e+06,2.275600000000000123e-01,-7.411224680000102580e+02,1.000000000000000000e+00
2.775695000175433351e-03,4.703571423356412567e-03,6.157777039108451866e-01,-1.584939833880661286e+00,2.000000000000000000e+01,7.651660661590903301e-02,-4.169822144877431924e+01,5.097431244659745175e+00,-5.196573247408839791e+01,5.506486975538107842e+00,-5.686295713303084653e+01,5.243199064162391565e+00,1.100000000000000000e+01,1.650038901645253873e+02,6.551736692445044241e+01,3.275300000000000000e+06,9.486400000000000388e-02,-1.815497459999963610e+02,1.000000000000000000e+00
2.945024106051661022e-03,4.279477387010233169e-03,6.251508008067153677e-01,2.290837606942311755e+00,2.000000000000000000e+01,7.556307344786078461e-02,-2.958929019823791862e+01,6.330163477870367927e+00,-4.079030892205823022e+01,5.601885953237619731e+00,-6.025494555425970589e+01,5.698990746690432374e+00,1.200000000000000000e+01,1.041769225681820899e+03,5.646488143474341115e+01,3.557600000000000000e+06,1.303300000000000014e-01,-3.085388810000134185e+02,1.000000000000000000e+00
2.926341614186307553e-03,4.958015290341100632e-03,6.737835107810954405e-01,-4.956002049963527112e-01,2.000000000000000000e+01,7.354484997563061344e-02,-3.886143239543120842e+01,5.637442036451351335e+00,-4.996943885422115272e+01,5.887833755089066479e+00,-6.680292288840711024e+01,5.895208035750790110e+00,1.300000000000000000e+01,1.664745009732261849e+02,6.546249381723060878e+01,3.324900000000000000e+06,3.367600000000000038e-01,-1.439001881999927491e+03,1.000000000000000000e+00
2.714020439983313819e-03,4.828092894846527580e-03,6.166791731113960839e-01,-1.479903646268711848e+00,2.000000000000000000e+01,7.467185337208695484e-02,-4.210835824418117568e+01,5.073210990833887379e+00,-5.102335247220837289e+01,5.584846454525169257e+00,-5.794213865763845206e+01,5.208835460730309563e+00,1.400000000000000000e+01,1.620482710606640637e+02,6.554734714768147796e+01,3.272100000000000000e+06,2.008099999999999885e-01,-6.262125739999498819e+02,1.000000000000000000e+00
2.633215549194893070e-03,4.351367816973975532e-03,6.435181651986171536e-01,-4.800644486760318186e-01,2.000000000000000000e+01,7.648700771874729354e-02,-3.804325384138458332e+01,5.757635142068076028e+00,-5.103913747935258272e+01,6.070551377091644163e+00,-6.371466439486800226e+01,5.047600428209209511e+00,1.500000000000000000e+01,2.148733700892552179e+02,6.455516105596716159e+01,3.335400000000000000e+06,9.014500000000000290e-02,-1.460442880000024672e+02,1.000000000000000000e+00
2.663496666406123432e-03,4.979444548483191561e-03,6.098498615608832774e-01,-9.513969350567681449e-01,2.000000000000000000e+01,7.430098098305734644e-02,-4.006511538642435255e+01,5.699165015954401170e+00,-4.905293583675207714e+01,4.896025209137329526e+00,-6.141370359867875095e+01,5.784387797646126650e+00,1.600000000000000000e+01,2.176734101895739286e+02,6.434524185896893300e+01,3.305500000000000000e+06,2.371300000000000074e-01,-8.424875969997958691e+02,1.000000000000000000e+00
2.743242111393364054e-03,5.003361157393922121e-03,5.762594664198350536e-01,1.458452154256425215e-01,2.000000000000000000e+01,6.916833983713263634e-02,-3.777419496473843452e+01,5.991245602705403961e+00,-4.418452140403689299e+01,5.792977429176944248e+00,-6.093951194329473964e+01,5.382832669063406072e+00,1.700000000000000000e+01,3.932418994245385875e+02,6.214887253640939235e+01,3.371900000000000000e+06,2.163100000000000023e-01,-7.506941900001169188e+02,1.000000000000000000e+00
2.675856924320897060e-03,5.397690351150769179e-03,6.250437707572501500e-01,-1.461719282557217836e+00,2.000000000000000000e+01,8.344960993379417491e-02,-4.374881293113593728e+01,4.988535054388473000e+00,-4.825973375846059810e+01,5.559848248387345926e+00,-5.282339035086555157e+01,4.244771515992254329e+00,1.800000000000000000e+01,1.606781458655578945e+02,6.565454858548520178e+01,3.266600000000000000e+06,2.326799999999999979e-01,-7.821205139999541416e+02,1.000000000000000000e+00
2.814441444927893131e-03,4.808324731520706094e-03,6.444344484105816173e-01,-8.831580353444423714e-01,2.000000000000000000e+01,7.478844303839725371e-02,-3.779436084330205858e+01,5.373753645513398958e+00,-5.192046346711597238e+01,5.589771652666158275e+00,-6.169279772449339561e+01,5.230923496590510702e+00,1.900000000000000000e+01,2.123654205638301846e+02,6.456075959820908849e+01,3.286900000000000000e+06,1.758699999999999986e-01,-4.782862000000112630e+02,1.000000000000000000e+00
2.837669823767114546e-03,4.601920565403540622e-03,5.829926012097809140e-01,-1.860614771451531535e+00,2.000000000000000000e+01,7.803232374185545273e-02,-4.176241047399419415e+01,5.594062747784018796e+00,-5.152425977536971402e+01,5.268981500633924675e+00,-5.683183352000057198e+01,5.393780152695502039e+00,2.000000000000000000e+01,1.781394167261574921e+02,6.525466439110131489e+01,3.314800000000000000e+06,6.954799999999999871e-02,-1.110604000000015219e+02,1.000000000000000000e+00
2.951151163638898820e-03,4.174752232404846559e-03,6.636209303398008519e-01,-1.339708938940579852e+00,2.000000000000000000e+01,6.835749287440702482e-02,-4.368087419319483899e+01,5.753466002522785061e+00,-5.130445226713782603e+01,6.250243305499930457e+00,-5.442208462365367438e+01,6.074793866012052845e+00,2.100000000000000000e+01,1.984464994913379599e+02,6.466337551027680774e+01,3.457100000000000000e+06,1.350699999999999956e-01,-2.311624499999922762e+02,1.000000000000000000e+00
2.801599214887586127e-03,4.845939852444823559e-03,6.020305592678207862e-01,-1.208893179155198450e+00,2.000000000000000000e+01,7.576697463161180535e-02,-4.059188995008217660e+01,5.139222683277099968e+00,-5.122690700087948557e+01,5.493927987546673997e+00,-5.982286509669489760e+01,5.166990312409369679e+00,2.200000000000000000e+01,1.767475134930389231e+02,6.530960459965021414e+01,3.260500000000000000e+06,1.264899999999999913e-01,-3.053245999999869014e+02,1.000000000000000000e+00
2.793940229528912335e-03,4.864382722699686981e-03,6.328945219022074076e-01,-1.354631849305600655e+00,2.000000000000000000e+01,7.489606654455707724e-02,-4.221025115119379478e+01,5.093362418902784405e+00,-5.128345360441521450e+01,5.549815195963043735e+00,-5.805352501972743084e+01,5.136881164604495176e+00,2.300000000000000000e+01,1.584887390010116235e+02,6.576243515192950895e+01,3.263100000000000000e+06,1.727299999999999947e-01,-4.706010490000402342e+02,1.000000000000000000e+00
2.926496712805142387e-03,4.786347682636297139e-03,6.344629306971645288e-01,-1.195230464965353345e+00,2.000000000000000000e+01,8.074066616173480870e-02,-3.892120937224423471e+01,5.238591207781777115e+00,-5.330876213951876252e+01,5.121823762462788032e+00,-5.499933275448720593e+01,5.568317301224722016e+00,2.400000000000000000e+01,1.823487785711431286e+02,6.504535850426863419e+01,3.300500000000000000e+06,1.021399999999999947e-01,-2.088987450000072101e+02,1.000000000000000000e+00
2.819334109780512101e-03,4.609814284139366822e-03,6.410720317752092168e-01,-9.155241353208921629e-01,2.000000000000000000e+01,7.014391310645758104e-02,-3.902397208199127476e+01,5.432373625747541901e+00,-5.449045389730852662e+01,5.892173975472470460e+00,-6.615362242149591054e+01,4.963938139805028626e+00,2.500000000000000000e+01,1.815215361907403349e+02,6.520470004369144590e+01,3.291000000000000000e+06,2.099699999999999900e-01,-6.821284330000466980e+02,1.000000000000000000e+00
2.846859344371964300e-03,4.911700941779178695e-03,6.056159840234014435e-01,-1.040439278772473441e+00,2.000000000000000000e+01,7.601158822696496564e-02,-4.082536352792069323e+01,5.179845511926380652e+00,-5.221683874292629213e+01,5.590470596234255574e+00,-5.727733976882824862e+01,5.357947545365981057e+00,2.600000000000000000e+01,1.906556864980415753e+02,6.504455184355769859e+01,3.295700000000000000e+06,1.151299999999999962e-01,-2.615443999999954485e+02,1.000000000000000000e+00
2.853991553282783037e-03,4.810110365492574827e-03,5.884711198923955333e-01,-1.469061837863218756e+00,2.000000000000000000e+01,7.649250866480256095e-02,-3.784674173726302371e+01,5.314804513090086502e+00,-5.328378153837410736e+01,5.580332264304836087e+00,-6.156281791981767526e+01,5.095261853734633029e+00,2.700000000000000000e+01,1.709597917292456088e+02,6.545055147209426138e+01,3.262700000000000000e+06,1.037700000000000011e-01,-2.298413279999889198e+02,1.000000000000000000e+00
2.675059788591116049e-03,5.008049430206742286e-03,6.207608363205924240e-01,-4.009458281950790681e-01,2.000000000000000000e+01,7.429285500971555267e-02,-3.880757074462663070e+01,5.820402765024391911e+00,-4.582193539772361390e+01,4.953338820184554514e+00,-6.260667353891732034e+01,5.782170815144615617e+00,2.800000000000000000e+01,3.261726321439943490e+02,6.294093407482912994e+01,3.340300000000000000e+06,2.256299999999999972e-01,-7.607728439998606973e+02,1.000000000000000000e+00
2.539676775527164882e-03,4.203780481145245017e-03,5.723495875492987661e-01,3.444551710123471278e-01,2.000000000000000000e+01,7.790974181419775546e-02,-3.823054627289479868e+01,6.021215951460302307e+00,-4.682592513944473467e+01,5.810092052621173231e+00,-6.187467020557521380e+01,5.334744059376752112e+00,2.900000000000000000e+01,4.084517394448030814e+02,6.199917230108798805e+01,3.407700000000000000e+06,6.969699999999999507e-02,-1.038864089999991194e+02,1.000000000000000000e+00
2.791670803653409447e-03,4.555085785192261420e-03,6.159275130231277595e-01,-1.172292921759067186e+00,2.000000000000000000e+01,7.862230950489443315e-02,-4.134894746180344782e+01,5.697062715765994767e+00,-4.734386082594208744e+01,5.285089058693646535e+00,-6.116790134734193884e+01,5.592809683193870285e+00,3.000000000000000000e+01,2.282652110799704701e+02,6.427386546832161685e+01,3.333100000000000000e+06,5.892000000000000015e-02,-7.277839399999970738e+01,1.000000000000000000e+00
2.821596404108027423e-03,4.730969721126452622e-03,6.430637807178284371e-01,-8.931301089919319036e-01,2.000000000000000000e+01,7.476057344244900482e-02,-3.851189825901411012e+01,5.376484470302014707e+00,-5.241927642924002839e+01,5.559083284448404605e+00,-6.118833314893981168e+01,5.275152392957925152e+00,3.100000000000000000e+01,1.911800609141761242e+02,6.494918734730616450e+01,3.283000000000000000e+06,1.824999999999999956e-01,-5.112541450000500163e+02,1.000000000000000000e+00
2.648808289245944362e-03,4.860693913332428048e-03,6.236549110442057842e-01,-5.847325216654272184e-01,2.000000000000000000e+01,7.414218502425179436e-02,-3.855741916643522416e+01,5.848903249653645275e+00,-4.540957180456884146e+01,5.023628134418316016e+00,-6.296913990688638307e+01,5.836147013634119141e+00,3.200000000000000000e+01,3.292972908243160646e+02,6.286815001673674175e+01,3.352700000000000000e+06,2.511399999999999744e-01,-8.870617999999245740e+02,1.000000000000000000e+00
2.913420213362940929e-03,4.628242525961803050e-03,6.189971995871901278e-01,2.122159345470272740e+00,2.000000000000000000e+01,7.471996655670351539e-02,-3.148830733214021649e+01,6.153844936140620447e+00,-3.963691584166122794e+01,5.884203689601944731e+00,-6.037982610792667515e+01,5.690190842285435480e+00,3.300000000000000000e+01,9.736149223576950362e+02,5.677793557860166374e+01,3.560100000000000000e+06,1.878199999999999870e-01,-5.762885000000017044e+02,1.000000000000000000e+00
2.815072132040857475e-03,4.322534725323777006e-03,6.303038878943741929e-01,-1.107664187381409482e+00,2.000000000000000000e+01,7.420126071661536926e-02,-4.425106817119245761e+01,5.498205563993501244e+00,-5.380411321743579123e+01,5.276286488291439980e+00,-5.977133891202608140e+01,5.450181773016902653e+00,3.400000000000000000e+01,1.132971726556291543e+02,6.865387176234807498e+01,3.244700000000000000e+06,2.830300000000000038e-01,-1.112859379999816611e+03,1.000000000000000000e+00
3.432120341729344784e-03,4.810652206908447304e-03,5.867110830394958176e-01,1.725964005046103589e+00,2.000000000000000000e+01,7.435295930345343918e-02,-3.226704711949699345e+01,6.190370987505262157e+00,-4.180113739259152794e+01,6.480264629148720701e+00,-6.173057049117629447e+01,5.466019999913321215e+00,3.500000000000000000e+01,8.659975495782093731e+02,5.749343266263926466e+01,3.567300000000000000e+06,3.104799999999999782e-01,-1.618759999999761249e+03,1.000000000000000000e+00
2.628621898834131079e-03,4.441323709858895248e-03,5.688296275312070271e-01,2.066019864694841612e-01,2.000000000000000000e+01,7.625452664633003419e-02,-3.743973968388046814e+01,5.552080454620400118e+00,-4.783518227355069286e+01,5.907101904094727907e+00,-6.270743225581588831e+01,5.628813149816779493e+00,3.600000000000000000e+01,3.525948526826603029e+02,6.237682826172959238e+01,3.376400000000000000e+06,1.112599999999999978e-01,-2.514190770000103328e+02,1.000000000000000000e+00
2.925993535907733117e-03,5.050384763337783384e-03,6.447388136287495186e-01,4.979778785794879425e-01,2.000000000000000000e+01,7.399958727034239292e-02,-3.679659962117894167e+01,5.651620507800215520e+00,-4.753562276117632024e+01,5.848782557732452148e+00,-6.415647440752934472e+01,5.703036246462141357e+00,3.700000000000000000e+01,3.713457055162335791e+02,6.222184561276763759e+01,3.375800000000000000e+06,2.640000000000000124e-01,-9.942514020002029156e+02,1.000000000000000000e+00
2.801910845165715095e-03,4.546713683296906006e-03,6.079398734137637650e-01,-1.452062804544413055e+00,2.000000000000000000e+01,7.888370420276800965e-02,-4.129505256475975727e+01,5.715793174513097874e+00,-4.696184342156647773e+01,5.289296001207126174e+00,-6.048291168056087486e+01,5.655975203732358736e+00,3.800000000000000000e+01,2.407021299519935269e+02,6.415848704069807695e+01,3.348800000000000000e+06,5.594600000000000267e-02,-6.939620000000084588e+01,1.000000000000000000e+00
2.577349955872910384e-03,4.816794637486043230e-03,7.253800462582233877e-01,-1.031456181033187258e+00,2.000000000000000000e+01,8.219186077104431720e-02,-4.004502625206163202e+01,4.970036604024364202e+00,-5.093649516684234868e+01,5.518903898088877824e+00,-6.640813623209956518e+01,5.764009652734996436e+00,3.900000000000000000e+01,2.504489380034136730e+02,6.378931837204866184e+01,3.326700000000000000e+06,7.339900000000000591e-02,-9.260440600000177369e+01,1.000000000000000000e+00
2.778393073947057340e-03,5.024313252406075944e-03,6.220674040818269246e-01,-3.601567989059418773e-01,2.000000000000000000e+01,7.499113870729182119e-02,-3.804565832083558519e+01,5.291835148634048025e+00,-4.811381944913657094e+01,5.685378635070197362e+00,-6.054022353582537619e+01,5.699548599355667378e+00,4.000000000000000000e+01,3.392251964175595162e+02,6.265073837751447883e+01,3.354700000000000000e+06,1.595699999999999896e-01,-4.208670000000506661e+02,1.000000000000000000e+00
2.572892330590122352e-03,4.273025116143468714e-03,6.090709353639612855e-01,1.761647754703833613e+00,2.000000000000000000e+01,7.745384930167589776e-02,-3.236953954945722245e+01,6.492709237763385488e+00,-4.173318078718025959e+01,6.267696769695224823e+00,-5.879412918845994795e+01,5.622118783384761009e+00,4.100000000000000000e+01,9.664525884909337492e+02,5.709556303688243872e+01,3.618400000000000000e+06,7.308099999999999319e-02,-1.021484969999982582e+02,1.000000000000000000e+00
2.766521733498938755e-03,4.960579033827337316e-03,5.860239667281406106e-01,-7.666834082292794950e-01,2.000000000000000000e+01,7.590074303508122233e-02,-4.000739761208302525e+01,5.186848628557235941e+00,-5.084359136412177094e+01,5.474969097983914068e+00,-5.768556804068358446e+01,5.460059222124552747e+00,4.200000000000000000e+01,2.495571110755614086e+02,6.407475089418294090e+01,3.307100000000000000e+06,1.211200000000000054e-01,-2.926553089999927693e+02,1.000000000000000000e+00
2.898240992340845625e-03,4.180459080064848065e-03,6.081062366665695995e-01,1.311173808033001320e+00,2.000000000000000000e+01,7.450683609292804710e-02,-3.411762334484571113e+01,6.046621704341102799e+00,-4.793124683536845509e+01,6.322251830330198885e+00,-6.337144922213499854e+01,4.970828999804071557e+00,4.300000000000000000e+01,5.319243141603549248e+02,6.066625614059292104e+01,3.433400000000000000e+06,2.435599999999999987e-01,-9.240755999998771131e+02,1.000000000000000000e+00
2.716645514037909631e-03,5.042192822664374151e-03,6.114570742482876575e-01,-6.821562834219457860e-01,2.000000000000000000e+01,7.514319605066407948e-02,-4.006651200287156200e+01,5.610418669962236038e+00,-4.526168034599146495e+01,5.096399369025749415e+00,-6.155743000113723440e+01,5.737445778831556709e+00,4.400000000000000000e+01,3.125691661514391058e+02,6.320469485517979535e+01,3.337300000000000000e+06,1.503599999999999937e-01,-3.909777390000221544e+02,1.000000000000000000e+00
2.649251606703672580e-03,4.356037840271691740e-03,5.664068885465823877e-01,2.145371608476516201e-01,2.000000000000000000e+01,7.517610867632200378e-02,-3.751294246391923792e+01,5.503481289470798288e+00,-4.789880634356094902e+01,5.865484078179879823e+00,-6.294569352025840203e+01,5.504595968879741008e+00,4.500000000000000000e+01,3.429938806932024136e+02,6.257004030707166464e+01,3.358300000000000000e+06,1.822400000000000131e-01,-5.821619000000281403e+02,1.000000000000000000e+00
3.000796827212906265e-03,4.491852007503643711e-03,6.372048720244229969e-01,-1.877610372806626016e+00,2.000000000000000000e+01,6.900283300092632799e-02,-3.988080676189357376e+01,5.423117381070704290e+00,-5.380750513329630991e+01,5.400945252926180551e+00,-4.585920461732573017e+01,6.009089862819875449e+00,4.600000000000000000e+01,1.492322550223435940e+02,6.586150064624300171e+01,3.282900000000000000e+06,1.189700000000000063e-01,-2.741615999999966107e+02,1.000000000000000000e+00
2.754797903984969581e-03,4.456393493145353879e-03,6.145427733698094475e-01,6.662307236271600708e-01,2.000000000000000000e+01,7.523932725581911063e-02,-3.411001797411217495e+01,5.746253608131024038e+00,-4.630532441613041783e+01,6.110753263904520338e+00,-6.258831904423084325e+01,5.107451253140965264e+00,4.700000000000000000e+01,5.585780451691435928e+02,6.049272427708717004e+01,3.417900000000000000e+06,1.494399999999999895e-01,-3.832191090000066538e+02,1.000000000000000000e+00
2.976894937321067879e-03,4.440828832304997455e-03,5.722498933019103395e-01,8.972051824395427255e-01,2.000000000000000000e+01,7.497923838810729991e-02,-3.723961752911947087e+01,5.815711782784619643e+00,-4.530796520533741045e+01,5.676555603152491969e+00,-5.897964429042104939e+01,5.275171556290068509e+00,4.800000000000000000e+01,5.563167211725849484e+02,6.058451836751785180e+01,3.418600000000000000e+06,2.155600000000000016e-01,-8.215500069998749950e+02,1.000000000000000000e+00
2.771037093707501460e-03,4.644139798379945741e-03,6.243793976052569583e-01,-9.169699279471070774e-01,2.000000000000000000e+01,7.718087176008624206e-02,-4.085335375812699255e+01,5.501661690967573293e+00,-4.667787393472416824e+01,5.394487446836050637e+00,-6.119159745129493899e+01,5.636657280278597248e+00,4.900000000000000000e+01,2.622847705750295972e+02,6.370892895468987405e+01,3.334500000000000000e+06,7.929100000000000037e-02,-1.231252109999979325e+02,1.000000000000000000e+00
3.023812151431082805e-03,4.574469476037564680e-03,6.267576003845494181e-01,9.255359165382169850e-01,2.000000000000000000e+01,7.475879559988361789e-02,-3.264286177104743558e+01,5.636716975506557148e+00,-4.466860485610507681e+01,5.958862401677299303e+00,-5.864160746263431179e+01,5.687680267903363784e+00,5.000000000000000000e+01,7.209832084795569926e+02,5.901746223555433346e+01,3.487100000000000000e+06,1.978199999999999958e-01,-6.378624000000232854e+02,1.000000000000000000e+00
3.125129461445645511e-03,4.801759560641035395e-03,6.295760349027620384e-01,1.295926149299893471e+00,2.000000000000000000e+01,7.424814347725217090e-02,-3.226530273358918066e+01,5.675096497079219482e+00,-4.385742342136781957e+01,5.686048545819579303e+00,-6.290088009056271545e+01,5.327534510160317538e+00,5.100000000000000000e+01,7.179478064321559714e+02,5.906581086610292886e+01,3.415400000000000000e+06,2.575999999999999956e-01,-1.023261909999926843e+03,1.000000000000000000e+00
2.712328001513830255e-03,5.344203739689904441e-03,6.393651249975600415e-01,-1.634632016144757394e+00,2.000000000000000000e+01,6.799617741836347373e-02,-3.991828086053653379e+01,4.889884791698303701e+00,-5.295875944587707096e+01,4.710444106202605674e+00,-4.595860545442752709e+01,4.649445455022319429e+00,5.200000000000000000e+01,1.198175476484206285e+02,6.861626482977050046e+01,3.224400000000000000e+06,2.414699999999999902e-01,-9.462374999998589828e+02,1.000000000000000000e+00
2.734445984825768089e-03,4.987402416657925330e-03,6.120602458862545170e-01,-4.078603929531952055e-01,2.000000000000000000e+01,7.503920415249937248e-02,-3.805605250726540589e+01,5.269929757176195828e+00,-4.982042424538764891e+01,5.737411364331029162e+00,-6.119817944731548209e+01,5.838413255836593763e+00,5.300000000000000000e+01,2.690409104842293004e+02,6.342160654361606476e+01,3.343400000000000000e+06,1.596400000000000041e-01,-4.265024399999644515e+02,1.000000000000000000e+00
3.119421968073678338e-03,4.974096753442887840e-03,6.460506464623043676e-01,2.002031405570591449e+00,2.000000000000000000e+01,7.364690127403790421e-02,-3.023435454814199730e+01,6.556786877974902339e+00,-4.448453121597228233e+01,6.148004834451969103e+00,-6.050133013283281969e+01,5.230328450578063837e+00,5.400000000000000000e+01,9.202440074394000931e+02,5.715464549723256482e+01,3.563500000000000000e+06,3.297300000000000231e-01,-1.506525300000267862e+03,1.000000000000000000e+00
2.553073808320569654e-03,5.087453873448111175e-03,5.208676173797198716e-01,-1.983629538021585592e+00,2.000000000000000000e+01,7.145494613371328185e-02,-4.610485604725680986e+01,4.804845526984499848e+00,-5.360158683055298212e+01,5.182981063657129184e+00,-5.305890639038037904e+01,4.859771908650866834e+00,5.500000000000000000e+01,1.208147583774235017e+02,6.779055985994578748e+01,3.216100000000000000e+06,1.839899999999999869e-01,-6.015274999999664942e+02,1.000000000000000000e+00
3.060556544399189657e-03,5.546172235565096330e-03,7.375566716474993845e-01,-1.918398004705460513e+00,2.000000000000000000e+01,6.946889759970135969e-02,-3.956793244988655545e+01,5.255821970622620576e+00,-6.099683565580190958e+01,4.312415072396531102e+00,-5.003207649179277183e+01,4.898695223887895800e+00,5.600000000000000000e+01,1.437919181845630305e+02,6.621617519734044777e+01,3.292900000000000000e+06,1.356799999999999951e-01,-3.292603680000024724e+02,1.000000000000000000e+00
2.767864026479020453e-03,4.274787156528300248e-03,5.908236372452575491e-01,1.164174852288754058e+00,2.000000000000000000e+01,7.585610459868655231e-02,-3.488168688379261084e+01,5.656451832817488423e+00,-4.707622184276090138e+01,5.393716699966592643e+00,-6.071184543803823885e+01,5.568992223055449386e+00,5.700000000000000000e+01,5.642348016931276788e+02,6.045537378712343468e+01,3.384500000000000000e+06,1.250199999999999922e-01,-2.999600170000062462e+02,1.000000000000000000e+00
2.807026209815274322e-03,4.258611768128427871e-03,6.256392578014606798e-01,9.398166906071784288e-01,2.000000000000000000e+01,7.529225305537340374e-02,-3.646408941232591161e+01,5.787397495663823221e+00,-4.254182170647223415e+01,5.420172497451567040e+00,-5.970127887979418801e+01,5.547267494392570164e+00,5.800000000000000000e+01,6.353191675778971330e+02,5.984620126665407014e+01,3.431000000000000000e+06,1.465799999999999881e-01,-3.649113000000293141e+02,1.000000000000000000e+00
2.931793775075581220e-03,4.631664349675203469e-03,6.608020049217049330e-01,1.759061805044926929e+00,2.000000000000000000e+01,7.460587125334236513e-02,-3.137440898233742104e+01,6.446911686221289628e+00,-4.426558998600969375e+01,5.942525308081924251e+00,-6.169395494687888970e+01,4.981560207803731544e+00,5.900000000000000000e+01,8.504440255948519507e+02,5.797369963719357600e+01,3.506800000000000000e+06,1.778000000000000136e-01,-4.793803650000255061e+02,1.000000000000000000e+00
2.722146896599199339e-03,5.988524956066770301e-03,6.288806162432016844e-01,-1.950448675259833342e+00,2.000000000000000000e+01,7.095439483278571935e-02,-4.173030948286042019e+01,5.189753736469235434e+00,-4.710863439930298568e+01,5.762291864870136671e+00,-5.226724406365477904e+01,6.245652315886451866e+00,6.000000000000000000e+01,1.416227348797333434e+02,6.624995165137897857e+01,3.308500000000000000e+06,1.140499999999999986e-01,-2.486310000000006823e+02,1.000000000000000000e+00
2.848252380253115355e-03,4.857815963747071433e-03,6.276169986476327622e-01,8.937742248959235081e-02,2.000000000000000000e+01,7.485256756756315799e-02,-3.881536824295837107e+01,5.653037414878118838e+00,-4.759332777480313581e+01,5.352540089661555811e+00,-5.707048195309764083e+01,5.642073506065416133e+00,6.100000000000000000e+01,4.285629183756906855e+02,6.186989132968725613e+01,3.390200000000000000e+06,1.751500000000000001e-01,-4.943161309999405830e+02,1.000000000000000000e+00
3.076103803120644811e-03,4.740852153122457682e-03,6.392901406008539844e-01,1.686598554814768613e+00,2.000000000000000000e+01,7.394076732713897315e-02,-3.254887714751053807e+01,5.768024039894038779e+00,-4.387200715942601903e+01,5.784466665802401764e+00,-6.340597493176258581e+01,5.182738253001977213e+00,6.200000000000000000e+01,7.270385768978304668e+02,5.894817346147133463e+01,3.417800000000000000e+06,2.928600000000000092e-01,-1.242048419999892303e+03,1.000000000000000000e+00
2.788137058547700102e-03,4.581965241151191373e-03,5.940218286118026381e-01,5.585600328623746558e-01,2.000000000000000000e+01,7.419827855075462886e-02,-3.545274530965390625e+01,5.466587981154125586e+00,-4.671113701134875384e+01,5.943839478136276000e+00,-6.181679126200499752e+01,5.446884496526866570e+00,6.300000000000000000e+01,4.938717105463633743e+02,6.106475471136521094e+01,3.391400000000000000e+06,2.828399999999999803e-01,-1.204783412000232374e+03,1.000000000000000000e+00
2.645490589330239031e-03,4.672482493273061657e-03,6.503475265668507976e-01,-2.829744371807807024e+00,2.000000000000000000e+01,7.693816383080276378e-02,-4.371962924550200569e+01,5.015129420864251841e+00,-5.232175229828210661e+01,5.006601704043159629e+00,-5.094963689184783817e+01,4.803485934453129325e+00,6.400000000000000000e+01,1.240179864568677033e+02,6.766556933609214752e+01,3.247800000000000000e+06,1.597300000000000109e-01,-4.580159999999740421e+02,1.000000000000000000e+00
2.668976031376996041e-03,5.355672128013365223e-03,5.972815940497127052e-01,3.451506908473164770e-01,2.000000000000000000e+01,7.607961640485313981e-02,-3.453615714181412955e+01,6.076129806199280559e+00,-4.186758248136245442e+01,6.395639062180082490e+00,-6.768002518352204788e+01,5.628231504259620266e+00,6.500000000000000000e+01,5.035361699539733991e+02,6.073722499116410489e+01,3.424900000000000000e+06,2.461399999999999977e-01,-8.855021070001690759e+02,1.000000000000000000e+00
2.827557389142196405e-03,4.647647985669034650e-03,6.131984464427833181e-01,-1.958215468218093891e+00,2.000000000000000000e+01,7.522770730349861990e-02,-4.215202676058599707e+01,5.317602275949152357e+00,-5.315330654287012635e+01,5.562847597836174884e+00,-5.861583144682722235e+01,4.922478323122472688e+00,6.600000000000000000e+01,1.247827344741423161e+02,6.698791273376235722e+01,3.249300000000000000e+06,1.654100000000000015e-01,-4.596458919999658406e+02,1.000000000000000000e+00
2.854121239416163372e-03,4.663807226982438769e-03,6.215432639959437289e-01,3.319565758371706421e-01,2.000000000000000000e+01,7.483619877286738775e-02,-3.849097878101504477e+01,5.567793862097368596e+00,-4.631806320356059103e+01,5.885989340676895054e+00,-5.730944775250443968e+01,5.702059542526930258e+00,6.700000000000000000e+01,4.736596656959546863e+02,6.111057288206016835e+01,3.438500000000000000e+06,1.840199999999999891e-01,-5.490125429999505968e+02,1.000000000000000000e+00
2.867075069089795696e-03,4.712085400608257910e-03,6.044226336451652415e-01,1.256660352559442417e+00,2.000000000000000000e+01,7.392495435356463696e-02,-3.346929613828894645e+01,5.765138853938386099e+00,-4.331851250890146332e+01,5.869410210304422115e+00,-6.260989820170114228e+01,5.414487474465765615e+00,6.800000000000000000e+01,6.940839372422600491e+02,5.908587275768008595e+01,3.443700000000000000e+06,3.128500000000000170e-01,-1.425859639999854153e+03,1.000000000000000000e+00
2.890649308210934548e-03,4.345884450792746392e-03,6.234991973944075117e-01,1.568701138247837967e+00,2.000000000000000000e+01,7.559958216085543858e-02,-3.149767499876067589e+01,6.206892301763129005e+00,-4.427380255330238867e+01,5.794820738217907774e+00,-6.509204884513917477e+01,5.337115331956947983e+00,6.900000000000000000e+01,7.390808411258337856e+02,5.862257962893657748e+01,3.458000000000000000e+06,1.284099999999999964e-01,-3.015323429999851896e+02,1.000000000000000000e+00
2.796980927061189226e-03,4.708226756236909283e-03,6.253483133579686992e-01,3.643921807000919943e-01,2.000000000000000000e+01,7.418004757960808271e-02,-3.751182762575533758e+01,5.787653674223451006e+00,-4.773508746683874904e+01,6.174402874416131226e+00,-5.733497569848807984e+01,5.379615559512002321e+00,7.000000000000000000e+01,4.690932836111901452e+02,6.122659198978223571e+01,3.454700000000000000e+06,2.555200000000000249e-01,-9.431450279999249915e+02,1.000000000000000000e+00
3.012993578490117189e-03,4.706380646686124380e-03,6.055085837086325862e-01,9.887280377453303570e-01,2.000000000000000000e+01,7.440848463265287149e-02,-3.408860690177492359e+01,6.061976814710442696e+00,-4.257992875782818487e+01,5.894380930087203652e+00,-5.888304293854643134e+01,5.728775097605254274e+00,7.100000000000000000e+01,7.374664712922826766e+02,5.870356928350184234e+01,3.530300000000000000e+06,2.539799999999999836e-01,-1.016150739999896359e+03,1.000000000000000000e+00
2.830579643928241192e-03,4.688707545163886548e-03,5.972883595715398064e-01,-1.825052281762080231e+00,2.000000000000000000e+01,7.637591264548955483e-02,-4.267390206447453238e+01,5.386467137657063198e+00,-5.275663850956541978e+01,5.476777794613098216e+00,-5.781415982200836368e+01,5.503161599707497409e+00,7.200000000000000000e+01,1.291723419536455424e+02,6.628195248504226811e+01,3.292000000000000000e+06,1.069699999999999956e-01,-2.351625639999838313e+02,1.000000000000000000e+00
2.895528954727408753e-03,4.340673902851762724e-03,6.352936807992399793e-01,1.654389809127261302e+00,2.000000000000000000e+01,7.486776328543312542e-02,-3.120993847448801972e+01,6.002830442350409967e+00,-4.317415364331890970e+01,5.448057843843371550e+00,-6.189398133201565599e+01,5.725055076854944858e+00,7.300000000000000000e+01,7.964484501296847156e+02,5.809820941789863724e+01,3.470300000000000000e+06,1.739400000000000113e-01,-4.836303299999547676e+02,1.000000000000000000e+00
2.666831078074890019e-03,4.225038097502368563e-03,6.045520645110842306e-01,9.830376855855665896e-01,2.000000000000000000e+01,7.604030945888612392e-02,-3.460538213876389335e+01,6.040811469211055496e+00,-4.604157319552297167e+01,5.709767362067659668e+00,-6.132166404020897943e+01,5.409478906934088727e+00,7.400000000000000000e+01,5.917270247596300123e+02,5.994918170331794016e+01,3.441200000000000000e+06,1.122800000000000048e-01,-2.357628000000134421e+02,1.000000000000000000e+00
2.532551860276913147e-03,4.271882750605211082e-03,6.306558933379573517e-01,1.154508579234550414e+00,2.000000000000000000e+01,7.483929722910792615e-02,-3.472480687153458945e+01,6.197046593442479434e+00,-4.469929403072754326e+01,6.219709608694023117e+00,-5.360916554894621555e+01,5.712258553798863936e+00,7.500000000000000000e+01,7.486896603071782010e+02,5.843581264877532533e+01,3.597900000000000000e+06,1.629800000000000137e-01,-3.948931410000439541e+02,1.000000000000000000e+00
2.818775635970996278e-03,4.581024882619633143e-03,5.776013167775698731e-01,6.389039068889325046e-01,2.000000000000000000e+01,7.478444394559416453e-02,-3.559809180987626576e+01,5.371622615979497084e+00,-4.726006607848219687e+01,5.932499926048497407e+00,-6.196872770330480762e+01,5.566034277172459355e+00,7.600000000000000000e+01,4.594785446101824391e+02,6.134700787588874960e+01,3.380900000000000000e+06,2.172099999999999864e-01,-8.019143779999301387e+02,1.000000000000000000e+00
2.891780232165026398e-03,4.699398697082548398e-03,6.261874345671656350e-01,7.584236550771394914e-01,2.000000000000000000e+01,7.538117783717013243e-02,-3.533014468058435398e+01,5.746472220275868459e+00,-4.557718626869000644e+01,5.831925938723529157e+00,-5.782837331955413163e+01,5.540263208540467943e+00,7.700000000000000000e+01,6.451292303525908665e+02,5.982376782048797992e+01,3.462900000000000000e+06,1.374700000000000089e-01,-3.375928000000111524e+02,1.000000000000000000e+00
3.059105368511075718e-03,4.616847437582776749e-03,6.430240823221401447e-01,-2.373561875466177057e-02,2.000000000000000000e+01,7.921539675065068786e-02,-3.155614016113940679e+01,5.047175845932030391e+00,-3.964722544568351026e+01,6.277165435741533628e+00,-5.401129331611833351e+01,4.675793660866089496e+00,7.800000000000000000e+01,4.549481524090896869e+02,6.163210779896779457e+01,3.417400000000000000e+06,1.460500000000000131e-01,-3.542972370000216529e+02,1.000000000000000000e+00
2.876703670448826217e-03,4.712612913261349928e-03,6.029089763339586794e-01,7.882193262553427449e-02,2.000000000000000000e+01,7.585435309867193110e-02,-3.668817660627883015e+01,5.675733503151269232e+00,-4.603347142868047115e+01,5.481812246865314542e+00,-6.247291263029368480e+01,5.369068751840723408e+00,7.900000000000000000e+01,4.544450152225869033e+02,6.169587553190898888e+01,3.362500000000000000e+06,1.221600000000000047e-01,-2.927826999999902569e+02,1.000000000000000000e+00
2.956130507299377375e-03,5.043155875931275116e-03,5.458205814383726429e-01,5.164509484148659402e-01,2.000000000000000000e+01,7.489378880720207188e-02,-3.583157357841760415e+01,6.019171813112508929e+00,-4.269903285365587919e+01,5.695551653070282327e+00,-6.380168109041228774e+01,5.155653245208484670e+00,8.000000000000000000e+01,5.883439825511683239e+02,6.041683404766191501e+01,3.418400000000000000e+06,2.295699999999999963e-01,-9.666087299998172284e+02,1.000000000000000000e+00
2.860169239481000648e-03,4.507370499113179732e-03,6.208643515582806804e-01,1.716119358157296992e-01,2.000000000000000000e+01,7.504512224889182959e-02,-3.524701911809437149e+01,5.577080791148637751e+00,-4.802067820196695891e+01,6.018990323023924560e+00,-6.256900981060953626e+01,5.014804111197149972e+00,8.100000000000000000e+01,4.399949541350955542e+02,6.186092276922504851e+01,3.367600000000000000e+06,1.701300000000000034e-01,-4.779996620000118241e+02,1.000000000000000000e+00
2.916513307250847946e-03,4.134815585212709040e-03,6.114186391794749209e-01,9.514710834145655438e-01,2.000000000000000000e+01,7.404131501362254397e-02,-3.268363795702066454e+01,6.012864609507477809e+00,-4.541459712708390839e+01,6.253980746708769800e+00,-6.355680301706931346e+01,4.972884194808177227e+00,8.200000000000000000e+01,6.495432068210258194e+02,5.961235164496223859e+01,3.455100000000000000e+06,3.276299999999999768e-01,-1.514501208000571523e+03,1.000000000000000000e+00
2.846657681839589397e-03,4.439303208624839105e-03,6.207074423815996944e-01,1.940269116371057478e+00,2.000000000000000000e+01,7.446399814944357209e-02,-3.170602020260172083e+01,5.787967802068890499e+00,-4.378353946260357787e+01,5.450413011973510358e+00,-5.917745583454998837e+01,5.606805069851040102e+00,8.300000000000000000e+01,8.178276538137635043e+02,5.797609407559131967e+01,3.461400000000000000e+06,2.183700000000000085e-01,-7.326280000001250983e+02,1.000000000000000000e+00
2.661658443326886392e-03,5.034162987682682180e-03,6.295388785624371764e-01,6.759819583005255428e-01,2.000000000000000000e+01,7.378474166305731829e-02,-3.359304585844273561e+01,5.911286590222567305e+00,-4.319073020518953854e+01,5.902066193592728993e+00,-6.262191413219093761e+01,5.516935619678761782e+00,8.400000000000000000e+01,6.531689862036835166e+02,5.950124539353802788e+01,3.466500000000000000e+06,2.852700000000000236e-01,-1.107210373999756712e+03,1.000000000000000000e+00
2.897755523188054634e-03,4.576833754973453315e-03,6.113634789071693554e-01,1.136791933806634014e-01,2.000000000000000000e+01,7.569367129573431607e-02,-3.614060561825880313e+01,5.418678132717943186e+00,-4.776828548054439239e+01,5.635259059981166274e+00,-6.054586986767718315e+01,5.467257652086407127e+00,8.500000000000000000e+01,4.493150192112071863e+02,6.170493989310219973e+01,3.363700000000000000e+06,1.303700000000000137e-01,-3.189731999999935397e+02,1.000000000000000000e+00
2.794890562175159250e-03,4.830435983564298694e-03,6.200649778157121261e-01,-7.815985634423944228e-02,2.000000000000000000e+01,7.474499291554032032e-02,-3.743362719396318994e+01,5.475640280087924694e+00,-4.682433960346754986e+01,5.647373538529887327e+00,-5.883410346334790120e+01,5.186587796495391700e+00,8.600000000000000000e+01,4.485582993211488656e+02,6.186084654010949890e+01,3.368400000000000000e+06,1.889899999999999913e-01,-5.687845350000026201e+02,1.000000000000000000e+00
2.745696107455087957e-03,4.482471717003814853e-03,6.442821853769857832e-01,1.400081686567922867e+00,2.000000000000000000e+01,7.409372702976707581e-02,-3.401013612319674451e+01,6.049153916620326754e+00,-4.639751672586120890e+01,5.490741218315830174e+00,-5.795978793657438644e+01,5.521418804822507909e+00,8.700000000000000000e+01,6.632631944663920649e+02,5.911116664926615272e+01,3.462400000000000000e+06,2.434499999999999997e-01,-8.321265029998533009e+02,1.000000000000000000e+00
2.838998700631511704e-03,4.491857953679075088e-03,5.853445470004011719e-01,3.344042556314406944e+00,2.000000000000000000e+01,7.128574756225292131e-02,-2.413336533556639907e+01,6.355726307636670569e+00,-3.387990674867718610e+01,5.824145041081329133e+00,-5.870757254882285281e+01,5.932264389627334822e+00,8.800000000000000000e+01,2.144066908185543070e+03,5.464662532948662488e+01,3.692200000000000000e+06,5.215100000000000291e-01,-1.934014621000490251e+03,1.000000000000000000e+00
3.376197679860811363e-03,5.490446823281977702e-03,5.907185248399088318e-01,3.098322955367278642e+00,2.000000000000000000e+01,7.678492206123993524e-02,-2.668295191408202527e+01,6.674944318596627291e+00,-3.668265590017245614e+01,6.137254318149585330e+00,-6.059602471875767549e+01,5.261537595612995943e+00,8.900000000000000000e+01,1.756209282968765820e+03,5.474178227484534887e+01,3.691300000000000000e+06,1.061200000000000060e-01,-2.065795199999982685e+02,1.000000000000000000e+00
3.111457541835662907e-03,4.442982839692109082e-03,6.290495906560602535e-01,-1.279712756464244316e+00,2.000000000000000000e+01,7.461181065173771998e-02,-4.051667447649450082e+01,4.803556646036733824e+00,-5.828154339492540004e+01,5.693352024994114302e+00,-5.897314254442571269e+01,5.159098412258138033e+00,9.000000000000000000e+01,1.172358364710675005e+02,6.983753951840418495e+01,3.188000000000000000e+06,2.473799999999999888e-01,-9.374480000001057078e+02,1.000000000000000000e+00
2.771444099959972669e-03,4.221736157352129828e-03,5.989386022479743499e-01,-2.277367582353186481e+00,2.000000000000000000e+01,7.730174948616183594e-02,-3.979648611681218995e+01,5.571303384946991955e+00,-6.182988506867408063e+01,5.407028095218128882e+00,-5.868155277586178897e+01,4.409983827783933386e+00,9.100000000000000000e+01,1.179843441204718033e+02,6.896190531697946824e+01,3.217300000000000000e+06,2.549699999999999744e-01,-1.004204400000084092e+03,1.000000000000000000e+00
2.674439850665651878e-03,4.824629889078776296e-03,7.172418970608529509e-01,-1.651643476642331354e+00,2.000000000000000000e+01,7.510008821386583711e-02,-5.030550944089065979e+01,4.997031669543504862e+00,-5.601084149610733931e+01,6.185314374788221770e+00,-4.945608739846291257e+01,4.600633043110523346e+00,9.200000000000000000e+01,1.433468437496698584e+02,6.625728891654968322e+01,3.264700000000000000e+06,1.501800000000000079e-01,-3.931988779999720123e+02,1.000000000000000000e+00
2.536782482346359481e-03,4.614752134047364965e-03,6.565081077097859596e-01,-1.599575092121939601e+00,2.000000000000000000e+01,7.251940385905000785e-02,-3.890380126571405128e+01,5.384717021456468800e+00,-5.660866506575149515e+01,5.303161125755572414e+00,-5.239470000656697124e+01,5.041990797309485295e+00,9.300000000000000000e+01,1.545850142476865301e+02,6.603400360959857096e+01,3.253700000000000000e+06,1.123200000000000032e-01,-2.466547519999878375e+02,1.000000000000000000e+00
2.695233593175549048e-03,4.863459679556431624e-03,5.744926854316777520e-01,-1.607188315098416309e+00,2.000000000000000000e+01,8.331937743229671234e-02,-3.599324673315901180e+01,4.577003528850908332e+00,-6.110762569290361057e+01,4.878740857576599588e+00,-5.416093239030416839e+01,6.192973100296011779e+00,9.400000000000000000e+01,1.778125857083438177e+02,6.538546958087260919e+01,3.304200000000000000e+06,1.123200000000000032e-01,-2.535359999999875242e+02,1.000000000000000000e+00
3.411901434166642912e-03,4.776801071920175334e-03,5.568384735224239934e-01,-2.032628912973816870e+00,2.000000000000000000e+01,7.257507362212119173e-02,-4.471992060060834717e+01,5.156792191879843834e+00,-6.425663687103717336e+01,4.576865474280565671e+00,-5.796353984840457230e+01,4.203440346942906025e+00,9.500000000000000000e+01,1.196302641875955857e+02,6.914625672477380647e+01,3.201600000000000000e+06,2.031100000000000128e-01,-7.055209100000497529e+02,1.000000000000000000e+00
2.876479025556461823e-03,4.506346584412262990e-03,5.909236189700766140e-01,-2.490387960977651360e+00,2.000000000000000000e+01,7.538530955584810123e-02,-4.415348481522114099e+01,5.422123478654061302e+00,-5.472579946626721892e+01,5.594554321156943288e+00,-5.636646533605315312e+01,4.631074885339232949e+00,9.600000000000000000e+01,1.205633872088217515e+02,6.892593061686027056e+01,3.231700000000000000e+06,1.753500000000000059e-01,-5.387725399999595766e+02,1.000000000000000000e+00
2.635689087927084538e-03,4.979336588135873341e-03,5.443768312406654930e-01,-2.753210799158754440e+00,2.000000000000000000e+01,6.955629845546131007e-02,-4.292552780517112154e+01,4.966379841750063306e+00,-5.032060275249973103e+01,5.831627832513956555e+00,-5.917402765987628044e+01,4.990931672468889246e+00,9.700000000000000000e+01,1.213715591724580634e+02,6.809073347029593037e+01,3.233800000000000000e+06,1.686100000000000099e-01,-5.011199999999712418e+02,1.000000000000000000e+00
2.865461541989119953e-03,4.547157370051194136e-03,5.249512868776775587e-01,-2.131056725716330202e+00,2.000000000000000000e+01,8.116595872830148495e-02,-4.122961611816607075e+01,5.066857911943301040e+00,-5.265609813596658029e+01,5.203544565902938679e+00,-5.613922763221719237e+01,4.897207263326890825e+00,9.800000000000000000e+01,1.223010582381296558e+02,6.790684379348252264e+01,3.222200000000000000e+06,1.752199999999999869e-01,-5.415031160000384034e+02,1.000000000000000000e+00
3.181439570453144239e-03,4.505215056690783058e-03,6.207444434411822920e-01,-2.378408178800342387e+00,2.000000000000000000e+01,7.331103453021051153e-02,-3.586860730337244263e+01,4.904630772751269241e+00,-6.037917742950203603e+01,6.004188547116707575e+00,-4.202393515611440478e+01,4.892037566783399960e+00,9.900000000000000000e+01,1.238497488735083039e+02,6.786101130617130650e+01,3.233400000000000000e+06,1.773399999999999976e-01,-5.371439650000422716e+02,1.000000000000000000e+00
2.655743778107617740e-03,4.326228061520118531e-03,6.754956609053677230e-01,-1.658224892104147807e+00,2.000000000000000000e+01,7.202345519031569387e-02,-4.086594181316957730e+01,4.789389575262881671e+00,-5.962565499355456922e+01,5.771272820390202618e+00,-5.830807609955552806e+01,4.540807713241083121e+00,1.000000000000000000e+02,1.248783799392475515e+02,6.760775373439793157e+01,3.251600000000000000e+06,1.142600000000000005e-01,-2.423924749999998483e+02,1.000000000000000000e+00
3.192028511572704737e-03,4.981446664653779548e-03,6.047893842910371243e-01,-2.126925246506933043e+00,2.000000000000000000e+01,6.469420371231315858e-02,-4.357155217924817237e+01,4.984497466718592840e+00,-5.086171174466927880e+01,6.218764793979602246e+00,-5.509332673632313515e+01,5.655525174605086747e+00,1.010000000000000000e+02,1.251628095464582486e+02,6.729810633699179334e+01,3.261100000000000000e+06,2.399499999999999966e-01,-9.198283000001556502e+02,1.000000000000000000e+00
2.691563920230085824e-03,4.651381045732920494e-03,5.873588309839580246e-01,-1.809578257668047474e+00,2.000000000000000000e+01,7.484078895100662598e-02,-4.438211554747512366e+01,5.031683320551293193e+00,-5.124639005553892446e+01,5.523000894994654075e+00,-5.792919447221935769e+01,4.809768195595134799e+00,1.020000000000000000e+02,1.269702473961227582e+02,6.721877264003865093e+01,3.222100000000000000e+06,2.097900000000000043e-01,-7.083523019999382768e+02,1.000000000000000000e+00
2.915392470600032624e-03,4.155915116764336524e-03,6.189660247636110668e-01,3.051124619450775288e+00,2.000000000000000000e+01,7.490876691402416354e-02,-2.331762790133529961e+01,6.372667153641606852e+00,-3.535398147428696802e+01,5.844823380941276625e+00,-6.230728148550397805e+01,5.653079234240600215e+00,1.030000000000000000e+02,1.368677681111122865e+03,5.490633719414531555e+01,3.632400000000000000e+06,1.754600000000000048e-01,-5.043938969999746291e+02,1.000000000000000000e+00
2.993433610352059463e-03,4.062031242058132888e-03,6.832253755991465338e-01,-2.110313375913384526e+00,2.000000000000000000e+01,6.674132749514338769e-02,-4.948924691237952800e+01,5.606208135114642666e+00,-5.556044694982103493e+01,5.308798205703566531e+00,-5.598464881622036415e+01,6.023561637679095249e+00,1.040000000000000000e+02,1.214041545546544256e+02,6.854487996123035032e+01,3.231500000000000000e+06,1.940999999999999948e-01,-6.952152240000752954e+02,1.000000000000000000e+00
2.793133992598071172e-03,4.632443876768091266e-03,5.971277783705395414e-01,-9.080239926721976884e-01,2.000000000000000000e+01,7.714054840876904962e-02,-3.640899309722527732e+01,5.355533640800703488e+00,-5.247039728358426203e+01,5.298082670839354691e+00,-6.352604784591275688e+01,5.477081662773706228e+00,1.050000000000000000e+02,2.138176389574685459e+02,6.459965564555889728e+01,3.265400000000000000e+06,8.251500000000000501e-02,-1.456083999999985110e+02,1.000000000000000000e+00
2.781088894705077957e-03,4.615630132510862432e-03,6.371760182279748719e-01,-2.130167097725102821e+00,2.000000000000000000e+01,7.266362410289828322e-02,-4.617713811720005168e+01,5.495445737863633440e+00,-6.007833458833021467e+01,5.728143011586542599e+00,-5.150978804410568301e+01,4.972638622169734290e+00,1.060000000000000000e+02,1.230911079795858285e+02,6.800535403744001428e+01,3.242900000000000000e+06,1.266100000000000003e-01,-3.110592570000041519e+02,1.000000000000000000e+00
2.554473344627795298e-03,4.521517303102708801e-03,5.103251316755711420e-01,-2.303673756098431724e+00,2.000000000000000000e+01,7.235499989852141323e-02,-4.984360116417502695e+01,5.702595052023958111e+00,-5.329660309358470727e+01,5.390943949909955180e+00,-4.434492645031174618e+01,4.511391242623078668e+00,1.070000000000000000e+02,1.235686755016245257e+02,6.795992705223193298e+01,3.248200000000000000e+06,1.675999999999999990e-01,-5.166456820000352081e+02,1.000000000000000000e+00
2.636228191212414401e-03,4.525168835358632513e-03,6.666550470582802701e-01,-2.720026611442596831e+00,2.000000000000000000e+01,7.042451623317844134e-02,-4.895049810980201954e+01,4.823874112114589607e+00,-5.604383616595427497e+01,6.387473966022065852e+00,-4.570104672535534007e+01,5.226414235245073314e+00,1.080000000000000000e+02,1.261045778233319226e+02,6.749978780137162460e+01,3.317900000000000000e+06,1.819000000000000061e-01,-5.617303000000380280e+02,1.000000000000000000e+00
2.961140509500496606e-03,4.243543093075260834e-03,6.189522754408546268e-01,-2.286358513850664131e+00,2.000000000000000000e+01,7.837063755637410645e-02,-3.956736234385666506e+01,5.420125282384176124e+00,-5.157751071292566536e+01,4.923872344916154553e+00,-5.745909116248858339e+01,5.054549845090847704e+00,1.090000000000000000e+02,1.286910703455332623e+02,6.727812049060632660e+01,3.249600000000000000e+06,1.184199999999999975e-01,-2.889232689999989248e+02,1.000000000000000000e+00
2.806101959193146433e-03,3.846386962962610942e-03,6.657168969976314798e-01,3.352532652832278970e+00,2.000000000000000000e+01,7.460733823513360230e-02,-2.363775831303243891e+01,6.497388843667939895e+00,-3.448640515592747846e+01,5.176185207606894600e+00,-6.456706904974532790e+01,6.235936380229047060e+00,1.100000000000000000e+02,1.275134297946396828e+03,5.546470983423225931e+01,3.592200000000000000e+06,1.748399999999999954e-01,-4.432528869999825929e+02,1.000000000000000000e+00
2.646352354392516020e-03,5.131092976155159600e-03,6.343206157130968359e-01,-1.108614576677343422e+00,2.000000000000000000e+01,7.691679728396035032e-02,-4.391478152775570010e+01,4.964908970470483851e+00,-4.561137481504852076e+01,5.503622454882406423e+00,-5.805358502309260160e+01,4.969646416531227295e+00,1.110000000000000000e+02,2.004538777339902822e+02,6.473762058669898067e+01,3.284700000000000000e+06,2.685799999999999854e-01,-9.523590399999895908e+02,1.000000000000000000e+00
3.376197679860811363e-03,5.490446823281977702e-03,5.907185248399088318e-01,3.098322955367278642e+00,2.000000000000000000e+01,7.678492206123993524e-02,-2.668295191408202527e+01,6.674944318596627291e+00,-3.668265590017245614e+01,6.137254318149585330e+00,-6.059602471875767549e+01,5.261537595612995943e+00,1.120000000000000000e+02,1.742743446468443153e+03,5.485399795367921882e+01,3.659200000000000000e+06,8.911099999999999577e-02,-1.943393099999973401e+02,1.000000000000000000e+00
2.911616122366822088e-03,5.096127825116486196e-03,6.348266061715759356e-01,-1.108818547847877811e+00,2.000000000000000000e+01,7.249959317798083946e-02,-3.796887337805267748e+01,5.007834914113213465e+00,-4.684806500470982371e+01,5.144191014550830054e+00,-5.980099326640181090e+01,5.220586947276684597e+00,1.130000000000000000e+02,2.224770633203434613e+02,6.444368117158832376e+01,3.320400000000000000e+06,1.013499999999999956e-01,-2.039535000000057039e+02,1.000000000000000000e+00
2.857496978504965590e-03,4.701832082646277382e-03,6.137113093066639546e-01,-1.674956306608045287e+00,2.000000000000000000e+01,7.519756780908723459e-02,-4.148365982129850948e+01,5.336625055233383819e+00,-5.276399322245078594e+01,5.522258830786166861e+00,-5.786307070357167959e+01,4.874123935890113835e+00,1.140000000000000000e+02,1.491139465606015051e+02,6.625900498845469144e+01,3.259400000000000000e+06,1.663900000000000101e-01,-4.682606610000454452e+02,1.000000000000000000e+00
3.061094951163950868e-03,4.726607350826609807e-03,6.212801081474974563e-01,2.895242087112714913e+00,2.000000000000000000e+01,7.580193462807592597e-02,-2.660267921157127802e+01,6.459022358205841918e+00,-3.685510878558500281e+01,5.749485299257146131e+00,-6.128992933905580287e+01,5.748818784153439942e+00,1.150000000000000000e+02,1.411525307490314162e+03,5.519710899230657475e+01,3.621100000000000000e+06,1.169000000000000039e-01,-2.641556699999965758e+02,1.000000000000000000e+00
2.932598473382648854e-03,5.235355053484549818e-03,6.855327987429282732e-01,-1.212373124980473005e+00,2.000000000000000000e+01,8.135717533428110659e-02,-4.617442724188340719e+01,5.830237003066113921e+00,-5.312642329398646268e+01,5.450304936165877301e+00,-5.517521973942615432e+01,5.265749591013295650e+00,1.160000000000000000e+02,2.432895760189115038e+02,6.422756524393118127e+01,3.336900000000000000e+06,1.671999999999999875e-01,-4.495526030000327751e+02,1.000000000000000000e+00
3.108889447785694905e-03,5.233699571439665195e-03,6.632799152017491151e-01,-1.123380142316843466e+00,2.000000000000000000e+01,7.916352815647742514e-02,-4.404284244584025032e+01,5.103105839049667303e+00,-4.572927131153227265e+01,5.780767236792098807e+00,-5.491353567228698296e+01,5.580494054954712624e+00,1.170000000000000000e+02,2.428808870665592963e+02,6.424343662509163266e+01,3.327600000000000000e+06,1.601100000000000023e-01,-4.192842999999534186e+02,1.000000000000000000e+00
2.844340574344737457e-03,4.779953585535137717e-03,6.093287595273615409e-01,-7.014806384343413859e-01,2.000000000000000000e+01,7.522733845781251483e-02,-3.973752241947460107e+01,5.324198048269996875e+00,-4.919015096712260515e+01,5.448976366066153432e+00,-5.708428214762641062e+01,5.294832748537084299e+00,1.180000000000000000e+02,3.204702802363664773e+02,6.337107092422568400e+01,3.328000000000000000e+06,1.577199999999999991e-01,-4.327620000000269442e+02,1.000000000000000000e+00
2.676805242048271600e-03,4.885899018481369184e-03,6.234438489343481216e-01,-3.624720672289821199e-01,2.000000000000000000e+01,7.399007041994354328e-02,-3.868921369778352926e+01,5.875537039865758260e+00,-4.542615626410696450e+01,4.981844228683911524e+00,-6.350863663965650119e+01,5.674853209602026993e+00,1.190000000000000000e+02,3.359636128026633060e+02,6.293790416955373956e+01,3.336500000000000000e+06,2.743700000000000028e-01,-1.050093944000104102e+03,1.000000000000000000e+00
3.216568045289516873e-03,4.729404369675190185e-03,6.014418391136076014e-01,2.343458464374096106e+00,2.000000000000000000e+01,7.545596650552892359e-02,-2.690398179286646752e+01,6.551406395426782048e+00,-3.954172872328872756e+01,5.460561179421052458e+00,-6.615417853288209926e+01,5.295457861296479329e+00,1.200000000000000000e+02,1.046924680432581681e+03,5.671439453641087880e+01,3.483600000000000000e+06,3.012000000000000233e-01,-1.282167000000135204e+03,1.000000000000000000e+00
3.159958425086726707e-03,4.409320422394126179e-03,6.139225867264452852e-01,-1.384811049618360768e+00,2.000000000000000000e+01,7.563542205794226980e-02,-4.230623284160839148e+01,4.957613130452395822e+00,-5.136031913797526727e+01,5.431380315836831230e+00,-6.399900974106474649e+01,4.913187279527337026e+00,1.210000000000000000e+02,1.250886653344781934e+02,6.782299159223344986e+01,3.177000000000000000e+06,1.542699999999999905e-01,-4.349075700000259985e+02,1.000000000000000000e+00
2.827462506945220382e-03,4.696160968744109675e-03,6.515120923490393956e-01,-6.335043304878863468e-01,2.000000000000000000e+01,7.450905092410850528e-02,-3.682405733565279604e+01,5.518134263286938790e+00,-5.314823959730230740e+01,5.658302829649164423e+00,-6.276869405908746558e+01,5.340548515875082281e+00,1.220000000000000000e+02,2.026229981118860053e+02,6.474854516415022943e+01,3.296200000000000000e+06,2.030800000000000105e-01,-6.094990440000316312e+02,1.000000000000000000e+00
2.808575342090700172e-03,4.843133483903049041e-03,6.359861367793706588e-01,-1.142783813848487817e+00,2.000000000000000000e+01,7.503996555673775326e-02,-3.948220176666336556e+01,5.232103852528474874e+00,-5.119150029905369337e+01,5.490552107465398457e+00,-6.011243681434574171e+01,5.165527373673353573e+00,1.230000000000000000e+02,2.014972905671398848e+02,6.482333551984734754e+01,3.273200000000000000e+06,1.566800000000000137e-01,-4.056181560000258628e+02,1.000000000000000000e+00
2.854486877039490340e-03,4.607789694456712777e-03,6.131587898034692730e-01,-3.502984522779700738e-01,2.000000000000000000e+01,7.579632574063219219e-02,-3.703243028749280086e+01,5.463938081470743668e+00,-4.831202292233265183e+01,5.565439221557524796e+00,-5.960848444359898224e+01,5.504204900986707116e+00,1.240000000000000000e+02,3.998733933169925194e+02,6.221366413199856993e+01,3.364100000000000000e+06,1.231899999999999940e-01,-2.894897189999817897e+02,1.000000000000000000e+00
2.842610970585883988e-03,4.624702905923656904e-03,6.134270736805604862e-01,1.478736524911918315e-01,2.000000000000000000e+01,7.419801600655973051e-02,-3.746421689334767535e+01,5.523589432127204546e+00,-4.697090307211828275e+01,5.757087492895148984e+00,-6.283514969970063646e+01,5.313594782301922947e+00,1.250000000000000000e+02,3.913114729699747727e+02,6.228777112739533806e+01,3.350400000000000000e+06,2.729699999999999904e-01,-1.106783793000074638e+03,1.000000000000000000e+00
2.606182404515342520e-03,4.833243710427417503e-03,6.092683404516848755e-01,-3.038451811440284756e-01,2.000000000000000000e+01,7.914298081426411613e-02,-3.518693612806988824e+01,5.286559633913947565e+00,-4.846179284442355595e+01,5.472904148354164278e+00,-5.767377704842562736e+01,5.219145123146135212e+00,1.260000000000000000e+02,3.897307543409731352e+02,6.233577931441751474e+01,3.398500000000000000e+06,1.883900000000000019e-01,-5.562443069999708314e+02,1.000000000000000000e+00
2.838343784266421019e-03,4.639248156561175812e-03,6.226156151516202275e-01,-3.249271196631188241e-01,2.000000000000000000e+01,7.637790604038356690e-02,-3.902428250334443760e+01,5.577666807205386768e+00,-4.505111173809666525e+01,5.514443151259532883e+00,-6.264566848856157577e+01,5.680707133316793112e+00,1.270000000000000000e+02,3.635864159891957570e+02,6.246383795922742621e+01,3.363800000000000000e+06,9.801500000000000490e-02,-1.910920000000050152e+02,1.000000000000000000e+00
2.589477423898337190e-03,4.327312095934756492e-03,6.251780472656309762e-01,7.839895521577340542e-02,2.000000000000000000e+01,7.517275205840263930e-02,-3.400749554561213017e+01,5.691662439803608642e+00,-4.741670497468907541e+01,6.366363849542344688e+00,-6.477906999157602286e+01,4.790895755508993936e+00,1.280000000000000000e+02,4.543985105110215272e+02,6.172996771933727445e+01,3.387900000000000000e+06,1.473599999999999910e-01,-3.504642999999849167e+02,1.000000000000000000e+00
2.770666989127530937e-03,4.471888634215770431e-03,6.202273298149750813e-01,1.521624322827329900e-01,2.000000000000000000e+01,7.503850841003992245e-02,-3.474706417982566364e+01,5.485178554913044735e+00,-4.815719861579329120e+01,5.951475673629094132e+00,-6.226184384717696219e+01,5.000816843773931097e+00,1.290000000000000000e+02,4.511889451144058967e+02,6.180780188958144095e+01,3.357700000000000000e+06,1.674900000000000000e-01,-4.536143369999693959e+02,1.000000000000000000e+00
2.713962248218467366e-03,4.481854869826992077e-03,6.368532381875379178e-01,-6.562846658145682355e-01,2.000000000000000000e+01,7.548025657499508878e-02,-3.954970826904128245e+01,5.730865351070701053e+00,-4.862225485776247069e+01,6.023546032983840171e+00,-6.098560012091878946e+01,5.159152131683734765e+00,1.300000000000000000e+02,2.693895712785961223e+02,6.360377940488773874e+01,3.371100000000000000e+06,1.300999999999999934e-01,-2.893134660000068266e+02,1.000000000000000000e+00
2.912796073418970604e-03,4.764367770101998051e-03,6.152771156707711464e-01,-6.445713123781685594e-01,2.000000000000000000e+01,7.464426848580216212e-02,-3.537362850295158267e+01,6.253513847137988968e+00,-5.167551368436102166e+01,5.615058250492515057e+00,-6.555439263798066918e+01,5.245145888703187431e+00,1.310000000000000000e+02,2.705545021180896015e+02,6.344648488938812392e+01,3.352600000000000000e+06,2.176800000000000124e-01,-7.533018000000810162e+02,1.000000000000000000e+00
2.959524573485881882e-03,4.317657987513719153e-03,6.260825659915657537e-01,2.409548323729944652e+00,2.000000000000000000e+01,7.480933886207041805e-02,-2.620074515633511680e+01,6.066976447579369491e+00,-3.800545269032900109e+01,6.104804951465027330e+00,-5.941099199264503739e+01,5.814886361969264783e+00,1.320000000000000000e+02,1.196718078139468389e+03,5.560488909809102864e+01,3.629800000000000000e+06,1.851800000000000113e-01,-5.504631930000051625e+02,1.000000000000000000e+00
3.072468517192159833e-03,4.300728244292030371e-03,6.102382601914992932e-01,2.488491570046778456e+00,2.000000000000000000e+01,7.397519731788931852e-02,-2.707908933518644545e+01,6.539001678260411232e+00,-3.620876466665318816e+01,5.413373814145506557e+00,-6.385937651461873088e+01,5.636377842671084437e+00,1.330000000000000000e+02,1.130862388170424765e+03,5.589506522257406118e+01,3.567300000000000000e+06,3.272800000000000153e-01,-1.552588800000104357e+03,1.000000000000000000e+00
2.875531590454404735e-03,4.157583285139892885e-03,6.462849735268758611e-01,2.335144793602653035e+00,2.000000000000000000e+01,7.468068391684530571e-02,-2.653914817796576386e+01,6.278399481429220330e+00,-3.710189524236412240e+01,5.440281829403030400e+00,-6.205852125251352902e+01,5.947363408028461862e+00,1.340000000000000000e+02,1.126827425035731494e+03,5.601920592540346178e+01,3.576500000000000000e+06,1.852699999999999902e-01,-5.184487359999631053e+02,1.000000000000000000e+00
2.970813520530387122e-03,4.810755075470319123e-03,6.691116965912032866e-01,1.967013410957915598e+00,2.000000000000000000e+01,7.434818091975414767e-02,-2.836179790361646269e+01,6.555457974648589925e+00,-4.190843672754862581e+01,6.312370270354468182e+00,-6.039772015308584230e+01,5.386688226230809562e+00,1.350000000000000000e+02,1.067654374824639262e+03,5.636590533593380314e+01,3.620500000000000000e+06,1.971400000000000097e-01,-5.672610240000466320e+02,1.000000000000000000e+00
3.080692275168914022e-03,4.485478008478012771e-03,6.558884843107595231e-01,2.291715714743386201e+00,2.000000000000000000e+01,7.416735352504841283e-02,-2.740140568856418923e+01,6.180441521708786468e+00,-3.781194630097873244e+01,5.548511277695648225e+00,-6.365044414969796094e+01,5.641238756932638765e+00,1.360000000000000000e+02,1.077930692075961815e+03,5.630723539886790974e+01,3.533600000000000000e+06,2.426999999999999991e-01,-8.687393000000130314e+02,1.000000000000000000e+00
2.880474188647332186e-03,4.606757931817048388e-03,6.166541096988599202e-01,2.075399991600974214e+00,2.000000000000000000e+01,7.340006588346237315e-02,-2.947339055375932304e+01,6.166655873527123966e+00,-3.934129926243885222e+01,5.900483095157362357e+00,-6.020346647106003957e+01,5.738786966358290442e+00,1.370000000000000000e+02,1.053445456241022384e+03,5.639854461972899458e+01,3.581300000000000000e+06,3.956399999999999917e-01,-2.013984000000008564e+03,1.000000000000000000e+00
2.799087909410059426e-03,4.426127849652435400e-03,6.503715964518435033e-01,-3.484181242048384197e-01,2.000000000000000000e+01,7.553821024896972824e-02,-3.703307900162837996e+01,5.684161891091335406e+00,-4.904483628612430124e+01,5.200872364836369499e+00,-5.737959411511805285e+01,5.517483566883798929e+00,1.380000000000000000e+02,4.237282223894837898e+02,6.205910430836519964e+01,3.371600000000000000e+06,1.256500000000000117e-01,-2.715029999999882193e+02,1.000000000000000000e+00
2.789426629473987056e-03,4.634451035754472668e-03,5.940263773614665732e-01,7.767018987798500751e-01,2.000000000000000000e+01,8.088965038810708164e-02,-3.944600671916100509e+01,6.469280220247633828e+00,-5.092396528897064201e+01,5.756527771022094342e+00,-5.074004007022410434e+01,5.436444512857501188e+00,1.390000000000000000e+02,4.585457824122303236e+02,6.165209993598161020e+01,3.431600000000000000e+06,1.872199999999999975e-01,-5.868260300000272309e+02,1.000000000000000000e+00
2.888136246257166917e-03,4.505935483375788156e-03,6.124603342029716346e-01,1.606500756653402306e-01,2.000000000000000000e+01,7.582312215395628496e-02,-3.625412112992896851e+01,5.523930433662068040e+00,-4.769784458519106352e+01,5.691188425540869567e+00,-6.066792982575003634e+01,5.320971454681135526e+00,1.400000000000000000e+02,4.553030297823344199e+02,6.169204400981788439e+01,3.368400000000000000e+06,1.235300000000000009e-01,-2.921703450000171074e+02,1.000000000000000000e+00
2.831204235493445850e-03,4.850391431640442910e-03,5.947377593661762329e-01,3.229289423132478132e-01,2.000000000000000000e+01,7.529946084757699332e-02,-3.547225031455666056e+01,5.397893270490749629e+00,-4.926542558624757362e+01,5.448719770317001831e+00,-6.091648208275223908e+01,5.315568144819826202e+00,1.410000000000000000e+02,4.376604072415630640e+02,6.198044448885110569e+01,3.326800000000000000e+06,1.518700000000000050e-01,-4.177627090000075327e+02,1.000000000000000000e+00
3.024359307465728560e-03,4.331034812704840156e-03,6.618126949350003896e-01,2.112831671280057222e+00,2.000000000000000000e+01,7.608636498305113016e-02,-3.097402143986374767e+01,5.669934075405191010e+00,-3.984370634825629054e+01,5.851949507885981561e+00,-5.239173261108333435e+01,5.751261101488148064e+00,1.420000000000000000e+02,1.036110688483746571e+03,5.689012033839654237e+01,3.552100000000000000e+06,1.414799999999999947e-01,-3.582015500000021007e+02,1.000000000000000000e+00
3.048971312355108938e-03,4.927685773040937911e-03,6.371461844164186816e-01,2.234132593125111921e+00,2.000000000000000000e+01,7.424883224521462710e-02,-3.032734806863334853e+01,6.303493331909508335e+00,-4.040043887292316072e+01,5.819099678240737816e+00,-6.129215984923858684e+01,5.016216130490488645e+00,1.430000000000000000e+02,1.040268985183142149e+03,5.683573970499659822e+01,3.522800000000000000e+06,2.283799999999999997e-01,-8.075519800001303565e+02,1.000000000000000000e+00
3.316958672642262695e-03,5.495766299583191607e-03,6.046190971468663466e-01,2.138509243899421541e+00,2.000000000000000000e+01,7.461645596916305356e-02,-3.061083876340282472e+01,5.896593704446946305e+00,-3.754013659880289566e+01,6.484644253669927139e+00,-5.477105064546493196e+01,5.535050853236543666e+00,1.440000000000000000e+02,1.005354319765185323e+03,5.698898796868995476e+01,3.519300000000000000e+06,2.499300000000000133e-01,-1.051845390000069301e+03,1.000000000000000000e+00
3.061791319408042455e-03,4.638244480148014798e-03,6.361375462917487900e-01,1.736764058236170305e+00,2.000000000000000000e+01,7.465983120882074831e-02,-2.930854095552656347e+01,5.682837679953394172e+00,-4.181826281723650141e+01,6.375267840754125004e+00,-5.628550711775876891e+01,5.990263205111626021e+00,1.450000000000000000e+02,1.015924289035912238e+03,5.691215840033063955e+01,3.610900000000000000e+06,1.983699999999999908e-01,-6.204835300000895586e+02,1.000000000000000000e+00
3.068107914894398561e-03,4.373482031253855123e-03,6.213204780693940554e-01,2.331059369450420693e+00,2.000000000000000000e+01,7.597864628662108488e-02,-2.923994802638880230e+01,6.551489056750362749e+00,-4.085958939279188940e+01,5.331026050094965996e+00,-6.552441081625335073e+01,5.694246742471082534e+00,1.460000000000000000e+02,9.898115957342180309e+02,5.704666156368189434e+01,3.504600000000000000e+06,1.150299999999999934e-01,-2.609930400000106374e+02,1.000000000000000000e+00
2.942401063738028615e-03,5.078202036272030928e-03,5.581524360794760664e-01,1.494898656318550678e+00,2.000000000000000000e+01,6.869848375029954934e-02,-3.452924113186178801e+01,5.473565211382215523e+00,-4.800859809055680216e+01,5.734697638518705176e+00,-6.094402003317127736e+01,6.097469776348241055e+00,1.470000000000000000e+02,7.299228626363817511e+02,5.900316783203068383e+01,3.434800000000000000e+06,2.498900000000000010e-01,-1.003296800000119447e+03,1.000000000000000000e+00
3.001197394512093719e-03,4.690272087170809304e-03,6.197143330419867535e-01,1.671374671405590817e+00,2.000000000000000000e+01,7.479723238941785035e-02,-3.019893013807007165e+01,5.862648378557505424e+00,-4.296631364440562351e+01,6.061145567468582129e+00,-5.647876427073774863e+01,5.893696796240059044e+00,1.480000000000000000e+02,9.604381869864434975e+02,5.717054208547636307e+01,3.579300000000000000e+06,1.886099999999999999e-01,-5.854755900000130850e+02,1.000000000000000000e+00
2.721811497071440628e-03,4.136188148460296851e-03,6.399472324716637406e-01,1.459238425418177165e+00,2.000000000000000000e+01,7.513072364835586547e-02,-3.434522933576520387e+01,6.046173511019534708e+00,-4.002836938644966835e+01,6.414745444244483785e+00,-5.329997357272868896e+01,5.684602581665640919e+00,1.490000000000000000e+02,9.220135395843350352e+02,5.749135320438922037e+01,3.643400000000000000e+06,1.489999999999999936e-01,-3.494127830000187487e+02,1.000000000000000000e+00
2.775772846210825505e-03,4.801596399465455495e-03,6.067311610742627259e-01,1.627329844767029021e+00,2.000000000000000000e+01,7.403396305009712908e-02,-3.119872939614936413e+01,5.997813821912423293e+00,-4.063425754548844537e+01,5.765257040984790748e+00,-5.785772341271187713e+01,5.956803095490837308e+00,1.500000000000000000e+02,9.326058896442382320e+02,5.723032578230729683e+01,3.569500000000000000e+06,2.764099999999999890e-01,-1.111413862999849471e+03,1.000000000000000000e+00
2.952526496452825486e-03,4.467215443565345119e-03,6.233666500362784468e-01,1.287150518268230570e+00,2.000000000000000000e+01,7.487958387977766694e-02,-3.225388414346870292e+01,5.941333382854965706e+00,-4.292436265116982241e+01,5.910356711326222978e+00,-5.743897142090097674e+01,5.618317330105114138e+00,1.510000000000000000e+02,8.340210395588308074e+02,5.804359575848170749e+01,3.536100000000000000e+06,1.844999999999999973e-01,-5.545715219999646024e+02,1.000000000000000000e+00
2.945423395820261948e-03,4.439364661291194877e-03,6.269146109863035221e-01,1.283747577508780768e+00,2.000000000000000000e+01,7.490867508069626313e-02,-3.238318017415805627e+01,5.964909787677296293e+00,-4.237618005655986053e+01,6.003548361790617349e+00,-5.812092104331257048e+01,5.548551121367470529e+00,1.520000000000000000e+02,8.359929577684567903e+02,5.803676956968094203e+01,3.539200000000000000e+06,1.794900000000000106e-01,-5.214631040000315352e+02,1.000000000000000000e+00
3.022882516604092577e-03,5.081202972975588927e-03,6.807099122260389379e-01,-2.133826905157810039e+00,2.000000000000000000e+01,7.441926943880922130e-02,-3.956764070157582580e+01,5.316087918541071211e+00,-5.666284480544021562e+01,4.603528219927355281e+00,-5.467239491302923682e+01,4.986065036139438078e+00,1.530000000000000000e+02,1.696669328949067506e+02,6.602652800858189153e+01,3.210000000000000000e+06,2.072499999999999898e-01,-6.234639900000466923e+02,1.000000000000000000e+00
2.930257247718154497e-03,4.516652372897877847e-03,6.299966194539408093e-01,1.671979607175391180e+00,2.000000000000000000e+01,7.491987868506053139e-02,-3.108360793632608221e+01,5.961691109291888502e+00,-4.345194664981177368e+01,5.768472335672336193e+00,-5.956253484388999198e+01,5.571567350114948525e+00,1.540000000000000000e+02,8.668894090297965249e+02,5.774486633820131232e+01,3.506200000000000000e+06,1.695200000000000040e-01,-4.715362760000023741e+02,1.000000000000000000e+00
3.035670452553981130e-03,4.377174096828726629e-03,6.129253522152722233e-01,1.910599210050965002e+00,2.000000000000000000e+01,7.505247646180195076e-02,-3.160704129928365802e+01,6.284848046642672159e+00,-4.213308538103297707e+01,5.351398919102869911e+00,-6.095725734677159835e+01,5.511203196957351835e+00,1.550000000000000000e+02,8.699998126818621813e+02,5.767650794862480979e+01,3.491800000000000000e+06,1.762100000000000055e-01,-5.365623999999710350e+02,1.000000000000000000e+00
3.111978846699419397e-03,4.159103428516101875e-03,6.530582281677166367e-01,-8.846964320503671875e-01,2.000000000000000000e+01,7.498580494265165430e-02,-4.201105430056043843e+01,5.623548111671494709e+00,-4.810996711414438920e+01,5.266702574593189468e+00,-5.868421931821735882e+01,5.800588546321455041e+00,1.560000000000000000e+02,2.687672707031059076e+02,6.405613109869619848e+01,3.348900000000000000e+06,1.902399999999999924e-01,-5.732119800000285750e+02,1.000000000000000000e+00
3.002057712015404351e-03,4.496854018412145722e-03,5.999166917871013860e-01,6.001785005845797771e-01,2.000000000000000000e+01,7.525287854593606940e-02,-3.504504260791573955e+01,5.851206299564758240e+00,-4.621393661975324108e+01,5.628988111639428027e+00,-5.986237656161335963e+01,5.134388405001057087e+00,1.570000000000000000e+02,5.855788879869877519e+02,6.046197750190042797e+01,3.410000000000000000e+06,1.712400000000000033e-01,-5.234661699999716120e+02,1.000000000000000000e+00
2.848684272062437448e-03,4.148574486184070792e-03,6.418311567383692129e-01,1.463304208707326470e+00,2.000000000000000000e+01,7.447384311565068138e-02,-3.355572547804628414e+01,5.758923822101436940e+00,-4.120256157745868109e+01,5.468944714283059838e+00,-5.766023704350918422e+01,5.671312818049498716e+00,1.580000000000000000e+02,8.012492027861658244e+02,5.817309921252626737e+01,3.487200000000000000e+06,2.167399999999999882e-01,-6.927842650000095546e+02,1.000000000000000000e+00
2.899095546069064503e-03,4.644260538817194736e-03,6.292863918487570096e-01,5.095396197730660548e-01,2.000000000000000000e+01,7.553941109973948131e-02,-3.603834317641453566e+01,5.595320384918467838e+00,-4.675081141074242197e+01,5.721653425342690724e+00,-5.855102226599893811e+01,5.513376675743600686e+00,1.590000000000000000e+02,5.518374440003251493e+02,6.067575093352199644e+01,3.417400000000000000e+06,1.301499999999999879e-01,-3.077761050000219711e+02,1.000000000000000000e+00
2.904731672031193087e-03,4.643867254675192700e-03,6.259600425842053451e-01,3.140716663835298461e-01,2.000000000000000000e+01,7.549908724355382239e-02,-3.602632527530255402e+01,5.595815525625081222e+00,-4.697402372089069900e+01,5.721264924395549123e+00,-5.765118823861519814e+01,5.547778488767997729e+00,1.600000000000000000e+02,5.501866098936380922e+02,6.073719072683426390e+01,3.426300000000000000e+06,1.352800000000000114e-01,-3.259398780000199736e+02,1.000000000000000000e+00
3.050077983942311305e-03,4.738047639692800905e-03,6.384397114392706962e-01,1.722501368955704937e+00,2.000000000000000000e+01,7.463067215154942091e-02,-2.930492213169441129e+01,5.714772274603099333e+00,-4.171357618306957704e+01,6.387057028998421870e+00,-5.628131504378207239e+01,5.956090095992745859e+00,1.610000000000000000e+02,1.033047676673705837e+03,5.691488836728357370e+01,3.613600000000000000e+06,1.962800000000000100e-01,-6.057498599999847784e+02,1.000000000000000000e+00
2.943043114330425557e-03,4.722514998962142746e-03,6.180623157723043049e-01,1.913516776967581379e+00,2.000000000000000000e+01,7.582783597861343650e-02,-2.967547427539733462e+01,6.404165818085854056e+00,-4.238586229686346485e+01,5.521389012822622178e+00,-6.132274661909472968e+01,5.816605754566096742e+00,1.620000000000000000e+02,1.007603483793309010e+03,5.703018414937568537e+01,3.542700000000000000e+06,1.166200000000000014e-01,-2.607498000000099410e+02,1.000000000000000000e+00
2.976492644429704765e-03,4.515487494097733534e-03,6.297408013459971921e-01,1.669148173666873403e+00,2.000000000000000000e+01,7.499733547583588289e-02,-2.998255679673857799e+01,5.835302234625081574e+00,-4.104153682800100711e+01,6.167148311397472327e+00,-5.663322726018641617e+01,6.096590066475784830e+00,1.630000000000000000e+02,1.018159614051760286e+03,5.692134698784334290e+01,3.614500000000000000e+06,1.654700000000000060e-01,-4.547328000000030102e+02,1.000000000000000000e+00
3.125939825504481934e-03,5.017414640081707677e-03,6.432261244551886747e-01,1.711085391654603161e+00,2.000000000000000000e+01,7.346038933023792128e-02,-2.909930447039605994e+01,6.626678943796926013e+00,-4.465487207122369284e+01,6.147721191662093077e+00,-5.862569530122654982e+01,5.253196388696012242e+00,1.640000000000000000e+02,9.906948050489779689e+02,5.709405526468679426e+01,3.594600000000000000e+06,3.752499999999999725e-01,-1.860074199999673283e+03,1.000000000000000000e+00
2.668976031376996041e-03,5.355672128013365223e-03,5.972815940497127052e-01,3.451506908473164770e-01,2.000000000000000000e+01,7.607961640485313981e-02,-3.453615714181412955e+01,6.076129806199280559e+00,-4.186758248136245442e+01,6.395639062180082490e+00,-6.768002518352204788e+01,5.628231504259620266e+00,1.650000000000000000e+02,6.283585813154745665e+02,5.999217603627134565e+01,3.484900000000000000e+06,1.025800000000000045e-01,-2.080938129999901207e+02,1.000000000000000000e+00
2.979706645682244585e-03,4.140441649597920507e-03,6.165700732284529195e-01,7.916128170170604328e-01,2.000000000000000000e+01,7.141602921505550705e-02,-3.178407273716815240e+01,6.314040439851284603e+00,-4.482962332515283066e+01,4.741710481345627670e+00,-5.180237997257119531e+01,5.155659262798624631e+00,1.660000000000000000e+02,5.946124289195415713e+02,6.021615204960678369e+01,3.436000000000000000e+06,2.863600000000000034e-01,-1.276132200000162129e+03,1.000000000000000000e+00
2.900401720607508060e-03,4.965777331062905600e-03,5.985148029786384605e-01,5.397763707717888604e-01,2.000000000000000000e+01,7.433885491808542301e-02,-3.224153994480078467e+01,5.608138432714879329e+00,-4.684751895337818439e+01,5.629670715199535103e+00,-6.230990246745668770e+01,5.400691382564737353e+00,1.670000000000000000e+02,5.945569517616780786e+02,6.031841241456748293e+01,3.390800000000000000e+06,2.523799999999999932e-01,-1.006303470000150014e+03,1.000000000000000000e+00
3.106253794765000131e-03,4.898398396937940838e-03,6.019317192951736395e-01,1.088292142650951977e+00,2.000000000000000000e+01,7.407198932811812075e-02,-3.521240169635611750e+01,6.101481083869665589e+00,-4.745489954301282154e+01,5.918854473005485950e+00,-5.904802725197903612e+01,5.366122692382623960e+00,1.680000000000000000e+02,6.030273245669794733e+02,6.005611115994469884e+01,3.464900000000000000e+06,3.099100000000000188e-01,-1.483377840000416882e+03,1.000000000000000000e+00
2.888663879444803521e-03,4.748346310523884894e-03,6.070637500740603265e-01,6.156859568523838089e-01,2.000000000000000000e+01,7.467194616268954532e-02,-3.723801600652451071e+01,5.753192561114325088e+00,-4.919441288027640269e+01,5.000253202106832440e+00,-6.072346301806455671e+01,5.454452994582064562e+00,1.690000000000000000e+02,5.920159141608260143e+02,6.041620116106145844e+01,3.393800000000000000e+06,2.304799999999999904e-01,-8.797151999999579175e+02,1.000000000000000000e+00
2.951556554891349594e-03,5.058273495949885609e-03,7.086630194267833360e-01,2.675611649106797607e+00,2.000000000000000000e+01,7.392597917974108590e-02,-2.666647099317334124e+01,7.062852284383439816e+00,-4.397320700660336712e+01,6.270401306384517426e+00,-6.430661623737186972e+01,4.903215800726473894e+00,1.700000000000000000e+02,1.156518689817481800e+03,5.591428785329595996e+01,3.598700000000000000e+06,2.082400000000000084e-01,-5.776080000000431482e+02,1.000000000000000000e+00
2.951556554891349594e-03,5.058273495949885609e-03,7.086630194267833360e-01,2.675611649106797607e+00,2.000000000000000000e+01,7.392597917974108590e-02,-2.666647099317334124e+01,7.062852284383439816e+00,-4.397320700660336712e+01,6.270401306384517426e+00,-6.430661623737186972e+01,4.903215800726473894e+00,1.710000000000000000e+02,1.156518689817481800e+03,5.591428785329595996e+01,3.598700000000000000e+06,2.082400000000000084e-01,-5.776080000000431482e+02,1.000000000000000000e+00
2.985970580110387795e-03,4.793857715276086950e-03,6.273115026176507847e-01,2.668107590055454614e-01,2.000000000000000000e+01,7.454269233602434097e-02,-3.723339573101578992e+01,5.481081446604161300e+00,-4.826547250764309638e+01,5.803835080611676744e+00,-6.247984008314655568e+01,5.471826547096645399e+00,1.720000000000000000e+02,3.640188556876124721e+02,6.251950370041402749e+01,3.353000000000000000e+06,2.169300000000000117e-01,-7.479904949999831842e+02,1.000000000000000000e+00
2.838157856367255760e-03,4.366201683007542994e-03,6.246791777647274779e-01,8.041743328429515891e-01,2.000000000000000000e+01,7.569474846817927927e-02,-3.584354574662084048e+01,5.991511794794103452e+00,-4.719891719930228646e+01,5.718413839220493955e+00,-6.091453259280692123e+01,5.081232428564998571e+00,1.730000000000000000e+02,5.270034877041451864e+02,6.093121486870257542e+01,3.404500000000000000e+06,1.246799999999999992e-01,-2.837054000000090355e+02,1.000000000000000000e+00
2.539676775527164882e-03,4.203780481145245017e-03,5.723495875492987661e-01,3.444551710123471278e-01,2.000000000000000000e+01,7.790974181419775546e-02,-3.823054627289479868e+01,6.021215951460302307e+00,-4.682592513944473467e+01,5.810092052621173231e+00,-6.187467020557521380e+01,5.334744059376752112e+00,1.740000000000000000e+02,5.200124741566086186e+02,6.098793102888156170e+01,3.407900000000000000e+06,1.399499999999999911e-01,-3.353080139999742073e+02,1.000000000000000000e+00
3.072858972618495652e-03,4.242388832174837435e-03,7.043045679297896822e-01,1.732050562059306742e+00,2.000000000000000000e+01,7.444645080905600010e-02,-3.166667877144786658e+01,5.688769248077088392e+00,-3.810282969877136594e+01,5.847071311413505335e+00,-5.790453701158300248e+01,5.883627516673537450e+00,1.750000000000000000e+02,9.828926178139540752e+02,5.714606370384286294e+01,3.557500000000000000e+06,1.904599999999999904e-01,-5.053896199999845749e+02,1.000000000000000000e+00
2.946268782127262412e-03,4.988622011935403902e-03,6.205854422157606187e-01,1.276682058457723201e+00,2.000000000000000000e+01,7.346429216644888294e-02,-3.258465103544013175e+01,6.314045932783861836e+00,-4.652885878708740108e+01,5.884503019773076105e+00,-5.800767734125905406e+01,5.670468035150776132e+00,1.760000000000000000e+02,7.687025438756587619e+02,5.846158165824979847e+01,3.536000000000000000e+06,3.825100000000000167e-01,-1.918533400000796519e+03,1.000000000000000000e+00
2.865129529591480158e-03,4.633123985136839568e-03,6.170304926190997019e-01,-2.888879375312686792e-01,2.000000000000000000e+01,7.523816959508226876e-02,-3.647423925197745120e+01,5.470148108265060927e+00,-4.840377505918863221e+01,5.624475159751996856e+00,-6.000301778021584909e+01,5.279697356783959350e+00,1.770000000000000000e+02,4.135930188574798194e+02,6.219962847507949277e+01,3.354700000000000000e+06,1.549899999999999889e-01,-4.138969999999904417e+02,1.000000000000000000e+00
2.925558583622126733e-03,5.125228261028816519e-03,6.148142174118993442e-01,-1.084090258180942651e-01,2.000000000000000000e+01,7.623390287465431348e-02,-4.150997249381234155e+01,5.034446127720105579e+00,-4.819684102347321186e+01,5.428276815148980639e+00,-5.814938791231387683e+01,5.786074890936443893e+00,1.780000000000000000e+02,3.080505165461469232e+02,6.352355765877972260e+01,3.318600000000000000e+06,1.020500000000000018e-01,-2.135972699999907150e+02,1.000000000000000000e+00
2.752473454730103904e-03,4.799395110512747961e-03,5.715430056222223776e-01,-3.299567367690684483e-01,2.000000000000000000e+01,7.469072163539189346e-02,-3.806830704048812208e+01,5.097639224646408174e+00,-5.018052329065055517e+01,5.672094450759581186e+00,-6.057897195744865826e+01,5.665823598332031530e+00,1.790000000000000000e+02,2.848261874228618353e+02,6.358843617161974748e+01,3.315700000000000000e+06,2.293499999999999983e-01,-8.709131020001389061e+02,1.000000000000000000e+00
2.940923313261763119e-03,4.772199179116317670e-03,6.226821956183246076e-01,2.414473347729548358e+00,2.000000000000000000e+01,7.337435535981197410e-02,-3.183154187972301941e+01,6.211679843717265115e+00,-3.941413922391672742e+01,5.652760748603818719e+00,-5.889412187713860902e+01,5.377166771269108025e+00,1.800000000000000000e+02,1.045081948758416274e+03,5.677813295330699361e+01,3.539500000000000000e+06,3.896299999999999764e-01,-1.970659365998934391e+03,1.000000000000000000e+00
2.589477423898337190e-03,4.327312095934756492e-03,6.251780472656309762e-01,7.839895521577340542e-02,2.000000000000000000e+01,7.517275205840263930e-02,-3.400749554561213017e+01,5.691662439803608642e+00,-4.741670497468907541e+01,6.366363849542344688e+00,-6.477906999157602286e+01,4.790895755508993936e+00,1.810000000000000000e+02,4.439129388783236436e+02,6.196692913194397079e+01,3.344200000000000000e+06,1.914200000000000068e-01,-6.322455939999498469e+02,1.000000000000000000e+00
3.041358804710194395e-03,4.651947037394193671e-03,6.159136341076247856e-01,2.453754128826892700e-01,2.000000000000000000e+01,7.491087860052912661e-02,-3.598658775230791207e+01,5.370596906258073844e+00,-4.876117184307117469e+01,5.604102147110674004e+00,-6.005178366621046848e+01,5.224725199462087133e+00,1.820000000000000000e+02,4.474679888391093527e+02,6.193084336038612037e+01,3.340000000000000000e+06,1.927699999999999969e-01,-6.319405800000180307e+02,1.000000000000000000e+00
2.813490225158177781e-03,4.715395506446741145e-03,6.394705153571659251e-01,-1.291821563218285007e+00,2.000000000000000000e+01,7.569569906915621371e-02,-4.107526752461625819e+01,5.311667446630577771e+00,-5.004088932819551161e+01,5.345539231839980587e+00,-5.730337578234981777e+01,5.126216392828542467e+00,1.830000000000000000e+02,2.257317309539071459e+02,6.460065365784259939e+01,3.290600000000000000e+06,1.211099999999999954e-01,-2.625476000000020349e+02,1.000000000000000000e+00
2.745055949935228719e-03,4.157334475450162256e-03,5.812519015905123210e-01,1.368063050899190003e+00,2.000000000000000000e+01,7.859109102416865500e-02,-3.123205458543469604e+01,6.619295711172281216e+00,-3.914934713544852229e+01,6.126344755655977359e+00,-5.667089541666412345e+01,5.105336835136466966e+00,1.840000000000000000e+02,8.504571926940403728e+02,5.797723069033762044e+01,3.504300000000000000e+06,1.621599999999999986e-01,-4.191739759999960029e+02,1.000000000000000000e+00
2.925024896567945780e-03,4.800924830589314157e-03,6.654949105904841566e-01,2.067279260245419081e+00,2.000000000000000000e+01,7.439793287876789174e-02,-3.009143294545116021e+01,6.673243994116858424e+00,-4.430733807036590122e+01,5.915540576162916508e+00,-6.194095604620553530e+01,5.018819907811410630e+00,1.850000000000000000e+02,9.339494462830947441e+02,5.727569576524474115e+01,3.533800000000000000e+06,1.881700000000000039e-01,-5.288400000000170849e+02,1.000000000000000000e+00
2.958972269815547326e-03,4.347887218475024462e-03,5.819527422873136402e-01,1.281094687418800504e+00,2.000000000000000000e+01,7.506441533955533763e-02,-3.631707046596818600e+01,5.911279184430629385e+00,-4.443360620601718836e+01,5.745547103299864844e+00,-5.660324998421950227e+01,5.457038613213346601e+00,1.860000000000000000e+02,6.677759463198395906e+02,5.934126203948999745e+01,3.479000000000000000e+06,1.977299999999999891e-01,-6.884583399999423818e+02,1.000000000000000000e+00
2.794349565919634730e-03,4.535929317560681920e-03,6.478280586939109131e-01,1.385319367581676175e+00,2.000000000000000000e+01,7.355835008704024458e-02,-3.387471173601950625e+01,6.051184728912625488e+00,-4.656472584005905446e+01,5.487449425930423175e+00,-5.835799019979465641e+01,5.412649753149233689e+00,1.870000000000000000e+02,6.772299836017739381e+02,5.921757405390961537e+01,3.451500000000000000e+06,3.376899999999999902e-01,-1.453806129999597488e+03,1.000000000000000000e+00
2.763778445997564556e-03,4.808437709914585925e-03,6.445304226004230364e-01,1.208011951046922050e+00,2.000000000000000000e+01,7.365182029059336166e-02,-3.381392775220184888e+01,5.845597577849682480e+00,-4.649712308298190067e+01,5.566039133902903835e+00,-5.795989699893549130e+01,5.597145246687043496e+00,1.880000000000000000e+02,6.693326476081763303e+02,5.926084596400365001e+01,3.453900000000000000e+06,3.088199999999999834e-01,-1.258536780000395765e+03,1.000000000000000000e+00
3.008718153237621880e-03,5.118445258100363243e-03,6.725894849472731085e-01,1.352576650477201436e+00,2.000000000000000000e+01,7.349054031704083112e-02,-3.230006491243148048e+01,6.105243609690933937e+00,-4.731629269997333864e+01,5.622846378088297570e+00,-6.230224828278547022e+01,5.330303033505778387e+00,1.890000000000000000e+02,6.654614450112376289e+02,5.944366764175583029e+01,3.429600000000000000e+06,3.261200000000000210e-01,-1.391963399999991452e+03,1.000000000000000000e+00
2.903122013368969294e-03,3.996758357242983888e-03,6.828683695780626284e-01,2.546860897617007957e+00,2.000000000000000000e+01,7.247231674111058453e-02,-2.704602503131393831e+01,5.990670516946985380e+00,-3.542431490585192222e+01,5.506085816989772397e+00,-6.087284683967271803e+01,6.041761667012018222e+00,1.900000000000000000e+02,1.301804615161342099e+03,5.587215890525165918e+01,3.578900000000000000e+06,5.891899999999999915e-01,-2.632643002000779234e+03,1.000000000000000000e+00
3.119181527829443298e-03,4.844027699298908592e-03,6.419298927938432708e-01,2.039096747598412751e+00,2.000000000000000000e+01,7.458006935226542400e-02,-2.877576970420945557e+01,5.548670179978938855e+00,-4.283101734234862334e+01,6.436084374496032545e+00,-5.633522445303984938e+01,5.876649164520456381e+00,1.910000000000000000e+02,1.051988983302805082e+03,5.674272518049632907e+01,3.588200000000000000e+06,1.970099999999999907e-01,-6.183095900000741949e+02,1.000000000000000000e+00
2.793395704077223773e-03,4.961935575778056093e-03,6.037873801356871128e-01,1.614372173475586703e-02,2.000000000000000000e+01,7.373612016065456132e-02,-3.764061290988483677e+01,5.717679859806025888e+00,-4.452945197465538030e+01,5.169991569241304319e+00,-6.161007606946606074e+01,5.915917335083666018e+00,1.920000000000000000e+02,4.657775621710290466e+02,6.165193231650579975e+01,3.383000000000000000e+06,3.393300000000000205e-01,-1.612585100000460898e+03,1.000000000000000000e+00
3.190634319151264796e-03,4.921422757595260780e-03,6.157233902192871255e-01,2.538225661857217208e+00,2.000000000000000000e+01,7.566367135000931499e-02,-2.661942088047651112e+01,6.494321441820005703e+00,-3.692944235695157573e+01,5.828050848295469599e+00,-6.136461663221540164e+01,5.460082219488017863e+00,1.930000000000000000e+02,1.411675557039775867e+03,5.548174184712238599e+01,3.614900000000000000e+06,1.269500000000000073e-01,-3.180462999999834892e+02,1.000000000000000000e+00
2.948555672635060770e-03,4.370521549792524482e-03,6.255308237092216395e-01,2.061744975314293349e+00,2.000000000000000000e+01,7.480986206005850458e-02,-2.695457612801170200e+01,6.154630480639790235e+00,-3.804935044191542914e+01,6.066258924732764513e+00,-5.912788720135993970e+01,5.907897008855250931e+00,1.940000000000000000e+02,1.154330652574042915e+03,5.603944834514545903e+01,3.640100000000000000e+06,1.869300000000000128e-01,-5.575576000000535259e+02,1.000000000000000000e+00
3.026723310135621438e-03,4.701461493936057515e-03,6.217942528679625269e-01,1.670791134099582909e+00,2.000000000000000000e+01,7.477364863351917967e-02,-3.013671670614725073e+01,5.862530351555984787e+00,-4.272702494602753376e+01,6.010638813566050231e+00,-5.647644266981290428e+01,5.824373263305075099e+00,1.950000000000000000e+02,9.723286564869102904e+02,5.718628857064303617e+01,3.573000000000000000e+06,1.922699999999999965e-01,-6.038865000000168948e+02,1.000000000000000000e+00
3.170970482394101179e-03,4.674651571802585469e-03,6.156409540015526094e-01,2.011447953599389216e+00,2.000000000000000000e+01,7.459816085236702088e-02,-3.015206733213384993e+01,5.771080705727641202e+00,-4.070525397244418286e+01,6.531924151255296351e+00,-5.604055141671895512e+01,5.409049722814849304e+00,1.960000000000000000e+02,1.060862981926054317e+03,5.663480222225844329e+01,3.602000000000000000e+06,2.233799999999999952e-01,-8.171667000001306178e+02,1.000000000000000000e+00
2.945882739104782079e-03,4.259541228542565450e-03,6.400524780917420387e-01,1.609065837304812119e+00,2.000000000000000000e+01,7.476499853148636798e-02,-3.046163950636436724e+01,5.835055699094970905e+00,-4.013198146311088976e+01,5.434359277598355575e+00,-6.137652308424502934e+01,5.773114155211421128e+00,1.970000000000000000e+02,8.843489887315554370e+02,5.770466877057518928e+01,3.486700000000000000e+06,1.886200000000000099e-01,-5.567939999999654219e+02,1.000000000000000000e+00
3.263076054265391830e-03,4.859710413177740010e-03,6.025289727211250446e-01,1.558740608879226608e+00,2.000000000000000000e+01,7.414746027029087139e-02,-3.032647621479834044e+01,6.472730743771248463e+00,-4.234401639689428976e+01,5.404490422496989410e+00,-6.147076009504721839e+01,5.357852416639404147e+00,1.980000000000000000e+02,9.158032728051282447e+02,5.768495341592195302e+01,3.507700000000000000e+06,3.082799999999999985e-01,-1.510597759999742266e+03,1.000000000000000000e+00
3.040648239549446647e-03,4.560070811046316314e-03,6.340829528271347826e-01,1.883629801144167004e+00,2.000000000000000000e+01,7.506330792339288571e-02,-3.074938094153278456e+01,5.776196215699378023e+00,-4.249151195355908328e+01,5.876341582054207535e+00,-5.456967168620010966e+01,5.689669016075040275e+00,1.990000000000000000e+02,1.028884217322853146e+03,5.702394236060815302e+01,3.560600000000000000e+06,1.589899999999999924e-01,-4.301129100000113681e+02,1.000000000000000000e+00
