2.938730876040409126e-03,4.800890368563258404e-03,5.695524048308788778e-01,2.519170618771502834e+00,2.000000000000000000e+01,6.670836294342766259e-02,-2.700317788069803271e+01,5.792590263766818737e+00,-3.548434310705036410e+01,5.616648534908049939e+00,-5.676634475313670691e+01,5.471324740706476675e+00,0.000000000000000000e+00,2.037234330245711135e+03,5.594421126763054986e+01,3.582200000000000000e+06,7.795100000000000640e-02,-1.436196219999957862e+02,1.000000000000000000e+00
3.169897382978343128e-03,4.731468741201265253e-03,5.915448182901568153e-01,3.037680407779768110e+00,2.000000000000000000e+01,7.499718830817950210e-02,-2.358225880382549633e+01,4.950263070542109567e+00,-3.914239774905785652e+01,5.647555001274728426e+00,-4.797178075984101753e+01,5.372800202769926869e+00,1.000000000000000000e+00,1.578188333958627709e+03,5.630153851360650208e+01,3.547900000000000000e+06,1.862999999999999934e-01,-6.175354799999652187e+02,1.000000000000000000e+00
3.094068182677866923e-03,4.718839352361734255e-03,5.915572931688768410e-01,3.058854893698444322e+00,2.000000000000000000e+01,7.517386484373136946e-02,-2.136124860949502136e+01,5.219239870128877357e+00,-3.725578537810994817e+01,5.644076650645224902e+00,-5.025499101431661586e+01,5.308634687798940099e+00,2.000000000000000000e+00,1.706460574002106341e+03,5.612533869071727821e+01,3.574500000000000000e+06,1.651600000000000013e-01,-4.969834700000358225e+02,1.000000000000000000e+00
3.023760790214109762e-03,4.746802249642833801e-03,5.916152661812908997e-01,2.859452938222510454e+00,2.000000000000000000e+01,7.483823693237987018e-02,-2.994473934021351624e+01,4.738994858460840121e+00,-3.455812344911095835e+01,5.652077414824052681e+00,-5.227761702775861608e+01,5.422825107007523293e+00,3.000000000000000000e+00,1.392873127984152461e+03,5.648362522601404123e+01,3.498300000000000000e+06,1.935999999999999943e-01,-6.422976000000235217e+02,1.000000000000000000e+00
3.181535064092614121e-03,4.522798249595043167e-03,5.913076551856111251e-01,2.418139192923751235e+00,2.000000000000000000e+01,7.390547164526486967e-02,-3.220435259005376594e+01,4.879687809351857197e+00,-3.749942573765515164e+01,5.235137266279464185e+00,-4.906320553240942672e+01,5.213340025613005579e+00,4.000000000000000000e+00,1.234370767861208378e+03,5.726122009662861245e+01,3.455600000000000000e+06,3.653500000000000081e-01,-1.945854150000671552e+03,1.000000000000000000e+00
3.222192781935565367e-03,4.646825251442001162e-03,5.550324976277354327e-01,2.535289124923090665e+00,2.000000000000000000e+01,7.423709648792803373e-02,-2.943950924119750567e+01,4.983817872575414754e+00,-3.943382785569005478e+01,5.369382262138330475e+00,-4.626358867880340853e+01,4.889981556689837916e+00,5.000000000000000000e+00,1.342428554490694523e+03,5.715908127013297246e+01,3.474800000000000000e+06,3.450900000000000079e-01,-1.899261599999668988e+03,1.000000000000000000e+00
3.222592176597753599e-03,4.472025365894096403e-03,5.546943398278858517e-01,2.549631196172461145e+00,2.000000000000000000e+01,7.456114739623960486e-02,-2.949958637380562010e+01,4.876510106446330539e+00,-3.963345489329712734e+01,5.375065774713771560e+00,-4.643371468295797655e+01,4.963873193152856800e+00,6.000000000000000000e+00,1.289044142552369976e+03,5.717305218605211792e+01,3.467100000000000000e+06,2.984399999999999831e-01,-1.522175670000265200e+03,1.000000000000000000e+00
3.035180461362459690e-03,4.320591900083119510e-03,5.656537018049268006e-01,-1.442542725560654215e+00,2.000000000000000000e+01,7.169377545106901672e-02,-3.117283633815937449e+01,5.580183045620809246e+00,-5.158806530425678005e+01,5.763067754626428396e+00,-7.124362658640849588e+01,5.631103927679919963e+00,7.000000000000000000e+00,2.968635150872581789e+02,6.458447959572990271e+01,3.289600000000000000e+06,5.404299999999999660e-01,-1.749330469999679735e+03,1.000000000000000000e+00
3.098459829114827598e-03,4.589949316843658367e-03,5.812197453578775708e-01,2.777665609111368283e+00,2.000000000000000000e+01,7.435482881173458014e-02,-2.905868733346783017e+01,4.708709489726488506e+00,-3.672262825518934903e+01,5.561947283647556972e+00,-4.800137967191074040e+01,5.195546205746465418e+00,8.000000000000000000e+00,1.364965742294828715e+03,5.673324845392946258e+01,3.495300000000000000e+06,2.822500000000000009e-01,-1.260203810000009526e+03,1.000000000000000000e+00
3.125178316721541512e-03,4.541821929718938694e-03,5.772202293988891730e-01,2.743481427691063956e+00,2.000000000000000000e+01,7.412485393763115771e-02,-2.820908766206225948e+01,4.691982437746587742e+00,-3.784351190157020284e+01,5.547713956700162541e+00,-4.817646505137684443e+01,5.192170791913497396e+00,9.000000000000000000e+00,1.362982981947471899e+03,5.679709097964257580e+01,3.486800000000000000e+06,3.310299999999999909e-01,-1.669949270000490969e+03,1.000000000000000000e+00
3.436471358588272761e-03,4.699073422301380289e-03,5.314893462931356005e-01,2.083582865692694686e+00,2.000000000000000000e+01,7.523842831808356946e-02,-3.315464463832653053e+01,5.010837687253184569e+00,-3.817484594439011403e+01,5.378684506894382267e+00,-4.723005476222046894e+01,5.279046042704630182e+00,1.000000000000000000e+01,1.193213628584617481e+03,5.751284198963232797e+01,3.491700000000000000e+06,2.451800000000000090e-01,-1.181147889999830795e+03,1.000000000000000000e+00
3.121627714544608460e-03,4.624507864187517477e-03,6.438169481171122088e-01,-9.729240090658269891e-01,2.000000000000000000e+01,7.466843411957832521e-02,-3.865361211651936912e+01,5.308288688775752107e+00,-5.083396485138403875e+01,5.846545507672443520e+00,-6.074202549272436613e+01,4.787555542369262618e+00,1.100000000000000000e+01,2.561987583792503642e+02,6.470399275192588107e+01,3.286700000000000000e+06,2.153200000000000114e-01,-7.345260599998887301e+02,1.000000000000000000e+00
3.103285674051617371e-03,5.972197379370585563e-03,5.077215072922576233e-01,-2.236461210428934976e+00,2.000000000000000000e+01,7.474119824864561279e-02,-3.947119770629525703e+01,5.336479098964447054e+00,-5.193764981476314802e+01,5.103739803732563196e+00,-5.870523068411468870e+01,5.130385550413223861e+00,1.200000000000000000e+01,2.187809567155281627e+02,6.533917499322213018e+01,3.258100000000000000e+06,2.959800000000000209e-01,-1.646398740000174939e+03,1.000000000000000000e+00
3.455743272541419824e-03,4.544474806816464069e-03,5.319474811859293828e-01,2.298590705339933038e+00,2.000000000000000000e+01,7.520722791891076842e-02,-3.625221477983219387e+01,5.004100349013798521e+00,-3.526501962819646252e+01,5.289205437417164646e+00,-4.729979892610082715e+01,5.410881449846847602e+00,1.300000000000000000e+01,1.173116042003729717e+03,5.757364058931402440e+01,3.493700000000000000e+06,2.542499999999999760e-01,-1.265702400000209082e+03,1.000000000000000000e+00
2.970220004615575261e-03,2.600872725359368656e-03,5.887109144691454743e-01,1.001720058900320343e+00,2.000000000000000000e+01,7.042781885680114706e-02,-4.761208541924898441e+01,5.584344607617500067e+00,-6.049568307471823658e+01,5.391893733618120521e+00,-3.490419072535169676e+01,4.179193387423189243e+00,1.400000000000000000e+01,1.088237151896855437e+02,8.000591579231516448e+01,3.253800000000000000e+06,1.491099999999999925e-01,-3.646530000000023506e+02,1.000000000000000000e+00
3.116523183927043250e-03,4.430290936882182867e-03,6.818924382286648544e-01,-5.427552353803011265e-01,2.000000000000000000e+01,7.531621448405532993e-02,-4.332625963638798794e+01,5.043781664849808166e+00,-4.780732962407520859e+01,4.852532724893349858e+00,-5.440616531492764807e+01,4.802310503094314953e+00,1.500000000000000000e+01,3.297410079750280829e+02,6.452802257858481028e+01,3.234500000000000000e+06,1.382500000000000118e-01,-3.238562999999892327e+02,1.000000000000000000e+00
2.971452226877398239e-03,4.535858871118056412e-03,5.747061360501405369e-01,2.153193012468343159e+00,2.000000000000000000e+01,7.457565306338180544e-02,-3.415058898007693244e+01,4.694876119587345187e+00,-3.810458259137267589e+01,5.238833250334029579e+00,-4.726062283306052336e+01,5.159026244997477306e+00,1.600000000000000000e+01,1.130956066802414398e+03,5.783602489671881841e+01,3.434300000000000000e+06,2.503299999999999970e-01,-1.025684781000127487e+03,1.000000000000000000e+00
2.822424600232715554e-03,4.663755126936286466e-03,5.603964039241730033e-01,7.574766651659486927e-03,2.000000000000000000e+01,7.489152830696546581e-02,-3.748488939842702905e+01,4.490331673182121008e+00,-4.855963156554670945e+01,5.305963189141081671e+00,-6.023725495136946506e+01,4.655156810005903090e+00,1.700000000000000000e+01,4.037662509954151915e+02,6.354560517669916919e+01,3.194400000000000000e+06,2.233400000000000107e-01,-8.632528590001237490e+02,1.000000000000000000e+00
3.075194104417343973e-03,4.961886023085036040e-03,5.738151778097247968e-01,-1.024197007364070933e+00,2.000000000000000000e+01,7.229186051876787533e-02,-3.489497255504676332e+01,5.293702303724757030e+00,-5.092209226036752057e+01,5.706086953361515945e+00,-6.598679482233330873e+01,5.280113315196440560e+00,1.800000000000000000e+01,3.442388894387226514e+02,6.426154638089155924e+01,3.279100000000000000e+06,6.265699999999999603e-01,-2.616107499999421634e+03,1.000000000000000000e+00
3.141797305079426991e-03,4.996390391127928515e-03,5.832439428609967891e-01,1.624162612860080124e+00,2.000000000000000000e+01,7.477854629156893695e-02,-3.238615560153520789e+01,5.052595439239832231e+00,-4.932147568445759589e+01,5.462370914022594448e+00,-5.220373837599372280e+01,4.800478495196861317e+00,1.900000000000000000e+01,8.058929283309406628e+02,5.989474023968728744e+01,3.350800000000000000e+06,2.158899999999999986e-01,-8.342791800001126603e+02,1.000000000000000000e+00
3.024787419831837833e-03,4.958078649999708015e-03,5.685894591028987088e-01,1.342643213676316005e+00,2.000000000000000000e+01,7.496986206000116892e-02,-3.654133439412483142e+01,4.760169210302249709e+00,-4.551731674608502942e+01,5.470910777721300633e+00,-5.049852495849680167e+01,4.665678155523888648e+00,2.000000000000000000e+01,7.887471936676786299e+02,6.026803660243520255e+01,3.335000000000000000e+06,2.014100000000000057e-01,-7.459403399999586100e+02,1.000000000000000000e+00
3.084729538003517200e-03,4.262928733600955186e-03,5.413177716115614713e-01,-8.514135073221049121e-02,2.000000000000000000e+01,6.713687039175293692e-02,-4.013990816031927267e+01,4.692527277291535626e+00,-4.613256515763156074e+01,5.343599372738269793e+00,-5.558101998398296928e+01,5.449374253794392331e+00,2.100000000000000000e+01,5.807505255632755734e+02,6.226201508600524193e+01,3.312800000000000000e+06,8.026700000000000501e-02,-1.492063299999967967e+02,1.000000000000000000e+00
3.125445440285603248e-03,5.242596888120941781e-03,5.828932102922200764e-01,-4.570493364384085044e-01,2.000000000000000000e+01,7.396020764652956603e-02,-3.537900611320064570e+01,5.022820316726073209e+00,-4.888932608100828503e+01,5.502574405217757203e+00,-6.513125403065444630e+01,4.752522450356095440e+00,2.200000000000000000e+01,3.941911308984268203e+02,6.358531204065514686e+01,3.232100000000000000e+06,3.550400000000000222e-01,-1.921623990000710364e+03,1.000000000000000000e+00
3.263569114950815378e-03,4.399789735392150257e-03,6.012183111063151841e-01,1.207868415899285175e+00,2.000000000000000000e+01,7.472935842265937545e-02,-3.631116065674625304e+01,4.739100362825604762e+00,-4.514427869192884657e+01,4.607462672570199480e+00,-5.001885074145783960e+01,5.011321097444676909e+00,2.300000000000000000e+01,8.032136301364269002e+02,6.018505979119998983e+01,3.295700000000000000e+06,2.463100000000000012e-01,-1.021088000000146621e+03,1.000000000000000000e+00
3.278771072546148545e-03,4.467822111829716260e-03,6.020803632103486347e-01,7.059518049864114131e-01,2.000000000000000000e+01,7.509788379321620522e-02,-3.389579485743515619e+01,4.768254909653554918e+00,-4.398751702138844166e+01,5.454831121663583637e+00,-5.441425343763383893e+01,4.913085104045939566e+00,2.400000000000000000e+01,7.852311703502443834e+02,6.029894410986071307e+01,3.348400000000000000e+06,2.020099999999999951e-01,-7.328564999998947087e+02,1.000000000000000000e+00
3.133728386573871125e-03,4.590352890472867986e-03,6.105387496178478202e-01,-1.083444051672335373e-01,2.000000000000000000e+01,7.549661156847181642e-02,-3.740453858885037164e+01,5.025627903895450999e+00,-4.976577870156680206e+01,5.681059364371423115e+00,-5.644501919012243718e+01,4.811217423929151416e+00,2.500000000000000000e+01,4.365904069470702780e+02,6.293958566734656301e+01,3.302800000000000000e+06,1.532999999999999918e-01,-4.333415599999621008e+02,1.000000000000000000e+00
3.102680707866661142e-03,4.926637183289016113e-03,5.724929245727113925e-01,2.128277216051015497e+00,2.000000000000000000e+01,7.413868899601382123e-02,-3.345473839379415182e+01,5.157544937179122435e+00,-4.593603650243572645e+01,5.601013130360839476e+00,-5.069382134926728867e+01,4.692049850949077339e+00,2.600000000000000000e+01,9.348087629786925845e+02,5.898186836994273108e+01,3.396200000000000000e+06,3.141399999999999748e-01,-1.589408810000168387e+03,1.000000000000000000e+00
3.128522067169033690e-03,4.694646948023059596e-03,5.675988247636190032e-01,2.420514168154858758e+00,2.000000000000000000e+01,7.421208421801533950e-02,-3.139735754828646463e+01,5.105612351083565592e+00,-4.233416066668955580e+01,5.675787754581538280e+00,-4.851372927063529517e+01,4.689224467908793770e+00,2.700000000000000000e+01,1.145152589631873752e+03,5.767475679368653374e+01,3.451600000000000000e+06,3.194100000000000272e-01,-1.643976600000076132e+03,1.000000000000000000e+00
2.938754474314120117e-03,4.668838029606115977e-03,5.835260304094540551e-01,-2.259973825595964048e+00,2.000000000000000000e+01,7.519359230554518991e-02,-3.898128911074770997e+01,4.637961388836093768e+00,-4.776220022384767105e+01,5.154271406737636063e+00,-6.515194661541711696e+01,5.459473963649350559e+00,2.800000000000000000e+01,1.864294185019531653e+02,6.562815720719675028e+01,3.193100000000000000e+06,1.959599999999999953e-01,-6.792052110000706762e+02,1.000000000000000000e+00
3.031604447845556022e-03,4.436664468754958346e-03,6.039751540251776518e-01,3.177267022477366920e-01,2.000000000000000000e+01,7.656306366001873476e-02,-4.314043884746877211e+01,4.651392107852782232e+00,-4.949353013193179152e+01,5.270222396302434831e+00,-5.276418940046200134e+01,5.027455973391788291e+00,2.900000000000000000e+01,3.657824120348478232e+02,6.405490140155798429e+01,3.250200000000000000e+06,1.009400000000000019e-01,-2.204336700000075382e+02,1.000000000000000000e+00
3.172631969848890409e-03,4.899527176692390629e-03,4.896947255786059383e-01,8.066160106441510047e-01,2.000000000000000000e+01,7.915065469826523814e-02,-3.717110365869722699e+01,5.106873839907017931e+00,-4.618427169512766284e+01,5.400373196520026120e+00,-5.869571368930907340e+01,5.232149189397885536e+00,3.000000000000000000e+01,6.709846091762682363e+02,6.103377372512039045e+01,3.255400000000000000e+06,2.028200000000000003e-01,-9.026404099998721904e+02,1.000000000000000000e+00
2.935419233886993849e-03,4.553651185290393845e-03,6.243583597894944992e-01,-3.434363276438132662e-01,2.000000000000000000e+01,6.406943115744191675e-02,-4.192736539889192215e+01,4.487064947011878857e+00,-4.753104486420168939e+01,5.696307459755620251e+00,-5.393156222243742093e+01,4.994771837637799194e+00,3.100000000000000000e+01,4.223169297711365857e+02,6.342925896101934313e+01,3.282000000000000000e+06,5.028099999999999931e-02,-5.781930300000050238e+01,1.000000000000000000e+00
2.907054150012011555e-03,4.877174520052447032e-03,6.020233588162526850e-01,-7.810481110410467664e-01,2.000000000000000000e+01,7.455093722739744577e-02,-3.613935510259661044e+01,5.116638019736042153e+00,-5.478159722283089650e+01,4.744468444020285780e+00,-5.350427686736047406e+01,4.639542261775893017e+00,3.200000000000000000e+01,3.877408224285387632e+02,6.399461303821222913e+01,3.222000000000000000e+06,2.359300000000000008e-01,-8.915768999998401796e+02,1.000000000000000000e+00
3.134080601061075937e-03,4.732723362650491546e-03,5.950195292663195135e-01,1.182409490976862543e+00,2.000000000000000000e+01,7.460760382001881130e-02,-3.332815930393743287e+01,4.843240604353467482e+00,-4.732250279188302500e+01,5.635756001321023945e+00,-4.674015156711155328e+01,5.147352988076614011e+00,3.300000000000000000e+01,8.647905644213026335e+02,5.962521673702850222e+01,3.423000000000000000e+06,2.429300000000000070e-01,-9.831671699998375971e+02,1.000000000000000000e+00
3.108924883409212858e-03,4.630904546766080251e-03,5.868504544563666325e-01,-4.570175974168588784e-02,2.000000000000000000e+01,7.429436447228165985e-02,-3.545526027505857769e+01,4.929159769748101994e+00,-4.824034380037983283e+01,5.663668726748888993e+00,-5.744152761885926850e+01,4.702001271469312016e+00,3.400000000000000000e+01,5.531014626756124244e+02,6.228600012779300954e+01,3.300800000000000000e+06,3.209500000000000131e-01,-1.581704690000394066e+03,1.000000000000000000e+00
2.977462497799878739e-03,4.506536284782968263e-03,6.031381004070939245e-01,7.686076534096365487e-01,2.000000000000000000e+01,7.500274686519438350e-02,-3.571635342897807419e+01,5.315818769305912461e+00,-5.008258817535129737e+01,5.227949119839851555e+00,-5.173742123183190245e+01,4.721651027389921040e+00,3.500000000000000000e+01,6.148707386866732350e+02,6.128882251098249867e+01,3.332700000000000000e+06,1.888700000000000101e-01,-6.154430659999222826e+02,1.000000000000000000e+00
3.172631969848890409e-03,4.899527176692390629e-03,4.896947255786059383e-01,8.066160106441510047e-01,2.000000000000000000e+01,7.915065469826523814e-02,-3.717110365869722699e+01,5.106873839907017931e+00,-4.618427169512766284e+01,5.400373196520026120e+00,-5.869571368930907340e+01,5.232149189397885536e+00,3.600000000000000000e+01,6.319667045453378478e+02,6.125829699821398577e+01,3.326700000000000000e+06,6.282799999999999496e-02,-1.299913300000004597e+02,1.000000000000000000e+00
2.979599350921854385e-03,5.047456882825904906e-03,5.400138270887326897e-01,2.841266521269909529e-01,2.000000000000000000e+01,7.493841634231872273e-02,-3.773593885080787658e+01,4.794387598035321219e+00,-4.936141325921426670e+01,5.335921879125285372e+00,-4.851965636373162738e+01,4.738270668647620809e+00,3.700000000000000000e+01,6.070064858053282251e+02,6.211633907888582939e+01,3.310900000000000000e+06,2.351600000000000079e-01,-1.012103937000060910e+03,1.000000000000000000e+00
3.032458258186233706e-03,4.944752075627924237e-03,5.896639722465051303e-01,7.853300220249007646e-01,2.000000000000000000e+01,7.457534001295011705e-02,-3.289907439169051884e+01,4.877766374039764763e+00,-4.713752627611042811e+01,5.662630589499205058e+00,-5.566013167852699439e+01,4.795557978325533099e+00,3.800000000000000000e+01,7.050100096306844080e+02,6.060729600367324110e+01,3.338000000000000000e+06,2.365599999999999925e-01,-9.438927300000756304e+02,1.000000000000000000e+00
3.207142262547715839e-03,4.519572749125225740e-03,5.733800892511670133e-01,1.892589297742213184e+00,2.000000000000000000e+01,7.451386451823147072e-02,-3.426448811545830608e+01,4.701507552553838565e+00,-4.230509492914663383e+01,5.424692456700300980e+00,-4.757537564180225331e+01,4.916586108644579234e+00,3.900000000000000000e+01,1.015897726529523879e+03,5.856580407328605986e+01,3.401200000000000000e+06,2.898000000000000020e-01,-1.398572700000257328e+03,1.000000000000000000e+00
3.105292499723726757e-03,4.629039320285966742e-03,6.244551323271296805e-01,-4.017105376903540304e-02,2.000000000000000000e+01,7.421296550898623390e-02,-3.715168662055300786e+01,4.979589284248420178e+00,-4.798093311776511172e+01,5.500648334194115918e+00,-5.668080957001704689e+01,4.732558994550956299e+00,4.000000000000000000e+01,5.029595993098901090e+02,6.242366743956399233e+01,3.292900000000000000e+06,2.909800000000000164e-01,-1.272946499999628941e+03,1.000000000000000000e+00
3.121147478821526162e-03,4.387309895583738940e-03,5.834247654110311654e-01,1.834528487094034155e+00,2.000000000000000000e+01,7.496758906929329447e-02,-3.209280166813778834e+01,4.545049477914327340e+00,-4.272501718885293798e+01,4.887327224572559636e+00,-5.074979463383683509e+01,5.110034699749217424e+00,4.100000000000000000e+01,1.003014781234047973e+03,5.865781414079832246e+01,3.339100000000000000e+06,2.143500000000000127e-01,-8.023833899999981440e+02,1.000000000000000000e+00
3.235442603512696247e-03,5.103881766719202233e-03,5.650766070454067425e-01,1.576812754524638649e+00,2.000000000000000000e+01,7.455652161112612253e-02,-3.288350324929864144e+01,4.913073488164814151e+00,-4.563902208767042623e+01,5.394165546146796331e+00,-5.213223790934922874e+01,4.816635936487768888e+00,4.200000000000000000e+01,8.997994670845570226e+02,5.926449740190354731e+01,3.360100000000000000e+06,2.685699999999999754e-01,-1.275305409999939002e+03,1.000000000000000000e+00
3.114800474717282879e-03,4.846468121711194552e-03,5.715938028504843338e-01,1.721162307375796008e+00,2.000000000000000000e+01,7.495026612112175302e-02,-3.332766501839233797e+01,5.136113767493500681e+00,-4.593196439852907531e+01,5.624887296376201107e+00,-4.984948362984410863e+01,4.705844845132446608e+00,4.300000000000000000e+01,9.129434945403544361e+02,5.911081170802515317e+01,3.404300000000000000e+06,2.098099999999999965e-01,-7.999063200001007772e+02,1.000000000000000000e+00
3.146288980501663057e-03,4.984401820104717058e-03,5.837710996288322240e-01,1.573695431525952149e+00,2.000000000000000000e+01,7.604761438915237648e-02,-3.107906435204303364e+01,5.135588400923344565e+00,-4.801018965798938609e+01,5.469004905578145781e+00,-5.549662712446613000e+01,4.775025690623028396e+00,4.400000000000000000e+01,8.862657332713083633e+02,5.954516073610223970e+01,3.350900000000000000e+06,1.194500000000000006e-01,-3.104152000000095768e+02,1.000000000000000000e+00
3.205002478492956393e-03,4.427449435375694665e-03,5.834585859334036062e-01,1.342367367056769956e+00,2.000000000000000000e+01,7.530197361369367348e-02,-3.477139126447407591e+01,4.551402358660334713e+00,-4.475856054144196605e+01,5.099165408722209136e+00,-4.877316474694373483e+01,4.995847190428247764e+00,4.500000000000000000e+01,8.854061661768173508e+02,5.960410125960726191e+01,3.337500000000000000e+06,1.875499999999999945e-01,-6.564703499999279757e+02,1.000000000000000000e+00
3.342539104087341884e-03,4.466807799606204755e-03,5.606254433703274920e-01,1.700523689170131858e+00,2.000000000000000000e+01,7.409943635370074000e-02,-3.934630520626619443e+01,4.868805619916948046e+00,-3.880874380488587860e+01,5.382374794112415373e+00,-4.908125460037759069e+01,5.420219190148214850e+00,4.600000000000000000e+01,9.852209612722491556e+02,5.882754445298032664e+01,3.436300000000000000e+06,4.021700000000000275e-01,-2.424048219999971479e+03,1.000000000000000000e+00
2.928359726878115160e-03,5.098425136879966742e-03,5.401763053211986465e-01,3.841277206380625531e-01,2.000000000000000000e+01,7.507437356940287188e-02,-4.105618677369568559e+01,5.263904706164295177e+00,-4.866417854749671790e+01,5.989432235927830916e+00,-4.950121704502956987e+01,4.733428407585897446e+00,4.700000000000000000e+01,4.848722597609693707e+02,6.278962677810396542e+01,3.380300000000000000e+06,2.103700000000000014e-01,-8.379935999999768228e+02,1.000000000000000000e+00
2.864662427151133933e-03,4.688349596688562784e-03,5.521338569012452790e-01,5.018210699008547604e-02,2.000000000000000000e+01,7.492583955711684673e-02,-3.632548462564948011e+01,4.624415832206960175e+00,-4.900123727191523670e+01,5.305768932158058782e+00,-5.831888562671090881e+01,4.675854538790449766e+00,4.800000000000000000e+01,4.642631768935808054e+02,6.290561038450031361e+01,3.225500000000000000e+06,2.294799999999999895e-01,-9.253950000001624403e+02,1.000000000000000000e+00
3.146578574725284426e-03,5.008344717149670888e-03,6.422891383959856704e-01,-1.524382630443711140e+00,2.000000000000000000e+01,7.503719905481476271e-02,-4.704666131386152017e+01,5.096248289219204253e+00,-5.027954898696390273e+01,5.397629261397057121e+00,-5.079335774178385776e+01,4.734768353139536146e+00,4.900000000000000000e+01,1.708311262945292981e+02,6.690824710055620983e+01,3.257900000000000000e+06,1.724400000000000099e-01,-5.000582999999778053e+02,1.000000000000000000e+00
3.152859585479846939e-03,4.678211789463484864e-03,5.678851933447928158e-01,2.404313105031214093e+00,2.000000000000000000e+01,7.457712314364267625e-02,-3.143059478535778339e+01,5.153630625673065957e+00,-4.383508493758252200e+01,5.481159470261497191e+00,-5.081684385200382792e+01,4.707205781022308244e+00,5.000000000000000000e+01,1.047304323334577703e+03,5.801061126600611573e+01,3.413100000000000000e+06,2.634699999999999820e-01,-1.200031799999929717e+03,1.000000000000000000e+00
3.162400775228652646e-03,4.758402482584746587e-03,5.824613820755623061e-01,-3.422088403536723611e+00,2.000000000000000000e+01,6.963228573328558713e-02,-4.746396583700631311e+01,5.268554066563850391e+00,-5.558468319453292139e+01,5.218973279827889833e+00,-4.168795323779782080e+01,4.779624299347540628e+00,5.100000000000000000e+01,1.297624671797769054e+02,7.015928875833498068e+01,3.248200000000000000e+06,1.227099999999999996e-01,-3.032785060000152839e+02,1.000000000000000000e+00
3.134258923088633318e-03,5.112090285608494877e-03,6.366662188356020380e-01,-3.089515119407771238e+00,2.000000000000000000e+01,7.594916377346030978e-02,-4.250098574611197932e+01,4.408836406370476801e+00,-5.179814156737255360e+01,4.866513969816270269e+00,-5.700448078126306939e+01,4.839424582581152379e+00,5.200000000000000000e+01,1.447332414916289736e+02,6.705056015952590087e+01,3.139600000000000000e+06,1.182799999999999963e-01,-2.771589099999974906e+02,1.000000000000000000e+00
2.910035727878740840e-03,4.434965544403776314e-03,5.927427933775373248e-01,-3.960099267568283121e+00,2.000000000000000000e+01,7.575829338760842191e-02,-4.305712835843570474e+01,5.829364353648937680e+00,-5.904767260554115182e+01,5.372340014960157895e+00,-4.293670610789988729e+01,4.607954828073983933e+00,5.300000000000000000e+01,1.333329032842432298e+02,6.920930173966011978e+01,3.312300000000000000e+06,1.540900000000000047e-01,-4.317470000000280379e+02,1.000000000000000000e+00
3.166549500089008672e-03,4.840365131095096703e-03,5.842451880004567721e-01,-2.402034529574982535e+00,2.000000000000000000e+01,7.630941707002047991e-02,-4.642475181963684605e+01,5.342128162284402570e+00,-5.531099833497875551e+01,5.288357492950060745e+00,-4.556693739410184207e+01,4.905739445985693337e+00,5.400000000000000000e+01,1.373978051973257379e+02,6.799520011714223244e+01,3.283100000000000000e+06,1.212700000000000028e-01,-3.217773600000172678e+02,1.000000000000000000e+00
2.811755316539077919e-03,4.932545700474386813e-03,6.520929053646586926e-01,-3.013547490181344379e+00,2.000000000000000000e+01,7.607912848411979567e-02,-4.829843822523630337e+01,5.606910458182650991e+00,-5.032120611531698273e+01,5.841394606477377849e+00,-4.658575816086811017e+01,4.547575248329327025e+00,5.500000000000000000e+01,1.357618770969646960e+02,6.848923592054191545e+01,3.336300000000000000e+06,1.037600000000000050e-01,-1.959957029999982581e+02,1.000000000000000000e+00
2.991071517051693222e-03,5.292676606910803362e-03,5.577987469027525513e-01,3.144353482821550916e+00,2.000000000000000000e+01,7.118193545127068922e-02,-1.946300359314963657e+01,5.979153496607730212e+00,-3.206430721809796580e+01,5.332637534298212856e+00,-5.812093790733615606e+01,5.063267077391547133e+00,5.600000000000000000e+01,2.851979124151514043e+03,5.596456169586581098e+01,3.589600000000000000e+06,4.938000000000000167e-01,-1.925506099999370463e+03,1.000000000000000000e+00
3.178796608662633975e-03,5.151971693102393168e-03,5.375820777884359192e-01,2.730252940552248209e+00,2.000000000000000000e+01,6.704436525487045273e-02,-2.655129760177945997e+01,5.792907598827254922e+00,-3.327306960610751219e+01,5.293698605604595819e+00,-5.801842740024449085e+01,5.242317317136659938e+00,5.700000000000000000e+01,2.427547954930079413e+03,5.607051297401199719e+01,3.543000000000000000e+06,8.482000000000000650e-02,-1.812086999999999080e+02,1.000000000000000000e+00
3.098823896566467451e-03,3.438460100365119381e-03,5.474525615902164910e-01,-1.520585979056644055e+00,2.000000000000000000e+01,6.747009624785182957e-02,-5.366282070643718072e+01,5.668927401313189840e+00,-5.467791150562255353e+01,5.932918298388154987e+00,-3.005109469395269528e+01,4.535176859924441750e+00,5.800000000000000000e+01,1.316369616152279036e+02,7.816805842887796985e+01,3.297400000000000000e+06,6.092199999999999838e-01,-1.918419400000454971e+03,1.000000000000000000e+00
3.171780935833913313e-03,5.090811727958309725e-03,5.022442242578734062e-01,-1.412988827974173356e+00,2.000000000000000000e+01,8.125723639262415199e-02,-4.337569544562341406e+01,6.384416071852679231e+00,-5.812125904150077105e+01,5.596067075748258013e+00,-4.120776154955147774e+01,3.858023230142223259e+00,5.900000000000000000e+01,1.319226852759611290e+02,7.027097113237832104e+01,3.351200000000000000e+06,1.136999999999999955e-01,-3.130061899999949446e+02,1.000000000000000000e+00
3.174666371399758203e-03,5.394127771023626318e-03,5.513957244156891813e-01,2.670728646323451638e+00,2.000000000000000000e+01,6.966127437549905765e-02,-2.607612404573272613e+01,6.309267727434541229e+00,-3.206221161068211245e+01,5.310180911118471236e+00,-5.582488852593931483e+01,5.208970759798956962e+00,6.000000000000000000e+01,3.010658019819023593e+03,5.596495022969227051e+01,3.629300000000000000e+06,2.768700000000000050e-01,-7.382700799999423680e+02,1.000000000000000000e+00
2.940575031945426299e-03,5.136160744921089080e-03,5.908845132763325125e-01,-5.113451262398827524e+00,2.000000000000000000e+01,7.462947900965165304e-02,-4.833446219539418109e+01,5.579121808078600253e+00,-5.060512936685644547e+01,4.839690488381534372e+00,-4.550380443887259219e+01,4.992523873913377486e+00,6.100000000000000000e+01,1.335430266413301013e+02,7.007298073336521327e+01,3.297700000000000000e+06,2.607800000000000118e-01,-1.062089521999923136e+03,1.000000000000000000e+00
2.917964113160067575e-03,3.591361218128256722e-03,5.233203760620120937e-01,-5.466511546006492139e+00,2.000000000000000000e+01,7.106294705554143387e-02,-4.651783940689574592e+01,6.758365277792238501e+00,-5.585641584280160288e+01,4.886532395732286815e+00,-3.887910348821465334e+01,4.467757194175543844e+00,6.200000000000000000e+01,1.329238258181254935e+02,7.214144701113471569e+01,3.320100000000000000e+06,5.867599999999999483e-01,-1.944794999999124684e+03,1.000000000000000000e+00
2.763073414048657778e-03,5.089118174204070554e-03,5.840948651703505856e-01,-5.259207926685420809e+00,2.000000000000000000e+01,7.665799799314275409e-02,-4.040182571676596268e+01,5.736045215632094241e+00,-5.472393182305249582e+01,6.015441038664992135e+00,-5.024874583710658271e+01,3.759849257726439298e+00,6.300000000000000000e+01,1.330241195821847100e+02,7.062693168314893910e+01,3.293600000000000000e+06,9.917199999999999627e-02,-2.107247999999951844e+02,1.000000000000000000e+00
3.542358432527906512e-03,4.538190346994833146e-03,6.759257696335244647e-01,-1.434165287894473728e+00,2.000000000000000000e+01,8.162784716222676318e-02,-5.905570679965783398e+01,4.765347128612123839e+00,-4.924494083019373392e+01,5.328617423181921886e+00,-4.468883456826365119e+01,4.955565966255333521e+00,6.400000000000000000e+01,1.331674373986461717e+02,7.084178428752917966e+01,3.245700000000000000e+06,2.563099999999999823e-01,-1.096055339999934858e+03,1.000000000000000000e+00
3.203399630235431120e-03,3.124387642462298810e-03,6.083638011928588218e-01,-2.191306634510119977e+00,2.000000000000000000e+01,6.378047964839551887e-02,-6.096218524610072365e+01,6.173278816532697277e+00,-6.843904398173133075e+01,6.018739670561980226e+00,-3.691824177173219113e+01,4.577146349854217533e+00,6.500000000000000000e+01,1.331458780450114148e+02,7.608095946549450161e+01,3.296700000000000000e+06,6.175199999999999578e-01,-2.079341899000526610e+03,1.000000000000000000e+00
3.289522732690753140e-03,4.779680661643612855e-03,6.397798783779049536e-01,-9.865934762692381010e-01,2.000000000000000000e+01,6.789204959103711801e-02,-4.016085274349391909e+01,5.677800254013597225e+00,-5.274857361171012826e+01,5.074719803384327932e+00,-5.586410725328470050e+01,5.169914102467656036e+00,6.600000000000000000e+01,3.191038161716335821e+02,6.459058465731459364e+01,3.307900000000000000e+06,1.157299999999999995e-01,-2.094696999999914055e+02,1.000000000000000000e+00
2.976619875806405489e-03,4.882029177319338435e-03,5.739816511533574195e-01,1.448967482866958534e-01,2.000000000000000000e+01,7.464449613438051134e-02,-3.571783797479115208e+01,5.015692326706812310e+00,-5.032729019787879565e+01,5.103852393060568815e+00,-5.272787626647795634e+01,4.474405816836767968e+00,6.700000000000000000e+01,5.679502260310149495e+02,6.237531724800313526e+01,3.268600000000000000e+06,2.500100000000000100e-01,-1.042244198999896071e+03,1.000000000000000000e+00
3.057810984622268916e-03,4.903620892942685966e-03,5.856968810601941300e-01,-1.518772519098630758e+00,2.000000000000000000e+01,7.454044504226364776e-02,-4.068717983679970018e+01,4.570003650058187539e+00,-4.922293157497973937e+01,5.099113401916849142e+00,-5.880602462015059473e+01,5.451104991099390062e+00,6.800000000000000000e+01,2.683864414165680046e+02,6.478072116830313121e+01,3.222200000000000000e+06,2.759099999999999886e-01,-1.231314399999999068e+03,1.000000000000000000e+00
3.148042117937992039e-03,4.903996602280050361e-03,5.547140779398784804e-01,9.857280683878912875e-01,2.000000000000000000e+01,7.507103795706604465e-02,-3.624813357973772554e+01,4.835838465648142126e+00,-4.580430143298767121e+01,5.282088613767622398e+00,-4.932705810169547078e+01,4.706673054535279732e+00,6.900000000000000000e+01,7.868097595435705216e+02,6.050470017590318861e+01,3.337600000000000000e+06,2.175199999999999911e-01,-8.915902099998924086e+02,1.000000000000000000e+00
2.985075843733227610e-03,4.921034879519421180e-03,5.870306333194981185e-01,-1.238546724599564719e+00,2.000000000000000000e+01,7.645273631788421231e-02,-4.074559260907251002e+01,4.929774968330467466e+00,-4.918450945875071056e+01,5.445485065998604490e+00,-5.303732180680378150e+01,4.653821779488991339e+00,7.000000000000000000e+01,3.516679979558394962e+02,6.447041355351778691e+01,3.277200000000000000e+06,1.073000000000000065e-01,-2.508394999999902382e+02,1.000000000000000000e+00
2.913829818127473912e-03,4.281698004663932015e-03,5.795101402157978310e-01,-3.313398269568198495e-01,2.000000000000000000e+01,6.633565015977758994e-02,-4.299846272314563578e+01,4.043214685102304529e+00,-5.170135981858009444e+01,5.865336341301759404e+00,-5.270857407886425250e+01,4.842530234063254113e+00,7.100000000000000000e+01,3.608823076912504462e+02,6.438733496245369281e+01,3.252300000000000000e+06,7.218099999999999516e-02,-1.116881999999982042e+02,1.000000000000000000e+00
3.173114279039352705e-03,5.226310133476220164e-03,5.607918312894811796e-01,2.711580860542949445e+00,2.000000000000000000e+01,6.834447972626869761e-02,-2.614958074148511713e+01,5.707065711503949146e+00,-3.568912323159010214e+01,5.393128256329982051e+00,-5.764335656935024588e+01,4.993696424590662986e+00,7.200000000000000000e+01,2.598772776685882036e+03,5.613729026852197990e+01,3.521500000000000000e+06,1.476399999999999935e-01,-3.287331600000032950e+02,1.000000000000000000e+00
2.978308988252053799e-03,5.613106325014764753e-03,5.661110453254448727e-01,-1.733930561827377259e+00,2.000000000000000000e+01,7.429061934067075768e-02,-4.635339759791916237e+01,5.141032525546695098e+00,-5.158185918488769062e+01,5.660792152204230376e+00,-4.665102266484367277e+01,4.910830315694616033e+00,7.300000000000000000e+01,2.168342280212362709e+02,6.643939763014724065e+01,3.317600000000000000e+06,2.968399999999999928e-01,-1.433018411999538785e+03,1.000000000000000000e+00
2.993620395688118344e-03,5.220925686356445161e-03,5.764600399460331204e-01,-2.993343699785767864e+00,2.000000000000000000e+01,7.496558917716070192e-02,-4.145248015025428856e+01,5.173655595839168342e+00,-5.392455151623958898e+01,5.336591653337636743e+00,-4.983433223868918560e+01,4.914180119814009373e+00,7.400000000000000000e+01,1.961401623837246291e+02,6.665005489733360378e+01,3.287800000000000000e+06,2.171599999999999919e-01,-8.247471999999203263e+02,1.000000000000000000e+00
2.856975461019867560e-03,5.109186136065842557e-03,5.579169430875796643e-01,-1.666961277271693964e+00,2.000000000000000000e+01,7.484152341286341714e-02,-4.990359995783197178e+01,5.180642029213340827e+00,-5.189005930605078021e+01,5.616685522523359175e+00,-4.159880995709319507e+01,5.466484016118680955e+00,7.500000000000000000e+01,1.961064949927948646e+02,6.677934850664857436e+01,3.370800000000000000e+06,2.337899999999999978e-01,-9.377593510001572668e+02,1.000000000000000000e+00
3.085450124360086897e-03,4.678171251923221065e-03,5.728184584340454411e-01,-7.275584531698784385e-01,2.000000000000000000e+01,7.213970253298232493e-02,-3.534832953530930411e+01,5.303592631350404929e+00,-5.082953726684294793e+01,5.695613672616095968e+00,-6.514398504219192887e+01,5.143425647345281959e+00,7.600000000000000000e+01,3.762640372949355765e+02,6.407678833174065858e+01,3.278900000000000000e+06,6.084699999999999553e-01,-2.405296529999549421e+03,1.000000000000000000e+00
2.954613959332889200e-03,4.662698901317741638e-03,6.210029262720884180e-01,3.328291480180466388e-01,2.000000000000000000e+01,7.464997686842481106e-02,-4.033692669450141466e+01,4.750739092352205262e+00,-5.079659593389952477e+01,5.028114525817541036e+00,-4.826882151603908255e+01,4.909327205976036446e+00,7.700000000000000000e+01,4.931811314312481613e+02,6.283150506935485424e+01,3.273000000000000000e+06,2.109499999999999986e-01,-7.095939999999105794e+02,1.000000000000000000e+00
2.864613792990236205e-03,5.168240417685657923e-03,5.151408787933637878e-01,4.813149280596055180e-01,2.000000000000000000e+01,7.507315564372771255e-02,-4.078937699307266485e+01,5.376502358218237632e+00,-4.963706988024306099e+01,5.680848106748272563e+00,-4.939280174084996133e+01,4.749480428129940535e+00,7.800000000000000000e+01,4.794700119250956050e+02,6.290733844113731976e+01,3.362200000000000000e+06,2.255300000000000082e-01,-9.780155000001844883e+02,1.000000000000000000e+00
3.179155669827350185e-03,4.411628471524597916e-03,5.820225701661470019e-01,1.202823637774475429e+00,2.000000000000000000e+01,7.550203085000070646e-02,-3.497247733575902373e+01,4.545701085466646418e+00,-4.463394004952498051e+01,5.165541177833942399e+00,-4.877841326160472590e+01,4.984703434744440997e+00,7.900000000000000000e+01,8.768788760012914736e+02,5.980709240606321231e+01,3.341800000000000000e+06,1.712400000000000033e-01,-5.583559300000356416e+02,1.000000000000000000e+00
2.999983665407940890e-03,5.068592179083018616e-03,5.521947082781171190e-01,-2.571721656877526740e+00,2.000000000000000000e+01,7.678888817106549469e-02,-4.313410231130097117e+01,4.617133110673242058e+00,-5.593722612512049608e+01,4.631023283328969953e+00,-5.028444108854311168e+01,4.773763594306263514e+00,8.000000000000000000e+01,1.600049217914367716e+02,6.718806968107537614e+01,3.153300000000000000e+06,1.059500000000000025e-01,-2.660000000000055707e+02,1.000000000000000000e+00
2.848283996993682989e-03,5.508928036050126167e-03,5.350583255487458834e-01,-1.853477274130871599e+00,2.000000000000000000e+01,7.478685644437757518e-02,-4.551759722791366869e+01,5.601744192426441060e+00,-5.451105410958596309e+01,5.811507355364073923e+00,-4.596951634764020156e+01,5.007577688213381784e+00,8.100000000000000000e+01,1.627288578395132390e+02,6.716011861080789913e+01,3.357700000000000000e+06,2.478799999999999892e-01,-1.096001484999986587e+03,1.000000000000000000e+00
2.979174136588301231e-03,5.999352017465498996e-03,5.190009659408472142e-01,-2.481520759299234324e+00,2.000000000000000000e+01,7.189093606776797429e-02,-4.827584721643514598e+01,5.194149077651187163e+00,-5.138847330517795342e+01,5.774776537836026513e+00,-4.646918102488790225e+01,5.121010262797065948e+00,8.200000000000000000e+01,1.505464653243623729e+02,6.735188120925789690e+01,3.314600000000000000e+06,2.557800000000000074e-01,-1.150029651000006425e+03,1.000000000000000000e+00
2.973308062811194641e-03,4.764277009830729034e-03,5.910996373154051575e-01,2.489259086000801258e+00,2.000000000000000000e+01,7.510999340118496015e-02,-2.902789069056607474e+01,4.654533931542618852e+00,-3.872690794006621218e+01,5.546587653574766463e+00,-5.224751664838964871e+01,5.035919516162134180e+00,8.300000000000000000e+01,1.301149553635295206e+03,5.722891927688480962e+01,3.430500000000000000e+06,1.664899999999999991e-01,-4.973829000000367273e+02,1.000000000000000000e+00
3.161202296825464490e-03,4.792435883429368992e-03,5.521879774688487341e-01,1.218274963415228118e+00,2.000000000000000000e+01,7.554466565418078983e-02,-3.627010459909742934e+01,4.714131698942012783e+00,-4.553077896237881816e+01,5.203534199878616207e+00,-4.944167439318557911e+01,4.823648963248134081e+00,8.400000000000000000e+01,8.179202964792987132e+02,6.017230733538402632e+01,3.330100000000000000e+06,1.748000000000000109e-01,-6.214722599999877275e+02,1.000000000000000000e+00
3.042910838634545721e-03,4.554273702635985160e-03,6.647844171751720044e-01,1.053556795252475586e+00,2.000000000000000000e+01,7.656548960963921457e-02,-2.489568503036834102e+01,5.331100402720806208e+00,-4.947371817839769648e+01,6.578757723104843080e+00,-5.118542033784461154e+01,4.742073605369170330e+00,8.500000000000000000e+01,8.252470115788856901e+02,6.007455730421445850e+01,3.460500000000000000e+06,2.519799999999999818e-01,-9.352259999998432249e+02,1.000000000000000000e+00
3.254909890928928563e-03,4.560308990763797289e-03,5.856984380528768019e-01,1.486200485076920152e+00,2.000000000000000000e+01,7.435747118245980558e-02,-3.827405333486916561e+01,4.521487554030369616e+00,-4.267241638201802800e+01,5.363864338961549905e+00,-5.027072241387286766e+01,4.688059023043433804e+00,8.600000000000000000e+01,8.388349606700320464e+02,6.006404211730543352e+01,3.319000000000000000e+06,3.082400000000000140e-01,-1.543195499999646700e+03,1.000000000000000000e+00
3.388784685692586632e-03,5.368746589333045667e-03,7.137446107322086286e-01,-4.383745550386653811e+00,2.000000000000000000e+01,7.993229588898465021e-02,-5.402347473073988482e+01,5.031783915024643505e+00,-4.386555643321336362e+01,5.008913296699137874e+00,-4.763191689669734075e+01,4.581667865210485857e+00,8.700000000000000000e+01,1.337425089166580960e+02,7.057798171876515880e+01,3.264000000000000000e+06,1.337500000000000078e-01,-3.200412599999796726e+02,1.000000000000000000e+00
3.458415792392296149e-03,5.480882258277060617e-03,5.357396842327918352e-01,8.391792227349266220e-01,2.000000000000000000e+01,7.570556688846316606e-02,-3.448359638009536354e+01,4.635937879260468186e+00,-4.510914629224326688e+01,5.100713304245853230e+00,-6.015996256128192954e+01,4.946096996933592393e+00,8.800000000000000000e+01,6.945044550450357974e+02,6.103431999489893656e+01,3.250100000000000000e+06,1.725500000000000089e-01,-6.782486799998979450e+02,1.000000000000000000e+00
2.852177832103658557e-03,5.144407746023390779e-03,6.225859485276946659e-01,3.092584664430043651e-01,2.000000000000000000e+01,7.449131449192115950e-02,-3.807985424349715942e+01,4.592868619195845881e+00,-4.555069322153341460e+01,4.918345295675717210e+00,-4.948636811371466138e+01,5.356778301505443096e+00,8.900000000000000000e+01,6.881040433775474412e+02,6.121002945700741549e+01,3.325800000000000000e+06,2.081600000000000117e-01,-6.681308760000270013e+02,1.000000000000000000e+00
3.031329093582922803e-03,5.400806108360379013e-03,5.358755377782185025e-01,2.332194324621648107e-01,2.000000000000000000e+01,7.510085890465333092e-02,-3.917094682706233755e+01,5.086597254989476014e+00,-5.008123677653842520e+01,5.579112291566947768e+00,-4.777174889718487805e+01,4.831011136953227592e+00,9.000000000000000000e+01,5.505293180202686472e+02,6.244029419659315749e+01,3.353400000000000000e+06,2.108299999999999896e-01,-8.664332799998506971e+02,1.000000000000000000e+00
2.980268194257033095e-03,5.252874057598580677e-03,5.879128235566586369e-01,-3.154458601115625593e-01,2.000000000000000000e+01,7.493847713410087263e-02,-3.757896516411017274e+01,4.458653245903855478e+00,-4.783766439112856972e+01,5.198081527297399695e+00,-5.233813917390696702e+01,5.027265686794430088e+00,9.100000000000000000e+01,5.485831086928693594e+02,6.254648231739596298e+01,3.275600000000000000e+06,1.924500000000000099e-01,-6.574851270000591512e+02,1.000000000000000000e+00
3.070162430182050983e-03,4.548463273370179777e-03,5.902533391261228779e-01,2.413916328871138217e-01,2.000000000000000000e+01,7.708614126212522122e-02,-3.839113659709647663e+01,4.978796567160432396e+00,-5.011709196818358691e+01,4.924123127416071277e+00,-5.197269003053402514e+01,4.784480255984426833e+00,9.200000000000000000e+01,5.391045251849296847e+02,6.254911796387062850e+01,3.266400000000000000e+06,8.754099999999999382e-02,-1.783611899999964692e+02,1.000000000000000000e+00
3.155009865002784963e-03,5.153311386101562877e-03,5.926339013493870933e-01,-9.681226253884804844e-01,2.000000000000000000e+01,7.535377499019019210e-02,-3.699307138840962494e+01,4.432053503471172107e+00,-4.925286305148303256e+01,4.939778705602183351e+00,-5.481933585724100055e+01,5.440015494605519031e+00,9.300000000000000000e+01,4.477909546680990616e+02,6.341470708023257430e+01,3.253500000000000000e+06,1.691300000000000026e-01,-5.387859099999914179e+02,1.000000000000000000e+00
3.081064999314568707e-03,4.516827177510436206e-03,5.913166750483154210e-01,2.199369866685417507e-01,2.000000000000000000e+01,7.668591425289834895e-02,-3.841787704472979925e+01,4.892877420727380411e+00,-4.973361382839917155e+01,4.771452451429618158e+00,-5.329537837135687539e+01,4.831197773717852861e+00,9.400000000000000000e+01,5.161819841013070800e+02,6.260875261424406801e+01,3.242900000000000000e+06,1.004400000000000015e-01,-2.256319000000031849e+02,1.000000000000000000e+00
3.154858737052102912e-03,4.381662278477086586e-03,6.044681188204175104e-01,-3.505578811684951779e-01,2.000000000000000000e+01,6.504610492564902313e-02,-4.402222680419200884e+01,4.524618613595929872e+00,-4.395928177886895583e+01,5.802811008997822206e+00,-5.558304417594402480e+01,4.959927668624408703e+00,9.500000000000000000e+01,4.487971598765386716e+02,6.314535636855170253e+01,3.294800000000000000e+06,5.510099999999999720e-02,-7.772062999999940303e+01,1.000000000000000000e+00
2.981391553547051848e-03,4.756304522361870166e-03,5.905219596305132379e-01,2.251053815248813095e+00,2.000000000000000000e+01,7.498775309877271644e-02,-2.874603257273881951e+01,4.593494906539141276e+00,-3.893987783535983738e+01,5.568612256515864445e+00,-5.224309898828678911e+01,5.124168045611203759e+00,9.600000000000000000e+01,1.251444514128800847e+03,5.743490475645071314e+01,3.432600000000000000e+06,1.809900000000000120e-01,-5.759311319999576426e+02,1.000000000000000000e+00
3.017963260395566030e-03,4.523357154481628430e-03,5.413111789386375605e-01,2.180419784369913572e+00,2.000000000000000000e+01,7.529236214924954484e-02,-3.777398902545878911e+01,5.528985767241011651e+00,-3.783198664694271685e+01,6.259324757790886373e+00,-4.560038755561292589e+01,4.222238617501384184e+00,9.700000000000000000e+01,9.000864115868369026e+02,5.937603999750423611e+01,3.457200000000000000e+06,2.228499999999999925e-01,-8.312606540001092981e+02,1.000000000000000000e+00
3.237171272867025475e-03,4.876424883440076165e-03,5.554510942414390140e-01,9.165211676110747163e-01,2.000000000000000000e+01,7.518171216784116928e-02,-3.633290142528552735e+01,4.825886893065524319e+00,-4.743887786156331288e+01,5.265897426165067507e+00,-4.942288875964332107e+01,4.712075686039862710e+00,9.800000000000000000e+01,7.393967939091149901e+02,6.087351603528444599e+01,3.322600000000000000e+06,2.128599999999999937e-01,-8.744216000001255225e+02,1.000000000000000000e+00
2.833806567159523251e-03,4.446249008393048617e-03,6.328254633531100737e-01,8.554775164012116129e-01,2.000000000000000000e+01,7.184223127460737102e-02,-3.556085449584234937e+01,5.897799387187670384e+00,-5.201656607809471211e+01,4.689191416388484690e+00,-5.271668626557063675e+01,4.641413841859796996e+00,9.900000000000000000e+01,7.417538217811921868e+02,6.070951572720237976e+01,3.311000000000000000e+06,3.324099999999999833e-01,-1.784222549999478360e+03,1.000000000000000000e+00
2.733459512185490350e-03,4.768062583943429196e-03,5.356907751893229541e-01,8.192575359666400825e-01,2.000000000000000000e+01,7.404106542096777765e-02,-3.823535989693720438e+01,5.252833281106660479e+00,-4.422778584649599765e+01,5.533294584477230771e+00,-5.035136921976211255e+01,4.781889019736951241e+00,1.000000000000000000e+02,7.459312395121353347e+02,6.061972608483967662e+01,3.395000000000000000e+06,3.476899999999999991e-01,-1.875657900000310065e+03,1.000000000000000000e+00
3.052415475579696013e-03,5.205757483274304348e-03,5.567721090724520039e-01,9.045229898652403788e-01,2.000000000000000000e+01,7.001972493680073961e-02,-3.268966404864828235e+01,4.768673868862109089e+00,-4.492784651120015127e+01,5.797084199084347134e+00,-4.902242796773727207e+01,4.549674494406361624e+00,1.010000000000000000e+02,7.144648027451679582e+02,6.095858404857649049e+01,3.369300000000000000e+06,1.540199999999999902e-01,-4.450930000000161044e+02,1.000000000000000000e+00
3.173133840265783025e-03,4.493103315475099196e-03,5.989132557756723374e-01,1.142970802561989352e+00,2.000000000000000000e+01,7.594909296938097409e-02,-3.840965288109588016e+01,4.499660167139467148e+00,-4.478986334776148226e+01,4.871157440416507889e+00,-5.259227846369356030e+01,4.927828468766145775e+00,1.020000000000000000e+02,7.275519364950438330e+02,6.089920702607134473e+01,3.261500000000000000e+06,1.277099999999999902e-01,-3.364543700000023136e+02,1.000000000000000000e+00
3.177763094723149145e-03,4.682281581913231086e-03,6.028731352429994583e-01,1.365966454651753814e+00,2.000000000000000000e+01,7.463058278832612746e-02,-3.091112993110979801e+01,4.658405709725198740e+00,-4.343664000242189616e+01,5.636431640697815659e+00,-5.482020862284463192e+01,4.750217661258050228e+00,1.030000000000000000e+02,9.226836621559606328e+02,5.925254940967456463e+01,3.357300000000000000e+06,2.367499999999999882e-01,-9.354678299999757201e+02,1.000000000000000000e+00
2.797490119333348457e-03,4.470893216180811189e-03,5.979432631776334661e-01,9.030868614993192711e-01,2.000000000000000000e+01,7.722757271888604225e-02,-3.390872580118360702e+01,5.476031008108249942e+00,-5.215920574739217841e+01,5.084201249339857398e+00,-5.569813669931831868e+01,4.246723011717932650e+00,1.040000000000000000e+02,6.172085787028372579e+02,6.195456514643279888e+01,3.271600000000000000e+06,7.982300000000000506e-02,-1.344419860000014353e+02,1.000000000000000000e+00
3.057612113990766829e-03,4.734946788771548370e-03,5.956917650847798340e-01,4.754800325697124963e-01,2.000000000000000000e+01,7.640806481177890574e-02,-4.075279869464126392e+01,4.885419976495498418e+00,-4.550413613897089249e+01,5.382034529320523397e+00,-5.060742113258950781e+01,4.821214914472922608e+00,1.050000000000000000e+02,6.188447537440836186e+02,6.183315364788411017e+01,3.326600000000000000e+06,1.065699999999999981e-01,-2.446319999999875279e+02,1.000000000000000000e+00
3.023957245259857856e-03,4.706598617796641307e-03,5.739734970747114584e-01,1.064116429422535814e+00,2.000000000000000000e+01,7.489246188726172981e-02,-3.822572776711053422e+01,4.654464633086402792e+00,-4.908738894969209809e+01,5.427735891379112942e+00,-4.926966123390458563e+01,4.717421533023430591e+00,1.060000000000000000e+02,6.219137456364572927e+02,6.177667601439173239e+01,3.297300000000000000e+06,2.174599999999999866e-01,-8.365392000000315420e+02,1.000000000000000000e+00
3.057055033510275646e-03,4.415821474525972665e-03,6.111758451280504545e-01,6.812948576505828413e-03,2.000000000000000000e+01,7.374802257346804724e-02,-2.778208536416313734e+01,5.099346878742696099e+00,-4.740280417109966749e+01,6.213337341685466697e+00,-6.712072141883378151e+01,5.143449316134135252e+00,1.070000000000000000e+02,6.307294044665613910e+02,6.177380279014023046e+01,3.346600000000000000e+06,3.929699999999999860e-01,-2.142651300000876290e+03,1.000000000000000000e+00
2.935714801379503414e-03,4.841141775743234600e-03,5.697553653297368070e-01,2.232059226148543463e+00,2.000000000000000000e+01,7.481952349289650028e-02,-3.427062373145287211e+01,4.712688733851885914e+00,-4.430508746386544061e+01,5.459698073077487557e+00,-4.918362679273844407e+01,4.626518722547954710e+00,1.080000000000000000e+02,9.782040378349378216e+02,5.908601669746801122e+01,3.356300000000000000e+06,2.059400000000000119e-01,-7.543588360000607054e+02,1.000000000000000000e+00
3.070175755124564081e-03,4.506256741682811671e-03,6.070037597913997551e-01,1.720530082963326102e+00,2.000000000000000000e+01,7.598565388748429461e-02,-3.285957878605677251e+01,4.957469904338008604e+00,-4.392298909142539287e+01,5.696827123562524520e+00,-4.955427551214310000e+01,4.861413451946507536e+00,1.090000000000000000e+02,1.020682631902509570e+03,5.864348927867747108e+01,3.426200000000000000e+06,1.195399999999999935e-01,-2.852960399999961396e+02,1.000000000000000000e+00
3.144743064722985842e-03,4.583411750904013357e-03,5.592203078089285073e-01,2.131860247743134096e+00,2.000000000000000000e+01,7.572340604625266147e-02,-3.612935825024203496e+01,4.608934995669959456e+00,-4.290623761711511008e+01,5.618884140168892927e+00,-4.514858396336003210e+01,5.073865970444618512e+00,1.100000000000000000e+02,1.046544743644684331e+03,5.857663034240659528e+01,3.425300000000000000e+06,1.548599999999999977e-01,-4.866208600000067008e+02,1.000000000000000000e+00
2.944084178443160012e-03,4.669420084819067215e-03,6.033319851157911140e-01,2.769392089026156079e+00,2.000000000000000000e+01,6.743443326633685730e-02,-3.083172101482183436e+01,4.713557187756818756e+00,-3.417962895722830297e+01,5.763210421064576927e+00,-5.133210600854208394e+01,5.454373868444148066e+00,1.110000000000000000e+02,2.055028638292494179e+03,5.647421074409232489e+01,3.523300000000000000e+06,9.987200000000000244e-02,-1.887097590000032881e+02,1.000000000000000000e+00
3.142352316914457516e-03,4.457903508323716492e-03,6.844136232906388173e-01,-5.740213718268120102e-01,2.000000000000000000e+01,7.413405749765616948e-02,-4.366818069884720899e+01,4.676511231363898347e+00,-4.727688674087971776e+01,4.850345688470426353e+00,-5.622835685056888622e+01,4.805926710092879972e+00,1.120000000000000000e+02,3.282680161804731824e+02,6.468094295705353147e+01,3.190400000000000000e+06,2.672300000000000231e-01,-9.741984600001414947e+02,1.000000000000000000e+00
3.368201834165579847e-03,5.078637198428095564e-03,5.287533459917718170e-01,1.466329296634890089e-01,2.000000000000000000e+01,7.652414402476685751e-02,-4.103100238362581820e+01,4.306139317019741952e+00,-4.605974051178634454e+01,4.915460745617100002e+00,-5.171242084804866579e+01,5.154408567298569110e+00,1.130000000000000000e+02,5.882578585129170960e+02,6.229450816907434074e+01,3.248300000000000000e+06,1.310300000000000076e-01,-4.155112699999733650e+02,1.000000000000000000e+00
3.060702699796598054e-03,5.007681893754022985e-03,5.310360800689633010e-01,-2.080892368893643152e+00,2.000000000000000000e+01,7.654314545871540587e-02,-4.565426040359983517e+01,5.203118394993999196e+00,-5.265165827921548214e+01,5.578181526558942949e+00,-5.114853250105309712e+01,4.163236336503461921e+00,1.140000000000000000e+02,1.444437236779081104e+02,6.849678902282082049e+01,3.225900000000000000e+06,1.261899999999999966e-01,-3.679201800000194567e+02,1.000000000000000000e+00
2.866283366972055893e-03,5.143948232593018380e-03,5.526654289335607428e-01,-4.205860166934964006e+00,2.000000000000000000e+01,7.653157165032223319e-02,-3.822593143177863340e+01,5.255223432641848547e+00,-5.622565454002935326e+01,5.574799340030027750e+00,-5.226942335793648908e+01,4.194588967326211559e+00,1.150000000000000000e+02,1.405029479360871960e+02,6.881364934129499034e+01,3.242000000000000000e+06,1.130899999999999961e-01,-2.865034669999966468e+02,1.000000000000000000e+00
2.875389741939676259e-03,5.152976679782339010e-03,5.560704588223581712e-01,-4.022936098612703404e+00,2.000000000000000000e+01,7.658978352902991171e-02,-3.916419228505973393e+01,5.044346314572608847e+00,-5.575592775036717796e+01,5.340711029660997866e+00,-5.281335174215672623e+01,4.199742452453756769e+00,1.160000000000000000e+02,1.418980297360534450e+02,6.861992677359444315e+01,3.202500000000000000e+06,1.092299999999999938e-01,-2.715907220000133862e+02,1.000000000000000000e+00
3.079775829889940496e-03,4.776605083784699404e-03,6.327842515080245311e-01,-7.306894876151652785e-01,2.000000000000000000e+01,7.491048556853474594e-02,-4.431153595012267488e+01,4.181502694273054210e+00,-5.135865204096379699e+01,4.861060335331703897e+00,-4.720207192240461325e+01,5.183798784216144817e+00,1.170000000000000000e+02,3.592021395127987375e+02,6.447653032804352335e+01,3.214100000000000000e+06,1.905699999999999894e-01,-5.875804100000584640e+02,1.000000000000000000e+00
2.568271944141445155e-03,5.167155381312194158e-03,6.819145873977476846e-01,9.430627207142677770e-02,2.000000000000000000e+01,6.870791898965443456e-02,-4.163476752203474973e+01,5.279908831467738040e+00,-5.345480948507697150e+01,4.493832317222596018e+00,-4.171514334699859461e+01,5.125775481141539913e+00,1.180000000000000000e+02,3.485696713591478328e+02,6.455460487899566147e+01,3.287600000000000000e+06,3.072199999999999931e-01,-1.321014893000309939e+03,1.000000000000000000e+00
3.221862740330416579e-03,4.593673578991815803e-03,5.756259250374294867e-01,2.201938941939143746e+00,2.000000000000000000e+01,7.386863077413055589e-02,-3.365307895609272748e+01,4.718636496490161925e+00,-4.221937398179959189e+01,5.420234213066601470e+00,-4.725937538968097584e+01,4.815007442182587027e+00,1.190000000000000000e+02,1.124438032300463419e+03,5.831042919449366480e+01,3.400100000000000000e+06,3.927800000000000180e-01,-2.278598400000248148e+03,1.000000000000000000e+00
3.441954992715759963e-03,4.297680525684511449e-03,5.185620575440780256e-01,1.730649354867082712e+00,2.000000000000000000e+01,7.575066384848540280e-02,-3.256470033831909205e+01,4.887968533880631128e+00,-4.353759173176937480e+01,5.377527171005581863e+00,-4.403383178188051517e+01,5.114681041266979200e+00,1.200000000000000000e+02,1.084851954543626789e+03,5.848916169783151275e+01,3.456800000000000000e+06,2.184200000000000030e-01,-1.003428579999856311e+03,1.000000000000000000e+00
2.944812987830533295e-03,4.917728513785487796e-03,5.697555704813273003e-01,2.181399572504652440e+00,2.000000000000000000e+01,7.484806900784117534e-02,-3.272443048248813113e+01,4.814225567205019374e+00,-4.381413393248305965e+01,5.670552625493770371e+00,-4.842149696523663494e+01,4.647648402999559281e+00,1.210000000000000000e+02,1.062449472025574551e+03,5.852201270204420069e+01,3.402600000000000000e+06,2.012899999999999967e-01,-7.241779590000488724e+02,1.000000000000000000e+00
3.009299039723572090e-03,5.326994558748387662e-03,5.544156959876174184e-01,2.631037881658606192e+00,2.000000000000000000e+01,6.551567912954602002e-02,-2.252950428935846361e+01,5.636852881563514828e+00,-3.302888518210528446e+01,5.322273075008274290e+00,-5.969522424651032111e+01,5.254240598331122669e+00,1.220000000000000000e+02,2.519059379726066254e+03,5.638753017711267290e+01,3.532700000000000000e+06,6.096399999999999736e-02,-1.076218999999991439e+02,1.000000000000000000e+00
3.078663837181841792e-03,4.605072580246559986e-03,5.953410325911088208e-01,2.903441049185085721e+00,2.000000000000000000e+01,7.714692802179481945e-02,-2.789164843742410937e+01,4.832512491278820654e+00,-3.500599864373526771e+01,5.398192399591398072e+00,-5.179511323387168886e+01,5.192511322388069672e+00,1.230000000000000000e+02,1.635263038773923427e+03,5.658824470277495067e+01,3.479600000000000000e+06,8.211699999999999555e-02,-1.500450599999998360e+02,1.000000000000000000e+00
2.975758821315519290e-03,5.198870996118095528e-03,5.649337585243645599e-01,-2.883563045991751395e+00,2.000000000000000000e+01,7.637762882580892421e-02,-3.688186377592549547e+01,4.490873304272118283e+00,-5.685845274519425629e+01,4.851602974341084007e+00,-5.525254703885566698e+01,4.633131160148511896e+00,1.240000000000000000e+02,1.764287463015151332e+02,6.711327395549002972e+01,3.137700000000000000e+06,1.147999999999999993e-01,-2.959136000000019067e+02,1.000000000000000000e+00
3.204131370421489308e-03,4.691980889731943612e-03,6.303735778471054596e-01,-4.917615980942810494e-01,2.000000000000000000e+01,7.868428280414223319e-02,-4.434873642415065120e+01,4.508031645573716162e+00,-5.099040256493353951e+01,5.155705957625876579e+00,-5.443760350912842227e+01,4.572920933830584289e+00,1.250000000000000000e+02,2.458170508250455271e+02,6.622207958224333879e+01,3.168900000000000000e+06,5.818500000000000061e-02,-7.881839999999986901e+01,1.000000000000000000e+00
3.044251636968027357e-03,5.242145109975030089e-03,5.558933923967419588e-01,-2.459787813931193057e+00,2.000000000000000000e+01,7.708422833720963985e-02,-4.045210817883884857e+01,4.726782346338318064e+00,-5.209963010983165077e+01,5.619096867066797785e+00,-5.110816417591174599e+01,4.831430344339283423e+00,1.260000000000000000e+02,2.477789833626911218e+02,6.609426654883917251e+01,3.276300000000000000e+06,9.485200000000000575e-02,-2.201899000000072419e+02,1.000000000000000000e+00
2.988119651842357019e-03,4.856497793105127997e-03,5.733669482476193568e-01,-2.458394487349322866e+00,2.000000000000000000e+01,7.535543673119657337e-02,-3.888256907021944642e+01,5.124414056593396438e+00,-5.471950272755814382e+01,5.402991840690773095e+00,-5.200244254388265119e+01,4.562155714301566078e+00,1.270000000000000000e+02,2.344205347335452245e+02,6.634669129527300413e+01,3.256600000000000000e+06,1.868299999999999961e-01,-6.414239999999849715e+02,1.000000000000000000e+00
2.925291401151144423e-03,4.585199252945107440e-03,6.163864003842424166e-01,-2.975885606509315329e-01,2.000000000000000000e+01,7.449211214497369893e-02,-3.906215936126186250e+01,4.265664797700107869e+00,-4.817156969229145602e+01,5.309521275078768809e+00,-5.864204606494162419e+01,4.473545285666976845e+00,1.280000000000000000e+02,3.939156930992422758e+02,6.405490660658234958e+01,3.170800000000000000e+06,2.414900000000000102e-01,-8.978774999998772728e+02,1.000000000000000000e+00
2.779055534256096287e-03,5.019823436488752774e-03,6.466783910131528312e-01,-2.179252393561717849e+00,2.000000000000000000e+01,7.357832949000843448e-02,-4.525322799663372564e+01,4.867010352222295388e+00,-5.173388151068399310e+01,4.977283220067960201e+00,-5.473168835594289305e+01,4.548971723189421112e+00,1.290000000000000000e+02,1.560815411061138889e+02,6.750827754202245501e+01,3.167200000000000000e+06,3.468800000000000217e-01,-1.547712164000053690e+03,1.000000000000000000e+00
3.131324713092953176e-03,5.186279445168431868e-03,6.282709497171206081e-01,-3.248823180507703245e+00,2.000000000000000000e+01,7.598841404316233894e-02,-4.200623843182248152e+01,4.360122159656258489e+00,-5.334024790200584221e+01,4.923370732716978004e+00,-5.334477324370892859e+01,4.482816426466338378e+00,1.300000000000000000e+02,1.556829889355582850e+02,6.767545085158245399e+01,3.134300000000000000e+06,1.179299999999999932e-01,-2.820077399999933050e+02,1.000000000000000000e+00
2.937648818255642232e-03,4.997359545435102295e-03,6.590217171107127792e-01,-1.513075660446807857e+00,2.000000000000000000e+01,7.361558295424816545e-02,-3.777725494916226978e+01,4.837910664807333561e+00,-5.490435484571391100e+01,4.918374397194590131e+00,-4.990277001341586072e+01,5.462848375614751006e+00,1.310000000000000000e+02,3.738837293362990977e+02,6.430111785436238847e+01,3.285300000000000000e+06,3.449200000000000044e-01,-1.537939832000319484e+03,1.000000000000000000e+00
2.970433988431639243e-03,4.977045065346533126e-03,6.299078413760204054e-01,-4.387452714085249283e-01,2.000000000000000000e+01,7.570942263189751886e-02,-4.064172999678137899e+01,3.900163948344982145e+00,-4.878489219053645343e+01,4.331626374188834561e+00,-5.692778798321765521e+01,5.074229135707061467e+00,1.320000000000000000e+02,3.688018605655489068e+02,6.435815904837419055e+01,3.103000000000000000e+06,1.217599999999999932e-01,-2.833379999999785923e+02,1.000000000000000000e+00
2.914725221678674504e-03,5.280932195179278456e-03,5.776255501841903728e-01,-2.433470435498217732e+00,2.000000000000000000e+01,7.559567172175032934e-02,-4.536124945811380371e+01,5.281855928434113778e+00,-5.255064103276188803e+01,5.105370342515099580e+00,-5.105888809460258670e+01,4.314100378169964500e+00,1.330000000000000000e+02,1.491756245659963724e+02,6.808669026526030166e+01,3.212800000000000000e+06,1.484600000000000086e-01,-4.236481199999806790e+02,1.000000000000000000e+00
3.142009475684116090e-03,5.515286334852172352e-03,5.464277223878329925e-01,-7.613663625402558033e-01,2.000000000000000000e+01,7.462805480378442713e-02,-3.836192751077336283e+01,4.727505116996490564e+00,-4.877124018119913273e+01,5.072459766229291844e+00,-5.739200454535644980e+01,4.908455512066996818e+00,1.340000000000000000e+02,4.106387333019375774e+02,6.358828285574962536e+01,3.229800000000000000e+06,2.777800000000000269e-01,-1.381388700000225526e+03,1.000000000000000000e+00
3.023569988387591646e-03,4.562989871949753654e-03,5.279963719067599648e-01,-1.344378464456934541e+00,2.000000000000000000e+01,7.186942657378450616e-02,-4.672807466110445773e+01,6.316685155712429278e+00,-6.951800853082971798e+01,5.368029749624495750e+00,-4.760561966107323428e+01,4.183141137060409243e+00,1.350000000000000000e+02,1.385334589203608573e+02,6.944168039754499944e+01,3.287800000000000000e+06,1.648600000000000065e-01,-5.355879999999799566e+02,1.000000000000000000e+00
2.656613442811019132e-03,5.534537511893426048e-03,4.950886767929074672e-01,-5.181683233917344644e+00,2.000000000000000000e+01,7.635487200145435471e-02,-4.120482997521646951e+01,4.901615201491266838e+00,-5.356022505257610078e+01,5.368048355309503528e+00,-5.069390932642824055e+01,4.460635565675946879e+00,1.360000000000000000e+02,1.383052029920256132e+02,6.986784539898660285e+01,3.229900000000000000e+06,1.373399999999999899e-01,-4.213132189999581669e+02,1.000000000000000000e+00
3.128711487486399503e-03,4.458780476086035907e-03,5.966692914690395755e-01,1.160014210832742254e+00,2.000000000000000000e+01,7.644324114451958585e-02,-3.834697947781891259e+01,4.502580233708350477e+00,-4.467047329091342789e+01,4.774079852694873338e+00,-5.303956200924010034e+01,4.956729378424251209e+00,1.370000000000000000e+02,7.361357601163208528e+02,6.092597353920334058e+01,3.253600000000000000e+06,1.076899999999999941e-01,-2.524060000000085608e+02,1.000000000000000000e+00
2.901093083755180296e-03,4.803147669227078934e-03,5.482179994583522564e-01,2.165671895237117617e-01,2.000000000000000000e+01,7.560667082389047056e-02,-3.853843300186498766e+01,4.922360317156435627e+00,-5.159940824259373215e+01,5.547069691100521283e+00,-4.696237834097814812e+01,4.779893018730104082e+00,1.380000000000000000e+02,5.238403881600495424e+02,6.277976797453446522e+01,3.329300000000000000e+06,1.628499999999999948e-01,-5.263381000000323411e+02,1.000000000000000000e+00
3.017458415154519909e-03,5.027128194356796781e-03,5.923893949850791429e-01,-5.074695307693503077e-01,2.000000000000000000e+01,7.588368455059428530e-02,-3.884384624980340561e+01,4.857056193528425325e+00,-4.748703866159135600e+01,5.305964841981171354e+00,-5.157670178905020464e+01,5.022343537641633660e+00,1.390000000000000000e+02,5.335163548881663473e+02,6.269145856803505978e+01,3.322000000000000000e+06,1.276599999999999957e-01,-3.288639000000051169e+02,1.000000000000000000e+00
3.182308834673531258e-03,5.058217771319955224e-03,5.680954401045331670e-01,1.470660926563835513e+00,2.000000000000000000e+01,7.529976860787615522e-02,-3.626485805718424160e+01,4.740195702095558516e+00,-4.520760905060961932e+01,5.437954237677013580e+00,-4.911640645326855292e+01,4.654070938764551357e+00,1.400000000000000000e+02,8.675269694550108852e+02,6.000887731586875873e+01,3.343200000000000000e+06,1.772199999999999886e-01,-6.179638199999332073e+02,1.000000000000000000e+00
3.140846088757733891e-03,4.633298071544188212e-03,5.614034285367012211e-01,2.730381717705512301e+00,2.000000000000000000e+01,7.366854100383177228e-02,-2.813208431934852172e+01,5.054238610589059988e+00,-3.699962067943804556e+01,5.368708901327485350e+00,-4.638329579610878284e+01,4.985441342977844137e+00,1.410000000000000000e+02,1.530063466241537071e+03,5.676821889299730373e+01,3.510500000000000000e+06,4.312300000000000022e-01,-2.440975800000071104e+03,1.000000000000000000e+00
3.162699657691934486e-03,4.959911640074547191e-03,6.451632579195463180e-01,2.094389351429545854e-01,2.000000000000000000e+01,7.562551376380166612e-02,-4.093842213284797538e+01,4.149220965261749328e+00,-4.486325281673446597e+01,4.989125568678977274e+00,-5.833553455282932987e+01,4.948688216265308526e+00,1.420000000000000000e+02,4.722985371248051933e+02,6.301046627094333274e+01,3.181500000000000000e+06,1.248100000000000043e-01,-2.989994799999843167e+02,1.000000000000000000e+00
3.135151439005732458e-03,4.591789671826281005e-03,6.093851561271719230e-01,-1.898759993114779721e-01,2.000000000000000000e+01,7.576967881347770883e-02,-3.733623961906975808e+01,4.769824469626074759e+00,-4.971613561829357764e+01,5.751155012444854719e+00,-5.425010251357868896e+01,4.816980002392151405e+00,1.430000000000000000e+02,4.725891553407903984e+02,6.294135777944152466e+01,3.303200000000000000e+06,1.364299999999999957e-01,-3.609430000000146492e+02,1.000000000000000000e+00
2.921126750257207073e-03,4.644977732145928739e-03,6.210870197606483956e-01,4.039222914939291087e-01,2.000000000000000000e+01,7.447950730790497964e-02,-3.908748715470123614e+01,4.731645678740473926e+00,-5.295380968619831918e+01,5.008944160541683566e+00,-4.872148516556646314e+01,4.919731822513387698e+00,1.440000000000000000e+02,4.681961649076751542e+02,6.306100234547315608e+01,3.257600000000000000e+06,2.281100000000000072e-01,-8.134039179998700320e+02,1.000000000000000000e+00
3.106244189650100504e-03,4.885321988488792316e-03,6.362996599094066230e-01,-1.173097274954799651e+00,2.000000000000000000e+01,7.561694799228819985e-02,-4.740912661817843343e+01,4.379123929327787934e+00,-4.927505023513590743e+01,5.166752508447646441e+00,-5.107406907495366966e+01,4.288468605526448485e+00,1.450000000000000000e+02,2.156503129383615658e+02,6.682509019501951286e+01,3.155200000000000000e+06,1.317000000000000115e-01,-3.287077499999864472e+02,1.000000000000000000e+00
2.846185742971860892e-03,4.847457584239727238e-03,4.857077676177166126e-01,-4.040431021545521362e-01,2.000000000000000000e+01,7.729421828427143759e-02,-4.205861630820587749e+01,5.517610589207804672e+00,-5.595208435861499652e+01,5.711217188792741872e+00,-4.924584653961634473e+01,4.618193125095604756e+00,1.460000000000000000e+02,2.175991985559802231e+02,6.671726432761502679e+01,3.303400000000000000e+06,1.025800000000000045e-01,-2.816601229999981229e+02,1.000000000000000000e+00
3.099954276693625728e-03,4.581762653987258953e-03,5.961777957425951069e-01,2.872225957920255368e+00,2.000000000000000000e+01,7.827868028997897465e-02,-2.799006346631782804e+01,4.860001131223318893e+00,-3.500427741175460028e+01,5.369312511654370290e+00,-5.173864315513840495e+01,5.203291703250377154e+00,1.470000000000000000e+02,1.693740397381116054e+03,5.659289889910799332e+01,3.481800000000000000e+06,6.222400000000000153e-02,-9.310033000000123593e+01,1.000000000000000000e+00
3.076478341737832155e-03,4.378149789853463467e-03,5.784149405127290144e-01,2.141522637367768489e+00,2.000000000000000000e+01,7.457457128539428381e-02,-2.738643319138802923e+01,4.626838297684033208e+00,-4.114375659467179958e+01,5.499745380952433038e+00,-4.944693047537386832e+01,4.970676934872701125e+00,1.480000000000000000e+02,1.190446273277968203e+03,5.778094312902449303e+01,3.430700000000000000e+06,2.676499999999999990e-01,-1.161152249999953938e+03,1.000000000000000000e+00
3.212066335292769644e-03,4.634017588014236952e-03,5.669153188156913492e-01,5.559015785486226546e-01,2.000000000000000000e+01,7.702219772521776142e-02,-3.714187693679112101e+01,4.392403225080440343e+00,-4.518853914978379294e+01,4.605360878061858898e+00,-5.604546661268281582e+01,5.122841854600840961e+00,1.490000000000000000e+02,6.669867466916924741e+02,6.157685582372790378e+01,3.219800000000000000e+06,9.669999999999999429e-02,-2.290227299999936292e+02,1.000000000000000000e+00
3.170595836833901230e-03,4.736266446324954686e-03,5.837840317193617734e-01,5.203561176254061227e-01,2.000000000000000000e+01,7.730269513741350185e-02,-3.733564569994283033e+01,4.390034252295125228e+00,-4.595889152081364415e+01,4.707958303633184016e+00,-5.611680322718873981e+01,5.103600815224785592e+00,1.500000000000000000e+02,6.476052061208692976e+02,6.174559752002303270e+01,3.220300000000000000e+06,8.341700000000000503e-02,-1.690142999999950462e+02,1.000000000000000000e+00
3.034973190831036574e-03,4.748885041036073409e-03,5.838294162749882998e-01,4.816043789065981851e-01,2.000000000000000000e+01,7.731324526859505164e-02,-4.046153845129347815e+01,4.798674883325290352e+00,-4.543814383185523553e+01,5.490763795418840409e+00,-5.079398952436167747e+01,4.781996652660973623e+00,1.510000000000000000e+02,6.474186100618168211e+02,6.177122574217585083e+01,3.326300000000000000e+06,8.179000000000000159e-02,-1.569146699999989210e+02,1.000000000000000000e+00
3.100519245016785004e-03,5.275572874444845600e-03,5.536846692559271865e-01,-1.660151413167162415e+00,2.000000000000000000e+01,7.721341980574727981e-02,-4.016057759519859616e+01,4.719754512450877293e+00,-5.156063207979592278e+01,5.812240892591507446e+00,-5.113546320254088329e+01,4.807599288917350222e+00,1.520000000000000000e+02,3.131291270424838444e+02,6.520955517067322660e+01,3.294700000000000000e+06,9.081500000000000683e-02,-2.087040300000035131e+02,1.000000000000000000e+00
2.766403278644808360e-03,4.663223327449053310e-03,5.803770223837537712e-01,-3.816203593491064527e+00,2.000000000000000000e+01,7.514071826836227208e-02,-4.168001536554803010e+01,5.900985859410102563e+00,-5.841130998808453967e+01,5.849356635203800003e+00,-4.299350122271910379e+01,4.267729529157042734e+00,1.530000000000000000e+02,1.418484407481710434e+02,6.939340230855327718e+01,3.334900000000000000e+06,1.988900000000000112e-01,-6.691875999999922442e+02,1.000000000000000000e+00
2.978599694863074375e-03,5.207806738171286837e-03,5.246410225855683285e-01,-2.969588338862247046e+00,2.000000000000000000e+01,7.646335718620939081e-02,-3.698829800007240465e+01,4.563524531582363153e+00,-5.725765046734403541e+01,4.900069331026033481e+00,-5.483402926298663260e+01,4.634482162053529031e+00,1.540000000000000000e+02,1.736037806001188528e+02,6.718141850039665997e+01,3.147100000000000000e+06,1.292600000000000138e-01,-3.808154999999794086e+02,1.000000000000000000e+00
3.003782645157058832e-03,4.819655372825012996e-03,5.608639367702561440e-01,-2.657053313348457735e+00,2.000000000000000000e+01,7.682999057878667215e-02,-4.218184692917149903e+01,4.622881215064884586e+00,-5.626176869898330324e+01,4.696353646966937134e+00,-5.024865913700465114e+01,4.696737375198580366e+00,1.550000000000000000e+02,1.662405061792455001e+02,6.720355359205240120e+01,3.155800000000000000e+06,1.043599999999999944e-01,-2.551312399999985701e+02,1.000000000000000000e+00
3.437935625289041067e-03,4.984411044671498495e-03,5.016124955193347335e-01,2.028128407158224622e+00,2.000000000000000000e+01,7.123310760343407044e-02,-3.008810926189907775e+01,4.117178115580162334e+00,-4.473073077349310012e+01,5.669252578839410361e+00,-4.799703677308203709e+01,4.573959890541651419e+00,1.560000000000000000e+02,1.105709888194606492e+03,5.850511868304190699e+01,3.349500000000000000e+06,1.847199999999999953e-01,-6.956702200000430594e+02,1.000000000000000000e+00
3.190109577801692776e-03,4.661467193819488104e-03,5.587134465468637234e-01,1.532937321758588212e+00,2.000000000000000000e+01,7.457560112464065027e-02,-3.275426234410106474e+01,4.555191491639448031e+00,-4.288812794535110129e+01,5.262344448599854729e+00,-5.197671160935196610e+01,4.743063977476005277e+00,1.570000000000000000e+02,9.639709614833666365e+02,5.921906506682481819e+01,3.331900000000000000e+06,2.904700000000000060e-01,-1.449490559999798734e+03,1.000000000000000000e+00
3.105277491000531503e-03,4.832904946303541449e-03,6.302857987383017058e-01,1.267287699795024425e+00,2.000000000000000000e+01,7.522982736322184061e-02,-3.589315940967203744e+01,4.507867580025910925e+00,-3.835577107319218015e+01,5.412950006763711741e+00,-5.521100365830599799e+01,5.104796544593035890e+00,1.580000000000000000e+02,9.518319170273038026e+02,5.924283934872288881e+01,3.356000000000000000e+06,1.494000000000000050e-01,-4.009590000000118835e+02,1.000000000000000000e+00
3.074403552958980546e-03,4.786453493226978766e-03,5.766003268797006420e-01,1.772621566749938093e+00,2.000000000000000000e+01,7.508969807782711614e-02,-3.345833147041811628e+01,4.489659341763013067e+00,-4.328133707320397150e+01,5.380268450349099396e+00,-5.096657284418650136e+01,4.703806579119534703e+00,1.590000000000000000e+02,9.777210704185708892e+02,5.916550529013147752e+01,3.333700000000000000e+06,1.893100000000000060e-01,-6.609315000000852933e+02,1.000000000000000000e+00
3.107224081767668601e-03,4.962194465169961211e-03,6.236852098731249239e-01,1.549604738112394520e+00,2.000000000000000000e+01,7.504773304736016282e-02,-3.753470394407769817e+01,4.616420236937663013e+00,-4.103402904976531573e+01,5.078241026320718277e+00,-4.828072646688318059e+01,5.428386061197726598e+00,1.600000000000000000e+02,9.897436548901677043e+02,5.902880989489958097e+01,3.389800000000000000e+06,1.616900000000000004e-01,-4.570544099999802938e+02,1.000000000000000000e+00
2.839337996160300887e-03,5.137127418048536773e-03,5.994964667137900882e-01,-1.207257969620438853e+00,2.000000000000000000e+01,7.508245577287583905e-02,-3.824244415059612834e+01,4.507195417708836693e+00,-5.140538466188385769e+01,4.732236864228003270e+00,-5.184871644389306766e+01,5.050489882680674114e+00,1.610000000000000000e+02,3.936871097632625265e+02,6.416951082138798768e+01,3.220600000000000000e+06,1.717500000000000138e-01,-5.062865499999636540e+02,1.000000000000000000e+00
3.038176184278387759e-03,4.685727328769589452e-03,6.440687326194138862e-01,7.917684434854299624e-03,2.000000000000000000e+01,7.766165669852145848e-02,-4.031656381017428004e+01,4.615613753943455855e+00,-5.001689485178864203e+01,5.233862343379579229e+00,-5.527925302656048245e+01,4.490368637198461244e+00,1.620000000000000000e+02,3.930330979632950630e+02,6.422154998261953551e+01,3.203300000000000000e+06,6.989700000000000080e-02,-1.006623799999994873e+02,1.000000000000000000e+00
2.866831530190166316e-03,5.317414170800172091e-03,5.978995818752774749e-01,-4.610149880797339783e+00,2.000000000000000000e+01,7.468185539398633499e-02,-4.228608979175398019e+01,5.255824221224708381e+00,-5.227092103388690703e+01,5.225823099079200063e+00,-5.076383302520433460e+01,4.492916351928083252e+00,1.630000000000000000e+02,1.441460405238848352e+02,6.903604346596738139e+01,3.256200000000000000e+06,2.296600000000000030e-01,-8.353511469999212977e+02,1.000000000000000000e+00
3.089789915538388061e-03,4.677047645989296058e-03,5.620498170273293681e-01,9.495054512611251774e-01,2.000000000000000000e+01,7.581375684467553389e-02,-3.549276477678373709e+01,4.771138020335456531e+00,-4.709063071093167707e+01,5.098080214309835156e+00,-4.885169230591220924e+01,4.880481563785771471e+00,1.640000000000000000e+02,8.042317536063884518e+02,6.048109637739911193e+01,3.328900000000000000e+06,1.481800000000000062e-01,-4.486679999999834649e+02,1.000000000000000000e+00
3.270307429836080432e-03,5.187442101063390737e-03,5.373423915963797537e-01,-2.577014865470826921e-01,2.000000000000000000e+01,7.496138302321395108e-02,-3.768626562179134254e+01,4.720399175884994136e+00,-4.723725951196040285e+01,5.338168445421819008e+00,-5.420315397903722499e+01,4.769181282499202368e+00,1.650000000000000000e+02,5.614149451850303194e+02,6.252752939555366396e+01,3.281600000000000000e+06,2.643099999999999894e-01,-1.306801000000155454e+03,1.000000000000000000e+00
3.068561146404508340e-03,4.268236082211111955e-03,5.044947549637283091e-01,2.404840975432412709e+00,2.000000000000000000e+01,6.398213330886269590e-02,-3.814284315123895652e+01,4.489366750749987034e+00,-4.046790609246605186e+01,5.228785056974554202e+00,-4.697858937947830071e+01,6.046951248918105648e+00,1.660000000000000000e+02,8.575828892825588810e+02,6.016756160815790366e+01,3.370000000000000000e+06,4.316500000000000198e-02,-5.651339099999958648e+01,1.000000000000000000e+00
2.995537583406389544e-03,4.598498656440618351e-03,7.169862325761661159e-01,-1.359472893979551955e+00,2.000000000000000000e+01,8.156775442012585697e-02,-4.633437914115338430e+01,4.745415987368244437e+00,-5.477970738984661381e+01,5.292644685837679219e+00,-6.120265327861025639e+01,4.302653851557843190e+00,1.670000000000000000e+02,1.409527445352119344e+02,6.945846950097781303e+01,3.099000000000000000e+06,9.756700000000000095e-02,-1.736204000000033147e+02,1.000000000000000000e+00
3.255044305890174641e-03,4.568202779498362932e-03,6.706918144959566064e-01,-5.447231309476057159e-01,2.000000000000000000e+01,7.491239841396910015e-02,-4.318701712071541721e+01,4.521188115576228128e+00,-4.746836268644697299e+01,5.603446649674562963e+00,-5.088817636364292696e+01,4.864960110067296561e+00,1.680000000000000000e+02,4.130655265489463659e+02,6.374114828263193289e+01,3.283700000000000000e+06,1.798200000000000076e-01,-5.198234999999503998e+02,1.000000000000000000e+00
2.922849879394865021e-03,4.353563599455019008e-03,6.773886431694614574e-01,-2.481721365464319984e-01,2.000000000000000000e+01,7.069782538240086678e-02,-4.164015995228844247e+01,4.971356950940292840e+00,-4.900555115703176767e+01,5.335729233164785867e+00,-5.059031671767642990e+01,4.149997135413435068e+00,1.690000000000000000e+02,4.074798515298368784e+02,6.402360113771561601e+01,3.204800000000000000e+06,6.474399999999999600e-02,-9.210599999999796239e+01,1.000000000000000000e+00
2.962177118888957572e-03,4.626576961251898691e-03,5.647372517120229363e-01,-4.010975966283671923e-01,2.000000000000000000e+01,6.892054437974316772e-02,-4.711853825939406448e+01,4.483229548970423473e+00,-4.976794738123643214e+01,5.537750043092543706e+00,-4.511390658547585275e+01,4.912759450804660588e+00,1.700000000000000000e+02,4.086491454067397626e+02,6.399527875893997475e+01,3.315600000000000000e+06,8.587100000000000288e-02,-1.537157440000018767e+02,1.000000000000000000e+00
3.341619170611281713e-03,4.908507511111933480e-03,5.259586775741935671e-01,4.783524815777753236e-01,2.000000000000000000e+01,7.534083956854568942e-02,-3.605969304470849579e+01,4.213105060401953317e+00,-4.607301575672936167e+01,5.032821903300558120e+00,-5.706323332199171716e+01,4.959706185357856789e+00,1.710000000000000000e+02,6.308068770193495993e+02,6.180738317646059699e+01,3.217400000000000000e+06,2.370200000000000085e-01,-1.128036400000192089e+03,1.000000000000000000e+00
3.189566439723215754e-03,4.971901656750601743e-03,5.626718723531927147e-01,-7.892597845908433385e-02,2.000000000000000000e+01,7.572462265718889196e-02,-4.197692381900478864e+01,4.863054323934362877e+00,-4.668491619651857150e+01,5.401088052404257489e+00,-4.866914692311860335e+01,4.907496976742953265e+00,1.720000000000000000e+02,5.341596030333523686e+02,6.271655433258124646e+01,3.330100000000000000e+06,1.582399999999999918e-01,-5.197410400000612754e+02,1.000000000000000000e+00
3.098455058183601993e-03,5.089964157653287767e-03,5.306679893854225893e-01,8.351767458559266055e-01,2.000000000000000000e+01,7.505373756448771583e-02,-3.608402677442656170e+01,5.230372911556727900e+00,-4.596739576597059340e+01,5.521514011174208036e+00,-4.660879041453853233e+01,4.960307643287372947e+00,1.730000000000000000e+02,8.231392260700134784e+02,6.024830525652479452e+01,3.432500000000000000e+06,2.353800000000000059e-01,-1.051288600000007818e+03,1.000000000000000000e+00
3.126825567288004509e-03,4.384379904895419761e-03,6.303965464980271216e-01,4.610964664955264358e-01,2.000000000000000000e+01,7.635401572076574994e-02,-3.493890678550219064e+01,5.053611121350177093e+00,-5.208329579456909642e+01,5.476305395178316715e+00,-4.634502721883308141e+01,4.242258163225772094e+00,1.740000000000000000e+02,5.435500674487935839e+02,6.265303197611429908e+01,3.244600000000000000e+06,1.991799999999999959e-01,-6.888479999999292431e+02,1.000000000000000000e+00
3.231988117821583094e-03,4.569668125742770183e-03,5.766027744359525364e-01,1.852154482315474748e+00,2.000000000000000000e+01,7.487425251414625560e-02,-3.296123737946656007e+01,4.676974257693730763e+00,-4.067833705326457050e+01,5.158537308018315670e+00,-4.899100863624378377e+01,4.815193678791141352e+00,1.750000000000000000e+02,1.077922445503538256e+03,5.852458792867020776e+01,3.375600000000000000e+06,2.345800000000000107e-01,-9.715091399998425459e+02,1.000000000000000000e+00
2.806636653924630097e-03,5.823010900966871413e-03,4.303328828425585506e-01,-5.991216995558368730e+00,2.000000000000000000e+01,7.036837656870965907e-02,-3.321464246312866919e+01,4.846088153888362449e+00,-6.223758614778805764e+01,5.187926704764294072e+00,-4.906010985081386622e+01,4.448793261026550816e+00,1.760000000000000000e+02,1.391135685072046329e+02,7.018047123229095519e+01,3.175000000000000000e+06,2.414399999999999880e-01,-1.320836000000407012e+03,1.000000000000000000e+00
3.237952697133025023e-03,4.531746713749087302e-03,6.190929502358470948e-01,1.426282155681677599e+00,2.000000000000000000e+01,7.346483636583131527e-02,-3.487737596999089362e+01,4.815698649512196283e+00,-4.331332659842513522e+01,5.104907340761287493e+00,-5.559366659389975496e+01,4.798480388567865518e+00,1.770000000000000000e+02,8.883088173575158635e+02,5.972575440301933725e+01,3.306000000000000000e+06,4.479000000000000203e-01,-2.495989179999387034e+03,1.000000000000000000e+00
3.041854689592735864e-03,4.901123111997549540e-03,5.942780339681197344e-01,5.791127903803339194e-01,2.000000000000000000e+01,7.421007929284095805e-02,-3.077771841304348044e+01,4.789451456026188936e+00,-4.700327487288217299e+01,5.674331444746130160e+00,-5.543059337345816573e+01,4.797738686568032485e+00,1.780000000000000000e+02,7.696390793048185515e+02,6.076822765876967480e+01,3.344000000000000000e+06,2.962099999999999733e-01,-1.358658600000313072e+03,1.000000000000000000e+00
3.115843675990161502e-03,4.622689765872698732e-03,6.066508946109975264e-01,6.361970309620016417e-01,2.000000000000000000e+01,7.469037636407642455e-02,-3.886071072114189207e+01,4.465107301927416117e+00,-4.786366864515191821e+01,5.322305284054795749e+00,-4.976847691870871415e+01,4.433202004830588905e+00,1.790000000000000000e+02,6.135462928475375293e+02,6.230575318235609217e+01,3.253900000000000000e+06,2.295500000000000040e-01,-8.733389599999189841e+02,1.000000000000000000e+00
2.824247788382786353e-03,4.188156743674174495e-03,6.180665882430875779e-01,2.239067307388988293e-01,2.000000000000000000e+01,7.396022740866646517e-02,-4.427223494966216322e+01,4.312777417384341838e+00,-4.342546831524713724e+01,5.441853678047026577e+00,-5.418838907834812346e+01,4.775581914569118069e+00,1.800000000000000000e+02,5.117476366096427114e+02,6.284759685647709659e+01,3.246000000000000000e+06,3.283099999999999907e-01,-1.484477410000367627e+03,1.000000000000000000e+00
2.629353535794266231e-03,4.287112752706379037e-03,5.945416557423213177e-01,3.449669346288375404e-02,2.000000000000000000e+01,8.125433523174828421e-02,-3.693660629221113822e+01,4.551280204773359372e+00,-4.681039211457035520e+01,6.020538301457983188e+00,-5.643912091948271126e+01,4.936322243850272962e+00,1.810000000000000000e+02,5.067707684471309335e+02,6.286415122331468552e+01,3.267000000000000000e+06,1.377200000000000091e-01,-3.474973629999954028e+02,1.000000000000000000e+00
3.273045284027861161e-03,5.829253764951317085e-03,5.751679936810532023e-01,1.479424340995357801e+00,2.000000000000000000e+01,7.401704250297369558e-02,-3.617372830423865793e+01,4.737816622176522330e+00,-4.814113222511748802e+01,5.081346407642393537e+00,-5.522820153384753894e+01,4.932429590950454745e+00,1.820000000000000000e+02,7.019450027733760180e+02,6.121861905593760156e+01,3.266000000000000000e+06,3.196800000000000197e-01,-1.686140499999489748e+03,1.000000000000000000e+00
2.555933475732783278e-03,4.938480991297794151e-03,4.413505912997346403e-01,-3.424166347877227956e+00,2.000000000000000000e+01,7.551741736394565474e-02,-3.469653776174754967e+01,4.593139193310400437e+00,-5.858167230914117596e+01,5.239288512716957058e+00,-6.405723397104024741e+01,4.104423483256649519e+00,1.830000000000000000e+02,1.432073524998071434e+02,6.932858022699080891e+01,3.070300000000000000e+06,2.599500000000000144e-01,-1.374275999999954365e+03,1.000000000000000000e+00
2.555933475732783278e-03,4.938480991297794151e-03,4.413505912997346403e-01,-3.424166347877227956e+00,2.000000000000000000e+01,7.551741736394565474e-02,-3.469653776174754967e+01,4.593139193310400437e+00,-5.858167230914117596e+01,5.239288512716957058e+00,-6.405723397104024741e+01,4.104423483256649519e+00,1.840000000000000000e+02,1.432073524998071434e+02,6.932858022699080891e+01,3.070300000000000000e+06,2.599500000000000144e-01,-1.374275999999954365e+03,1.000000000000000000e+00
2.555933475732783278e-03,4.938480991297794151e-03,4.413505912997346403e-01,-3.424166347877227956e+00,2.000000000000000000e+01,7.551741736394565474e-02,-3.469653776174755677e+01,4.593139193310400437e+00,-5.858167230914117596e+01,5.239288512716957058e+00,-6.405723397104024741e+01,4.104423483256649519e+00,1.850000000000000000e+02,1.432073524998071434e+02,6.932858022699080891e+01,3.070300000000000000e+06,2.599500000000000144e-01,-1.374275999999954365e+03,1.000000000000000000e+00
3.144474534368792238e-03,4.861263197455256355e-03,6.646919436594810326e-01,6.107011171234449920e-01,2.000000000000000000e+01,7.677884408487817280e-02,-4.192143100551699320e+01,4.737428005594294333e+00,-4.961356783330182196e+01,4.875882029690922437e+00,-5.025441847284290731e+01,4.410206377308605319e+00,1.860000000000000000e+02,4.674375131348991204e+02,6.334071267763386004e+01,3.243500000000000000e+06,2.226599999999999968e-01,-7.294698000001015998e+02,1.000000000000000000e+00
3.035497354029529499e-03,4.392795702976258487e-03,5.777211026860999965e-01,2.789363144118409910e+00,2.000000000000000000e+01,7.594691239077003275e-02,-2.645380082787545462e+01,4.808564100452045409e+00,-3.898904122285964746e+01,5.197791331396172332e+00,-4.741202795393206060e+01,5.139734827997686217e+00,1.870000000000000000e+02,1.498474262753666835e+03,5.689230983205262504e+01,3.469600000000000000e+06,1.277200000000000002e-01,-3.302188799999807998e+02,1.000000000000000000e+00
3.069384319401361784e-03,4.416315863422333281e-03,5.767835724390286689e-01,2.752637343084713084e+00,2.000000000000000000e+01,7.421658538310209330e-02,-2.629471613540387409e+01,4.826913609632573987e+00,-3.742987759214219778e+01,5.174303608993456649e+00,-4.853302535121428463e+01,5.093120667956245740e+00,1.880000000000000000e+02,1.405617221301844666e+03,5.690456396667365624e+01,3.467100000000000000e+06,3.133299999999999974e-01,-1.517620499999672802e+03,1.000000000000000000e+00
3.282386631098763077e-03,4.727574922992685766e-03,5.299661544388627465e-01,2.491454038859470366e+00,2.000000000000000000e+01,7.140916266690132408e-02,-2.965364997872709907e+01,5.413555312902119887e+00,-3.882224422249078088e+01,5.146553456456277154e+00,-4.690971844316724315e+01,4.948811409192004795e+00,1.890000000000000000e+02,1.406224504693353083e+03,5.690448301873649228e+01,3.489700000000000000e+06,2.301400000000000112e-01,-9.527271300000925294e+02,1.000000000000000000e+00
3.202901598567942792e-03,4.453993718123777298e-03,5.927476761482395329e-01,2.447145443644125784e+00,2.000000000000000000e+01,7.620328587096165951e-02,-2.607436908051545288e+01,4.943442972285819081e+00,-4.284542318915823955e+01,5.284321032298071152e+00,-4.758117732817376577e+01,5.214982016554170485e+00,1.900000000000000000e+02,1.398331203345480162e+03,5.713324783613849434e+01,3.471600000000000000e+06,1.175500000000000017e-01,-2.921227200000043354e+02,1.000000000000000000e+00
3.050889772027436542e-03,5.657100991423271580e-03,6.104601107387886971e-01,-3.941226113708293788e+00,2.000000000000000000e+01,7.231466388828096392e-02,-4.393352965820619005e+01,4.938774831299356016e+00,-4.951884524498677820e+01,4.235269867409224176e+00,-5.135340638371354061e+01,5.457570110713271028e+00,1.910000000000000000e+02,1.573633100216143816e+02,6.796406922995919331e+01,3.212700000000000000e+06,1.383399999999999908e-01,-3.780148800000164329e+02,1.000000000000000000e+00
2.468267352270814632e-03,5.499657119831504772e-03,4.873360894872788562e-01,-6.937304259583458865e-01,2.000000000000000000e+01,7.459322546405486309e-02,-4.587549358752234241e+01,5.942212786709577976e+00,-5.495992488584376190e+01,6.364216594122031445e+00,-4.923862789993094680e+01,4.803352244023548323e+00,1.920000000000000000e+02,1.446565885994763505e+02,6.890315882949522575e+01,3.376100000000000000e+06,2.680799999999999850e-01,-1.299324998000101459e+03,1.000000000000000000e+00
3.168488131155305920e-03,4.637958201131367822e-03,5.779008191752047496e-01,2.616266841077880656e+00,2.000000000000000000e+01,7.463977776156126287e-02,-2.895010603809961225e+01,4.917983306785264297e+00,-3.858797307507134633e+01,5.095060472757051429e+00,-4.831987787575484106e+01,4.630768283435401145e+00,1.930000000000000000e+02,1.333501793854336938e+03,5.740290519871525277e+01,3.416300000000000000e+06,2.456800000000000095e-01,-1.033190400000096588e+03,1.000000000000000000e+00
3.548202402374256610e-03,4.457296448050171965e-03,5.296701748784330421e-01,1.629415380906105382e+00,2.000000000000000000e+01,8.044841839878358325e-02,-3.166240818010832569e+01,5.322509542734905175e+00,-5.010923153051457746e+01,5.377960595728432658e+00,-5.422672066939315982e+01,5.065698794173044028e+00,1.940000000000000000e+02,9.069344413883836751e+02,5.954772268266623314e+01,3.351900000000000000e+06,4.050500000000000211e-01,-2.406527799998877072e+03,1.000000000000000000e+00
3.025166615701925348e-03,4.680440813736744775e-03,5.884176224628048235e-01,-2.259186631363737430e+00,2.000000000000000000e+01,7.715552156364277603e-02,-4.832765124040006555e+01,4.676489794155762603e+00,-5.494134435675974970e+01,4.427307599269874494e+00,-4.569907096256113022e+01,4.836018807451314849e+00,1.950000000000000000e+02,1.537185905372236618e+02,6.817836055730019496e+01,3.155800000000000000e+06,8.780599999999999516e-02,-1.808890199999993058e+02,1.000000000000000000e+00
3.126162282467324742e-03,4.847069434531970158e-03,5.533398215078351168e-01,2.862551577541440739e+00,2.000000000000000000e+01,7.631133189266307848e-02,-2.674624440151459837e+01,5.354329101407724778e+00,-3.594965107079629973e+01,5.403595335553131207e+00,-4.588874733390916560e+01,4.769209769873432592e+00,1.960000000000000000e+02,1.744225413880540827e+03,5.662376467379339573e+01,3.544100000000000000e+06,1.163799999999999973e-01,-3.054102000000110593e+02,1.000000000000000000e+00
2.721855914198566262e-03,5.068750192608723580e-03,6.658996969165584812e-01,5.439362158250196089e-01,2.000000000000000000e+01,7.373003556188147123e-02,-3.921028456527813688e+01,4.395641048098117842e+00,-4.425000517925702326e+01,4.568733870967273347e+00,-4.892785577945227971e+01,5.388436140038866284e+00,1.970000000000000000e+02,7.077299862947648990e+02,6.114961441017472765e+01,3.288500000000000000e+06,2.703699999999999992e-01,-9.478876510000584403e+02,1.000000000000000000e+00
3.273484448868477226e-03,4.980795175091302235e-03,5.680380994217365531e-01,7.772947211615752749e-01,2.000000000000000000e+01,7.436721508289766136e-02,-3.617752235478802447e+01,4.519717221192024681e+00,-4.533525210256745197e+01,5.219821497571206947e+00,-5.562262799293868909e+01,4.742629649903416400e+00,1.980000000000000000e+02,7.091509970115924943e+02,6.111336268121335280e+01,3.262800000000000000e+06,3.169000000000000150e-01,-1.678503499999496171e+03,1.000000000000000000e+00
3.050992593702121086e-03,4.622259368319753259e-03,6.018500930852428432e-01,2.267605193228890315e+00,2.000000000000000000e+01,7.333050413104361120e-02,-3.239874912757171899e+01,4.651320501968584153e+00,-4.099031870513411491e+01,5.164462574963343044e+00,-4.641442210622381026e+01,5.347154873359424521e+00,1.990000000000000000e+02,1.245158222986922283e+03,5.766002146480976620e+01,3.434600000000000000e+06,4.503099999999999881e-01,-2.412120599999712795e+03,1.000000000000000000e+00
