3.133869195599998068e-03,4.575683593136858733e-03,6.137023721901923023e-01,3.267145359978681274e+00,2.000000000000000000e+01,7.386868824313644333e-02,-2.438281495343363758e+01,6.234454312005992094e+00,-3.291461654099882139e+01,7.008722478232562558e+00,-5.469790342336679601e+01,6.151721613746157225e+00,0.000000000000000000e+00,1.552729412544153547e+03,5.403162366376927395e+01,3.846500000000000000e+06,3.290399999999999991e-01,-1.522859189999715227e+03,1.000000000000000000e+00
3.085576055145494972e-03,4.471131430501035578e-03,5.903978645223929567e-01,3.243235741535977823e+00,2.000000000000000000e+01,7.518927921215905197e-02,-2.501685444007225101e+01,6.228761069486218993e+00,-3.641997337954551028e+01,7.424903880874871298e+00,-5.969146192311820442e+01,6.037055882238070659e+00,1.000000000000000000e+00,1.420665016993681093e+03,5.408192990141130707e+01,3.795900000000000000e+06,1.690099999999999936e-01,-5.164074000000564411e+02,1.000000000000000000e+00
2.711464180379195323e-03,4.702978520860680127e-03,5.683914721578956497e-01,3.272788659914282139e+00,2.000000000000000000e+01,7.358030273089211093e-02,-2.337433884301758269e+01,7.056438412237562297e+00,-4.307150522727773279e+01,5.272210060475472027e+00,-5.736477296746924992e+01,6.247682153769754443e+00,2.000000000000000000e+00,1.351903876454432748e+03,5.456403435875549235e+01,3.683700000000000000e+06,3.603000000000000091e-01,-1.814840460999297420e+03,1.000000000000000000e+00
2.935073108171369280e-03,4.160433303380715354e-03,6.397426779006940567e-01,3.107544804026272978e+00,2.000000000000000000e+01,7.429227199896010214e-02,-2.492628368873548084e+01,6.294598993614524574e+00,-3.443408802929919688e+01,6.140216470561661311e+00,-6.153245780548037658e+01,6.141642524883973664e+00,3.000000000000000000e+00,1.290943060159776905e+03,5.466329397994355332e+01,3.684400000000000000e+06,2.321799999999999975e-01,-7.829574990000816115e+02,1.000000000000000000e+00
2.958596989487623750e-03,4.143391396607897306e-03,6.400854559971231872e-01,3.201653199939070049e+00,2.000000000000000000e+01,7.417838778715382664e-02,-2.429570479174777375e+01,6.279074577498284349e+00,-3.455784808421898902e+01,6.139535333630099068e+00,-6.181635684187787660e+01,6.146224984034054373e+00,4.000000000000000000e+00,1.292610242370637252e+03,5.464147704804707928e+01,3.681800000000000000e+06,2.484500000000000042e-01,-8.862175049999212888e+02,1.000000000000000000e+00
2.990637597251987433e-03,4.219774943242746851e-03,6.152142642988336352e-01,2.904574403813169337e+00,2.000000000000000000e+01,7.577591736780597831e-02,-2.639514541869133879e+01,6.014713326055201037e+00,-3.624047607496812873e+01,7.270207162632743803e+00,-6.163387489642262551e+01,6.177822488788835997e+00,5.000000000000000000e+00,1.305865262652976071e+03,5.459752162817061105e+01,3.742200000000000000e+06,1.244200000000000028e-01,-2.860393000000112806e+02,1.000000000000000000e+00
2.883307639349442196e-03,4.094517202295866465e-03,6.369858369737848580e-01,3.227192688485438943e+00,2.000000000000000000e+01,7.400926027700759080e-02,-2.385207274512300302e+01,6.340354112772574879e+00,-3.486094603467587660e+01,5.975373180816371033e+00,-6.181548007201911332e+01,6.123896390258230404e+00,6.000000000000000000e+00,1.280662545770782117e+03,5.469092446608107849e+01,3.671800000000000000e+06,2.744800000000000018e-01,-1.032114000000091437e+03,1.000000000000000000e+00
2.931788691716610482e-03,4.210794068231615145e-03,6.099534812515723381e-01,2.881317487711400283e+00,2.000000000000000000e+01,7.476257558628780775e-02,-2.518279775053822789e+01,5.663459328994102648e+00,-3.660442688164875591e+01,7.191969734540721859e+00,-5.965159863239053095e+01,5.950232797717136535e+00,7.000000000000000000e+00,1.267184739928456565e+03,5.491584971122338033e+01,3.708900000000000000e+06,1.998800000000000021e-01,-6.357531650000380523e+02,1.000000000000000000e+00
3.006191189254711800e-03,3.941991248121614992e-03,6.508869018393868000e-01,2.600840241636301009e+00,2.000000000000000000e+01,7.433445045000226792e-02,-2.820886366512733190e+01,5.758143400504851073e+00,-3.740227862650422708e+01,5.552516791194516799e+00,-5.985570367982935380e+01,6.374256320380483842e+00,8.000000000000000000e+00,1.203397465604852414e+03,5.502606042443665046e+01,3.653200000000000000e+06,2.157799999999999996e-01,-6.925814000000223132e+02,1.000000000000000000e+00
2.846214059037110826e-03,3.944178835639511153e-03,6.461561141606309011e-01,2.742092993396556988e+00,2.000000000000000000e+01,7.105001038741838582e-02,-2.672746072060379063e+01,6.834788722529171245e+00,-3.543395721279836863e+01,5.532342357404431255e+00,-6.354036826499938684e+01,5.708208114266638766e+00,9.000000000000000000e+00,1.197704275558390009e+03,5.506028091309180894e+01,3.653800000000000000e+06,2.258100000000000107e-01,-7.507669999999017136e+02,1.000000000000000000e+00
3.036730027167649278e-03,3.759797849972657414e-03,6.242814833114667117e-01,2.540609508924877247e+00,2.000000000000000000e+01,6.926188960821606788e-02,-2.422917865157149819e+01,6.286643873849370401e+00,-3.841457648202818831e+01,6.268747100489730606e+00,-6.224839740037837998e+01,5.697036262533574202e+00,1.000000000000000000e+01,1.168574097108507431e+03,5.517379058143283999e+01,3.650200000000000000e+06,2.245499999999999996e-01,-7.460524709999699553e+02,1.000000000000000000e+00
2.953612764473714791e-03,4.175670044761543680e-03,6.389601100473887296e-01,2.711833838246932693e+00,2.000000000000000000e+01,7.439398541166940271e-02,-2.665102980892533679e+01,6.266668485789285370e+00,-3.651697054642446716e+01,6.066904747883283378e+00,-6.145095198509777390e+01,6.086501693752936148e+00,1.100000000000000000e+01,1.162820593264310901e+03,5.518048693698459317e+01,3.649700000000000000e+06,2.246299999999999963e-01,-7.486446010000162232e+02,1.000000000000000000e+00
2.959393167636379871e-03,4.165431752648472014e-03,6.390017554523115262e-01,2.824575280274602029e+00,2.000000000000000000e+01,7.438456516878008684e-02,-2.640488416571060171e+01,6.246460403210157608e+00,-3.587796664181598061e+01,6.067031320656249171e+00,-6.144981724855981042e+01,6.093776541003345315e+00,1.200000000000000000e+01,1.191680989960875877e+03,5.506711333641546702e+01,3.653400000000000000e+06,2.258900000000000075e-01,-7.536547529999353401e+02,1.000000000000000000e+00
2.919639420694703381e-03,4.173941257350526762e-03,6.373029909920333580e-01,2.754603900136621597e+00,2.000000000000000000e+01,7.443882310121491264e-02,-2.630647427078966416e+01,6.267163309838569063e+00,-3.684691542172907219e+01,6.036967589293212200e+00,-6.108048715662127393e+01,6.048444442701135237e+00,1.300000000000000000e+01,1.179090453534102835e+03,5.513995671600554971e+01,3.648200000000000000e+06,2.162900000000000100e-01,-6.979749429999108088e+02,1.000000000000000000e+00
2.821801071975495526e-03,4.170967792973947173e-03,7.002887923878539089e-01,2.532718874195006187e+00,2.000000000000000000e+01,8.052405143825347444e-02,-2.816165523519247316e+01,5.950617678918665554e+00,-3.909902703273972691e+01,5.828181447949773109e+00,-5.804725988986326257e+01,5.933053087385764535e+00,1.400000000000000000e+01,1.097040508265839435e+03,5.529044703947051431e+01,3.649500000000000000e+06,2.087299999999999989e-01,-6.527921890000087615e+02,1.000000000000000000e+00
2.902690970864396126e-03,4.249563581191328175e-03,6.399429108651490949e-01,2.694851492205521559e+00,2.000000000000000000e+01,7.461459325643315932e-02,-2.846163586109161869e+01,6.222008022421557705e+00,-3.836016908390621438e+01,6.259574231198300254e+00,-6.292569211269976392e+01,6.107459947275520662e+00,1.500000000000000000e+01,1.051672798692944298e+03,5.563447745538624645e+01,3.624200000000000000e+06,1.920000000000000040e-01,-5.644419110000120554e+02,1.000000000000000000e+00
2.930057947801120808e-03,3.718021699600650154e-03,6.064658636020292537e-01,2.730399697992385466e+00,2.000000000000000000e+01,7.451087690065028024e-02,-2.882934138526071521e+01,6.314336729308180018e+00,-3.411207444755552842e+01,6.023889012689076949e+00,-5.598584821637557951e+01,4.748935265435824782e+00,1.600000000000000000e+01,1.048566185742745347e+03,5.582994447610968791e+01,3.614300000000000000e+06,2.605600000000000138e-01,-9.624949750001137545e+02,1.000000000000000000e+00
2.900264939034522503e-03,4.230462260519053316e-03,6.501547059777388338e-01,2.603059318274585365e+00,2.000000000000000000e+01,7.498026797848414415e-02,-2.897616055632673593e+01,6.345170917134381305e+00,-4.160859275284001058e+01,6.009568213858511143e+00,-6.208075551804819270e+01,6.166673715041862458e+00,1.700000000000000000e+01,9.910391262110171056e+02,5.619230308160662446e+01,3.599200000000000000e+06,1.533700000000000063e-01,-3.815446489999914093e+02,1.000000000000000000e+00
2.962296374535256654e-03,4.331478975525767522e-03,6.334864928605663525e-01,2.315318717027815332e+00,2.000000000000000000e+01,7.448115072634781120e-02,-2.982193952207626353e+01,6.062061962545243432e+00,-3.960683573876180219e+01,6.110474033740702637e+00,-6.066325866347987983e+01,5.974042538195742935e+00,1.800000000000000000e+01,9.880367213514130071e+02,5.621625115627958991e+01,3.594200000000000000e+06,2.164099999999999913e-01,-7.141357890001066835e+02,1.000000000000000000e+00
2.970629239290849093e-03,4.504112919822888216e-03,6.481674733506708197e-01,2.604943594088091618e+00,2.000000000000000000e+01,7.403665009089571702e-02,-2.889660910836069618e+01,6.415661905473360349e+00,-3.921509168218648966e+01,6.227186297069236431e+00,-5.975020407965759262e+01,5.820648805320008279e+00,1.900000000000000000e+01,1.084356541466807130e+03,5.546821586340734456e+01,3.648200000000000000e+06,2.556700000000000084e-01,-9.300189030001105266e+02,1.000000000000000000e+00
2.708627951690563071e-03,4.608612105827133293e-03,5.966092476087123675e-01,2.260349972426284104e+00,2.000000000000000000e+01,7.552118865119269997e-02,-2.842903410235490469e+01,6.798054877057881029e+00,-4.768587826928379769e+01,5.758374282415200440e+00,-5.671228626732461464e+01,6.487119429044263086e+00,2.000000000000000000e+01,1.001497948447002841e+03,5.615652455699022028e+01,3.655900000000000000e+06,1.296400000000000052e-01,-3.069297000000047433e+02,1.000000000000000000e+00
2.768231920133457612e-03,5.116866231620500853e-03,6.841155126886331317e-01,2.532418616773379316e+00,2.000000000000000000e+01,6.969275007363866237e-02,-3.152708624899121759e+01,7.563725495169459911e+00,-3.632417735126433911e+01,5.514452003980518491e+00,-6.318385982256922517e+01,6.923953896604658098e+00,2.100000000000000000e+01,1.038376893464166415e+03,5.600307830098849848e+01,3.617800000000000000e+06,1.655200000000000005e-01,-4.275217470000325761e+02,1.000000000000000000e+00
2.603605129486050510e-03,4.604640178277960225e-03,5.916656384530725177e-01,2.603439831913249680e+00,2.000000000000000000e+01,7.376472776967968326e-02,-2.984061680893649537e+01,6.318223171954759465e+00,-4.288119157778825752e+01,5.598652959838792853e+00,-5.625806673476598263e+01,6.082428804365584085e+00,2.200000000000000000e+01,1.014701255405352867e+03,5.610911818867042200e+01,3.601100000000000000e+06,3.080999999999999850e-01,-1.325088799999573666e+03,1.000000000000000000e+00
2.762380575053130592e-03,4.174244094746515886e-03,6.295970026980819423e-01,2.124201805678434862e+00,2.000000000000000000e+01,7.437419568890077382e-02,-2.897541290061685260e+01,6.238550475221035896e+00,-3.949776980468570287e+01,5.938883714851030504e+00,-6.124232921262809271e+01,5.931899364553186338e+00,2.300000000000000000e+01,9.630837905162585457e+02,5.625678799430847477e+01,3.594100000000000000e+06,2.237599999999999867e-01,-7.349708609999230475e+02,1.000000000000000000e+00
2.602673273856461605e-03,4.571266780902980345e-03,6.017638239534179867e-01,2.603021008970498151e+00,2.000000000000000000e+01,7.379858179587414635e-02,-2.973065009726165897e+01,6.306468841998162489e+00,-4.250099127907986940e+01,5.597919212905944519e+00,-5.611176406133089500e+01,6.089974367204764150e+00,2.400000000000000000e+01,1.023767018749173872e+03,5.602669951491445488e+01,3.605600000000000000e+06,2.954499999999999904e-01,-1.199380241000257001e+03,1.000000000000000000e+00
2.759523252446143254e-03,4.191869229505389496e-03,6.294173811734489199e-01,2.112453965826301072e+00,2.000000000000000000e+01,7.427406366959304895e-02,-2.939533671249199642e+01,6.480034068060575692e+00,-4.098345785273919262e+01,5.885766156320306308e+00,-6.117921056074034425e+01,5.920076782944867055e+00,2.500000000000000000e+01,9.191078703500509164e+02,5.634121196561955713e+01,3.599700000000000000e+06,2.350099999999999967e-01,-8.057360000001089020e+02,1.000000000000000000e+00
2.801366383418659248e-03,4.225907729127671535e-03,6.236648516872784764e-01,2.121079316827550798e+00,2.000000000000000000e+01,7.459408044399176707e-02,-3.025220195627798603e+01,6.341926798748522387e+00,-3.988353155452539056e+01,6.100118603341039503e+00,-6.066763219273690311e+01,5.982362739692449694e+00,2.600000000000000000e+01,9.447413101210601099e+02,5.627496844624459271e+01,3.617200000000000000e+06,2.041000000000000036e-01,-6.348955999999863025e+02,1.000000000000000000e+00
3.023935139371264260e-03,4.093780549417578261e-03,6.161942360343499736e-01,2.234928897173572349e+00,2.000000000000000000e+01,7.219767198164092625e-02,-2.961325632598146385e+01,6.100388480376983225e+00,-4.154961277474107817e+01,5.481889393400226851e+00,-6.310725462970106037e+01,5.864616793789442895e+00,2.700000000000000000e+01,9.052429245407680583e+02,5.672773874254722415e+01,3.559600000000000000e+06,2.103700000000000014e-01,-6.778547260000170809e+02,1.000000000000000000e+00
2.622396765244075934e-03,4.337537265841238596e-03,5.827609486299840658e-01,2.366089382195267987e+00,2.000000000000000000e+01,8.020724479218875602e-02,-3.018471755524596034e+01,6.434430842169583720e+00,-4.699220783330680007e+01,5.992779895059984874e+00,-6.283098100713701228e+01,6.798725224639968978e+00,2.800000000000000000e+01,9.064463921587791901e+02,5.653179660582877375e+01,3.593200000000000000e+06,2.394100000000000117e-01,-8.567668339999275986e+02,1.000000000000000000e+00
2.679506020347007834e-03,4.687939349167906736e-03,5.888644989527734852e-01,1.847568522719926332e+00,2.000000000000000000e+01,7.514650941310871413e-02,-3.066232710362196912e+01,6.874584429780414396e+00,-4.697544773061900258e+01,5.750879678509867254e+00,-5.659742782132890682e+01,6.508885819183324983e+00,2.900000000000000000e+01,8.947807878504003156e+02,5.679462039737491352e+01,3.656500000000000000e+06,1.543400000000000050e-01,-4.103064690000191490e+02,1.000000000000000000e+00
3.096761502529832809e-03,4.314314495747907652e-03,5.807210318630823265e-01,1.916844488898583165e+00,2.000000000000000000e+01,7.306885879720802224e-02,-3.229099233879505704e+01,5.973021860079083645e+00,-4.320306642956012411e+01,5.711691709705846165e+00,-6.735716306509718265e+01,6.205071770549383636e+00,3.000000000000000000e+01,9.027763179834626044e+02,5.676118329016274799e+01,3.567400000000000000e+06,2.015899999999999914e-01,-6.235987999999969134e+02,1.000000000000000000e+00
3.162336368916906972e-03,4.138453216276533411e-03,6.376206045816026347e-01,2.077225893971415438e+00,2.000000000000000000e+01,8.154544466149467319e-02,-2.753352700480163051e+01,6.457079696295307869e+00,-4.198528977469833023e+01,6.367821393139323938e+00,-5.788882561495340440e+01,5.455131229547444782e+00,3.100000000000000000e+01,9.014621401791569042e+02,5.676191482166573365e+01,3.573900000000000000e+06,2.247699999999999976e-01,-8.001108959999304489e+02,1.000000000000000000e+00
2.894673011372587285e-03,4.227042918764063392e-03,6.245605308545385537e-01,2.088679648503902087e+00,2.000000000000000000e+01,7.425888707786632015e-02,-2.956085254260881001e+01,6.008651320929050854e+00,-4.107937057697807859e+01,6.012457980452760253e+00,-6.213912188603366360e+01,5.912555089127089936e+00,3.200000000000000000e+01,8.834587773699630588e+02,5.679631370242011457e+01,3.551600000000000000e+06,2.545299999999999785e-01,-9.534199999997534860e+02,1.000000000000000000e+00
3.129311129872960982e-03,4.321099474152096179e-03,6.190077732004803934e-01,1.968806788452794221e+00,2.000000000000000000e+01,8.038031665602057840e-02,-3.146471561061143873e+01,6.015640876425763395e+00,-3.803824168825553187e+01,5.334203701635041206e+00,-5.565100854393921281e+01,6.049261221637562969e+00,3.300000000000000000e+01,8.976108746404281646e+02,5.679055465145037829e+01,3.544400000000000000e+06,2.674300000000000010e-01,-1.015343056999981968e+03,1.000000000000000000e+00
2.749817953216491303e-03,4.333185311781544841e-03,5.996496798701490549e-01,1.976205830083153536e+00,2.000000000000000000e+01,6.153416845030484222e-02,-3.581832151390101870e+01,5.670302851715204540e+00,-3.581904462905578157e+01,5.792003477667297950e+00,-7.158953737581337862e+01,5.352613800556617285e+00,3.400000000000000000e+01,8.804393052758914564e+02,5.689850930158669939e+01,3.562200000000000000e+06,2.075799999999999867e-01,-6.488977000000164708e+02,1.000000000000000000e+00
2.951202037275889832e-03,4.393475548179395090e-03,6.155276676483292242e-01,1.841207416403354280e+00,2.000000000000000000e+01,7.430030626164112195e-02,-2.842526879200973156e+01,6.409827539475049463e+00,-4.375954631478099799e+01,5.940095764088805019e+00,-6.179335097788750630e+01,5.805185116553301938e+00,3.500000000000000000e+01,8.778117393802405104e+02,5.690355806290395435e+01,3.568800000000000000e+06,2.584000000000000186e-01,-1.008556850999914104e+03,1.000000000000000000e+00
2.520569268251332887e-03,4.794006479611188400e-03,6.036240132308202666e-01,1.945611062156665572e+00,2.000000000000000000e+01,7.364461776054205544e-02,-3.063314695246514319e+01,6.900703004715257549e+00,-4.529358361622671225e+01,5.040758336432639375e+00,-5.769258782416174824e+01,5.923082897188322704e+00,3.600000000000000000e+01,8.426292011204412802e+02,5.703554993601605361e+01,3.559300000000000000e+06,2.762600000000000056e-01,-1.072599671000330090e+03,1.000000000000000000e+00
3.028893753660829875e-03,3.926363157505111806e-03,6.199591983937774442e-01,2.090899809485802674e+00,2.000000000000000000e+01,7.979967425789238900e-02,-3.006384432353976877e+01,6.555528771439215419e+00,-4.410515871085244299e+01,5.621577449775009505e+00,-6.532621187848229738e+01,6.414690859229559727e+00,3.700000000000000000e+01,8.422942351278218212e+02,5.716208473834734605e+01,3.525600000000000000e+06,2.605999999999999983e-01,-9.568399999998437124e+02,1.000000000000000000e+00
2.929043035195119053e-03,4.384615954105935444e-03,6.161235507734694750e-01,1.915716723154403001e+00,2.000000000000000000e+01,7.456525796223650859e-02,-3.075309435436695082e+01,5.932794492879128967e+00,-4.264341716400048199e+01,6.219521075941099042e+00,-6.084453683315453532e+01,5.932314623402506371e+00,3.800000000000000000e+01,8.409203624393672953e+02,5.722473497316806856e+01,3.557500000000000000e+06,2.173100000000000032e-01,-7.465995509998668922e+02,1.000000000000000000e+00
2.840532596491957603e-03,3.749896759307634955e-03,6.683512177438464263e-01,2.093150879325708758e+00,2.000000000000000000e+01,6.684522678530879780e-02,-3.279658804511203840e+01,6.687257604701237312e+00,-4.320857310223262715e+01,5.582815727926036864e+00,-6.628357818927219114e+01,5.383447621765284907e+00,3.900000000000000000e+01,8.670298607794347845e+02,5.693281794262691875e+01,3.549900000000000000e+06,3.206800000000000206e-01,-1.376869742999884011e+03,1.000000000000000000e+00
2.822674464874458215e-03,4.398953042304780923e-03,6.414695901918239240e-01,1.858497417441823840e+00,2.000000000000000000e+01,7.434331038911401457e-02,-3.039108620790870674e+01,6.078820762750360984e+00,-4.258049085591449057e+01,6.038191666890343257e+00,-6.168236507544087743e+01,5.913104439735427320e+00,4.000000000000000000e+01,8.357412777571460083e+02,5.724622370855946230e+01,3.549100000000000000e+06,2.173599999999999977e-01,-6.961517999999757649e+02,1.000000000000000000e+00
2.779632090199817863e-03,4.603083043276622738e-03,6.099390156514963302e-01,1.615795006390120747e+00,2.000000000000000000e+01,7.439218499566704890e-02,-3.013746684518542196e+01,6.440766868209250262e+00,-4.423307849301592398e+01,5.941980484314869138e+00,-6.049968833049744887e+01,5.848090506889411344e+00,4.100000000000000000e+01,8.328591999106680532e+02,5.733008200856630054e+01,3.573500000000000000e+06,2.265099999999999891e-01,-7.909128449998653423e+02,1.000000000000000000e+00
2.754508058165367618e-03,4.447548269697006867e-03,6.248236719519411064e-01,1.677530404034174527e+00,2.000000000000000000e+01,7.422574547688445823e-02,-3.114166574239759200e+01,6.376222348625132597e+00,-4.326434691460450210e+01,5.724416165004315715e+00,-6.031889805519713832e+01,6.074387691410323420e+00,4.200000000000000000e+01,8.058855935705777256e+02,5.739876806763547989e+01,3.565600000000000000e+06,2.385099999999999998e-01,-8.343028049998106326e+02,1.000000000000000000e+00
2.634725982818849829e-03,4.524992853451252628e-03,6.515839715635184382e-01,8.970980902638712173e-01,2.000000000000000000e+01,7.270297482535310885e-02,-3.394794226360581035e+01,5.732363373263853923e+00,-4.313608896600924680e+01,6.634757582492099459e+00,-5.656169002956158209e+01,6.562498577387938070e+00,4.300000000000000000e+01,5.816824860718651280e+02,5.923305992000635456e+01,3.542800000000000000e+06,2.155499999999999916e-01,-7.060750000001334001e+02,1.000000000000000000e+00
2.599402964176536143e-03,4.709341769979983119e-03,5.678356865409747156e-01,1.562680589430577971e+00,2.000000000000000000e+01,7.422140532782613154e-02,-3.535234771130652831e+01,5.976395727077994380e+00,-4.838126639779407867e+01,5.887856174865489400e+00,-5.693403342371745168e+01,6.717254885132137865e+00,4.400000000000000000e+01,5.795495349675484249e+02,5.928735616173139533e+01,3.545900000000000000e+06,2.664699999999999847e-01,-1.096253982000009046e+03,1.000000000000000000e+00
2.741698974410963687e-03,4.159815678220530819e-03,6.563101318042338095e-01,8.386099525729191484e-01,2.000000000000000000e+01,7.415422826414858060e-02,-3.714884516547688520e+01,5.932677627267871401e+00,-4.477054689431696488e+01,5.996622070266020899e+00,-6.021321286366796244e+01,6.282988499154033235e+00,4.500000000000000000e+01,5.018878622821191584e+02,6.002300952731788186e+01,3.507600000000000000e+06,2.443400000000000016e-01,-8.173902000001705801e+02,1.000000000000000000e+00
2.775913862320194062e-03,4.494442416720966296e-03,6.334403669597279407e-01,1.474850498230174001e+00,2.000000000000000000e+01,7.440439301599328925e-02,-3.149698657035755645e+01,6.183470171658347780e+00,-4.447578287751782256e+01,5.988587626821828991e+00,-6.185645713868272821e+01,5.911876021938281767e+00,4.600000000000000000e+01,7.285001368389855543e+02,5.806890844121711837e+01,3.531500000000000000e+06,2.134000000000000064e-01,-6.752133009999940896e+02,1.000000000000000000e+00
2.822837856761393951e-03,4.367686277672439693e-03,6.202351519492750320e-01,1.135710475510477435e+00,2.000000000000000000e+01,7.471431831880959162e-02,-3.735144408398759452e+01,7.068610869420588472e+00,-5.090156652907680268e+01,5.928053507262965205e+00,-5.614690773545148517e+01,6.601907935067532485e+00,4.700000000000000000e+01,5.004941028160720293e+02,6.006651420345481540e+01,3.511600000000000000e+06,1.641499999999999904e-01,-3.925872179999735749e+02,1.000000000000000000e+00
2.758095990491877224e-03,4.439622324949788271e-03,6.539217833693365955e-01,9.731291146174296802e-01,2.000000000000000000e+01,7.403614984311368552e-02,-3.497312036805340085e+01,5.993777822185768045e+00,-4.439060562874308857e+01,5.981344285903995583e+00,-6.128338522330795968e+01,6.067738711850205746e+00,4.800000000000000000e+01,5.768603962463845392e+02,5.938314872961830559e+01,3.505900000000000000e+06,2.526999999999999802e-01,-8.667443239998838180e+02,1.000000000000000000e+00
2.667280438655224729e-03,4.286448219450456065e-03,6.268582242292257689e-01,1.276223400363920568e+00,2.000000000000000000e+01,7.416474244106775748e-02,-3.331488231741138861e+01,5.781491288022532871e+00,-4.578627640674686461e+01,5.654771769419891569e+00,-6.151725580742638755e+01,6.606757954558315049e+00,4.900000000000000000e+01,5.726199136474809848e+02,5.940203845562615470e+01,3.485700000000000000e+06,2.526100000000000012e-01,-8.838437999998594705e+02,1.000000000000000000e+00
2.915360826677625312e-03,4.909583278346666378e-03,6.482020487871315018e-01,2.145556678279389562e+00,2.000000000000000000e+01,8.633326529882590084e-02,-3.137624462638170897e+01,6.220898460162366028e+00,-3.770573414363806819e+01,4.777560514802942748e+00,-6.035753859394923637e+01,6.579076420370586042e+00,5.000000000000000000e+01,7.930400062733018558e+02,5.745865376794221646e+01,3.561200000000000000e+06,3.408100000000000018e-01,-1.512592564999992646e+03,1.000000000000000000e+00
3.020246962174347009e-03,4.525725142486153492e-03,6.024684087888935169e-01,1.463794744709255857e+00,2.000000000000000000e+01,7.487370206393370586e-02,-2.681262047377075675e+01,5.337083198188349087e+00,-4.681636715788359027e+01,6.945809956496477255e+00,-5.981448754567656323e+01,5.689955902221662143e+00,5.100000000000000000e+01,7.229135396287528010e+02,5.806940902484515021e+01,3.545700000000000000e+06,2.518500000000000183e-01,-9.323272639999412377e+02,1.000000000000000000e+00
2.877653890986139017e-03,4.500600384872400009e-03,7.197212985729400936e-01,1.640568559263704262e+00,2.000000000000000000e+01,8.183139982561744852e-02,-3.565930039387065165e+01,6.131185024833714969e+00,-4.027288172993019089e+01,6.198563077094102702e+00,-6.260041394833920947e+01,5.484880246087529443e+00,5.200000000000000000e+01,7.540569137492898335e+02,5.790308416854745133e+01,3.534200000000000000e+06,1.839899999999999869e-01,-5.012706999999834920e+02,1.000000000000000000e+00
2.735025122696219807e-03,4.332458949966269679e-03,6.648453803149506625e-01,7.910010772246095501e-01,2.000000000000000000e+01,7.421445554757710728e-02,-3.679664290996584697e+01,5.914480095652388414e+00,-4.449145026152292104e+01,5.954653064579571442e+00,-5.931931840587999716e+01,6.126925281672347623e+00,5.300000000000000000e+01,5.393205566292884896e+02,5.978709224452039450e+01,3.507600000000000000e+06,2.226200000000000123e-01,-6.809263230000445901e+02,1.000000000000000000e+00
2.954641385563082801e-03,4.076401048346922282e-03,6.807898608343377900e-01,9.866985714091264237e-01,2.000000000000000000e+01,7.921331399727900291e-02,-3.322650361317815992e+01,5.900941782250829881e+00,-4.417643190022765509e+01,5.987458171204358415e+00,-6.376269774104119392e+01,6.698439455698601108e+00,5.400000000000000000e+01,5.083901759842093497e+02,6.001881352376351231e+01,3.476000000000000000e+06,2.169099999999999917e-01,-6.958691609999614229e+02,1.000000000000000000e+00
2.741251241617235872e-03,4.394454680717770241e-03,6.532218282289214972e-01,6.398821445129131424e-01,2.000000000000000000e+01,7.461314723524589687e-02,-3.456011075699437640e+01,5.933671669659299930e+00,-4.643065308737556052e+01,6.042577983043311285e+00,-6.233833927559162191e+01,6.142927944025309728e+00,5.500000000000000000e+01,4.986254542389512494e+02,6.016318414572583606e+01,3.484100000000000000e+06,1.854699999999999960e-01,-5.037062710000363381e+02,1.000000000000000000e+00
2.968872390212652559e-03,4.753953762054055274e-03,6.387517625009183631e-01,2.038331226795816686e+00,2.000000000000000000e+01,6.765648950197331035e-02,-2.976734189632492189e+01,6.265325776229574650e+00,-4.903284864203251914e+01,6.087193609405998629e+00,-5.620197658235731808e+01,6.401027921289588640e+00,5.600000000000000000e+01,7.916384675935942141e+02,5.755589152942911113e+01,3.558400000000000000e+06,2.187999999999999945e-01,-7.834277569999210300e+02,1.000000000000000000e+00
2.805443640261420183e-03,4.330745300435448648e-03,6.531061280605378050e-01,1.835156071788607290e+00,2.000000000000000000e+01,7.468550421211603285e-02,-3.224627336931558830e+01,6.229272180246733903e+00,-4.288808813630208761e+01,5.883148445697147011e+00,-6.265378658226886444e+01,6.032671697238666475e+00,5.700000000000000000e+01,7.610994026790491489e+02,5.785408816036057544e+01,3.533800000000000000e+06,1.740400000000000003e-01,-4.551580000000273003e+02,1.000000000000000000e+00
2.760161369902947373e-03,4.452653083506204548e-03,6.302347615769267053e-01,1.766749655785756268e+00,2.000000000000000000e+01,7.423891083305479699e-02,-3.222610934024077523e+01,6.112216320138759151e+00,-4.316029827994906043e+01,5.759190009089035556e+00,-6.097682906359931110e+01,6.007290110386621862e+00,5.800000000000000000e+01,7.613393896349748502e+02,5.784755686786176199e+01,3.525600000000000000e+06,2.319599999999999995e-01,-7.887160000001016442e+02,1.000000000000000000e+00
2.665085865156578086e-03,4.621395762763068349e-03,6.197204497977175652e-01,1.406316260682922259e+00,2.000000000000000000e+01,7.261151408021157549e-02,-3.310398027328572823e+01,6.690464304937146167e+00,-4.017518676036908687e+01,6.469829245740467805e+00,-5.840048411303002496e+01,5.858809278244980767e+00,5.900000000000000000e+01,7.198292023134447390e+02,5.809627768164345696e+01,3.558000000000000000e+06,1.466899999999999871e-01,-3.515015999999889686e+02,1.000000000000000000e+00
2.776608640160144366e-03,4.168662482012296458e-03,6.646106330230593384e-01,7.284974227369755972e-01,2.000000000000000000e+01,7.395353103218969826e-02,-3.545840430457373316e+01,5.937999974858549024e+00,-4.526301660854615960e+01,5.860218076018723465e+00,-5.971565174725668612e+01,6.207722770182708238e+00,6.000000000000000000e+01,5.472134757852131770e+02,5.968299432051416886e+01,3.505000000000000000e+06,2.766799999999999815e-01,-9.927810750002569193e+02,1.000000000000000000e+00
2.712912297758100343e-03,4.361820584444004237e-03,6.272610687465550727e-01,1.797815095590560963e+00,2.000000000000000000e+01,7.415730202864537213e-02,-3.265476844561429459e+01,6.049554569652039859e+00,-4.349946553323212584e+01,5.829989338088660489e+00,-6.158295026718769805e+01,5.881368005962119838e+00,6.100000000000000000e+01,7.195131796116659189e+02,5.813347858279052360e+01,3.506800000000000000e+06,2.449199999999999988e-01,-8.607412940000975823e+02,1.000000000000000000e+00
2.682734310300395608e-03,4.357814364046235650e-03,5.997094415491605046e-01,6.271285035348829195e-01,2.000000000000000000e+01,7.803290516593554271e-02,-3.341224505931675992e+01,6.587812459475128612e+00,-4.592677896065515597e+01,5.726771591333248423e+00,-6.003520042788071720e+01,6.155747832238459338e+00,6.200000000000000000e+01,4.927472684091344490e+02,6.022480061904303739e+01,3.467300000000000000e+06,2.007500000000000118e-01,-6.029100310000281979e+02,1.000000000000000000e+00
2.865305318021764587e-03,3.823410343156084888e-03,6.107149533056904778e-01,2.354272273462037379e+00,2.000000000000000000e+01,7.980311388114327831e-02,-3.230530439241018570e+01,5.873060251700416678e+00,-4.041079268904215382e+01,6.173993650998357730e+00,-6.047567827916811467e+01,6.108270727201914774e+00,6.300000000000000000e+01,7.622231668929453008e+02,5.779752267304677815e+01,3.538500000000000000e+06,1.924299999999999899e-01,-5.877021229999742218e+02,1.000000000000000000e+00
2.908292796430806543e-03,4.687363847584538092e-03,6.712858057379527121e-01,9.362592246435855747e-01,2.000000000000000000e+01,7.968632930126322289e-02,-3.463792638188277095e+01,5.514124390609769222e+00,-4.425637929291409023e+01,6.044366173153858490e+00,-6.022599281404822591e+01,6.825991446669568141e+00,6.400000000000000000e+01,5.437764185698118808e+02,5.968460331115935702e+01,3.505100000000000000e+06,2.921099999999999808e-01,-1.089740400000017644e+03,1.000000000000000000e+00
2.901140184965752319e-03,3.983116112803172272e-03,6.557826179638540642e-01,2.076555667103266778e+00,2.000000000000000000e+01,8.144015429046964905e-02,-3.210894922001061502e+01,5.970483783682047019e+00,-4.044232359999328708e+01,6.305773870773879075e+00,-6.159114636550285127e+01,5.661435986889128635e+00,6.500000000000000000e+01,7.622724760675639573e+02,5.777714872693096027e+01,3.535100000000000000e+06,2.955800000000000094e-01,-1.276717499999801930e+03,1.000000000000000000e+00
2.807223378184098370e-03,4.278302779501608546e-03,7.261732066377265538e-01,7.575338818460851664e-01,2.000000000000000000e+01,7.605143744447839804e-02,-3.441666401129552355e+01,5.970657569541320875e+00,-5.187247513427161039e+01,5.627732785898894363e+00,-6.428026732239911212e+01,5.692288970656611546e+00,6.600000000000000000e+01,5.436318820217388748e+02,5.978033668993940353e+01,3.478300000000000000e+06,2.580600000000000116e-01,-8.488801299997859360e+02,1.000000000000000000e+00
2.746641857887591881e-03,4.139510622622298228e-03,6.446229403301946270e-01,1.610269700603406573e+00,2.000000000000000000e+01,7.403368294314921494e-02,-3.032420052380577147e+01,6.048763154700679934e+00,-4.201746693982933323e+01,5.733952773566031169e+00,-6.221130283109526715e+01,5.912770923180550753e+00,6.700000000000000000e+01,7.897012973845179431e+02,5.761130707977855536e+01,3.519500000000000000e+06,2.684099999999999819e-01,-9.685957260001351870e+02,1.000000000000000000e+00
2.635078463225674732e-03,4.470398017534220163e-03,6.245500394135374833e-01,1.033277055404058231e+00,2.000000000000000000e+01,7.404850639651590349e-02,-3.395358576559585373e+01,6.233034851818323396e+00,-4.672755046319129946e+01,5.620732366159669091e+00,-6.282678385756386774e+01,6.168880559128258945e+00,6.800000000000000000e+01,5.232516414229628481e+02,5.986400786570012400e+01,3.476000000000000000e+06,2.616299999999999737e-01,-9.492112309999374702e+02,1.000000000000000000e+00
2.759565056307228259e-03,4.444757743859495402e-03,6.298368944863826924e-01,1.704898204709946352e+00,2.000000000000000000e+01,7.423742867057885053e-02,-3.225973370026994758e+01,6.125670243559422801e+00,-4.315535022942869148e+01,5.723735690743372295e+00,-6.085756499094162564e+01,5.987841136089310012e+00,6.900000000000000000e+01,7.571042519369601678e+02,5.788791136379581559e+01,3.523500000000000000e+06,2.323999999999999955e-01,-7.963520000001049084e+02,1.000000000000000000e+00
2.828789675098003498e-03,4.124099030008935435e-03,6.815812962736534919e-01,1.730783752026444411e+00,2.000000000000000000e+01,6.806539427206995119e-02,-2.913663510655947775e+01,6.336198578074974108e+00,-4.747186806604319287e+01,5.263928503986606167e+00,-5.619531388655985893e+01,6.494527360649241743e+00,7.000000000000000000e+01,7.632127535634779179e+02,5.777712016198540113e+01,3.514000000000000000e+06,2.695500000000000118e-01,-1.010200789999780795e+03,1.000000000000000000e+00
2.651656119071281112e-03,4.331400708770236085e-03,6.248128998013063873e-01,1.387959165215011614e+00,2.000000000000000000e+01,7.419777093964644021e-02,-3.441903056626166801e+01,5.915353313744459385e+00,-4.425938760979674669e+01,5.768323761071988187e+00,-5.756891942109351135e+01,6.437454247908789284e+00,7.100000000000000000e+01,6.756819340015576927e+02,5.836201015054164998e+01,3.547000000000000000e+06,2.428299999999999903e-01,-8.304296000000349522e+02,1.000000000000000000e+00
2.584913128444641089e-03,4.703896980131672817e-03,6.080775265651486849e-01,1.027151552554470104e+00,2.000000000000000000e+01,7.425853422767726697e-02,-3.415729283620486001e+01,6.014597704878182682e+00,-4.711996140468006899e+01,5.964107106028029293e+00,-6.151549219317674755e+01,6.045668065277399528e+00,7.200000000000000000e+01,5.350149642245429504e+02,5.982468185765787894e+01,3.485300000000000000e+06,2.285200000000000009e-01,-7.760200020000808081e+02,1.000000000000000000e+00
2.748958413536178522e-03,4.281075224009453853e-03,6.600864399693336937e-01,7.657563053533988917e-01,2.000000000000000000e+01,7.394436031195551762e-02,-3.626804019237417265e+01,5.912594874478674711e+00,-4.473220280055014086e+01,6.003022132483572193e+00,-5.902273907884244863e+01,6.255564871495685075e+00,7.300000000000000000e+01,5.508567648031704493e+02,5.958611690021705698e+01,3.523600000000000000e+06,2.739400000000000168e-01,-9.766245139998866307e+02,1.000000000000000000e+00
2.734654435154435480e-03,4.606254124178680957e-03,6.187510951409511684e-01,1.520107960132714986e+00,2.000000000000000000e+01,7.442110427867165701e-02,-3.150420320123460627e+01,6.293083761970210688e+00,-4.466822519328049168e+01,5.938477115671753737e+00,-6.150629104623627086e+01,5.936143578107515140e+00,7.400000000000000000e+01,7.412914066307256462e+02,5.795851978474251354e+01,3.541300000000000000e+06,2.129600000000000104e-01,-6.911370270000453502e+02,1.000000000000000000e+00
2.716658782429362019e-03,4.428044208753727749e-03,6.319212955250950170e-01,1.599462828422456351e+00,2.000000000000000000e+01,7.435338325275549221e-02,-3.313278099736929505e+01,6.183826630014014114e+00,-4.361756758834125236e+01,5.736372724518908228e+00,-6.073656230652559174e+01,6.051522026011816102e+00,7.500000000000000000e+01,7.111724638774036293e+02,5.819880753909248483e+01,3.526500000000000000e+06,2.157799999999999996e-01,-6.841431180000830636e+02,1.000000000000000000e+00
2.750229612439298796e-03,4.605988155421956651e-03,6.156869002935839719e-01,1.486433333384466149e+00,2.000000000000000000e+01,7.442898813116402557e-02,-3.183861630886318039e+01,6.276180731211749020e+00,-4.470146857308942856e+01,5.940059977667806912e+00,-6.097683575781191223e+01,5.953298890949669797e+00,7.600000000000000000e+01,7.354855253130359642e+02,5.800532964818173554e+01,3.544000000000000000e+06,2.156299999999999883e-01,-7.159192699999238130e+02,1.000000000000000000e+00
2.758658171030778719e-03,4.676935920247653374e-03,5.702162140764616138e-01,9.502798496991494703e-01,2.000000000000000000e+01,7.466101322913119842e-02,-3.910436434535347416e+01,5.554624599974646415e+00,-4.883929240262478544e+01,6.022598454708393056e+00,-6.260054826595286670e+01,6.041734224762934424e+00,7.700000000000000000e+01,5.338732307847180891e+02,5.983000043200844686e+01,3.504300000000000000e+06,2.565000000000000058e-01,-9.195391630000550549e+02,1.000000000000000000e+00
2.906467201929422220e-03,3.969432571906095567e-03,6.076117774369645952e-01,1.872989929588356750e+00,2.000000000000000000e+01,7.761850875544783201e-02,-2.964909408651121581e+01,5.510769037908938905e+00,-4.436208766003422710e+01,6.659616749987749884e+00,-6.622454056400520983e+01,6.430425985247437026e+00,7.800000000000000000e+01,7.023592341537633956e+02,5.822245725980236131e+01,3.523400000000000000e+06,2.360700000000000021e-01,-8.779050000001562921e+02,1.000000000000000000e+00
2.679799485377256686e-03,4.462611968837622983e-03,6.389272539513666249e-01,1.803787391871474188e+00,2.000000000000000000e+01,7.409503140337481142e-02,-3.236641869077481459e+01,5.918666670373569971e+00,-4.413119811041894280e+01,5.802022232197049156e+00,-6.093118967895851767e+01,6.250434107606292145e+00,7.900000000000000000e+01,7.139807521366691390e+02,5.815603534747683767e+01,3.516000000000000000e+06,2.364499999999999935e-01,-7.853264029999081686e+02,1.000000000000000000e+00
2.732998856220657247e-03,4.432694482542126960e-03,6.314937708158382401e-01,1.545847497719693653e+00,2.000000000000000000e+01,7.430642955462095356e-02,-3.535370091432631057e+01,5.907765973351602362e+00,-4.502015867558574769e+01,5.923268144683303760e+00,-6.000948620069812023e+01,6.168664331490850472e+00,8.000000000000000000e+01,5.995429434918812603e+02,5.919216160426994833e+01,3.504000000000000000e+06,2.232699999999999962e-01,-7.307130999998805692e+02,1.000000000000000000e+00
2.707154607669889912e-03,4.180106123119878281e-03,6.529856927755632867e-01,9.707288168145834506e-01,2.000000000000000000e+01,7.432896383508451332e-02,-3.598814863896932081e+01,6.086863114328142643e+00,-4.359493280001222359e+01,6.062531306879249016e+00,-6.146290087544425518e+01,6.152094940513814336e+00,8.100000000000000000e+01,5.544595118808319967e+02,5.942260805467529394e+01,3.524200000000000000e+06,2.179200000000000026e-01,-6.629418510000922424e+02,1.000000000000000000e+00
2.692707087393457835e-03,4.412992415318319796e-03,6.264494145233578948e-01,1.188563615070284740e+00,2.000000000000000000e+01,7.472162891699703213e-02,-3.424670043035769140e+01,6.106975552658846951e+00,-4.413014674904775347e+01,5.928835242888254697e+00,-6.305110025061360091e+01,5.988134496449209365e+00,8.200000000000000000e+01,5.960003537478833096e+02,5.922461389633967599e+01,3.496200000000000000e+06,1.825600000000000001e-01,-5.127491040000239764e+02,1.000000000000000000e+00
2.743954409863685363e-03,4.473831136485062129e-03,6.305862926468011054e-01,1.855500357430428959e+00,2.000000000000000000e+01,7.422691462778213678e-02,-3.246807172409982201e+01,6.191081297065503364e+00,-4.312301219043734335e+01,5.684739033073155312e+00,-6.046015956326330354e+01,6.076010407002794267e+00,8.300000000000000000e+01,7.698516165715203670e+02,5.774041723404176452e+01,3.535200000000000000e+06,2.294200000000000128e-01,-7.741766880000037645e+02,1.000000000000000000e+00
2.853018428836247462e-03,4.484109364487010030e-03,6.839320324737453438e-01,1.352323190738242920e+00,2.000000000000000000e+01,7.031950635438528885e-02,-3.367558673329254049e+01,6.612012142114440216e+00,-4.093210549736249959e+01,6.476009109719171875e+00,-5.829999126323982495e+01,5.919626056771983613e+00,8.400000000000000000e+01,6.687881812669766077e+02,5.850831151088524251e+01,3.527400000000000000e+06,1.772499999999999909e-01,-4.896063999999585690e+02,1.000000000000000000e+00
2.760900054204400676e-03,4.532337466665243772e-03,6.306137169326314629e-01,1.457540816491150304e+00,2.000000000000000000e+01,7.435055183597304163e-02,-3.120798421980934734e+01,6.227429854419293420e+00,-4.444109582447099882e+01,5.985422012219831167e+00,-6.160777671445151782e+01,5.890011977728416781e+00,8.500000000000000000e+01,7.456453986751211005e+02,5.794838147173603460e+01,3.539400000000000000e+06,2.183299999999999963e-01,-7.081939350000656077e+02,1.000000000000000000e+00
2.532759498765774654e-03,4.873810867949413851e-03,6.251599741978014491e-01,1.479179519061312176e+00,2.000000000000000000e+01,6.910995129003282000e-02,-3.281058944782015629e+01,5.567466693524371735e+00,-4.716546603933591797e+01,5.621335525860120086e+00,-6.262656585227907158e+01,5.947712095481358041e+00,8.600000000000000000e+01,7.035267877199191844e+02,5.821630996233257349e+01,3.534000000000000000e+06,2.419600000000000084e-01,-8.571317999998357209e+02,1.000000000000000000e+00
2.841372474858152794e-03,4.345781642703071268e-03,6.670984244031261667e-01,7.601790289049049631e-01,2.000000000000000000e+01,7.422910246555183833e-02,-3.423607291045809120e+01,6.170555294608827346e+00,-4.520931830252694539e+01,5.623421580503849881e+00,-6.472152604718485236e+01,6.515446205763809395e+00,8.700000000000000000e+01,4.885368456405249731e+02,6.024455661238928172e+01,3.477400000000000000e+06,2.260600000000000109e-01,-7.208563999999317957e+02,1.000000000000000000e+00
2.676884276842580145e-03,4.330216564534957423e-03,5.664004290500317396e-01,2.036856271561338527e+00,2.000000000000000000e+01,7.791889265843375545e-02,-2.800093358344454231e+01,5.665711654831642186e+00,-4.705751805155728107e+01,5.962877067488943084e+00,-6.849625476202089658e+01,6.166087156865439844e+00,8.800000000000000000e+01,7.712607855321399484e+02,5.761281125776168466e+01,3.551000000000000000e+06,2.087900000000000034e-01,-6.834010730000406966e+02,1.000000000000000000e+00
2.768475623368331622e-03,4.419442752079020577e-03,6.495128851004201564e-01,1.121339741874576301e+00,2.000000000000000000e+01,7.409178498890096887e-02,-3.488154199133950328e+01,6.009408930337226451e+00,-4.441192980839851856e+01,5.969534722652752201e+00,-6.057207798845166735e+01,6.118155602426479156e+00,8.900000000000000000e+01,6.005392995063236867e+02,5.913125363129164924e+01,3.517000000000000000e+06,2.483100000000000029e-01,-8.515321429998060694e+02,1.000000000000000000e+00
2.747515136157166124e-03,4.544846091000349572e-03,6.243941209140004833e-01,1.403033815164555609e+00,2.000000000000000000e+01,7.435753783467596856e-02,-3.293092014728359374e+01,6.171852035021469618e+00,-4.433618941775367261e+01,5.993373682181259099e+00,-6.245426469333031605e+01,5.916438351242078397e+00,9.000000000000000000e+01,6.642840065009118007e+02,5.856065341090921095e+01,3.516600000000000000e+06,2.202600000000000113e-01,-7.307848000000715274e+02,1.000000000000000000e+00
2.842146394557951671e-03,4.282279327589351425e-03,6.205569110560876789e-01,1.668676394203976399e+00,2.000000000000000000e+01,7.473702590019842829e-02,-3.562591481415405781e+01,6.501090014471267331e+00,-4.631764052803546861e+01,5.960903325881753645e+00,-5.897275420818412783e+01,6.404275754584503488e+00,9.100000000000000000e+01,6.018781324583114838e+02,5.893866515360061697e+01,3.575600000000000000e+06,1.944299999999999917e-01,-5.990914919999776203e+02,1.000000000000000000e+00
2.822837856761393951e-03,4.367686277672439693e-03,6.202351519492750320e-01,1.135710475510477435e+00,2.000000000000000000e+01,7.471431831880959162e-02,-3.735144408398759452e+01,7.068610869420588472e+00,-5.090156652907680268e+01,5.928053507262965205e+00,-5.614690773545148517e+01,6.601907935067532485e+00,9.200000000000000000e+01,4.685371750500856365e+02,6.025264511715619875e+01,3.615300000000000000e+06,1.980300000000000116e-01,-6.165431999999789241e+02,1.000000000000000000e+00
2.726729681121858786e-03,4.458367265009552036e-03,6.549983956652811745e-01,-7.030504489567620530e-01,2.000000000000000000e+01,7.567148361598295681e-02,-3.713527067151156302e+01,6.099316395238133737e+00,-4.905363209740382047e+01,5.845829803379348100e+00,-6.547587608877438470e+01,6.740286725402710566e+00,9.300000000000000000e+01,2.176075977758041518e+02,6.333708452026288427e+01,3.440000000000000000e+06,1.184599999999999959e-01,-2.364308999999891512e+02,1.000000000000000000e+00
2.759463214180432264e-03,4.512731103383150859e-03,6.445829231547205440e-01,1.382813750933812535e+00,2.000000000000000000e+01,7.401170971856049774e-02,-3.144065551273492787e+01,6.381749557428792130e+00,-4.589877567766406230e+01,5.774468319174354214e+00,-6.180858547896427524e+01,6.132342880006398822e+00,9.400000000000000000e+01,6.811550903120535168e+02,5.828222562642350368e+01,3.534800000000000000e+06,2.575399999999999912e-01,-9.101973989998200523e+02,1.000000000000000000e+00
2.648335259830125223e-03,4.462587911193698249e-03,6.190932472150789678e-01,1.041015484837412020e+00,2.000000000000000000e+01,7.402834225176885274e-02,-3.413595504630994526e+01,6.373819184208878497e+00,-4.265433887812665148e+01,6.280659514452693770e+00,-6.206312482358458738e+01,5.870734505636875156e+00,9.500000000000000000e+01,6.579160136644674139e+02,5.856974946970758111e+01,3.567900000000000000e+06,2.715099999999999736e-01,-1.030517224999994369e+03,1.000000000000000000e+00
2.626817503011098960e-03,4.410096119648120039e-03,6.242360760294678457e-01,5.369688813795789883e-01,2.000000000000000000e+01,7.471616510922626797e-02,-3.568527331567113237e+01,6.030542895162258610e+00,-4.493416460044957006e+01,5.879577187094780832e+00,-6.399036950817098557e+01,5.997945195502998317e+00,9.600000000000000000e+01,4.649663670684176395e+02,6.053609808789323665e+01,3.459700000000000000e+06,1.852999999999999925e-01,-5.172582690000591583e+02,1.000000000000000000e+00
2.759688368173623691e-03,4.175145648697969371e-03,6.019664526246972791e-01,-5.096674441188692173e-01,2.000000000000000000e+01,7.353162574836043242e-02,-3.886013411311925836e+01,6.543517995317089664e+00,-5.208886563974564865e+01,5.776901000024284194e+00,-5.604444851860101551e+01,6.770724957053253945e+00,9.700000000000000000e+01,2.113726801180245616e+02,6.349341768359476390e+01,3.436900000000000000e+06,1.005000000000000060e-01,-1.652722910000039462e+02,1.000000000000000000e+00
2.699869957715076221e-03,4.479456350099092661e-03,6.453521040847085555e-01,2.110406592387882030e-01,2.000000000000000000e+01,7.435470478650899051e-02,-3.709200825782711775e+01,5.968577174522804896e+00,-4.761047668012924561e+01,5.906478409779157168e+00,-6.343468987880743271e+01,6.370979853282427996e+00,9.800000000000000000e+01,3.347607997089141350e+02,6.191187127056224426e+01,3.449200000000000000e+06,2.158599999999999963e-01,-6.657300000000424234e+02,1.000000000000000000e+00
2.748119108789475080e-03,4.379434964623524912e-03,6.494003356533912807e-01,7.096333940370518345e-01,2.000000000000000000e+01,7.493165623948275234e-02,-3.498291001133048894e+01,6.085328966521517557e+00,-4.533509208605718754e+01,5.995277676979980264e+00,-6.566441418708512856e+01,6.178002113044426480e+00,9.900000000000000000e+01,4.630921669958801203e+02,6.058543297602072641e+01,3.466600000000000000e+06,1.579099999999999948e-01,-3.875596000000298886e+02,1.000000000000000000e+00
2.764770137339570000e-03,4.277598714920273666e-03,6.124102403211105772e-01,1.366960157762485029e+00,2.000000000000000000e+01,7.449270515433209505e-02,-3.435123529228148698e+01,6.355498207260577459e+00,-4.221730492976493565e+01,5.860138960817516285e+00,-6.322997455812438261e+01,6.093892188691008904e+00,1.000000000000000000e+02,6.423579260869792051e+02,5.863699092365072119e+01,3.532100000000000000e+06,2.241599999999999981e-01,-7.749401360001195371e+02,1.000000000000000000e+00
2.715011186551550063e-03,4.466786668922357977e-03,6.452717910653235078e-01,9.739154057743773518e-02,2.000000000000000000e+01,7.425835351812370977e-02,-3.704889935345304508e+01,5.958374981687179606e+00,-4.763854716011449142e+01,5.906718985262811472e+00,-6.325532816250947832e+01,6.340952589592884436e+00,1.010000000000000000e+02,3.376938179215404716e+02,6.189596280791535321e+01,3.448900000000000000e+06,2.300200000000000022e-01,-7.490684999999161846e+02,1.000000000000000000e+00
2.588001200478686533e-03,4.796608553485136144e-03,6.057239113048847878e-01,-1.576540830729462050e-01,2.000000000000000000e+01,8.097262586808165463e-02,-3.663830038662241861e+01,6.287264583580716604e+00,-4.508945812316392932e+01,5.634251676565502187e+00,-6.734888597249224063e+01,6.366431502242053675e+00,1.020000000000000000e+02,3.410323741004616522e+02,6.183234038475126226e+01,3.463400000000000000e+06,2.539100000000000246e-01,-8.927338909999100451e+02,1.000000000000000000e+00
2.308943805896567295e-03,4.756586219858655734e-03,7.195133832561991793e-01,-5.536605083713987963e-01,2.000000000000000000e+01,8.645170152544799647e-02,-3.613632875646747067e+01,7.191001625335614378e+00,-4.838500264169014997e+01,5.952760753248218073e+00,-6.712740861443515428e+01,6.326617694325957331e+00,1.030000000000000000e+02,2.257609189977897586e+02,6.326894853479769409e+01,3.442600000000000000e+06,1.023000000000000020e-01,-1.744390249999964055e+02,1.000000000000000000e+00
2.656546941532679160e-03,4.246870586057286713e-03,6.630981324156148826e-01,3.486193117115278794e-01,2.000000000000000000e+01,7.479572216855545630e-02,-3.495864370383380049e+01,6.213832657970829842e+00,-4.753974728120650184e+01,5.485140619274051943e+00,-6.177748871919108353e+01,6.447061572187955392e+00,1.040000000000000000e+02,4.566214153947781824e+02,6.062474057397827920e+01,3.478200000000000000e+06,1.618199999999999916e-01,-3.837608109999635531e+02,1.000000000000000000e+00
2.839185053221968645e-03,4.261653223529325921e-03,6.207008313554033263e-01,1.682403313972904435e+00,2.000000000000000000e+01,7.473851154528274310e-02,-3.508049947491317511e+01,6.684246771832762946e+00,-4.727968507713984536e+01,5.967772511335118324e+00,-5.824049678696314913e+01,6.141661717040660662e+00,1.050000000000000000e+02,6.195064868058082084e+02,5.882444996485252631e+01,3.581000000000000000e+06,1.939200000000000090e-01,-5.992161559999979090e+02,1.000000000000000000e+00
2.508033366256378315e-03,4.330828723477017118e-03,6.385751041905178838e-01,6.743336808479643008e-01,2.000000000000000000e+01,7.419251722754374723e-02,-3.578827462687532091e+01,5.967430201820477009e+00,-4.617303673957279386e+01,6.122448857123080401e+00,-6.317702818371873263e+01,5.892949412490345651e+00,1.060000000000000000e+02,4.447285616575316567e+02,6.064403551961110139e+01,3.465300000000000000e+06,2.252500000000000058e-01,-6.947995999999516243e+02,1.000000000000000000e+00
2.508333505502605663e-03,4.510638678563179578e-03,6.214953633429256552e-01,-3.412151866526861865e-01,2.000000000000000000e+01,7.450689318677118644e-02,-4.058033696883867947e+01,5.858636851675687929e+00,-4.925668498149381946e+01,6.108401913365257840e+00,-5.955438935286345270e+01,6.617903614918930089e+00,1.070000000000000000e+02,2.348953196855669319e+02,6.302853201188428045e+01,3.473800000000000000e+06,2.016999999999999904e-01,-5.903831999999596292e+02,1.000000000000000000e+00
2.474206640121460240e-03,4.769349856013208218e-03,6.761412002451165915e-01,-1.617659114303811041e-01,2.000000000000000000e+01,7.084185192209251081e-02,-3.659038860468948684e+01,6.046300308983663996e+00,-4.341221312274699073e+01,5.366148527906222654e+00,-6.245730191952244326e+01,6.301229479746762507e+00,1.080000000000000000e+02,2.747058960963905747e+02,6.260742198538599013e+01,3.437300000000000000e+06,1.989799999999999902e-01,-5.670301560000322070e+02,1.000000000000000000e+00
2.536689355154602733e-03,4.466125893035285954e-03,6.256322189574854420e-01,-3.726074272049761937e-01,2.000000000000000000e+01,7.448248764590950644e-02,-3.746266938398751734e+01,6.033183451468326908e+00,-4.809291448383723377e+01,6.044322991595262096e+00,-6.181814367524594900e+01,6.264723407312049019e+00,1.090000000000000000e+02,3.204456789769344027e+02,6.194116123433235543e+01,3.472300000000000000e+06,2.056099999999999872e-01,-6.112502759999973705e+02,1.000000000000000000e+00
2.586666472710804580e-03,4.291034876906426807e-03,6.604509929682736979e-01,-7.183430968993905763e-01,2.000000000000000000e+01,6.704570054901765053e-02,-3.547338240382219254e+01,6.083396635146171683e+00,-5.095391359786561480e+01,6.049656751513106556e+00,-5.506565991158677775e+01,7.153586845034204167e+00,1.100000000000000000e+02,1.911267765275831323e+02,6.356852296552115433e+01,3.451100000000000000e+06,1.859000000000000097e-01,-4.654807399999851896e+02,1.000000000000000000e+00
2.548078870757209888e-03,4.587923523374765229e-03,6.519622377572201755e-01,-2.323067443213669425e-01,2.000000000000000000e+01,7.104373102598943168e-02,-3.688547493749396011e+01,6.290340496804324388e+00,-4.285601673275008494e+01,6.037578974913534680e+00,-6.880305129959545241e+01,6.738420201404824894e+00,1.110000000000000000e+02,3.454389395683714952e+02,6.178373956054917926e+01,3.467200000000000000e+06,2.327299999999999924e-01,-7.892226870001444468e+02,1.000000000000000000e+00
2.201050854918975425e-03,3.872323292827113250e-03,6.889355980455326156e-01,-7.049853316386889279e-01,2.000000000000000000e+01,7.867198321682139506e-02,-3.591243290671430799e+01,5.935280446689269240e+00,-4.656777546336008555e+01,5.379795123666538004e+00,-6.345063153305697767e+01,6.676809658002423653e+00,1.120000000000000000e+02,1.910196081511278692e+02,6.372402094784191462e+01,3.397500000000000000e+06,7.655299999999999605e-02,-8.049599999999860245e+01,1.000000000000000000e+00
2.736938305404219667e-03,4.253698487278190221e-03,6.118857495999802110e-01,1.026266112384249807e+00,2.000000000000000000e+01,7.448197756856589358e-02,-3.429380411493136194e+01,6.394413869322007393e+00,-4.206194580123259641e+01,6.104029249372034727e+00,-6.329773760183459075e+01,6.083539729709145583e+00,1.130000000000000000e+02,6.328639254754224339e+02,5.870209592180615488e+01,3.557200000000000000e+06,2.290300000000000114e-01,-7.935446339998851499e+02,1.000000000000000000e+00
2.536481042915211901e-03,4.909383847328748635e-03,6.217734093687088404e-01,-4.897715768530467861e-01,2.000000000000000000e+01,7.457574508243902667e-02,-3.845610980233686149e+01,6.637805247135057485e+00,-4.680476191491476357e+01,6.190480324850282656e+00,-6.533318912579068183e+01,5.819525777921098708e+00,1.140000000000000000e+02,2.771480669328988142e+02,6.251350598369933209e+01,3.481600000000000000e+06,1.876400000000000012e-01,-5.230056710000100111e+02,1.000000000000000000e+00
2.417060439708319190e-03,4.634734686485766399e-03,6.389628426417162110e-01,-3.664341814956953436e-01,2.000000000000000000e+01,7.656477111860238161e-02,-3.839376146779091670e+01,5.954947451123221214e+00,-4.777784836072334684e+01,5.971279678367169552e+00,-6.241756582983400392e+01,6.331223125721043843e+00,1.150000000000000000e+02,2.933211335700961513e+02,6.241527354508816927e+01,3.454000000000000000e+06,8.500000000000000611e-02,-1.210922009999965923e+02,1.000000000000000000e+00
2.665448093492496246e-03,4.470914198216291782e-03,6.148446575701964623e-01,-1.199488726124847693e-01,2.000000000000000000e+01,7.481011392029052187e-02,-3.747398986991409231e+01,6.116381268310117747e+00,-4.742012414122146424e+01,5.960403019876608255e+00,-6.525103818814250189e+01,6.032544247704329621e+00,1.160000000000000000e+02,2.931159631234963285e+02,6.249737682433841712e+01,3.429200000000000000e+06,1.870499999999999940e-01,-5.449904550000381960e+02,1.000000000000000000e+00
2.557586716388435700e-03,5.038069293316432828e-03,6.519879552730868388e-01,-6.547845377638067399e-01,2.000000000000000000e+01,6.887450597394856322e-02,-3.840164354974668015e+01,5.910468244098600721e+00,-4.926661271751328286e+01,6.639804878606867078e+00,-5.893553044981843669e+01,6.524218022442214604e+00,1.170000000000000000e+02,2.419332416603955380e+02,6.298641722392346765e+01,3.453400000000000000e+06,1.164400000000000018e-01,-2.342909999999850754e+02,1.000000000000000000e+00
3.098737491214700272e-03,4.170796253034537819e-03,8.245676507356014540e-01,-5.119000226468920500e-01,2.000000000000000000e+01,7.076324316120849445e-02,-3.694410779945749823e+01,5.674727319444324181e+00,-5.576536116679506705e+01,6.134735523101818799e+00,-4.788928908689781849e+01,7.370109443239441838e+00,1.180000000000000000e+02,2.559813468602710600e+02,6.285150849460701039e+01,3.441200000000000000e+06,1.114900000000000058e-01,-1.986090000000108091e+02,1.000000000000000000e+00
2.629739768843253681e-03,4.681259178028722955e-03,6.209310989920633350e-01,4.410992276434066994e-01,2.000000000000000000e+01,7.417803170941875135e-02,-3.570788299879641414e+01,6.035672173540721275e+00,-4.725690350703574438e+01,5.976575892563071868e+00,-6.203139444219441145e+01,6.127727903942791876e+00,1.190000000000000000e+02,4.385645993697538074e+02,6.075391379061090191e+01,3.476100000000000000e+06,2.412199999999999900e-01,-8.361678460000496216e+02,1.000000000000000000e+00
2.269901776897564026e-03,4.756219494708792059e-03,6.471680701042842321e-01,-5.457905584317981340e-01,2.000000000000000000e+01,7.726562590948762854e-02,-3.879063956939581459e+01,5.990463237622564385e+00,-5.049823158756955621e+01,5.922823351420551496e+00,-5.924762401643640430e+01,6.764137296549968426e+00,1.200000000000000000e+02,2.635332729935448697e+02,6.261346112926109697e+01,3.488100000000000000e+06,7.048300000000000398e-02,-7.816401100000123847e+01,1.000000000000000000e+00
2.441957880472601320e-03,4.670068678385754998e-03,6.550616219889842107e-01,-3.356864665805547321e-01,2.000000000000000000e+01,7.609010849894128070e-02,-3.859963384197941139e+01,6.067509435281028374e+00,-4.928758235474359140e+01,5.890945471050573090e+00,-6.166218920342818421e+01,6.412176780364127637e+00,1.210000000000000000e+02,2.618378278763074150e+02,6.275855891299170963e+01,3.456100000000000000e+06,9.500599999999999323e-02,-1.458688000000030911e+02,1.000000000000000000e+00
2.522366188214944342e-03,4.567494653973645270e-03,6.625076948567578672e-01,-4.485435259325900592e-01,2.000000000000000000e+01,7.787444725467870810e-02,-3.672561572714236178e+01,6.255786822299250538e+00,-4.918280717717326667e+01,6.086446686725341948e+00,-6.309408338813286576e+01,6.527831253525783417e+00,1.220000000000000000e+02,3.077157436654674143e+02,6.212205014287428639e+01,3.493800000000000000e+06,6.298299999999999732e-02,-6.792613599999920382e+01,1.000000000000000000e+00
2.567408560018202140e-03,4.517564799477334116e-03,6.354072596627613478e-01,-2.628361213898539051e-01,2.000000000000000000e+01,7.475541410319150315e-02,-3.766450818794273658e+01,6.004228348097081280e+00,-4.877784300341173207e+01,5.993562198454075229e+00,-6.187699126417119544e+01,6.253031829972544031e+00,1.230000000000000000e+02,2.981154066747196794e+02,6.224076858656314926e+01,3.456700000000000000e+06,1.730599999999999916e-01,-4.387020089999753623e+02,1.000000000000000000e+00
2.626203076077134740e-03,4.662722453067548976e-03,6.207562652152329719e-01,4.148241464076615759e-01,2.000000000000000000e+01,7.418575378860889358e-02,-3.588392736430430574e+01,6.043822859431427830e+00,-4.721715928717563315e+01,5.983232394173696456e+00,-6.219756222739049178e+01,6.106902104111425089e+00,1.240000000000000000e+02,4.291018786367347388e+02,6.084896888583084973e+01,3.473600000000000000e+06,2.411699999999999955e-01,-8.313884339999909798e+02,1.000000000000000000e+00
2.666439709049736942e-03,4.875439929326986534e-03,6.719249386195542684e-01,4.182656995352347362e-01,2.000000000000000000e+01,6.787858880860321575e-02,-3.347748919234902587e+01,6.204443472194814291e+00,-4.522519337115356564e+01,5.739187589345350560e+00,-6.311607905172418498e+01,6.635870280756112294e+00,1.250000000000000000e+02,4.157167112025880442e+02,6.089804184291947564e+01,3.488800000000000000e+06,2.673300000000000121e-01,-9.872189829998229698e+02,1.000000000000000000e+00
2.525940925922738611e-03,4.669796782971922904e-03,6.334332470703865070e-01,-9.018795004971205120e-01,2.000000000000000000e+01,7.599672830259976419e-02,-4.032475002336899195e+01,6.118292492523775827e+00,-4.975970143360430598e+01,6.112328189315348048e+00,-6.164863944607830604e+01,6.434220026065759157e+00,1.260000000000000000e+02,1.804435680499658474e+02,6.379811481643621818e+01,3.461600000000000000e+06,1.033899999999999958e-01,-1.848190000000034843e+02,1.000000000000000000e+00
2.792805482684531000e-03,4.314925005898437825e-03,6.640071802356558583e-01,3.617068898684640543e-01,2.000000000000000000e+01,7.468900320165783313e-02,-3.640629431910591052e+01,6.483727755855213992e+00,-4.758903468923429614e+01,5.620012870614182532e+00,-6.152388717573435173e+01,6.368350532428450173e+00,1.270000000000000000e+02,4.256913861197274969e+02,6.086882783744640335e+01,3.501300000000000000e+06,1.784600000000000075e-01,-4.656861999999602517e+02,1.000000000000000000e+00
2.698403033928309207e-03,4.558597548708972526e-03,6.352135202993723917e-01,-8.634561727450305035e-01,2.000000000000000000e+01,7.502046583460263152e-02,-3.994003273476529614e+01,6.139526428064463026e+00,-4.873407919016781875e+01,6.092720931607106039e+00,-6.556517434013188961e+01,6.032960397847016765e+00,1.280000000000000000e+02,1.618821317976611169e+02,6.448536603218184382e+01,3.409200000000000000e+06,1.584099999999999953e-01,-3.964246640000151842e+02,1.000000000000000000e+00
2.692741335061137053e-03,4.250754609467921261e-03,6.879994604343004916e-01,-5.978177173094814112e-01,2.000000000000000000e+01,7.696524113914533782e-02,-4.149039114265887918e+01,6.276252982032381134e+00,-4.707697683019110002e+01,6.003014118508431807e+00,-6.514064231564816509e+01,6.606173667321286302e+00,1.290000000000000000e+02,1.619355236989778177e+02,6.445565095067387062e+01,3.450600000000000000e+06,7.741199999999999470e-02,-9.874370000000040193e+01,1.000000000000000000e+00
2.641657109871458665e-03,4.444816498152110579e-03,6.632999544468960451e-01,-8.165954016558110151e-01,2.000000000000000000e+01,7.568586453841306960e-02,-3.976545601763675108e+01,5.861149581332175451e+00,-4.848405743399912637e+01,5.943203216118126520e+00,-6.432558955360764230e+01,6.226634393898559772e+00,1.300000000000000000e+02,1.775399511566015178e+02,6.410154688810472123e+01,3.400000000000000000e+06,1.136100000000000027e-01,-2.113608000000110394e+02,1.000000000000000000e+00
2.647244738977715377e-03,4.628212723740881065e-03,6.186490367923818123e-01,-9.434805536743803289e-01,2.000000000000000000e+01,7.482344049425483645e-02,-3.962411847195346581e+01,6.015275918781599174e+00,-4.927156793072001051e+01,6.082195774742202410e+00,-6.510368752139127935e+01,5.960622071955667067e+00,1.310000000000000000e+02,1.605309661714225342e+02,6.451218571452312744e+01,3.396100000000000000e+06,1.831200000000000050e-01,-5.212805640000530047e+02,1.000000000000000000e+00
2.649056366516173208e-03,4.596077778509797054e-03,6.260867586635368021e-01,-9.110284829850935351e-01,2.000000000000000000e+01,7.519561524823883958e-02,-3.979940655974488095e+01,6.021448948053173211e+00,-4.930556368633419595e+01,6.101985035569628124e+00,-6.490743617877916449e+01,5.927332268230809831e+00,1.320000000000000000e+02,1.603376849537041267e+02,6.453844632378435620e+01,3.397100000000000000e+06,1.463700000000000001e-01,-3.543479000000233441e+02,1.000000000000000000e+00
2.520870844473650872e-03,4.606370151757192138e-03,6.143018729859636151e-01,-3.694116399333234879e-01,2.000000000000000000e+01,8.144148585663488205e-02,-4.185962956955623326e+01,5.434324100906033017e+00,-4.797577015951271306e+01,5.824957239993365121e+00,-6.958644005373625419e+01,6.373137590368825656e+00,1.330000000000000000e+02,1.052842360787090144e+02,6.811990597144666992e+01,3.311700000000000000e+06,2.593199999999999950e-01,-8.938655830001496270e+02,1.000000000000000000e+00
2.730722063824459703e-03,4.562979832499622183e-03,6.755135588709380023e-01,3.733398202367594898e-01,2.000000000000000000e+01,7.482159534059998340e-02,-3.558170784411563403e+01,6.375651593890472313e+00,-4.931335529037075815e+01,5.768980861709213315e+00,-6.206099528765231810e+01,6.492214825073157947e+00,1.340000000000000000e+02,3.979083754084361431e+02,6.110678894575021758e+01,3.495400000000000000e+06,1.523799999999999877e-01,-3.492025879999997073e+02,1.000000000000000000e+00
2.655855228424881809e-03,4.619732227755227530e-03,6.168702655693643067e-01,-9.675305816953994054e-01,2.000000000000000000e+01,7.485332082311832447e-02,-3.923236745777498413e+01,6.052117027265422777e+00,-4.948759273622882660e+01,6.059848418572922668e+00,-6.517787946749700723e+01,5.931519397354911405e+00,1.350000000000000000e+02,1.652848660664984948e+02,6.440752017359055515e+01,3.396300000000000000e+06,1.822300000000000031e-01,-5.202199080000303866e+02,1.000000000000000000e+00
2.746939267755413219e-03,4.597944706806036952e-03,6.485197451240883870e-01,3.001385539779362066e-01,2.000000000000000000e+01,7.486179654442035036e-02,-3.602396623922125940e+01,6.369052852549824451e+00,-4.931387544661371436e+01,5.757824674197271619e+00,-6.201998831042664051e+01,6.217155546579808956e+00,1.360000000000000000e+02,3.867687955568587199e+02,6.137883200182931631e+01,3.476000000000000000e+06,1.603300000000000003e-01,-4.010634599999725651e+02,1.000000000000000000e+00
2.699555851636965126e-03,4.557071839748247713e-03,6.291866097581771955e-01,1.808426868935058551e-01,2.000000000000000000e+01,7.450228283415373520e-02,-3.625204458934025098e+01,6.363946109837177900e+00,-4.736895084342595652e+01,5.623622869485421560e+00,-6.322248184841013341e+01,6.288699461211689545e+00,1.370000000000000000e+02,3.869852914957273811e+02,6.132366067589423864e+01,3.470200000000000000e+06,2.066900000000000126e-01,-6.392700000000401133e+02,1.000000000000000000e+00
2.647733932766169630e-03,4.573051019495772036e-03,6.437417569248985449e-01,1.990144344396156395e-01,2.000000000000000000e+01,7.527074311482584434e-02,-3.724797270120022574e+01,6.056257848234298358e+00,-4.744153528865054170e+01,6.010321989560893030e+00,-6.168026419684021278e+01,6.205105560032150080e+00,1.380000000000000000e+02,3.865634071381657009e+02,6.138053128458037122e+01,3.477300000000000000e+06,1.332599999999999896e-01,-2.920755029999830299e+02,1.000000000000000000e+00
2.779120768828581035e-03,4.571564926163623407e-03,6.196998919157538088e-01,1.601051748073941683e-01,2.000000000000000000e+01,7.476375684640150510e-02,-3.634508130855905961e+01,6.271517060988268000e+00,-4.633465016625830657e+01,6.119609974634884431e+00,-6.483055756827712912e+01,6.001015782430229706e+00,1.390000000000000000e+02,3.905084440736384295e+02,6.127016712281210431e+01,3.476400000000000000e+06,1.912999999999999978e-01,-5.797899470000180600e+02,1.000000000000000000e+00
2.652175925839425196e-03,4.370166302131890668e-03,6.434763521193346270e-01,8.388547115307604107e-02,2.000000000000000000e+01,7.484927830333323873e-02,-3.631614649693970875e+01,5.824332206435123283e+00,-4.712107035816902112e+01,5.780606310651354107e+00,-6.230863135069191117e+01,6.433870786143079279e+00,1.400000000000000000e+02,3.858162712769935183e+02,6.139720597873659358e+01,3.452400000000000000e+06,1.659799999999999887e-01,-4.152148000000156571e+02,1.000000000000000000e+00
2.758988552687596189e-03,4.551164652000835170e-03,6.262051876279859375e-01,-1.561447165736284948e-01,2.000000000000000000e+01,7.439561354203413912e-02,-3.476947246317616447e+01,6.330716818190511574e+00,-4.878642342933939346e+01,5.596174829661501704e+00,-6.490962101866620060e+01,6.195971308404397249e+00,1.410000000000000000e+02,3.585443321253555382e+02,6.173163971694460628e+01,3.440100000000000000e+06,2.285200000000000009e-01,-7.801560609998848577e+02,1.000000000000000000e+00
2.556889608711914764e-03,4.630688113930204672e-03,6.339837257740422727e-01,-8.503135455055771397e-01,2.000000000000000000e+01,7.614900795518378396e-02,-4.003842700741925853e+01,6.123452660259306235e+00,-4.957501861890906980e+01,6.020616695303550259e+00,-6.452502253162400336e+01,6.383066846183099941e+00,1.420000000000000000e+02,1.516856079924457106e+02,6.458802706843059127e+01,3.423800000000000000e+06,9.863199999999999745e-02,-1.723411260000014238e+02,1.000000000000000000e+00
2.580022734359700611e-03,3.994542590687362102e-03,6.262055370443848634e-01,1.362988515479361951e-01,2.000000000000000000e+01,7.425376035710068434e-02,-3.948540325427865127e+01,5.663323096655444644e+00,-4.352761222514571671e+01,6.237743783431830558e+00,-5.779962877048686209e+01,5.644240377213089133e+00,1.430000000000000000e+02,3.591380714802767216e+02,6.158958071515981914e+01,3.460100000000000000e+06,1.991300000000000014e-01,-5.754407999999815502e+02,1.000000000000000000e+00
2.639164381207111283e-03,4.531832092729362778e-03,6.409339853452795666e-01,-6.782396572639118881e-01,2.000000000000000000e+01,7.494461900616070094e-02,-3.918641631790544011e+01,6.089026774049154156e+00,-4.942625992433850257e+01,5.950966801075454171e+00,-6.477674881081202329e+01,6.228430571361169399e+00,1.440000000000000000e+02,1.751660693248688290e+02,6.416418145851605459e+01,3.411600000000000000e+06,1.580199999999999938e-01,-3.867908989999981486e+02,1.000000000000000000e+00
2.681746635704729785e-03,4.735932816243398381e-03,6.439685996661551615e-01,-1.146283453955948994e+00,2.000000000000000000e+01,7.414803719350278322e-02,-3.972027004587597787e+01,6.230752367730755026e+00,-4.917439540536313558e+01,6.105173097827121254e+00,-6.451408631877397681e+01,6.042672086436484236e+00,1.450000000000000000e+02,1.698928542070726166e+02,6.421992664401757622e+01,3.426800000000000000e+06,2.436000000000000110e-01,-8.260560000001232765e+02,1.000000000000000000e+00
2.762526081902923637e-03,4.254484535823358123e-03,7.169389857606640604e-01,-9.515847601414003654e-01,2.000000000000000000e+01,7.396585697855331820e-02,-3.758700655405814217e+01,5.839714492515067690e+00,-5.545481925682567947e+01,5.240433773869602518e+00,-7.336784818870818015e+01,4.009964883399980806e+00,1.460000000000000000e+02,1.081776766973816279e+02,6.786527501118703753e+01,3.347700000000000000e+06,2.692300000000000249e-01,-9.716100000001507624e+02,1.000000000000000000e+00
2.695621584271489304e-03,4.570296595871652968e-03,6.293159683930253934e-01,-1.077709111620429372e+00,2.000000000000000000e+01,7.509474761881178295e-02,-3.993714969798817549e+01,6.137753095878878185e+00,-4.897379712185137635e+01,6.077525197023120995e+00,-6.586184728392726129e+01,6.003852795544069920e+00,1.470000000000000000e+02,1.480034617685691387e+02,6.473573221544637590e+01,3.401000000000000000e+06,1.564000000000000112e-01,-3.928985239999877876e+02,1.000000000000000000e+00
2.643118192487415620e-03,4.342460334104925393e-03,6.536077430139330957e-01,-6.963643872702515170e-01,2.000000000000000000e+01,7.418579433395577905e-02,-4.120713691780323273e+01,5.839040057441286180e+00,-5.204322430255975007e+01,5.518804507717341323e+00,-6.500108914880978261e+01,6.358879926196462584e+00,1.480000000000000000e+02,1.087535556848783926e+02,6.740252525918968729e+01,3.323000000000000000e+06,2.396699999999999942e-01,-7.686725000000715227e+02,1.000000000000000000e+00
2.960864599675368074e-03,4.701940984842465331e-03,7.243714994045035160e-01,-5.428293513105089500e-03,2.000000000000000000e+01,7.497392603978389469e-02,-3.926395158169200528e+01,5.867974278138839317e+00,-4.985593235215680608e+01,5.688770089860984314e+00,-6.081589453825183966e+01,6.372386142581566659e+00,1.490000000000000000e+02,3.674456750191480978e+02,6.140042965846760126e+01,3.511100000000000000e+06,1.295499999999999985e-01,-2.493745999999868843e+02,1.000000000000000000e+00
2.763599027909278884e-03,4.591343880930914487e-03,6.160015115718688872e-01,-2.262357673282985315e-01,2.000000000000000000e+01,7.457740367083263988e-02,-3.567404938631595002e+01,6.492104205912037962e+00,-4.793769671398329280e+01,5.855849158728139159e+00,-6.438544765977039219e+01,6.131774469216294321e+00,1.500000000000000000e+02,3.652283448254007112e+02,6.152281394143226123e+01,3.478800000000000000e+06,2.141200000000000048e-01,-7.100690310000996988e+02,1.000000000000000000e+00
2.552047169018834515e-03,4.430397901565977237e-03,6.260749632907425255e-01,2.987847886335381897e-02,2.000000000000000000e+01,7.457093457774230383e-02,-3.725511409872295587e+01,5.909006355656442722e+00,-4.710695704809948836e+01,5.980451795042952767e+00,-6.188399690238617268e+01,6.158984365146696227e+00,1.510000000000000000e+02,3.648027452872773893e+02,6.154290001826068135e+01,3.459000000000000000e+06,1.969499999999999862e-01,-5.622078029999686350e+02,1.000000000000000000e+00
2.688264143394718947e-03,4.342792187908386600e-03,6.410510727784775042e-01,-4.598224848878935123e-01,2.000000000000000000e+01,7.431708600476377713e-02,-4.036726765481726176e+01,5.856409320609411218e+00,-5.156499459245539185e+01,5.732342843493214879e+00,-6.600019539925712309e+01,6.563630058718567639e+00,1.520000000000000000e+02,1.105178103888724337e+02,6.704921332506553711e+01,3.348500000000000000e+06,2.321300000000000030e-01,-7.607039999998962685e+02,1.000000000000000000e+00
2.822225271836563062e-03,4.842875087733250310e-03,6.150323634000647299e-01,-7.644012588501607475e-01,2.000000000000000000e+01,7.945770654855519033e-02,-4.486422539741423776e+01,6.194661104657148698e+00,-5.476684715807821391e+01,5.634329887238799905e+00,-6.214686937549398493e+01,5.684381257704343327e+00,1.530000000000000000e+02,1.123791374276267305e+02,6.671415093643001626e+01,3.349100000000000000e+06,2.553699999999999859e-01,-8.495356970001602122e+02,1.000000000000000000e+00
2.505716604507003762e-03,4.342815262534203448e-03,6.965819798171143384e-01,-1.062265465112848917e+00,2.000000000000000000e+01,8.328091644700225116e-02,-3.894775417369052661e+01,6.012469410445601348e+00,-5.076455737339441043e+01,5.319561353042237428e+00,-6.209878691424399477e+01,5.355777607110098870e+00,1.540000000000000000e+02,1.415655119860261664e+02,6.478872180818993343e+01,3.413200000000000000e+06,1.730399999999999994e-01,-4.515336000000362446e+02,1.000000000000000000e+00
2.728238650437833819e-03,4.477276830276815701e-03,6.554467287854180979e-01,-1.087607101936137077e+00,2.000000000000000000e+01,7.588790789561321304e-02,-3.933093346058623752e+01,6.057002326233780209e+00,-5.004335774407437043e+01,5.887425597158824075e+00,-6.594742470517527977e+01,6.505440027672681147e+00,1.550000000000000000e+02,1.304265601481181704e+02,6.511237280195550170e+01,3.398000000000000000e+06,1.090900000000000064e-01,-2.079637709999974504e+02,1.000000000000000000e+00
2.724835778715433386e-03,4.440759767675054454e-03,6.371310059631051237e-01,-9.821622288013976965e-01,2.000000000000000000e+01,7.452699402775216087e-02,-4.073227733577182619e+01,6.032817898866031925e+00,-5.034890538660193471e+01,5.972407365560131964e+00,-6.640611071138567922e+01,6.083209682295883880e+00,1.560000000000000000e+02,1.127494203130420090e+02,6.631101424902888652e+01,3.362700000000000000e+06,2.118500000000000105e-01,-6.592659140000546358e+02,1.000000000000000000e+00
2.730643719962349766e-03,4.456292892803723898e-03,6.539103768783203208e-01,-1.088753454807010135e+00,2.000000000000000000e+01,7.589576258778864271e-02,-3.923284046740171505e+01,6.017956934588663209e+00,-5.004323499270905984e+01,5.921289273237441364e+00,-6.641628438349675889e+01,6.506788246595723635e+00,1.570000000000000000e+02,1.268708329634567491e+02,6.528205889644910087e+01,3.392500000000000000e+06,1.095000000000000001e-01,-2.102862299999998186e+02,1.000000000000000000e+00
2.740935690363903530e-03,4.432577590356898828e-03,6.458151502870577154e-01,-1.048376102468835391e+00,2.000000000000000000e+01,7.562966154099029503e-02,-3.943816116330332022e+01,6.152430970479335848e+00,-4.983258346801103755e+01,5.839117790698693966e+00,-6.696015260974077421e+01,6.560458597526785951e+00,1.580000000000000000e+02,1.213702601728085710e+02,6.548790070065449243e+01,3.393900000000000000e+06,1.223500000000000004e-01,-2.601218489999906183e+02,1.000000000000000000e+00
2.712194066242500437e-03,4.406530599650920581e-03,6.130954180345358218e-01,-6.964082413145541439e-01,2.000000000000000000e+01,7.463588461652971573e-02,-4.064416473127504048e+01,5.920319356081225948e+00,-5.051887966909616523e+01,5.717114241178555822e+00,-6.673684449608970226e+01,6.401669161555183507e+00,1.590000000000000000e+02,1.115701860969317778e+02,6.682644681214821958e+01,3.344200000000000000e+06,2.152799999999999991e-01,-7.095496000000451886e+02,1.000000000000000000e+00
2.695382062954197917e-03,4.519508588394000395e-03,6.398926307908311406e-01,-1.110640254989076592e+00,2.000000000000000000e+01,7.517755452738374145e-02,-3.983819882836111503e+01,6.129664170871015116e+00,-5.002255992001334306e+01,5.966550554132031614e+00,-6.598926631463500314e+01,6.300655546147277519e+00,1.600000000000000000e+02,1.267735638772365974e+02,6.529090942281364107e+01,3.395800000000000000e+06,1.466999999999999971e-01,-3.486418730000220307e+02,1.000000000000000000e+00
2.714654668359471872e-03,4.519457759763501406e-03,6.396147972809741455e-01,-1.111872828473000840e+00,2.000000000000000000e+01,7.539597180632419404e-02,-3.972423770959883882e+01,6.121802543183528122e+00,-5.000370114114236486e+01,5.964240153781712017e+00,-6.643402446729146504e+01,6.154347071667775282e+00,1.610000000000000000e+02,1.264569154125849622e+02,6.538804234977601482e+01,3.383800000000000000e+06,1.348300000000000054e-01,-3.049849999999964325e+02,1.000000000000000000e+00
2.675514600165066446e-03,4.492767198900349257e-03,6.460887097871534923e-01,-1.052664420007843438e+00,2.000000000000000000e+01,7.563059269992683520e-02,-4.125670222796611597e+01,6.134199145554594779e+00,-4.991176823187875300e+01,5.927173782351192521e+00,-6.497175367918273992e+01,6.095716338592653827e+00,1.620000000000000000e+02,1.208381562601209538e+02,6.578972340930916118e+01,3.385000000000000000e+06,1.207099999999999979e-01,-2.474408000000117909e+02,1.000000000000000000e+00
2.679312790332316618e-03,4.515502720159994370e-03,6.530028944642901623e-01,-1.104923489054784325e+00,2.000000000000000000e+01,7.525149391688217004e-02,-4.020271686371866338e+01,6.014620227484155812e+00,-5.052287475487299417e+01,5.870617738607815994e+00,-6.480774805380266912e+01,6.273227104833469348e+00,1.630000000000000000e+02,1.248419835602342260e+02,6.542450441223502366e+01,3.383500000000000000e+06,1.375800000000000078e-01,-3.042451000000070280e+02,1.000000000000000000e+00
2.711621781899881210e-03,4.348765172063183242e-03,6.943485438199772375e-01,-9.194795227572294394e-01,2.000000000000000000e+01,7.781272306827141660e-02,-3.828573821358582308e+01,5.806460995705640116e+00,-5.048959813686791165e+01,5.834818427749824288e+00,-6.635261680737335155e+01,7.031610471628136239e+00,1.640000000000000000e+02,1.189509237035801732e+02,6.586472985225437071e+01,3.375500000000000000e+06,2.174899999999999889e-01,-6.499260639999776004e+02,1.000000000000000000e+00
2.675393459524094859e-03,4.481946020160025232e-03,6.357397421792096992e-01,-9.630815029172637987e-01,2.000000000000000000e+01,7.459415118513468279e-02,-4.050603934479309487e+01,5.998774647307818064e+00,-5.097638308224142634e+01,5.762580451501964518e+00,-6.475037986562325898e+01,6.207649035657246017e+00,1.650000000000000000e+02,1.185416270766309736e+02,6.590188576428853651e+01,3.364800000000000000e+06,2.013300000000000090e-01,-5.986672379999059785e+02,1.000000000000000000e+00
2.812928757737089350e-03,4.544265402193334649e-03,6.202489027401445476e-01,-1.206402487570899629e+00,2.000000000000000000e+01,7.488011034829591961e-02,-4.157253746139244299e+01,6.251281915160517677e+00,-4.883648846494381246e+01,6.210121533198346810e+00,-6.692603796126590510e+01,6.053149575698890672e+00,1.660000000000000000e+02,1.154043281991355769e+02,6.596384951969190524e+01,3.399800000000000000e+06,1.910300000000000054e-01,-5.816367010000898290e+02,1.000000000000000000e+00
2.653745553320462688e-03,4.560476313801424889e-03,6.510644201971991230e-01,-1.030550020533813615e+00,2.000000000000000000e+01,7.559946727431940405e-02,-3.931714477340462111e+01,5.945965878719951192e+00,-5.024237882383940246e+01,6.038674758094484396e+00,-6.520929818693193170e+01,6.300873486693909342e+00,1.670000000000000000e+02,1.363661272228239341e+02,6.490730978572935328e+01,3.395800000000000000e+06,1.194000000000000061e-01,-2.393917020000060063e+02,1.000000000000000000e+00
2.692265636673093696e-03,4.482304958747736906e-03,6.309528162659563399e-01,-9.580349515719639442e-01,2.000000000000000000e+01,7.459473964051585582e-02,-4.084892209832199228e+01,5.966781646744258261e+00,-5.107292047971166227e+01,5.884033296530047252e+00,-6.485671607124736227e+01,6.106964135248219350e+00,1.680000000000000000e+02,1.142042532180068122e+02,6.622549909340281715e+01,3.361100000000000000e+06,2.058500000000000052e-01,-6.284899319999469753e+02,1.000000000000000000e+00
2.565296115276176955e-03,4.928865177322601203e-03,5.652385946122108207e-01,2.972208019635732779e+00,2.000000000000000000e+01,7.595337974549182247e-02,-2.173991712198927573e+01,6.604028437417705177e+00,-4.375975947082599760e+01,5.581200453662102490e+00,-5.716280635320202919e+01,6.394097313160055585e+00,1.690000000000000000e+02,1.430206701791474416e+03,5.429277708813964409e+01,3.740800000000000000e+06,3.899500000000000188e-01,-2.019424009999515192e+03,1.000000000000000000e+00
2.698027392926426182e-03,4.184227173387329232e-03,6.368253261970119317e-01,-1.224796550101486803e-02,2.000000000000000000e+01,7.420916597729379505e-02,-4.012082009118030612e+01,5.558764829756164261e+00,-5.176449686557808150e+01,5.474443025861194911e+00,-6.698859227493400681e+01,6.794314707615503046e+00,1.700000000000000000e+02,1.068028582527423538e+02,6.836264139385360750e+01,3.302600000000000000e+06,2.588900000000000090e-01,-9.106615579997850318e+02,1.000000000000000000e+00
2.623655552123325269e-03,4.370608162003238734e-03,6.195946981195454839e-01,5.951233401233574360e-01,2.000000000000000000e+01,7.469318412775083349e-02,-3.390702002180690044e+01,5.998908228906792317e+00,-4.573701117382633186e+01,5.837914252217078825e+00,-6.422102954794448237e+01,6.089983665141401659e+00,1.710000000000000000e+02,4.937452159998277921e+02,6.022501065682713772e+01,3.460800000000000000e+06,1.912099999999999911e-01,-5.526165060000017775e+02,1.000000000000000000e+00
2.787495754720599461e-03,4.506760241250474738e-03,6.262242946295171198e-01,3.162943337272156041e-01,2.000000000000000000e+01,7.449134942969103113e-02,-3.453789249426223051e+01,6.100157170344786550e+00,-4.681159383000553476e+01,5.898386660851672403e+00,-6.348972891087124992e+01,5.940099835325477251e+00,1.720000000000000000e+02,4.635099753283619179e+02,6.062160431217952095e+01,3.462100000000000000e+06,2.173100000000000032e-01,-7.193247000000937987e+02,1.000000000000000000e+00
2.606349476743681417e-03,5.124091994127302069e-03,6.680325092891606920e-01,7.415255163810514638e-01,2.000000000000000000e+01,7.725223507843818893e-02,-3.739532888657738852e+01,5.287542692508564457e+00,-4.940141589980218129e+01,5.219791468660928579e+00,-6.242174593950140604e+01,6.036928630979271126e+00,1.730000000000000000e+02,4.617872824891994696e+02,6.063684429674605525e+01,3.452100000000000000e+06,1.924599999999999922e-01,-5.325335999999650767e+02,1.000000000000000000e+00
2.649217580616369805e-03,4.325168098081419617e-03,6.594152704055800118e-01,-4.873309868773350040e-01,2.000000000000000000e+01,7.416652228940445735e-02,-4.126077629263976831e+01,5.874798278508720273e+00,-5.204268519247916913e+01,5.504725087066975497e+00,-6.472144545028069729e+01,6.295020326485892603e+00,1.740000000000000000e+02,1.107052564071888838e+02,6.730977840122741895e+01,3.324900000000000000e+06,2.365299999999999903e-01,-7.494020999999713695e+02,1.000000000000000000e+00
2.690440480274583664e-03,4.885832156994601022e-03,6.667862069413759141e-01,-1.456687555151281455e+00,2.000000000000000000e+01,7.126141322602029538e-02,-4.197063211452648801e+01,6.424245780036902609e+00,-4.916196552417900278e+01,6.040866012270268648e+00,-6.665536446036126961e+01,5.978539273300505386e+00,1.750000000000000000e+02,1.115354106551117326e+02,6.722350509125685392e+01,3.384300000000000000e+06,2.344999999999999862e-01,-7.944763739998890060e+02,1.000000000000000000e+00
2.708834139602055418e-03,4.460311412395004220e-03,6.153150884652823782e-01,6.837647612609928371e-01,2.000000000000000000e+01,7.474433007930936235e-02,-3.255828841255288353e+01,5.977473699874315649e+00,-4.742178677764020733e+01,5.242339655225345396e+00,-6.077737646294070117e+01,6.895483977111259932e+00,1.760000000000000000e+02,5.292587038441599816e+02,5.993854717840675761e+01,3.483500000000000000e+06,1.913400000000000101e-01,-5.514621209999514804e+02,1.000000000000000000e+00
2.686037327014893523e-03,4.407866824069630110e-03,6.519377939628983043e-01,6.784835333984561290e-01,2.000000000000000000e+01,7.452131410370474440e-02,-3.545276521613018872e+01,6.112510406709290578e+00,-4.598800674911476705e+01,5.844595007633603956e+00,-6.274007421057005729e+01,6.183613700228100640e+00,1.770000000000000000e+02,4.745080673850982294e+02,6.034693083675379910e+01,3.480700000000000000e+06,1.921799999999999897e-01,-5.267226389999542562e+02,1.000000000000000000e+00
2.692220613020079954e-03,4.408638284572986149e-03,6.448576197062033666e-01,7.125094548125160410e-01,2.000000000000000000e+01,7.449592014050285260e-02,-3.532599124614672093e+01,6.084961631341144539e+00,-4.623462192805519066e+01,5.844411160161074648e+00,-6.276088394496181877e+01,6.127278706373708417e+00,1.780000000000000000e+02,4.743275573718149190e+02,6.037017300182806423e+01,3.473500000000000000e+06,1.984700000000000075e-01,-5.690866859999533744e+02,1.000000000000000000e+00
3.027668998548716656e-03,5.680468450775978326e-03,5.978808643229707176e-01,2.335396970580972287e+00,2.000000000000000000e+01,7.477632617574789253e-02,-3.039556854191497592e+01,5.890714638184046059e+00,-4.070242083090528240e+01,6.307594235200296495e+00,-5.903640719485980526e+01,6.543358592441653521e+00,1.790000000000000000e+02,1.045159461987399027e+03,5.602133101327937936e+01,3.615300000000000000e+06,3.052799999999999958e-01,-1.360635329999928672e+03,1.000000000000000000e+00
2.397179807301672277e-03,5.004802780859633066e-03,5.578506962272120617e-01,2.391692822547141439e+00,2.000000000000000000e+01,6.246320027084491244e-02,-2.875671069409040115e+01,6.498334868748825599e+00,-4.541550396086210384e+01,5.349322658972976541e+00,-5.497948363135886751e+01,6.393982845364579504e+00,1.800000000000000000e+02,1.032405208570915875e+03,5.603329820573989650e+01,3.608300000000000000e+06,2.747700000000000142e-01,-1.085269761999855973e+03,1.000000000000000000e+00
2.685566451482439883e-03,3.838372351875217383e-03,5.873179509056306591e-01,4.540879777397807682e-01,2.000000000000000000e+01,7.741110199072682996e-02,-3.905719568373574191e+01,6.275383477612700212e+00,-3.735092600814902397e+01,6.555185985209190491e+00,-5.963864203771615280e+01,6.133706911896808833e+00,1.810000000000000000e+02,5.405038724761495814e+02,5.982332692910376437e+01,3.516500000000000000e+06,1.754999999999999893e-01,-4.465237740000618487e+02,1.000000000000000000e+00
2.714003603690801764e-03,4.474198317066326730e-03,6.371738693508035567e-01,2.838179281865542691e-01,2.000000000000000000e+01,7.459831753622968298e-02,-3.561628840218115499e+01,6.069111253113743665e+00,-4.568411266793278713e+01,5.875816558966819869e+00,-6.326079825557106062e+01,6.096005807144527111e+00,1.820000000000000000e+02,4.508478553647408944e+02,6.067833861931943318e+01,3.470300000000000000e+06,1.952800000000000091e-01,-5.652378159999601621e+02,1.000000000000000000e+00
2.700932793862799788e-03,4.481213466543673002e-03,6.332454794109843021e-01,6.540899176148075034e-01,2.000000000000000000e+01,7.459572634578252870e-02,-3.558789923213518591e+01,6.066720787568088191e+00,-4.693478357534611689e+01,5.873336908867886841e+00,-6.289018504651859587e+01,6.051545603689779895e+00,1.830000000000000000e+02,4.459198721876995251e+02,6.074253741294306508e+01,3.461200000000000000e+06,1.934500000000000108e-01,-5.603653919999575237e+02,1.000000000000000000e+00
3.127653560425333948e-03,4.174812948909851704e-03,6.735257185583057860e-01,2.150130423566057214e+00,2.000000000000000000e+01,7.212441442801593994e-02,-3.069258131098873221e+01,5.590894557163267997e+00,-3.670235147830640443e+01,6.044843881139774666e+00,-5.795903140069007975e+01,5.480781664662992547e+00,1.840000000000000000e+02,1.004086421040003870e+03,5.617714089865549454e+01,3.590700000000000000e+06,2.181099999999999983e-01,-7.095197999999984404e+02,1.000000000000000000e+00
2.853191810394573209e-03,4.317792675048439874e-03,6.444920570512607805e-01,1.715376269515601848e+00,2.000000000000000000e+01,7.434188572677918883e-02,-3.084479368191461646e+01,6.140884142597698769e+00,-4.087231016810817152e+01,5.975948662167228420e+00,-6.240226703066672798e+01,5.883208422962354689e+00,1.850000000000000000e+02,8.396673355826670786e+02,5.727979245767554772e+01,3.552100000000000000e+06,2.225199999999999956e-01,-7.236159000000742481e+02,1.000000000000000000e+00
2.732798696568095563e-03,4.382580696776642096e-03,6.334916632916279822e-01,1.880911147298925723e+00,2.000000000000000000e+01,7.470270700026768185e-02,-3.118824631110213375e+01,6.177249283362753474e+00,-4.307522639069586035e+01,5.849495878926836312e+00,-6.236715395738097811e+01,6.077776767440766115e+00,1.860000000000000000e+02,7.921799602403179961e+02,5.759300855754978699e+01,3.536500000000000000e+06,1.775799999999999879e-01,-4.862918000000161669e+02,1.000000000000000000e+00
3.484142134607768910e-03,4.086969078626216841e-03,6.537116738137591643e-01,1.553976535868779818e+00,2.000000000000000000e+01,7.127062474917333912e-02,-2.834985533930134238e+01,6.779782901819849883e+00,-3.846461754738096062e+01,5.937682619081054547e+00,-6.290842579025857617e+01,6.039308181193110414e+00,1.870000000000000000e+02,7.403109039168770096e+02,5.801107317564319032e+01,3.504800000000000000e+06,2.731299999999999839e-01,-1.038842971999871907e+03,1.000000000000000000e+00
2.786584304085295942e-03,4.420791727964251683e-03,6.483671835987754317e-01,1.445957981336858156e+00,2.000000000000000000e+01,7.432595672080230531e-02,-3.086635448130371984e+01,6.134719294865892181e+00,-4.421541012889939282e+01,6.033949661373853246e+00,-6.248739809532233380e+01,5.848589108717028751e+00,1.880000000000000000e+02,7.378540646064848261e+02,5.801409781712848712e+01,3.526500000000000000e+06,2.148200000000000109e-01,-6.648853000000816564e+02,1.000000000000000000e+00
2.438155137059779334e-03,4.709751575147286436e-03,6.900709267960739579e-01,-5.124378531586308849e-01,2.000000000000000000e+01,8.398981521543701090e-02,-3.852971966134666815e+01,5.547042223839927289e+00,-5.720402761000946157e+01,6.092705276044334539e+00,-5.948648005840860264e+01,7.045134060614460125e+00,1.890000000000000000e+02,1.110469997246879927e+02,6.734037510059576448e+01,3.332000000000000000e+06,3.544999999999999818e-01,-1.335393471999771464e+03,1.000000000000000000e+00
2.794204698767876246e-03,4.656398237015568591e-03,6.416594109348597863e-01,-1.264415090167826827e+00,2.000000000000000000e+01,7.346121722832403556e-02,-3.855921048805825535e+01,6.563886037298992449e+00,-5.211902029475841402e+01,5.097044236723874633e+00,-6.962746000852762052e+01,5.364373372317708721e+00,1.900000000000000000e+02,1.132126791856543804e+02,6.657223498791813654e+01,3.365400000000000000e+06,1.893299999999999983e-01,-5.695032000000179551e+02,1.000000000000000000e+00
2.632113619873383253e-03,4.450231009679755066e-03,6.723667044575989404e-01,-8.426097221625409306e-01,2.000000000000000000e+01,7.425044167371455672e-02,-4.109601959230191426e+01,5.974493106906177076e+00,-5.206428939403039635e+01,5.546071394836857849e+00,-6.365104115944491525e+01,6.186289543701276372e+00,1.910000000000000000e+02,1.137492694823196757e+02,6.651448696400616711e+01,3.344000000000000000e+06,2.140100000000000058e-01,-6.114112769999957209e+02,1.000000000000000000e+00
2.638336064611747182e-03,4.478850688426546170e-03,6.130022032150316269e-01,1.920169505964367751e+00,2.000000000000000000e+01,7.472433289583096938e-02,-3.040958591574208114e+01,6.146971761460928718e+00,-4.330443315603216803e+01,5.819093979677463224e+00,-6.213166019898189774e+01,6.123487913220973411e+00,1.920000000000000000e+02,8.164573588303670704e+02,5.742992636761729841e+01,3.538700000000000000e+06,1.789699999999999902e-01,-5.036802240000794200e+02,1.000000000000000000e+00
2.638336064611747182e-03,4.478850688426546170e-03,6.130022032150316269e-01,1.920169505964367751e+00,2.000000000000000000e+01,7.472433289583096938e-02,-3.040958591574208114e+01,6.146971761460928718e+00,-4.330443315603216803e+01,5.819093979677463224e+00,-6.213166019898189774e+01,6.123487913220973411e+00,1.930000000000000000e+02,8.164573588303670704e+02,5.742992636761729841e+01,3.538700000000000000e+06,1.789699999999999902e-01,-5.036802240000794200e+02,1.000000000000000000e+00
2.404489559536190056e-03,4.775082184665402699e-03,6.205627472874923889e-01,1.757596793768984034e+00,2.000000000000000000e+01,6.887199287635727141e-02,-2.756768641152633492e+01,6.720931819494282422e+00,-3.941842363936464011e+01,6.116978170696698136e+00,-5.743133821898817359e+01,6.262453207181096992e+00,1.940000000000000000e+02,8.164573588303670704e+02,5.742992636761729841e+01,3.538700000000000000e+06,1.789699999999999902e-01,-5.036802240000794200e+02,1.000000000000000000e+00
2.702944608722424556e-03,4.445149241147066527e-03,6.275745358229999349e-01,1.715622138251486906e+00,2.000000000000000000e+01,7.443267528825950330e-02,-3.056899031280082824e+01,6.141592776058807601e+00,-4.370753275164035045e+01,5.936002088560220713e+00,-6.230079309610329119e+01,5.961629413572342884e+00,1.950000000000000000e+02,7.802689475001469646e+02,5.766896582680537620e+01,3.533500000000000000e+06,2.070200000000000096e-01,-6.394397000000203661e+02,1.000000000000000000e+00
2.710981008305071802e-03,4.427015292085351855e-03,6.326166679839414497e-01,1.874414430454049318e+00,2.000000000000000000e+01,7.470713010767932039e-02,-3.146761297395553569e+01,6.198994658344908260e+00,-4.311729490163839529e+01,5.852746546447773923e+00,-6.241829282386979116e+01,6.078382843018873771e+00,1.960000000000000000e+02,7.852414161881939663e+02,5.766810415311203997e+01,3.536300000000000000e+06,1.757400000000000073e-01,-4.705409690000213914e+02,1.000000000000000000e+00
2.784556752678362009e-03,4.375139384572181503e-03,6.504479282063045931e-01,7.276256316990847850e-01,2.000000000000000000e+01,7.439153211366486551e-02,-3.358873818004648371e+01,6.257790359299196581e+00,-4.649286336315167034e+01,5.729265358462354740e+00,-6.143544875853774556e+01,6.172214557848860750e+00,1.970000000000000000e+02,5.603455530746427939e+02,5.955073068180261231e+01,3.507400000000000000e+06,2.137799999999999978e-01,-6.581859699999673694e+02,1.000000000000000000e+00
2.948575456928991759e-03,4.489451645057394857e-03,7.009034855007258979e-01,9.635204972023807268e-02,2.000000000000000000e+01,8.379673181425324746e-02,-3.627897836108056850e+01,6.948132869112878751e+00,-4.163226151078241344e+01,5.562005176211830992e+00,-5.750612454010188657e+01,7.152104446164176288e+00,1.980000000000000000e+02,3.879286637093386503e+02,6.136507450447652445e+01,3.470300000000000000e+06,2.471099999999999963e-01,-8.665607250000284694e+02,1.000000000000000000e+00
2.675785089780429588e-03,4.661479768498713941e-03,5.671133697185413158e-01,-9.837414473877921228e-01,2.000000000000000000e+01,7.027798765442759554e-02,-3.893032686718505886e+01,5.909227988817931987e+00,-4.672935635261655563e+01,5.360249042406508124e+00,-7.070241452850780206e+01,5.833967521565609715e+00,1.990000000000000000e+02,1.208035205499275548e+02,6.586832845282856397e+01,3.374000000000000000e+06,2.139399999999999913e-01,-6.512317980001247406e+02,1.000000000000000000e+00
