3.133869195599998068e-03,4.575683593136858733e-03,6.137023721901923023e-01,3.267145359978681274e+00,2.000000000000000000e+01,7.386868824313644333e-02,-2.438281495343363758e+01,6.234454312005992094e+00,-3.291461654099882139e+01,7.008722478232562558e+00,-5.469790342336679601e+01,6.151721613746157225e+00,0.000000000000000000e+00,1.552729412544153547e+03,5.403162366376927395e+01,3.846500000000000000e+06,3.290399999999999991e-01,-1.522859189999715227e+03,1.000000000000000000e+00
3.085576055145494972e-03,4.471131430501035578e-03,5.903978645223929567e-01,3.243235741535977823e+00,2.000000000000000000e+01,7.518927921215905197e-02,-2.501685444007225101e+01,6.228761069486218993e+00,-3.641997337954551028e+01,7.424903880874871298e+00,-5.969146192311820442e+01,6.037055882238070659e+00,1.000000000000000000e+00,1.420665016993681093e+03,5.408192990141130707e+01,3.795900000000000000e+06,1.690099999999999936e-01,-5.164074000000564411e+02,1.000000000000000000e+00
2.711464180379195323e-03,4.702978520860680127e-03,5.683914721578956497e-01,3.272788659914282139e+00,2.000000000000000000e+01,7.358030273089211093e-02,-2.337433884301758269e+01,7.056438412237562297e+00,-4.307150522727773279e+01,5.272210060475472027e+00,-5.736477296746924992e+01,6.247682153769754443e+00,2.000000000000000000e+00,1.351903876454432748e+03,5.456403435875549235e+01,3.683700000000000000e+06,3.603000000000000091e-01,-1.814840460999297420e+03,1.000000000000000000e+00
2.990637597251987433e-03,4.219774943242746851e-03,6.152142642988336352e-01,2.904574403813169337e+00,2.000000000000000000e+01,7.577591736780597831e-02,-2.639514541869133879e+01,6.014713326055201037e+00,-3.624047607496812873e+01,7.270207162632743803e+00,-6.163387489642262551e+01,6.177822488788835997e+00,3.000000000000000000e+00,1.305865262652976071e+03,5.459752162817061105e+01,3.742200000000000000e+06,1.244200000000000028e-01,-2.860393000000112806e+02,1.000000000000000000e+00
2.958596989487623750e-03,4.143391396607897306e-03,6.400854559971231872e-01,3.201653199939070049e+00,2.000000000000000000e+01,7.417838778715382664e-02,-2.429570479174777375e+01,6.279074577498284349e+00,-3.455784808421898902e+01,6.139535333630099068e+00,-6.181635684187787660e+01,6.146224984034054373e+00,4.000000000000000000e+00,1.292610242370637252e+03,5.464147704804707928e+01,3.681800000000000000e+06,2.484500000000000042e-01,-8.862175049999212888e+02,1.000000000000000000e+00
2.935831958542606691e-03,4.542872701824154230e-03,6.670505226463145920e-01,3.366643189167070283e+00,2.000000000000000000e+01,7.146693065986015059e-02,-2.534187449158632077e+01,6.639734207408706901e+00,-3.161109634642097177e+01,5.594916217225739175e+00,-6.171228293292599432e+01,6.310702762659184728e+00,5.000000000000000000e+00,1.290943060159776905e+03,5.466329397994355332e+01,3.684400000000000000e+06,2.321799999999999975e-01,-7.829574990000816115e+02,1.000000000000000000e+00
2.883307639349442196e-03,4.094517202295866465e-03,6.369858369737848580e-01,3.227192688485438943e+00,2.000000000000000000e+01,7.400926027700759080e-02,-2.385207274512300302e+01,6.340354112772574879e+00,-3.486094603467587660e+01,5.975373180816371033e+00,-6.181548007201911332e+01,6.123896390258230404e+00,6.000000000000000000e+00,1.280662545770782117e+03,5.469092446608107849e+01,3.671800000000000000e+06,2.744800000000000018e-01,-1.032114000000091437e+03,1.000000000000000000e+00
2.931788691716610482e-03,4.210794068231615145e-03,6.099534812515723381e-01,2.881317487711400283e+00,2.000000000000000000e+01,7.476257558628780775e-02,-2.518279775053822789e+01,5.663459328994102648e+00,-3.660442688164875591e+01,7.191969734540721859e+00,-5.965159863239053095e+01,5.950232797717136535e+00,7.000000000000000000e+00,1.267184739928456565e+03,5.491584971122338033e+01,3.708900000000000000e+06,1.998800000000000021e-01,-6.357531650000380523e+02,1.000000000000000000e+00
3.006191189254711800e-03,3.941991248121614992e-03,6.508869018393868000e-01,2.600840241636301009e+00,2.000000000000000000e+01,7.433445045000226792e-02,-2.820886366512733190e+01,5.758143400504851073e+00,-3.740227862650422708e+01,5.552516791194516799e+00,-5.985570367982935380e+01,6.374256320380483842e+00,8.000000000000000000e+00,1.203397465604852414e+03,5.502606042443665046e+01,3.653200000000000000e+06,2.157799999999999996e-01,-6.925814000000223132e+02,1.000000000000000000e+00
2.846214059037110826e-03,3.944178835639511153e-03,6.461561141606309011e-01,2.742092993396556988e+00,2.000000000000000000e+01,7.105001038741838582e-02,-2.672746072060379063e+01,6.834788722529171245e+00,-3.543395721279836863e+01,5.532342357404431255e+00,-6.354036826499938684e+01,5.708208114266638766e+00,9.000000000000000000e+00,1.197704275558390009e+03,5.506028091309180894e+01,3.653800000000000000e+06,2.258100000000000107e-01,-7.507669999999017136e+02,1.000000000000000000e+00
2.959393167636379871e-03,4.165431752648472014e-03,6.390017554523115262e-01,2.824575280274602029e+00,2.000000000000000000e+01,7.438456516878008684e-02,-2.640488416571060171e+01,6.246460403210157608e+00,-3.587796664181598061e+01,6.067031320656249171e+00,-6.144981724855981042e+01,6.093776541003345315e+00,1.000000000000000000e+01,1.191680989960875877e+03,5.506711333641546702e+01,3.653400000000000000e+06,2.258900000000000075e-01,-7.536547529999353401e+02,1.000000000000000000e+00
2.919639420694703381e-03,4.173941257350526762e-03,6.373029909920333580e-01,2.754603900136621597e+00,2.000000000000000000e+01,7.443882310121491264e-02,-2.630647427078966416e+01,6.267163309838569063e+00,-3.684691542172907219e+01,6.036967589293212200e+00,-6.108048715662127393e+01,6.048444442701135237e+00,1.100000000000000000e+01,1.179090453534102835e+03,5.513995671600554971e+01,3.648200000000000000e+06,2.162900000000000100e-01,-6.979749429999108088e+02,1.000000000000000000e+00
3.036730027167649278e-03,3.759797849972657414e-03,6.242814833114667117e-01,2.540609508924877247e+00,2.000000000000000000e+01,6.926188960821606788e-02,-2.422917865157149819e+01,6.286643873849370401e+00,-3.841457648202818831e+01,6.268747100489730606e+00,-6.224839740037837998e+01,5.697036262533574202e+00,1.200000000000000000e+01,1.168574097108507431e+03,5.517379058143283999e+01,3.650200000000000000e+06,2.245499999999999996e-01,-7.460524709999699553e+02,1.000000000000000000e+00
2.953612764473714791e-03,4.175670044761543680e-03,6.389601100473887296e-01,2.711833838246932693e+00,2.000000000000000000e+01,7.439398541166940271e-02,-2.665102980892533679e+01,6.266668485789285370e+00,-3.651697054642446716e+01,6.066904747883283378e+00,-6.145095198509777390e+01,6.086501693752936148e+00,1.300000000000000000e+01,1.162820593264310901e+03,5.518048693698459317e+01,3.649700000000000000e+06,2.246299999999999963e-01,-7.486446010000162232e+02,1.000000000000000000e+00
2.902690970864396126e-03,4.249563581191328175e-03,6.399429108651490949e-01,2.694851492205521559e+00,2.000000000000000000e+01,7.461459325643315932e-02,-2.846163586109161869e+01,6.222008022421557705e+00,-3.836016908390621438e+01,6.259574231198300254e+00,-6.292569211269976392e+01,6.107459947275520662e+00,1.400000000000000000e+01,1.051672798692944298e+03,5.563447745538624645e+01,3.624200000000000000e+06,1.920000000000000040e-01,-5.644419110000120554e+02,1.000000000000000000e+00
2.821801071975495526e-03,4.170967792973947173e-03,7.002887923878539089e-01,2.532718874195006187e+00,2.000000000000000000e+01,8.052405143825347444e-02,-2.816165523519247316e+01,5.950617678918665554e+00,-3.909902703273972691e+01,5.828181447949773109e+00,-5.804725988986326257e+01,5.933053087385764535e+00,1.500000000000000000e+01,1.097040508265839435e+03,5.529044703947051431e+01,3.649500000000000000e+06,2.087299999999999989e-01,-6.527921890000087615e+02,1.000000000000000000e+00
2.930057947801120808e-03,3.718021699600650154e-03,6.064658636020292537e-01,2.730399697992385466e+00,2.000000000000000000e+01,7.451087690065028024e-02,-2.882934138526071521e+01,6.314336729308180018e+00,-3.411207444755552842e+01,6.023889012689076949e+00,-5.598584821637557951e+01,4.748935265435824782e+00,1.600000000000000000e+01,1.048566185742745347e+03,5.582994447610968791e+01,3.614300000000000000e+06,2.605600000000000138e-01,-9.624949750001137545e+02,1.000000000000000000e+00
2.970629239290849093e-03,4.504112919822888216e-03,6.481674733506708197e-01,2.604943594088091618e+00,2.000000000000000000e+01,7.403665009089571702e-02,-2.889660910836069618e+01,6.415661905473360349e+00,-3.921509168218648966e+01,6.227186297069236431e+00,-5.975020407965759262e+01,5.820648805320008279e+00,1.700000000000000000e+01,1.084356541466807130e+03,5.546821586340734456e+01,3.648200000000000000e+06,2.556700000000000084e-01,-9.300189030001105266e+02,1.000000000000000000e+00
2.855980271954976051e-03,5.229332334865439795e-03,7.279203892197669834e-01,2.385787078986052911e+00,2.000000000000000000e+01,6.841395746442957559e-02,-3.364268409566645346e+01,7.110164217336500947e+00,-3.734890459055733203e+01,5.447513579910628678e+00,-6.514584570357320104e+01,6.784749229237875490e+00,1.800000000000000000e+01,1.038376893464166415e+03,5.600307830098849848e+01,3.617800000000000000e+06,1.655200000000000005e-01,-4.275217470000325761e+02,1.000000000000000000e+00
2.762380575053130592e-03,4.174244094746515886e-03,6.295970026980819423e-01,2.124201805678434862e+00,2.000000000000000000e+01,7.437419568890077382e-02,-2.897541290061685260e+01,6.238550475221035896e+00,-3.949776980468570287e+01,5.938883714851030504e+00,-6.124232921262809271e+01,5.931899364553186338e+00,1.900000000000000000e+01,9.630837905162585457e+02,5.625678799430847477e+01,3.594100000000000000e+06,2.237599999999999867e-01,-7.349708609999230475e+02,1.000000000000000000e+00
2.801366383418659248e-03,4.225907729127671535e-03,6.236648516872784764e-01,2.121079316827550798e+00,2.000000000000000000e+01,7.459408044399176707e-02,-3.025220195627798603e+01,6.341926798748522387e+00,-3.988353155452539056e+01,6.100118603341039503e+00,-6.066763219273690311e+01,5.982362739692449694e+00,2.000000000000000000e+01,9.447413101210601099e+02,5.627496844624459271e+01,3.617200000000000000e+06,2.041000000000000036e-01,-6.348955999999863025e+02,1.000000000000000000e+00
2.759523252446143254e-03,4.191869229505389496e-03,6.294173811734489199e-01,2.112453965826301072e+00,2.000000000000000000e+01,7.427406366959304895e-02,-2.939533671249199642e+01,6.480034068060575692e+00,-4.098345785273919262e+01,5.885766156320306308e+00,-6.117921056074034425e+01,5.920076782944867055e+00,2.100000000000000000e+01,9.191078703500509164e+02,5.634121196561955713e+01,3.599700000000000000e+06,2.350099999999999967e-01,-8.057360000001089020e+02,1.000000000000000000e+00
2.484301237909471594e-03,4.624672088022720000e-03,5.524238456759058558e-01,1.600605979031006543e+00,2.000000000000000000e+01,7.511158839009594856e-02,-2.913107343234068480e+01,7.122052107109126062e+00,-4.335986508595866695e+01,7.101987647225887379e+00,-6.306750969645141680e+01,6.185526665606411179e+00,2.200000000000000000e+01,8.856859083630816940e+02,5.641564515667445079e+01,3.744500000000000000e+06,1.712899999999999978e-01,-5.064875999999771352e+02,1.000000000000000000e+00
2.553099501595728141e-03,4.764783582229118082e-03,6.021866888299253207e-01,2.470442356386793215e+00,2.000000000000000000e+01,7.051342188517992216e-02,-3.125562169021219106e+01,6.724360420013624662e+00,-4.352438064680845287e+01,6.111884805276420529e+00,-5.780940584784926983e+01,6.432215029214006563e+00,2.300000000000000000e+01,1.023767018749173872e+03,5.602669951491445488e+01,3.605600000000000000e+06,2.954499999999999904e-01,-1.199380241000257001e+03,1.000000000000000000e+00
2.708627951690563071e-03,4.608612105827133293e-03,5.966092476087123675e-01,2.260349972426284104e+00,2.000000000000000000e+01,7.552118865119269997e-02,-2.842903410235490469e+01,6.798054877057881029e+00,-4.768587826928379769e+01,5.758374282415200440e+00,-5.671228626732461464e+01,6.487119429044263086e+00,2.400000000000000000e+01,1.001497948447002841e+03,5.615652455699022028e+01,3.655900000000000000e+06,1.296400000000000052e-01,-3.069297000000047433e+02,1.000000000000000000e+00
2.840532596491957603e-03,3.749896759307634955e-03,6.683512177438464263e-01,2.093150879325708758e+00,2.000000000000000000e+01,6.684522678530879780e-02,-3.279658804511203840e+01,6.687257604701237312e+00,-4.320857310223262715e+01,5.582815727926036864e+00,-6.628357818927219114e+01,5.383447621765284907e+00,2.500000000000000000e+01,8.670298607794347845e+02,5.693281794262691875e+01,3.549900000000000000e+06,3.206800000000000206e-01,-1.376869742999884011e+03,1.000000000000000000e+00
2.894673011372587285e-03,4.227042918764063392e-03,6.245605308545385537e-01,2.088679648503902087e+00,2.000000000000000000e+01,7.425888707786632015e-02,-2.956085254260881001e+01,6.008651320929050854e+00,-4.107937057697807859e+01,6.012457980452760253e+00,-6.213912188603366360e+01,5.912555089127089936e+00,2.600000000000000000e+01,8.834587773699630588e+02,5.679631370242011457e+01,3.551600000000000000e+06,2.545299999999999785e-01,-9.534199999997534860e+02,1.000000000000000000e+00
2.900264939034522503e-03,4.230462260519053316e-03,6.501547059777388338e-01,2.603059318274585365e+00,2.000000000000000000e+01,7.498026797848414415e-02,-2.897616055632673593e+01,6.345170917134381305e+00,-4.160859275284001058e+01,6.009568213858511143e+00,-6.208075551804819270e+01,6.166673715041862458e+00,2.700000000000000000e+01,9.910391262110171056e+02,5.619230308160662446e+01,3.599200000000000000e+06,1.533700000000000063e-01,-3.815446489999914093e+02,1.000000000000000000e+00
2.795909204314704546e-03,4.306829797580133748e-03,5.516111747069312177e-01,1.993791179651521528e+00,2.000000000000000000e+01,6.762181014375327759e-02,-3.709247280801207580e+01,5.867822619776806192e+00,-3.353641726585221505e+01,5.362062869890874772e+00,-7.291815254302764515e+01,5.269078688558484380e+00,2.800000000000000000e+01,8.804393052758914564e+02,5.689850930158669939e+01,3.562200000000000000e+06,2.075799999999999867e-01,-6.488977000000164708e+02,1.000000000000000000e+00
2.951202037275889832e-03,4.393475548179395090e-03,6.155276676483292242e-01,1.841207416403354280e+00,2.000000000000000000e+01,7.430030626164112195e-02,-2.842526879200973156e+01,6.409827539475049463e+00,-4.375954631478099799e+01,5.940095764088805019e+00,-6.179335097788750630e+01,5.805185116553301938e+00,2.900000000000000000e+01,8.778117393802405104e+02,5.690355806290395435e+01,3.568800000000000000e+06,2.584000000000000186e-01,-1.008556850999914104e+03,1.000000000000000000e+00
2.603605129486050510e-03,4.604640178277960225e-03,5.916656384530725177e-01,2.603439831913249680e+00,2.000000000000000000e+01,7.376472776967968326e-02,-2.984061680893649537e+01,6.318223171954759465e+00,-4.288119157778825752e+01,5.598652959838792853e+00,-5.625806673476598263e+01,6.082428804365584085e+00,3.000000000000000000e+01,1.014701255405352867e+03,5.610911818867042200e+01,3.601100000000000000e+06,3.080999999999999850e-01,-1.325088799999573666e+03,1.000000000000000000e+00
2.962296374535256654e-03,4.331478975525767522e-03,6.334864928605663525e-01,2.315318717027815332e+00,2.000000000000000000e+01,7.448115072634781120e-02,-2.982193952207626353e+01,6.062061962545243432e+00,-3.960683573876180219e+01,6.110474033740702637e+00,-6.066325866347987983e+01,5.974042538195742935e+00,3.100000000000000000e+01,9.880367213514130071e+02,5.621625115627958991e+01,3.594200000000000000e+06,2.164099999999999913e-01,-7.141357890001066835e+02,1.000000000000000000e+00
2.520569268251332887e-03,4.794006479611188400e-03,6.036240132308202666e-01,1.945611062156665572e+00,2.000000000000000000e+01,7.364461776054205544e-02,-3.063314695246514319e+01,6.900703004715257549e+00,-4.529358361622671225e+01,5.040758336432639375e+00,-5.769258782416174824e+01,5.923082897188322704e+00,3.200000000000000000e+01,8.426292011204412802e+02,5.703554993601605361e+01,3.559300000000000000e+06,2.762600000000000056e-01,-1.072599671000330090e+03,1.000000000000000000e+00
2.929043035195119053e-03,4.384615954105935444e-03,6.161235507734694750e-01,1.915716723154403001e+00,2.000000000000000000e+01,7.456525796223650859e-02,-3.075309435436695082e+01,5.932794492879128967e+00,-4.264341716400048199e+01,6.219521075941099042e+00,-6.084453683315453532e+01,5.932314623402506371e+00,3.300000000000000000e+01,8.409203624393672953e+02,5.722473497316806856e+01,3.557500000000000000e+06,2.173100000000000032e-01,-7.465995509998668922e+02,1.000000000000000000e+00
3.028893753660829875e-03,3.926363157505111806e-03,6.199591983937774442e-01,2.090899809485802674e+00,2.000000000000000000e+01,7.979967425789238900e-02,-3.006384432353976877e+01,6.555528771439215419e+00,-4.410515871085244299e+01,5.621577449775009505e+00,-6.532621187848229738e+01,6.414690859229559727e+00,3.400000000000000000e+01,8.422942351278218212e+02,5.716208473834734605e+01,3.525600000000000000e+06,2.605999999999999983e-01,-9.568399999998437124e+02,1.000000000000000000e+00
2.937251321238203237e-03,4.457011298065471916e-03,5.905601953199496323e-01,1.816227879772297715e+00,2.000000000000000000e+01,7.157461191228742248e-02,-2.821014690571969652e+01,6.870113978089491980e+00,-4.076680544766443859e+01,5.768976670009740459e+00,-6.574224728687588026e+01,5.421584141855191774e+00,3.500000000000000000e+01,8.357412777571460083e+02,5.724622370855946230e+01,3.549100000000000000e+06,2.173599999999999977e-01,-6.961517999999757649e+02,1.000000000000000000e+00
2.701844181124336136e-03,4.896502142141018199e-03,6.388311208435224486e-01,1.468118934094620354e+00,2.000000000000000000e+01,7.949945125680010771e-02,-2.898405061661535598e+01,6.361040457214233612e+00,-4.318467180483885670e+01,6.018381645571825977e+00,-6.058278565464587473e+01,5.333522666367684906e+00,3.600000000000000000e+01,8.328591999106680532e+02,5.733008200856630054e+01,3.573500000000000000e+06,2.265099999999999891e-01,-7.909128449998653423e+02,1.000000000000000000e+00
2.290132478474823409e-03,4.063620884939920380e-03,5.960350111161802911e-01,1.760059474733423501e+00,2.000000000000000000e+01,7.645052481450292925e-02,-3.010833552923306300e+01,7.053200373309085336e+00,-3.636531956273883992e+01,6.577537680150938648e+00,-6.170236611728671505e+01,5.929063260728187679e+00,3.700000000000000000e+01,8.058855935705777256e+02,5.739876806763547989e+01,3.565600000000000000e+06,2.385099999999999998e-01,-8.343028049998106326e+02,1.000000000000000000e+00
2.891938486690839687e-03,4.398860465753183513e-03,5.891183694155581740e-01,1.594501545761087158e+00,2.000000000000000000e+01,7.419894167929848294e-02,-2.962250369572556963e+01,6.601372371299335740e+00,-4.779270021258614065e+01,5.598662517156368423e+00,-6.215521427122367015e+01,6.091030370865718524e+00,3.800000000000000000e+01,7.266424661544800756e+02,5.799426982561400479e+01,3.532600000000000000e+06,2.964499999999999913e-01,-1.333211999999833552e+03,1.000000000000000000e+00
2.411382041185567652e-03,4.602330087596811711e-03,6.280810309618897191e-01,1.656371642520850784e+00,2.000000000000000000e+01,7.408498138958025114e-02,-3.268544512301934191e+01,6.611978752173524931e+00,-4.550023126585937661e+01,5.516750029981745129e+00,-5.819107727973605648e+01,6.643785040835648026e+00,3.900000000000000000e+01,7.375306893543853448e+02,5.769760236031615364e+01,3.600900000000000000e+06,2.213199999999999890e-01,-6.648761910000658872e+02,1.000000000000000000e+00
2.757141641500124134e-03,4.402296865946611279e-03,6.400232814525788072e-01,1.480815582742504910e+00,2.000000000000000000e+01,7.440749818662040216e-02,-3.207391156292721490e+01,6.145974959898702572e+00,-4.358843295761996472e+01,5.943503120386692373e+00,-6.174859821110598546e+01,6.036767129262445408e+00,4.000000000000000000e+01,7.240012697245758773e+02,5.804094451072439398e+01,3.535700000000000000e+06,2.098700000000000010e-01,-6.411863000000312240e+02,1.000000000000000000e+00
2.788661476833576101e-03,4.423564893287103630e-03,6.343322554295360849e-01,1.621687025739364518e+00,2.000000000000000000e+01,7.437932624570497975e-02,-3.115754130287155377e+01,6.201996718425199617e+00,-4.260841304749968117e+01,5.961300056104899880e+00,-6.213557005867056660e+01,5.911412405514773205e+00,4.100000000000000000e+01,7.898797694306164203e+02,5.759416888897244746e+01,3.545600000000000000e+06,2.165900000000000047e-01,-6.951142589999893744e+02,1.000000000000000000e+00
2.702616641505274815e-03,4.431107475451299960e-03,6.707774415350332697e-01,1.715480083150716650e+00,2.000000000000000000e+01,7.693727988495260850e-02,-3.176344320058101900e+01,5.634782626419559293e+00,-3.961664772989168881e+01,5.933867575498338987e+00,-5.925869031785288854e+01,6.339578153796388449e+00,4.200000000000000000e+01,7.897012973845179431e+02,5.761130707977855536e+01,3.519500000000000000e+06,2.684099999999999819e-01,-9.685957260001351870e+02,1.000000000000000000e+00
2.849289298880592226e-03,3.983198111262767523e-03,5.846695942066246765e-01,1.775427189377955850e+00,2.000000000000000000e+01,7.503406161336176328e-02,-3.181194039856093170e+01,6.114192665499573742e+00,-4.958691076934660202e+01,6.343241479498481716e+00,-5.546019796447611583e+01,6.437832625353000715e+00,4.300000000000000000e+01,6.875445732511794859e+02,5.806423095270772450e+01,3.604400000000000000e+06,1.994199999999999862e-01,-6.736009310000092682e+02,1.000000000000000000e+00
2.968872390212652559e-03,4.753953762054055274e-03,6.387517625009183631e-01,2.038331226795816686e+00,2.000000000000000000e+01,6.765648950197331035e-02,-2.976734189632492189e+01,6.265325776229574650e+00,-4.903284864203251914e+01,6.087193609405998629e+00,-5.620197658235731808e+01,6.401027921289588640e+00,4.400000000000000000e+01,7.916384675935942141e+02,5.755589152942911113e+01,3.558400000000000000e+06,2.187999999999999945e-01,-7.834277569999210300e+02,1.000000000000000000e+00
2.759463214180432264e-03,4.512731103383150859e-03,6.445829231547205440e-01,1.382813750933812535e+00,2.000000000000000000e+01,7.401170971856049774e-02,-3.144065551273492787e+01,6.381749557428792130e+00,-4.589877567766406230e+01,5.774468319174354214e+00,-6.180858547896427524e+01,6.132342880006398822e+00,4.500000000000000000e+01,6.811550903120535168e+02,5.828222562642350368e+01,3.534800000000000000e+06,2.575399999999999912e-01,-9.101973989998200523e+02,1.000000000000000000e+00
2.765006912181741140e-03,5.634939019423985257e-03,6.815376655049598664e-01,2.003718227179231093e+00,2.000000000000000000e+01,7.924383621669567335e-02,-3.038611711554338513e+01,5.889957947358007928e+00,-3.459735083452878257e+01,4.142963222223464470e+00,-5.193883684928109545e+01,7.354842760033823978e+00,4.600000000000000000e+01,7.930400062733018558e+02,5.745865376794221646e+01,3.561200000000000000e+06,3.408100000000000018e-01,-1.512592564999992646e+03,1.000000000000000000e+00
2.728688679583281956e-03,4.349029557498858625e-03,6.448471083734081954e-01,1.468987632585723180e+00,2.000000000000000000e+01,7.424651362670936505e-02,-3.425629144827200889e+01,5.988885454063010982e+00,-4.370264604324773927e+01,5.929698155251923453e+00,-6.011739336807615786e+01,6.162333782282257033e+00,4.700000000000000000e+01,6.620444091848096377e+02,5.849522176281717378e+01,3.528900000000000000e+06,2.250999999999999945e-01,-7.179115640000920848e+02,1.000000000000000000e+00
2.504715650874203298e-03,4.147687685092888397e-03,6.227967691886370227e-01,2.008299570422977354e+00,2.000000000000000000e+01,7.717881414500774029e-02,-2.753871282530770870e+01,5.748575076596607936e+00,-4.859905267620918323e+01,5.960773952617530291e+00,-7.199100592796870046e+01,6.313873245456328220e+00,4.800000000000000000e+01,7.712607855321399484e+02,5.761281125776168466e+01,3.551000000000000000e+06,2.087900000000000034e-01,-6.834010730000406966e+02,1.000000000000000000e+00
2.657705014653430602e-03,4.113010201266316390e-03,6.804764242054845980e-01,1.614669927819059492e+00,2.000000000000000000e+01,7.903665727897943305e-02,-3.562762504922059748e+01,6.873814933022647899e+00,-4.750381446227441273e+01,6.465922277053270051e+00,-5.482392427214284680e+01,6.275646747887020815e+00,4.900000000000000000e+01,6.633007985695403477e+02,5.833067825108207671e+01,3.586400000000000000e+06,1.870100000000000096e-01,-5.458176000000015620e+02,1.000000000000000000e+00
2.849289298880592226e-03,3.983198111262767523e-03,5.846695942066246765e-01,1.775427189377955850e+00,2.000000000000000000e+01,7.503406161336176328e-02,-3.181194039856093170e+01,6.114192665499573742e+00,-4.958691076934660202e+01,6.343241479498481716e+00,-5.546019796447611583e+01,6.437832625353000715e+00,5.000000000000000000e+01,6.195064868058082084e+02,5.882444996485252631e+01,3.581000000000000000e+06,1.939200000000000090e-01,-5.992161559999979090e+02,1.000000000000000000e+00
2.757374913450865231e-03,4.554724224386096088e-03,6.191713445006142846e-01,1.144596608555412454e+00,2.000000000000000000e+01,7.462596851799854769e-02,-3.223085604811603844e+01,6.398046907017884699e+00,-4.573048192695356562e+01,6.000472205948377713e+00,-6.237609444190378127e+01,6.174903204790848754e+00,5.100000000000000000e+01,6.464083616948566942e+02,5.863417704013151166e+01,3.547400000000000000e+06,1.970699999999999952e-01,-6.034154000000290807e+02,1.000000000000000000e+00
2.764770137339570000e-03,4.277598714920273666e-03,6.124102403211105772e-01,1.366960157762485029e+00,2.000000000000000000e+01,7.449270515433209505e-02,-3.435123529228148698e+01,6.355498207260577459e+00,-4.221730492976493565e+01,5.860138960817516285e+00,-6.322997455812438261e+01,6.093892188691008904e+00,5.200000000000000000e+01,6.423579260869792051e+02,5.863699092365072119e+01,3.532100000000000000e+06,2.241599999999999981e-01,-7.749401360001195371e+02,1.000000000000000000e+00
2.740539890830452109e-03,4.408614869468505809e-03,5.517267727896201235e-01,1.058772729798856949e+00,2.000000000000000000e+01,6.971856848203583645e-02,-3.531841502881945161e+01,5.891612036620462511e+00,-4.482895870010595729e+01,5.929864753189093562e+00,-5.708464785237780603e+01,6.115301045280571834e+00,5.300000000000000000e+01,6.328639254754224339e+02,5.870209592180615488e+01,3.557200000000000000e+06,2.290300000000000114e-01,-7.935446339998851499e+02,1.000000000000000000e+00
2.759933681209891885e-03,4.280587709704207489e-03,5.990918392381446855e-01,1.377588873247617585e+00,2.000000000000000000e+01,6.732679271985489433e-02,-3.087599957353964442e+01,6.488154215916189571e+00,-4.218507871872683523e+01,6.309043353920463559e+00,-5.539118767792636788e+01,5.806566538517192733e+00,5.400000000000000000e+01,6.510596210294535240e+02,5.854809384414252094e+01,3.529500000000000000e+06,2.120499999999999885e-01,-6.451490999999898577e+02,1.000000000000000000e+00
2.428478245203923545e-03,4.359970655361065234e-03,6.116192972848633058e-01,-3.616536088807271176e-01,2.000000000000000000e+01,8.025804225119788360e-02,-3.812693238246958316e+01,5.502624828686741409e+00,-5.159275598405967855e+01,6.199115811300966783e+00,-6.437146683736656883e+01,6.542174788212151704e+00,5.500000000000000000e+01,1.052842360787090144e+02,6.811990597144666992e+01,3.311700000000000000e+06,2.593199999999999950e-01,-8.938655830001496270e+02,1.000000000000000000e+00
2.767801543794429046e-03,4.541729097146561187e-03,6.980108974022050106e-01,-1.243733034914428881e+00,2.000000000000000000e+01,7.379115800454941199e-02,-4.082219761796808655e+01,5.838153766242191622e+00,-4.733401799759066364e+01,5.892085563541096249e+00,-6.964722715448044710e+01,6.795531812359154600e+00,5.600000000000000000e+01,1.074714918029684583e+02,6.682115586550825981e+01,3.358200000000000000e+06,2.798399999999999777e-01,-9.446295459997536454e+02,1.000000000000000000e+00
2.485054640382253731e-03,4.639724994237594616e-03,6.066809560524248912e-01,6.449530236107324788e-01,2.000000000000000000e+01,7.418660870260737616e-02,-3.237590081940403763e+01,6.518639687335583410e+00,-4.875481632729977832e+01,5.658044302453900443e+00,-6.164053286136378773e+01,6.687061354242015199e+00,5.700000000000000000e+01,5.278208367811262178e+02,5.954933930414467369e+01,3.542300000000000000e+06,2.366000000000000048e-01,-7.996697820001421633e+02,1.000000000000000000e+00
2.103351628636718033e-03,4.610734023355001973e-03,6.884554505061134533e-01,-5.920687842250432764e-01,2.000000000000000000e+01,7.323512164550353976e-02,-3.834864056249594455e+01,5.849176392829111393e+00,-5.439715289380825425e+01,6.454258079287529704e+00,-6.371612246745681318e+01,7.307354119135165860e+00,5.800000000000000000e+01,1.109865157533478879e+02,6.630252102852516316e+01,3.451400000000000000e+06,3.019899999999999807e-01,-9.322599000003159517e+02,1.000000000000000000e+00
2.653868401651254556e-03,4.921437391095558576e-03,6.230323091975784600e-01,5.762474757528659453e-01,2.000000000000000000e+01,7.409310324225948374e-02,-3.514607957583177011e+01,6.364368452388363906e+00,-4.700813923160249885e+01,6.281312230718939738e+00,-5.893111930447837210e+01,6.400138243658212822e+00,5.900000000000000000e+01,5.485650857262575073e+02,5.949915080449026306e+01,3.585900000000000000e+06,2.452199999999999935e-01,-8.561836259998324294e+02,1.000000000000000000e+00
2.670912554211870085e-03,4.457403616491642864e-03,6.751798215266328063e-01,-1.178677387256983566e+00,2.000000000000000000e+01,7.417041295002170520e-02,-3.997327358235888539e+01,5.930166203033854444e+00,-4.864185560585583801e+01,5.944456938292386639e+00,-6.780910308277876197e+01,6.716346959605951739e+00,6.000000000000000000e+01,1.138211512103432028e+02,6.582092052793123571e+01,3.384900000000000000e+06,2.260500000000000009e-01,-6.822598789999847213e+02,1.000000000000000000e+00
2.746423105064538239e-03,4.230784670628076963e-03,7.093083485053779391e-01,9.552010336792321477e-01,2.000000000000000000e+01,7.145826905546187602e-02,-3.580041552725931808e+01,5.554836897936634266e+00,-4.449781434259111279e+01,5.804191961307879843e+00,-5.587267953490363226e+01,6.213339898802734851e+00,6.100000000000000000e+01,5.544595118808319967e+02,5.942260805467529394e+01,3.524200000000000000e+06,2.179200000000000026e-01,-6.629418510000922424e+02,1.000000000000000000e+00
2.620741419831883016e-03,4.373104431406651775e-03,6.468258076051290884e-01,9.364694456442463899e-01,2.000000000000000000e+01,7.422400097765222138e-02,-3.401043208460652068e+01,6.195989305999823671e+00,-4.426902449920099514e+01,5.715717138924423679e+00,-6.354499222668094660e+01,6.346044625608270096e+00,6.200000000000000000e+01,5.542014108064107631e+02,5.949264961964547638e+01,3.501100000000000000e+06,2.219399999999999984e-01,-6.832973070000741700e+02,1.000000000000000000e+00
2.800395666465018817e-03,4.169818732493838637e-03,6.436028650071836665e-01,1.253489053506519291e+00,2.000000000000000000e+01,7.403476338561328085e-02,-3.458663216882972335e+01,6.980324057748654276e+00,-4.980532812746018578e+01,5.745530709363105615e+00,-5.750310668968117511e+01,7.062938809450002964e+00,6.300000000000000000e+01,5.563807417539105700e+02,5.883390580838292294e+01,3.638600000000000000e+06,2.792399999999999882e-01,-1.051582911000214835e+03,1.000000000000000000e+00
2.715008789614967687e-03,4.407720054959676087e-03,6.140239877027728888e-01,-1.232973697052687667e+00,2.000000000000000000e+01,6.785139828817253471e-02,-3.588579488299415488e+01,5.530878131313277990e+00,-5.147240475701697449e+01,5.979707749093844171e+00,-7.002630686003543303e+01,7.304961781821686095e+00,6.400000000000000000e+01,1.169684608455000614e+02,6.542130607679486332e+01,3.408700000000000000e+06,2.060500000000000109e-01,-5.735289169999956584e+02,1.000000000000000000e+00
2.609637735684553362e-03,4.628093200534908781e-03,6.231593009621103629e-01,7.971580702835252552e-01,2.000000000000000000e+01,7.450024155927215119e-02,-3.369610136992869798e+01,6.612344171364703982e+00,-4.678463286208570793e+01,6.637405024889075023e+00,-6.494022213312948111e+01,6.351077396345194970e+00,6.500000000000000000e+01,4.962479527885753328e+02,5.960281435525830318e+01,3.580000000000000000e+06,1.979200000000000126e-01,-5.842919999999808169e+02,1.000000000000000000e+00
2.583088895202659274e-03,4.525341985028946863e-03,6.180254494788494091e-01,-8.891184646087129106e-01,2.000000000000000000e+01,7.470920681361221949e-02,-3.910582477500675225e+01,6.095550499677575118e+00,-5.070196362283817848e+01,6.162921069010197428e+00,-6.565828112640043912e+01,6.246594929342894176e+00,6.600000000000000000e+01,1.332268545262375312e+02,6.503231991861547101e+01,3.407200000000000000e+06,1.923499999999999932e-01,-5.562059999999348747e+02,1.000000000000000000e+00
2.642061932450770912e-03,4.550470055397420194e-03,7.585128052186655978e-01,-1.006251570344816493e+00,2.000000000000000000e+01,7.196396556687080504e-02,-4.133411668282623452e+01,6.483516262912092820e+00,-5.649635041709128558e+01,6.100939802284193192e+00,-7.813714375645594146e+01,7.527430191370625856e+00,6.700000000000000000e+01,1.223059506182425622e+02,6.537501383944596967e+01,3.420400000000000000e+06,1.149700000000000027e-01,-2.162141700000067885e+02,1.000000000000000000e+00
2.573188166058894624e-03,4.493917920382841172e-03,6.481501737528606588e-01,-1.074732161128588714e+00,2.000000000000000000e+01,7.497361717071093778e-02,-3.900641697281722031e+01,6.266636938973602078e+00,-5.040017654568777061e+01,6.002050441373020462e+00,-6.552529139208940023e+01,6.604213902388718083e+00,6.800000000000000000e+01,1.338169676305622033e+02,6.468254929700398748e+01,3.433500000000000000e+06,1.519899999999999862e-01,-3.528454380000192714e+02,1.000000000000000000e+00
2.571042123268646104e-03,4.393885781253166478e-03,6.491639480721066446e-01,-1.074782925509573772e+00,2.000000000000000000e+01,7.473929960402919681e-02,-3.883531667448407632e+01,6.220226976405948349e+00,-5.011142841582375240e+01,6.021363654090958306e+00,-6.576202635773054794e+01,6.660208407918950968e+00,6.900000000000000000e+01,1.369039661921053437e+02,6.459554421687317927e+01,3.434300000000000000e+06,1.747799999999999909e-01,-4.364701000000212616e+02,1.000000000000000000e+00
2.414905078484359379e-03,3.901307251045676126e-03,7.007325360574432338e-01,-1.098199612732781771e+00,2.000000000000000000e+01,8.050063071490536071e-02,-3.691646961979673591e+01,5.939899199401658336e+00,-5.068112017692025972e+01,6.925135232242955574e+00,-6.499017924103662835e+01,5.616415242156029386e+00,7.000000000000000000e+01,1.251659544597529248e+02,6.524422977804813684e+01,3.418900000000000000e+06,1.120099999999999985e-01,-2.058722640000042077e+02,1.000000000000000000e+00
2.956890565958750564e-03,4.439663813899099101e-03,6.066366692949319850e-01,-1.146720099128075487e+00,2.000000000000000000e+01,8.190064190977378034e-02,-4.207562410377575191e+01,5.960523365199946078e+00,-4.523241060748285491e+01,5.528188194267971589e+00,-6.470627307383433902e+01,6.261349000563616762e+00,7.100000000000000000e+01,1.304265601481181704e+02,6.511237280195550170e+01,3.398000000000000000e+06,1.090900000000000064e-01,-2.079637709999974504e+02,1.000000000000000000e+00
3.211880452016116234e-03,4.699788432201502768e-03,6.732349234621566314e-01,-1.244677964950919646e+00,2.000000000000000000e+01,8.995914917095208796e-02,-3.904257393495130657e+01,6.569530165502732721e+00,-5.537989406643016821e+01,6.506544686382008891e+00,-7.576114916389060738e+01,5.822928659356317205e+00,7.200000000000000000e+01,1.297791196088334402e+02,6.513401212837891308e+01,3.386700000000000000e+06,1.988600000000000090e-01,-5.734960999999665319e+02,1.000000000000000000e+00
2.490438032846277547e-03,4.058590583941450690e-03,6.260823677053419800e-01,8.427005634687874114e-01,2.000000000000000000e+01,7.488798437187579871e-02,-3.385242594985848541e+01,6.331831591215080657e+00,-4.968703301707658682e+01,5.936479029492144122e+00,-6.055196459105233942e+01,7.006756352038497226e+00,7.300000000000000000e+01,4.646821645587726834e+02,5.990595896991662528e+01,3.558700000000000000e+06,1.659700000000000064e-01,-4.081110000000238074e+02,1.000000000000000000e+00
2.661983187179593584e-03,4.548175515882126735e-03,6.929432743630790092e-01,-9.831699784342304849e-01,2.000000000000000000e+01,7.441911635160097793e-02,-3.899970329314054140e+01,6.034400590800554909e+00,-5.076903634886747341e+01,5.784313646618558735e+00,-6.407360390508131331e+01,6.592262099166594780e+00,7.400000000000000000e+01,1.457054665299238536e+02,6.456465888999284175e+01,3.409800000000000000e+06,1.839300000000000102e-01,-4.478354509999457491e+02,1.000000000000000000e+00
2.535606829925633569e-03,4.220758246623778492e-03,6.833718537669349891e-01,-9.276133531937711396e-01,2.000000000000000000e+01,7.421156262079631194e-02,-3.825217213867360755e+01,6.152428197728733394e+00,-5.275770748318137748e+01,6.103485630287423191e+00,-6.095420773775516921e+01,6.716954194441758119e+00,7.500000000000000000e+01,1.794826231193274282e+02,6.370984347595764774e+01,3.473700000000000000e+06,2.133599999999999941e-01,-5.744017349999807038e+02,1.000000000000000000e+00
2.665279760252000675e-03,4.474497178163840475e-03,6.353187393497454760e-01,1.115398171159197593e-01,2.000000000000000000e+01,7.462837414428727389e-02,-3.629287478173337433e+01,6.107592455054011715e+00,-4.799613509712992965e+01,5.926100484830515214e+00,-6.222563611659874994e+01,6.360971209502473300e+00,7.600000000000000000e+01,3.744943471484228894e+02,6.131895936738617081e+01,3.479300000000000000e+06,1.914800000000000113e-01,-5.398381410000376945e+02,1.000000000000000000e+00
2.646502558480974803e-03,4.242641931588350852e-03,6.734085751905599659e-01,6.581346437588125875e-01,2.000000000000000000e+01,7.288136954619209296e-02,-3.680237370360243432e+01,5.675261969122337824e+00,-4.754833849284046465e+01,5.965008060416090885e+00,-6.505786686866497348e+01,6.423602310836374230e+00,7.700000000000000000e+01,4.595659862760648480e+02,6.043991837895647734e+01,3.497100000000000000e+06,2.065800000000000136e-01,-5.934152580000915123e+02,1.000000000000000000e+00
2.678407171609580983e-03,4.060049935155591455e-03,6.298057940169290436e-01,9.438179187249854385e-01,2.000000000000000000e+01,7.518302500382832709e-02,-3.360279273103954978e+01,6.068589896003858897e+00,-4.972374694010594709e+01,5.887711503310335104e+00,-6.134389617674018780e+01,6.988469327877009363e+00,7.800000000000000000e+01,4.630364753367824733e+02,6.032958543321966260e+01,3.520700000000000000e+06,1.507400000000000129e-01,-3.655483650000227840e+02,1.000000000000000000e+00
2.779457596996799153e-03,4.373128419812974746e-03,7.008767924571424057e-01,2.138811561755383783e-01,2.000000000000000000e+01,7.689432566656134727e-02,-4.039642558141227369e+01,5.658103811034598252e+00,-4.278032874136759744e+01,5.726573608756234002e+00,-6.174229510394030029e+01,6.397117525577758812e+00,7.900000000000000000e+01,3.831223478729829139e+02,6.121006409511145563e+01,3.492800000000000000e+06,2.303600000000000092e-01,-7.451875920000715041e+02,1.000000000000000000e+00
2.591034200501303800e-03,4.498472353050677122e-03,6.488456798285903160e-01,-9.524030167228731969e-01,2.000000000000000000e+01,7.491480691261570568e-02,-3.855016880032275850e+01,6.221484740748541853e+00,-5.025309392848709678e+01,5.980919838334216365e+00,-6.490602673741345541e+01,6.521536679953593207e+00,8.000000000000000000e+01,1.584456486572939582e+02,6.415204540913998699e+01,3.435700000000000000e+06,1.570300000000000029e-01,-3.709462649999867381e+02,1.000000000000000000e+00
2.662585066050063287e-03,4.502065100832938760e-03,6.930614175873596183e-01,-8.827892990634162995e-01,2.000000000000000000e+01,7.510262167571229996e-02,-3.908857894446609293e+01,6.045933806522267417e+00,-4.833975307530221244e+01,5.684572408409254152e+00,-6.215716755383349579e+01,6.652159998285947395e+00,8.100000000000000000e+01,2.313557819490998781e+02,6.308798766039053163e+01,3.449600000000000000e+06,1.337899999999999923e-01,-2.659459320000036655e+02,1.000000000000000000e+00
2.584022806630027584e-03,4.498605858345426992e-03,6.490151998266275868e-01,-9.676703012894500855e-01,2.000000000000000000e+01,7.490922044790751522e-02,-3.871695147036684403e+01,6.204864913997420572e+00,-5.022365648080514688e+01,5.972935076759225304e+00,-6.494585774869842965e+01,6.521359518827120283e+00,8.200000000000000000e+01,1.536321836065250750e+02,6.427334653089145888e+01,3.432300000000000000e+06,1.567699999999999927e-01,-3.684769740000250522e+02,1.000000000000000000e+00
2.552295864118089147e-03,4.605015347776334270e-03,6.382645936819402177e-01,-8.701883452873727665e-01,2.000000000000000000e+01,7.565024112239387977e-02,-3.952256885625612171e+01,6.143778498308254399e+00,-4.989795932465916195e+01,6.039759428171901590e+00,-6.326396434217797093e+01,6.436446449282467341e+00,8.300000000000000000e+01,1.709450267740934351e+02,6.397103443531437250e+01,3.444400000000000000e+06,1.163399999999999990e-01,-2.281496940000168649e+02,1.000000000000000000e+00
2.614557815332632131e-03,4.405323706395446529e-03,6.366382845486309172e-01,1.534526432377633642e-01,2.000000000000000000e+01,7.430698562470751389e-02,-3.688967377185191765e+01,6.072775887308422327e+00,-4.706696548572790562e+01,5.839894148900224735e+00,-6.173735370060673233e+01,6.411118658425220218e+00,8.400000000000000000e+01,3.866217401189980478e+02,6.120637600637964226e+01,3.481000000000000000e+06,2.233400000000000107e-01,-7.035248570001170947e+02,1.000000000000000000e+00
2.867994315082595443e-03,4.599378817923996214e-03,6.955449565332553208e-01,-8.097928987086556729e-01,2.000000000000000000e+01,6.961048738734183783e-02,-3.630776222654734653e+01,6.546802201737571103e+00,-4.524945407628978700e+01,5.724878031604149875e+00,-6.406212268374942198e+01,6.199088771982856905e+00,8.500000000000000000e+01,2.506769770745007406e+02,6.273743321020368313e+01,3.469600000000000000e+06,1.426199999999999968e-01,-3.284735999999945193e+02,1.000000000000000000e+00
2.495714309912678858e-03,4.515599075685227531e-03,6.351950837897961666e-01,-2.480708657228746228e-01,2.000000000000000000e+01,7.433402799455196552e-02,-3.662971916039623466e+01,6.319841911234041376e+00,-5.003490240136899558e+01,5.892213808881830772e+00,-6.400995495996129137e+01,6.386604264453229263e+00,8.600000000000000000e+01,2.617714222543324354e+02,6.258506809886360145e+01,3.457500000000000000e+06,2.106999999999999984e-01,-6.189247999999976173e+02,1.000000000000000000e+00
2.544307652916462208e-03,4.408895395647260095e-03,6.299846459038564994e-01,-6.474586802583757184e-01,2.000000000000000000e+01,7.498947987488788214e-02,-3.647820460219607952e+01,6.469398074761519624e+00,-4.973768191938493999e+01,6.326998841533505669e+00,-6.275879067512379095e+01,6.431567769420945879e+00,8.700000000000000000e+01,2.921160170123071680e+02,6.203525106967404668e+01,3.524800000000000000e+06,1.580199999999999938e-01,-3.790560000000298260e+02,1.000000000000000000e+00
2.536970104700178585e-03,4.423150071851000668e-03,6.592689929137007798e-01,-5.353772288010048008e-01,2.000000000000000000e+01,7.506829842565027056e-02,-3.678640488529338626e+01,6.370271432241759513e+00,-4.941542052053807765e+01,6.313639079223008821e+00,-6.228120595452472230e+01,6.468195086369503244e+00,8.800000000000000000e+01,3.000258070256663245e+02,6.194007746760392052e+01,3.523200000000000000e+06,1.412700000000000067e-01,-2.982678089999978965e+02,1.000000000000000000e+00
2.593184267045990470e-03,4.481542848071206828e-03,6.395713056968315158e-01,-4.894301555100768475e-01,2.000000000000000000e+01,7.482235146093021982e-02,-3.761245890358175359e+01,6.083988173984985259e+00,-4.821791418860973977e+01,5.993051694513904515e+00,-6.419569967027365465e+01,6.347521591855869616e+00,8.900000000000000000e+01,2.605058932808222494e+02,6.266726782856815703e+01,3.448500000000000000e+06,1.685200000000000031e-01,-4.206694110000152591e+02,1.000000000000000000e+00
2.694556789325055698e-03,4.539025894792336931e-03,6.262509213894242865e-01,-3.007566538577454707e-01,2.000000000000000000e+01,7.499378052905682213e-02,-3.641020525128347174e+01,6.412928863908641475e+00,-4.829355059840769826e+01,6.005099934707842202e+00,-6.349441417986504632e+01,6.378868804664463710e+00,9.000000000000000000e+01,3.361037493403785561e+02,6.169429454296246718e+01,3.497300000000000000e+06,1.643499999999999961e-01,-4.272457480000434202e+02,1.000000000000000000e+00
2.608110185934492051e-03,4.429080744126340577e-03,6.513053435942672831e-01,-7.016761044788042412e-01,2.000000000000000000e+01,7.489867029132328546e-02,-3.728016362142554385e+01,6.257952619846820497e+00,-4.951915830537452479e+01,6.057027251728677619e+00,-6.486767657636660545e+01,6.571983305115844054e+00,9.100000000000000000e+01,2.191783444173291002e+02,6.309349285716795919e+01,3.463700000000000000e+06,1.577500000000000013e-01,-3.739857660000303099e+02,1.000000000000000000e+00
2.637607729872992052e-03,4.475082933220773246e-03,6.543899955528289514e-01,-4.580803541243672061e-01,2.000000000000000000e+01,7.499286435635185710e-02,-3.620066842642877702e+01,6.289572105389154899e+00,-4.896150291898720752e+01,6.099842665730008662e+00,-6.439761567171525769e+01,6.492914894070348275e+00,9.200000000000000000e+01,2.914169498874326791e+02,6.215857110141092789e+01,3.484700000000000000e+06,1.498700000000000032e-01,-3.440818290000303818e+02,1.000000000000000000e+00
2.595051945409657373e-03,4.484621047924474552e-03,6.438882245589250264e-01,2.613788553536874337e-01,2.000000000000000000e+01,7.447666341041259130e-02,-3.453525185975203726e+01,6.220444588435878330e+00,-4.655885280489722788e+01,5.785847566886339166e+00,-6.453627382973252224e+01,6.402861559238813172e+00,9.300000000000000000e+01,4.260200248915141401e+02,6.075450455309493236e+01,3.479200000000000000e+06,1.961100000000000065e-01,-5.426145000000373102e+02,1.000000000000000000e+00
2.551230568594412256e-03,4.468785647064110918e-03,6.625017438289562133e-01,-4.755297134562309624e-01,2.000000000000000000e+01,7.449134435819067257e-02,-3.733628776651089254e+01,5.982173332516708797e+00,-4.952730500622443799e+01,5.724778182695363427e+00,-6.110884891418797338e+01,6.497623988713271181e+00,9.400000000000000000e+01,2.877365178169692967e+02,6.231311470199802471e+01,3.452100000000000000e+06,1.853899999999999992e-01,-4.709977870000183771e+02,1.000000000000000000e+00
2.903000698558505944e-03,4.805274110252779132e-03,6.838700133371282686e-01,-6.285420309956265550e-01,2.000000000000000000e+01,7.323148914758306760e-02,-3.688184829769644324e+01,6.170728582366749926e+00,-4.649032024888692405e+01,5.614595534824649015e+00,-6.606596092648430840e+01,5.804662409158901859e+00,9.500000000000000000e+01,2.191450174775196160e+02,6.330248297852505601e+01,3.446800000000000000e+06,1.488400000000000001e-01,-3.430406939999712677e+02,1.000000000000000000e+00
2.653723917244713102e-03,4.510680106262879990e-03,6.925334624614911672e-01,-8.946649760714502353e-01,2.000000000000000000e+01,7.508841425754375631e-02,-3.928734515401463767e+01,6.008956846875850744e+00,-4.854902619294045252e+01,5.660529290245984946e+00,-6.237802495473839315e+01,6.643705410573398140e+00,9.600000000000000000e+01,2.144079375811258501e+02,6.333691804265826164e+01,3.438200000000000000e+06,1.342700000000000005e-01,-2.668164720000083321e+02,1.000000000000000000e+00
2.647788561644668151e-03,4.515345341152908476e-03,6.929669915999121521e-01,-8.860584227462058315e-01,2.000000000000000000e+01,7.534393839337107102e-02,-3.909029064961236344e+01,6.073990331915737784e+00,-4.775512087881767087e+01,5.662582565558667902e+00,-6.273402527546984686e+01,6.639295932027739156e+00,9.700000000000000000e+01,2.333268986407856005e+02,6.308327041640316679e+01,3.447800000000000000e+06,1.219999999999999973e-01,-2.234920439999880841e+02,1.000000000000000000e+00
2.573992539319987748e-03,4.627103836297923739e-03,6.104942968423314742e-01,-2.768453114633936396e-01,2.000000000000000000e+01,7.451031355542803158e-02,-3.529063796297019451e+01,6.673725838739494876e+00,-4.660429355726162726e+01,6.393543294986573144e+00,-6.461330531296043489e+01,6.326272335582084239e+00,9.800000000000000000e+01,4.042191789771102890e+02,6.077516432078925845e+01,3.560000000000000000e+06,2.096099999999999908e-01,-6.598877999999416488e+02,1.000000000000000000e+00
2.662406156613946612e-03,4.400096770195591374e-03,6.509080058135454649e-01,5.131990239594991232e-01,2.000000000000000000e+01,7.448779302799238278e-02,-3.638061719149759909e+01,6.209161472714434638e+00,-4.681351007114952978e+01,5.794617983794935867e+00,-6.186909754988927546e+01,6.267366104748873568e+00,9.900000000000000000e+01,4.310209966630667395e+02,6.074858016977813691e+01,3.486600000000000000e+06,1.955600000000000116e-01,-5.418036979999187679e+02,1.000000000000000000e+00
2.650776845452937347e-03,4.459973291713437149e-03,6.558878201097018135e-01,-1.876174106390621210e-02,2.000000000000000000e+01,7.507658684568448149e-02,-3.558639341819136348e+01,6.305310948033997498e+00,-4.897605148956962751e+01,6.045456910359591873e+00,-6.421311052110966955e+01,6.437030197688075717e+00,1.000000000000000000e+02,3.345823253628196312e+02,6.170729331062205603e+01,3.485300000000000000e+06,1.429300000000000015e-01,-3.184746679999786920e+02,1.000000000000000000e+00
2.575513902877086224e-03,4.567941726208852443e-03,6.448793592908034222e-01,-8.770323120934823136e-01,2.000000000000000000e+01,7.519689737001815366e-02,-3.906288446498525246e+01,6.134226709987881776e+00,-4.993831597254962418e+01,6.024373234863865889e+00,-6.271126819792281992e+01,6.436455873175285447e+00,1.010000000000000000e+02,1.899266368247585604e+02,6.359424942381090062e+01,3.451300000000000000e+06,1.380200000000000038e-01,-3.018225049999768430e+02,1.000000000000000000e+00
2.507285218296653045e-03,4.204941631200337024e-03,6.787593419752258050e-01,-9.059905975959868796e-01,2.000000000000000000e+01,7.554746474511012111e-02,-3.797397152451927127e+01,6.165943668263784261e+00,-5.254880888266139038e+01,6.247094625769940457e+00,-6.042669131668807125e+01,6.573490520208364885e+00,1.020000000000000000e+02,1.972789427897873509e+02,6.336065832444855772e+01,3.487700000000000000e+06,1.156299999999999967e-01,-1.999758309999919277e+02,1.000000000000000000e+00
2.508333505502605663e-03,4.510638678563179578e-03,6.214953633429256552e-01,-3.412151866526861865e-01,2.000000000000000000e+01,7.450689318677118644e-02,-4.058033696883867947e+01,5.858636851675687929e+00,-4.925668498149381946e+01,6.108401913365257840e+00,-5.955438935286345270e+01,6.617903614918930089e+00,1.030000000000000000e+02,2.348953196855669319e+02,6.302853201188428045e+01,3.473800000000000000e+06,2.016999999999999904e-01,-5.903831999999596292e+02,1.000000000000000000e+00
2.618517666719743543e-03,4.472787769894790919e-03,6.435518320379979285e-01,1.461812863165019016e-01,2.000000000000000000e+01,7.437017154457836732e-02,-3.646751550136714570e+01,6.227524249518268995e+00,-4.859153856486550183e+01,5.866365289004883188e+00,-6.296554056392401577e+01,6.326483669906265206e+00,1.040000000000000000e+02,3.426032031862375788e+02,6.168255353724957502e+01,3.469400000000000000e+06,2.097700000000000120e-01,-6.196553999999640610e+02,1.000000000000000000e+00
2.575525377953762421e-03,4.528036133360004503e-03,6.300390007973123430e-01,-4.477952877051398217e-01,2.000000000000000000e+01,7.465989070821595075e-02,-3.733901532964548409e+01,6.036652065876122464e+00,-4.906757491079150668e+01,5.919556746637960387e+00,-6.238025744579095999e+01,6.518996448172854841e+00,1.050000000000000000e+02,2.806151947525432888e+02,6.237614970817833182e+01,3.463000000000000000e+06,1.874599999999999878e-01,-5.155454679999645577e+02,1.000000000000000000e+00
2.276455384950795777e-03,4.481631719876110788e-03,6.771233283812250203e-01,-9.510113564170485922e-01,2.000000000000000000e+01,7.638757972968801546e-02,-3.553908560710323172e+01,5.384171580505495491e+00,-5.024417928709802084e+01,5.332367924645551760e+00,-6.243981939706461759e+01,6.880451725548163644e+00,1.060000000000000000e+02,2.487629552028282092e+02,6.277658753734796448e+01,3.446400000000000000e+06,1.803299999999999903e-01,-4.063606999999769300e+02,1.000000000000000000e+00
2.491958750514487210e-03,4.425794513208493319e-03,6.631659425503931837e-01,-4.151190979064096620e-01,2.000000000000000000e+01,7.435136515292081749e-02,-3.730591116588729506e+01,6.007774094370160967e+00,-4.942251496013778933e+01,5.661081352837076253e+00,-6.113781573470519959e+01,6.529225349717814098e+00,1.070000000000000000e+02,2.904589105216022631e+02,6.225474443527043178e+01,3.452600000000000000e+06,1.978499999999999981e-01,-5.141847300000237055e+02,1.000000000000000000e+00
2.586666472710804580e-03,4.291034876906426807e-03,6.604509929682736979e-01,-7.183430968993905763e-01,2.000000000000000000e+01,6.704570054901765053e-02,-3.547338240382219254e+01,6.083396635146171683e+00,-5.095391359786561480e+01,6.049656751513106556e+00,-5.506565991158677775e+01,7.153586845034204167e+00,1.080000000000000000e+02,1.911267765275831323e+02,6.356852296552115433e+01,3.451100000000000000e+06,1.859000000000000097e-01,-4.654807399999851896e+02,1.000000000000000000e+00
2.590650464854019758e-03,4.510279633695235893e-03,6.477696081256476557e-01,-7.930264684029362243e-01,2.000000000000000000e+01,7.476549985916679242e-02,-3.787268248688635452e+01,6.145136458143501734e+00,-4.985349828882380763e+01,6.050617011263410561e+00,-6.478192691962597394e+01,6.495782882463752017e+00,1.090000000000000000e+02,1.890207098010151583e+02,6.361119948607007757e+01,3.442500000000000000e+06,1.687299999999999911e-01,-4.174117109999846207e+02,1.000000000000000000e+00
2.682563247404253989e-03,4.538391845278595509e-03,6.202862521508196725e-01,8.027202811302847074e-02,2.000000000000000000e+01,7.478985047445983747e-02,-3.551330809852642290e+01,6.253674710196639452e+00,-4.817109076434492465e+01,6.001832817766689310e+00,-6.262802047626868784e+01,6.322547667009054351e+00,1.100000000000000000e+02,3.933917243137785249e+02,6.106877469274030545e+01,3.496000000000000000e+06,1.830600000000000005e-01,-5.239879469999824551e+02,1.000000000000000000e+00
2.685100519649529296e-03,4.567392634871802679e-03,6.254806923790980910e-01,7.915853600765596076e-02,2.000000000000000000e+01,7.491044646893889325e-02,-3.579668341174042467e+01,6.262796941482422497e+00,-4.786006308331629100e+01,5.988917046750328765e+00,-6.252186023425754513e+01,6.302238537538003449e+00,1.110000000000000000e+02,4.004652213913400374e+02,6.105959543151541880e+01,3.497000000000000000e+06,1.684599999999999986e-01,-4.441884999999987258e+02,1.000000000000000000e+00
2.600539667207146105e-03,4.439887970347599147e-03,6.522486000306684240e-01,-8.311871751551367371e-01,2.000000000000000000e+01,7.483349366905775457e-02,-3.775582147948730949e+01,6.251846461948282752e+00,-4.955377302943643514e+01,6.064179068092289349e+00,-6.529196545307920019e+01,6.581139996873455189e+00,1.120000000000000000e+02,1.914147965781360199e+02,6.351540786729139398e+01,3.455300000000000000e+06,1.632399999999999962e-01,-3.902367000000216422e+02,1.000000000000000000e+00
2.551911747768723267e-03,4.356944215956603909e-03,6.656952717767279371e-01,6.138408134061811294e-01,2.000000000000000000e+01,7.423330554977045082e-02,-3.603266975559256480e+01,5.960266861846691633e+00,-4.651697363479593861e+01,5.763552535383443143e+00,-6.206602259293278223e+01,6.319226020681091072e+00,1.130000000000000000e+02,4.328622082864718550e+02,6.070716126996829587e+01,3.466500000000000000e+06,2.071099999999999886e-01,-5.702041009999672951e+02,1.000000000000000000e+00
2.593663370427936980e-03,4.450741429569604092e-03,6.313071263090870300e-01,-7.176803864988347270e-03,2.000000000000000000e+01,7.458480054477148458e-02,-3.703832771740083274e+01,6.038765092480650409e+00,-4.734745542268983343e+01,5.924017422104601138e+00,-6.273529783887180145e+01,6.375565030501722852e+00,1.140000000000000000e+02,3.468854337491453634e+02,6.164486811864320259e+01,3.468400000000000000e+06,1.954899999999999971e-01,-5.557234089999629987e+02,1.000000000000000000e+00
2.725388571605526396e-03,4.298176872632480938e-03,6.511118790344871954e-01,2.123871078107867905e-01,2.000000000000000000e+01,7.461620584877884377e-02,-3.643238453161811208e+01,6.398193255522574674e+00,-4.938276334098925702e+01,5.851623603728585366e+00,-6.146578307573263089e+01,6.623309728240890593e+00,1.150000000000000000e+02,3.615839241300161007e+02,6.133062925912289387e+01,3.510800000000000000e+06,1.907600000000000129e-01,-5.307372189999978218e+02,1.000000000000000000e+00
2.529505634304528641e-03,4.571255430579766049e-03,6.818945860236996781e-01,-6.999169897371199101e-01,2.000000000000000000e+01,7.453394376723293524e-02,-3.736259632680567222e+01,6.019737864245310988e+00,-5.019339252233953630e+01,5.791187804539934980e+00,-6.189452595420446102e+01,6.497890039294639486e+00,1.160000000000000000e+02,2.463797880467710684e+02,6.280705011853014952e+01,3.446500000000000000e+06,1.676300000000000012e-01,-3.800044979999789234e+02,1.000000000000000000e+00
2.599504072984742259e-03,4.509279435852137086e-03,6.974456495213573470e-01,-5.690528373923774419e-01,2.000000000000000000e+01,7.457932298469349686e-02,-3.632816598403128694e+01,6.022927096689025817e+00,-5.259061133183253389e+01,5.715381475965743974e+00,-6.094754131279465525e+01,6.747547472461170592e+00,1.170000000000000000e+02,2.447866941489168084e+02,6.284706848544541202e+01,3.452100000000000000e+06,1.608499999999999930e-01,-3.534280259999744658e+02,1.000000000000000000e+00
2.717645557754627510e-03,4.393085285151465506e-03,6.549694087896011929e-01,2.459414416826684047e-01,2.000000000000000000e+01,7.462830034025390302e-02,-3.770484963479476903e+01,6.553157892692533792e+00,-4.941469609513332273e+01,5.845764238377428867e+00,-6.028991091869497154e+01,6.747883164988865978e+00,1.180000000000000000e+02,3.489302846078539346e+02,6.145575141415693565e+01,3.535600000000000000e+06,1.840499999999999914e-01,-4.922297999999785247e+02,1.000000000000000000e+00
2.582933759286010298e-03,4.465836560688522458e-03,6.428505588002509930e-01,1.080841442381662021e-01,2.000000000000000000e+01,7.442616799893539414e-02,-3.645371326997327799e+01,6.258699066408293099e+00,-4.825351841620517490e+01,5.859316985636081832e+00,-6.301355080144551124e+01,6.328003850761675153e+00,1.190000000000000000e+02,3.473441729584782820e+02,6.157527281008392350e+01,3.474300000000000000e+06,2.010399999999999965e-01,-5.730815999999307451e+02,1.000000000000000000e+00
2.571979110082865411e-03,4.662486651588029600e-03,6.738715253646152537e-01,-4.209304955843901630e-01,2.000000000000000000e+01,6.737758846800004364e-02,-3.769915903578588967e+01,5.852556478319455913e+00,-5.084853783217671008e+01,5.654401860959593407e+00,-5.833176746348710395e+01,6.091069700494351480e+00,1.200000000000000000e+02,3.242185641034146784e+02,6.189051136055303459e+01,3.463300000000000000e+06,1.915699999999999903e-01,-4.873408269999755476e+02,1.000000000000000000e+00
2.674565919127773299e-03,4.565621566001333217e-03,6.221342650593484347e-01,1.002424526629722146e-01,2.000000000000000000e+01,7.486091385714833957e-02,-3.586895315780988369e+01,6.291578066120010249e+00,-4.806328132313298340e+01,5.992127689046740535e+00,-6.259332344411861015e+01,6.325947430006058525e+00,1.210000000000000000e+02,3.917347935153990761e+02,6.112317248069522435e+01,3.498400000000000000e+06,1.739600000000000035e-01,-4.731201019999410846e+02,1.000000000000000000e+00
2.610111684559859348e-03,4.417845589952719594e-03,6.471667992748016962e-01,-1.585686489693161061e-01,2.000000000000000000e+01,7.470382275634741831e-02,-3.646303767708310772e+01,6.181741384072417134e+00,-4.794826707843223801e+01,5.985159681469767179e+00,-6.399562386821453686e+01,6.366501908127485621e+00,1.220000000000000000e+02,3.243845595262912980e+02,6.184628308891202408e+01,3.471000000000000000e+06,1.766300000000000092e-01,-4.503120000000182017e+02,1.000000000000000000e+00
2.570920687827544897e-03,4.444085353744568756e-03,6.365424310793812435e-01,-2.393395673665806300e-01,2.000000000000000000e+01,7.462375652968386563e-02,-3.825066312594695717e+01,6.152167500055295335e+00,-4.806670853236862229e+01,5.980158490320029330e+00,-6.271503630972080146e+01,6.423470216792469323e+00,1.230000000000000000e+02,2.837007230145844119e+02,6.233843251134599228e+01,3.471300000000000000e+06,1.880000000000000004e-01,-5.109434000000112519e+02,1.000000000000000000e+00
2.570824956695432276e-03,4.463443382186569816e-03,6.395069628928207184e-01,-1.314728534871691390e-01,2.000000000000000000e+01,7.471241685001078769e-02,-3.672768776784219824e+01,6.171583608637419616e+00,-4.862719955719674658e+01,6.044904034050292196e+00,-6.305720647964161429e+01,6.375411286688524193e+00,1.240000000000000000e+02,3.158282062463125612e+02,6.190560738678104968e+01,3.477600000000000000e+06,1.758399999999999963e-01,-4.517247000000221533e+02,1.000000000000000000e+00
2.667370353926870954e-03,4.518076960216070928e-03,6.564801304872152077e-01,-4.300914541588122253e-01,2.000000000000000000e+01,7.508106743319503673e-02,-3.528219890781612378e+01,6.297936420542497693e+00,-5.051084986391390430e+01,6.132191668624387582e+00,-6.484018936912052311e+01,6.450070431344695265e+00,1.250000000000000000e+02,2.725265819312892290e+02,6.242713767505146905e+01,3.472700000000000000e+06,1.438899999999999901e-01,-3.236849000000252659e+02,1.000000000000000000e+00
2.643868021437996083e-03,4.451975097985129068e-03,6.422015185812227633e-01,4.036500294851222415e-01,2.000000000000000000e+01,7.455720135342749910e-02,-3.555862483302664145e+01,6.064622525970066569e+00,-4.676109179249734638e+01,5.922190763928943724e+00,-6.256120918142628540e+01,6.318162399795848927e+00,1.260000000000000000e+02,4.357101251207798782e+02,6.067126478760956587e+01,3.484700000000000000e+06,1.909500000000000086e-01,-5.291505319999394032e+02,1.000000000000000000e+00
2.474367133999282476e-03,4.402594214049904663e-03,6.730247968801006397e-01,-3.749539476914634517e-01,2.000000000000000000e+01,7.715543888484498181e-02,-3.750799264408504285e+01,6.487873839678786503e+00,-5.194448856118443558e+01,6.389539508819197522e+00,-6.211232630922616238e+01,5.868859035772908683e+00,1.270000000000000000e+02,2.395833196446212128e+02,6.297552733548685922e+01,3.451700000000000000e+06,1.563299999999999967e-01,-3.796942469999783611e+02,1.000000000000000000e+00
2.585905752571646815e-03,4.520970882692850260e-03,6.587486328859322171e-01,-1.772023210711383967e-01,2.000000000000000000e+01,7.452587175611706527e-02,-3.644919713590399368e+01,6.096939905083056388e+00,-4.884269650277606445e+01,5.917488189950797839e+00,-6.221821728618557756e+01,6.326256727608240205e+00,1.280000000000000000e+02,3.313641908745840396e+02,6.180608605673790379e+01,3.467700000000000000e+06,1.822600000000000053e-01,-4.633250000000498403e+02,1.000000000000000000e+00
2.684356335579040839e-03,4.436547073611928071e-03,6.514308770013177430e-01,2.541920951187239819e-01,2.000000000000000000e+01,7.453902049086626180e-02,-3.639723413694095200e+01,6.149285888254978794e+00,-4.739510888448010206e+01,5.890263726055096072e+00,-6.257588721675885779e+01,6.248808588586665991e+00,1.290000000000000000e+02,3.910508653722582721e+02,6.119979031972573580e+01,3.475100000000000000e+06,1.922599999999999865e-01,-5.303603760000414695e+02,1.000000000000000000e+00
2.554716164894903566e-03,4.474896720350141424e-03,6.264900061182047120e-01,-5.705889039400191542e-02,2.000000000000000000e+01,7.476478250224907751e-02,-3.720685576174530240e+01,6.029235959425370162e+00,-4.762335440064047987e+01,5.992061653327546367e+00,-6.281233290394470004e+01,6.282859654157154417e+00,1.300000000000000000e+02,3.311273029720769046e+02,6.183175382650573226e+01,3.463400000000000000e+06,1.761399999999999910e-01,-4.677371640000398543e+02,1.000000000000000000e+00
2.529899293526187247e-03,4.550582070203714434e-03,6.289094498515381826e-01,-6.469214542413161961e-01,2.000000000000000000e+01,7.501865514232400334e-02,-3.902978642476305993e+01,6.070445070164364409e+00,-4.892324416104465712e+01,6.082153751783776485e+00,-6.171920787618905990e+01,6.367274240399440011e+00,1.310000000000000000e+02,2.410906542920253344e+02,6.288242534429814157e+01,3.466400000000000000e+06,1.520100000000000062e-01,-3.602705759999807924e+02,1.000000000000000000e+00
2.832097845838635244e-03,4.190264128239314101e-03,6.913551808545552735e-01,-2.168309501492488578e-01,2.000000000000000000e+01,7.834177478715920184e-02,-4.035648478963299368e+01,5.960027899285441855e+00,-4.465875399688937364e+01,5.623176628919857478e+00,-5.834126143803737108e+01,6.486833814776740148e+00,1.320000000000000000e+02,2.715081771948953815e+02,6.252186519166138368e+01,3.457600000000000000e+06,1.813599999999999934e-01,-4.798923030000285621e+02,1.000000000000000000e+00
2.662345000822143991e-03,4.541682757082525154e-03,6.486923033034500685e-01,-3.195067520632254854e-01,2.000000000000000000e+01,7.480833421499255564e-02,-3.733733544284368833e+01,6.219763293391750381e+00,-4.929882383774020838e+01,5.991444712314939025e+00,-6.351207812282835619e+01,6.298515729785300721e+00,1.330000000000000000e+02,2.696332213685672627e+02,6.257449352045350111e+01,3.458200000000000000e+06,1.652099999999999957e-01,-4.086154649999570552e+02,1.000000000000000000e+00
2.730343378884506327e-03,4.359926930538855251e-03,6.410376657785858967e-01,-2.490004832670883461e-01,2.000000000000000000e+01,7.587726888350948551e-02,-3.829432422618511822e+01,6.201622580255880202e+00,-4.849214010919097717e+01,6.149128064582132680e+00,-6.340146030654538123e+01,6.586968496963838682e+00,1.340000000000000000e+02,2.695116332463145454e+02,6.258241655363202938e+01,3.485800000000000000e+06,1.135000000000000037e-01,-2.246789999999941756e+02,1.000000000000000000e+00
2.456390581750881111e-03,4.145325156583986280e-03,6.172037985455149922e-01,6.714423532225129998e-01,2.000000000000000000e+01,7.526692363752071624e-02,-3.331684503155139510e+01,6.034223520662301610e+00,-4.770762618136914313e+01,6.417743986122143696e+00,-6.466445324552091733e+01,6.645339274883760083e+00,1.350000000000000000e+02,4.378718587487024365e+02,6.047617313056274213e+01,3.520000000000000000e+06,1.397700000000000053e-01,-3.106033979999976395e+02,1.000000000000000000e+00
2.565296115276176955e-03,4.928865177322601203e-03,5.652385946122108207e-01,2.972208019635732779e+00,2.000000000000000000e+01,7.595337974549182247e-02,-2.173991712198927573e+01,6.604028437417705177e+00,-4.375975947082599760e+01,5.581200453662102490e+00,-5.716280635320202919e+01,6.394097313160055585e+00,1.360000000000000000e+02,1.430206701791474416e+03,5.429277708813964409e+01,3.740800000000000000e+06,3.899500000000000188e-01,-2.019424009999515192e+03,1.000000000000000000e+00
2.888607275966158412e-03,3.694416418831592951e-03,5.435139851140047274e-01,-1.155292864693703396e-02,2.000000000000000000e+01,6.867631469215110251e-02,-3.170612265031447663e+01,5.992903866001657143e+00,-4.504365189933970015e+01,6.040967797401387784e+00,-7.146408399003640000e+01,6.803763895723784927e+00,1.370000000000000000e+02,1.068028582527423538e+02,6.836264139385360750e+01,3.302600000000000000e+06,2.588900000000000090e-01,-9.106615579997850318e+02,1.000000000000000000e+00
2.740022012037923553e-03,5.430808522103001100e-03,5.504742318038557958e-01,2.164444276564259972e+00,2.000000000000000000e+01,7.339502451711102382e-02,-3.282433937377226130e+01,6.454452101517766494e+00,-4.070929642090386835e+01,6.317025351071998251e+00,-5.479201916086073254e+01,6.224891860241918984e+00,1.380000000000000000e+02,1.045159461987399027e+03,5.602133101327937936e+01,3.615300000000000000e+06,3.052799999999999958e-01,-1.360635329999928672e+03,1.000000000000000000e+00
2.397633441292506152e-03,4.834998712913983129e-03,5.471127159204299817e-01,2.105315235547614794e+00,2.000000000000000000e+01,7.276018993467009421e-02,-2.610226903616342753e+01,6.925927801130452366e+00,-4.679208014671145577e+01,5.100304470253181677e+00,-5.661923485090694896e+01,6.782099562842487828e+00,1.390000000000000000e+02,1.032405208570915875e+03,5.603329820573989650e+01,3.608300000000000000e+06,2.747700000000000142e-01,-1.085269761999855973e+03,1.000000000000000000e+00
3.288026221081213982e-03,4.299298784296349228e-03,7.212237228559880142e-01,1.980927895980109987e+00,2.000000000000000000e+01,7.096158577311158233e-02,-2.813260247478230269e+01,5.625009873572583530e+00,-3.684048314246079059e+01,5.715579082091275076e+00,-5.689578132996761184e+01,5.320266322456789432e+00,1.400000000000000000e+02,1.004086421040003870e+03,5.617714089865549454e+01,3.590700000000000000e+06,2.181099999999999983e-01,-7.095197999999984404e+02,1.000000000000000000e+00
2.468796440460986792e-03,3.788237498123855820e-03,5.009666421395706504e-01,-9.104594595650934430e-01,2.000000000000000000e+01,6.973844355222996727e-02,-3.720444862345088666e+01,5.426261863956812093e+00,-4.992338843008122495e+01,5.941495349227296607e+00,-7.242122989620511930e+01,5.881143626259108359e+00,1.410000000000000000e+02,1.119931775829586229e+02,6.670352387756433643e+01,3.346700000000000000e+06,2.248900000000000066e-01,-7.189414749999716605e+02,1.000000000000000000e+00
2.686340548770460666e-03,4.783174654544061592e-03,5.785880404389375231e-01,-1.007227729377348169e+00,2.000000000000000000e+01,6.848298169771259436e-02,-3.548574163283534233e+01,5.831607988816702282e+00,-4.988910624350898360e+01,6.036966540204000253e+00,-6.580288244903873363e+01,5.526034252424233628e+00,1.420000000000000000e+02,1.127494203130420090e+02,6.631101424902888652e+01,3.362700000000000000e+06,2.118500000000000105e-01,-6.592659140000546358e+02,1.000000000000000000e+00
2.427021309127181010e-03,4.450484772127337972e-03,6.908448465891124934e-01,-9.114206663162036648e-01,2.000000000000000000e+01,7.434061737971782435e-02,-3.774377480981454624e+01,5.972333180906539418e+00,-5.078509317930881650e+01,5.512059943762976033e+00,-5.974578383034914708e+01,6.641826454045602013e+00,1.430000000000000000e+02,1.142042532180068122e+02,6.622549909340281715e+01,3.361100000000000000e+06,2.058500000000000052e-01,-6.284899319999469753e+02,1.000000000000000000e+00
3.027369060861207373e-03,4.507082952243041292e-03,6.517331580929536239e-01,-1.131738844273785016e+00,2.000000000000000000e+01,7.863326215448694645e-02,-3.899876653060968579e+01,6.738584653940090874e+00,-4.464989426622950930e+01,5.939401269542115003e+00,-6.853793845788464978e+01,5.532437798227064718e+00,1.440000000000000000e+02,1.154043281991355769e+02,6.596384951969190524e+01,3.399800000000000000e+06,1.910300000000000054e-01,-5.816367010000898290e+02,1.000000000000000000e+00
2.699329037095069515e-03,4.630524948810112520e-03,6.812297521285359814e-01,-1.080293220210874816e+00,2.000000000000000000e+01,7.389896672460422034e-02,-3.985566590055820768e+01,6.164017902995073683e+00,-5.002906133338866823e+01,5.928960672649760788e+00,-6.648601774963850630e+01,6.491823066320868918e+00,1.450000000000000000e+02,1.202975527316832398e+02,6.553735015473385772e+01,3.398600000000000000e+06,2.579199999999999826e-01,-8.523473580000699030e+02,1.000000000000000000e+00
2.771460925084476366e-03,4.251339709240942698e-03,6.647667353094045550e-01,-9.301347937782564745e-01,2.000000000000000000e+01,7.769201875202481899e-02,-4.167561691688472791e+01,6.668131612743196435e+00,-4.496335543193753637e+01,5.273879399083608810e+00,-6.409333289270335854e+01,6.399575109137376039e+00,1.460000000000000000e+02,1.213702601728085710e+02,6.548790070065449243e+01,3.393900000000000000e+06,1.223500000000000004e-01,-2.601218489999906183e+02,1.000000000000000000e+00
2.585153253402071652e-03,4.544611843702427850e-03,6.634748854178535993e-01,-4.252985333603198081e-01,2.000000000000000000e+01,7.439342885409468142e-02,-3.783247486594085274e+01,6.076125859330731238e+00,-4.938090464554333892e+01,5.861841970315827766e+00,-6.259218691517576616e+01,6.380405676164128792e+00,1.470000000000000000e+02,2.554068860615985841e+02,6.274734032902325254e+01,3.446100000000000000e+06,1.960399999999999920e-01,-5.205348469999732970e+02,1.000000000000000000e+00
2.930926493503458949e-03,4.321903970951919763e-03,6.496059791019050955e-01,-6.542561421790943355e-01,2.000000000000000000e+01,8.247215195656992792e-02,-3.348517787596249207e+01,5.715764883958730280e+00,-5.085881039270040560e+01,5.944315603477561716e+00,-6.102460694534607910e+01,7.140774153513433475e+00,1.480000000000000000e+02,2.176075977758041518e+02,6.333708452026288427e+01,3.440000000000000000e+06,1.184599999999999959e-01,-2.364308999999891512e+02,1.000000000000000000e+00
2.629674943214951703e-03,4.509888119765682706e-03,6.514746467604199953e-01,-4.946327231985625517e-01,2.000000000000000000e+01,7.474592308097136040e-02,-3.755967079200346603e+01,6.088025997985127447e+00,-4.960618796910885919e+01,5.842763229547724535e+00,-6.366956567007970591e+01,6.280825345094013912e+00,1.490000000000000000e+02,2.393846030945882148e+02,6.304616467874220831e+01,3.428000000000000000e+06,1.691400000000000126e-01,-4.205385990000227139e+02,1.000000000000000000e+00
2.328552164673632161e-03,4.748370315986127042e-03,5.941719330481438632e-01,-7.923892221821988713e-01,2.000000000000000000e+01,8.305009717421961424e-02,-4.120350973333968625e+01,6.614832087957519313e+00,-4.995942011613851719e+01,5.805565763030176463e+00,-6.237871592976957658e+01,5.822598259644571783e+00,1.500000000000000000e+02,1.516856079924457106e+02,6.458802706843059127e+01,3.423800000000000000e+06,9.863199999999999745e-02,-1.723411260000014238e+02,1.000000000000000000e+00
2.368449537990839713e-03,3.948821786603203508e-03,6.122852967150873571e-01,5.330294286872535592e-01,2.000000000000000000e+01,7.603624599009084495e-02,-3.286858651206831183e+01,5.420097429470285277e+00,-4.960545182972234812e+01,6.078659823439374499e+00,-6.439275407811135210e+01,6.932286870465504514e+00,1.510000000000000000e+02,4.312484068163866482e+02,6.075160277634211781e+01,3.465100000000000000e+06,2.213499999999999912e-01,-6.371675329999491169e+02,1.000000000000000000e+00
2.661344150346980908e-03,4.422709848039224276e-03,6.397882268396430927e-01,5.428603421977374888e-01,2.000000000000000000e+01,7.451042519621287052e-02,-3.516256268183144584e+01,6.159882512573815916e+00,-4.667341841153441351e+01,6.014684650876796823e+00,-6.256905982109176989e+01,6.217662869315329743e+00,1.520000000000000000e+02,4.639080126942100719e+02,6.034505984579931237e+01,3.498700000000000000e+06,1.988800000000000012e-01,-5.739776999999878626e+02,1.000000000000000000e+00
2.642638462895134654e-03,4.521443425290107808e-03,6.624784228169047218e-01,-7.951605040130640401e-01,2.000000000000000000e+01,7.520974280341946594e-02,-3.955060199758315775e+01,5.971027090466453302e+00,-4.899213130866239396e+01,5.951857132742908618e+00,-6.425258730474642732e+01,6.308254083779754495e+00,1.530000000000000000e+02,1.739177282368128203e+02,6.408402775874944268e+01,3.412400000000000000e+06,1.340800000000000047e-01,-2.844749000000153956e+02,1.000000000000000000e+00
2.620779952264258496e-03,4.454768118763305189e-03,6.009208464818245332e-01,-8.149354162204804908e-01,2.000000000000000000e+01,7.203083776537846927e-02,-4.170333224826396901e+01,5.684102337373177605e+00,-5.129972543468202417e+01,5.778095593731909396e+00,-6.349568042394719924e+01,6.380077954224068648e+00,1.540000000000000000e+02,1.747592145900706555e+02,6.403820640864411473e+01,3.425100000000000000e+06,2.092299999999999993e-01,-6.003619959999286948e+02,1.000000000000000000e+00
2.438916906282817196e-03,4.160452013815716180e-03,6.184504858205125410e-01,-2.279842902204378685e-01,2.000000000000000000e+01,7.601936157758239221e-02,-3.653695762102645972e+01,5.850604439206685825e+00,-4.966109461453929441e+01,6.088987116068916627e+00,-6.277778450250318087e+01,6.692764819604652970e+00,1.550000000000000000e+02,2.810520600915571094e+02,6.242505662445636005e+01,3.463700000000000000e+06,1.080300000000000010e-01,-1.980467999999926860e+02,1.000000000000000000e+00
2.499902294031983684e-03,4.512568236161614357e-03,6.319886131589769196e-01,5.246104032608961409e-02,2.000000000000000000e+01,7.444546760931519680e-02,-3.703065573800503785e+01,6.346772201014204029e+00,-5.016573677285201427e+01,5.879316485355719379e+00,-6.450332080254041500e+01,6.489145867217219532e+00,1.560000000000000000e+02,2.428185647927514310e+02,6.293991612414702530e+01,3.454100000000000000e+06,1.983699999999999908e-01,-5.608310899999183903e+02,1.000000000000000000e+00
2.805801747975993337e-03,4.336589973996411371e-03,6.171903386942581005e-01,1.709810536661307445e+00,2.000000000000000000e+01,7.408962452022474499e-02,-3.174342090792213611e+01,6.132715648178230339e+00,-4.363474909264951407e+01,5.965151045965780163e+00,-6.125094243671874494e+01,5.956824680324809052e+00,1.570000000000000000e+02,7.503992250721372557e+02,5.777788961234743681e+01,3.538500000000000000e+06,2.772399999999999864e-01,-1.115474558000036268e+03,1.000000000000000000e+00
2.743161972692022017e-03,4.515968562084839155e-03,6.296602224705813988e-01,1.502715826229054752e+00,2.000000000000000000e+01,7.441536325890085735e-02,-3.178043393949496931e+01,6.206946997167591462e+00,-4.401401500272024236e+01,5.941443244603753726e+00,-6.161168139253716447e+01,5.968446838128811827e+00,1.580000000000000000e+02,7.388815753981383523e+02,5.798640337769226250e+01,3.537800000000000000e+06,2.098399999999999987e-01,-6.564889399999831312e+02,1.000000000000000000e+00
2.802201217455209913e-03,4.349767715683303462e-03,6.214515778039420013e-01,1.704054590020728011e+00,2.000000000000000000e+01,7.402459492233084970e-02,-3.167817485137250344e+01,6.133096085241128037e+00,-4.392768573520750408e+01,5.930451542342031424e+00,-6.126857956426961493e+01,5.927809623221193647e+00,1.590000000000000000e+02,7.456477129972749935e+02,5.784035846529800295e+01,3.531400000000000000e+06,2.838899999999999757e-01,-1.149567199999755758e+03,1.000000000000000000e+00
3.050007458113763916e-03,5.432106732658995019e-03,5.968566304615353646e-01,1.462715862282451651e+00,2.000000000000000000e+01,6.723130617579438362e-02,-2.806339221144945739e+01,6.693093062285699446e+00,-4.215738826207188339e+01,6.207641295129687542e+00,-6.621174115598608978e+01,6.835675754830623063e+00,1.600000000000000000e+02,7.456453986751211005e+02,5.794838147173603460e+01,3.539400000000000000e+06,2.183299999999999963e-01,-7.081939350000656077e+02,1.000000000000000000e+00
2.734654435154435480e-03,4.606254124178680957e-03,6.187510951409511684e-01,1.520107960132714986e+00,2.000000000000000000e+01,7.442110427867165701e-02,-3.150420320123460627e+01,6.293083761970210688e+00,-4.466822519328049168e+01,5.938477115671753737e+00,-6.150629104623627086e+01,5.936143578107515140e+00,1.610000000000000000e+02,7.412914066307256462e+02,5.795851978474251354e+01,3.541300000000000000e+06,2.129600000000000104e-01,-6.911370270000453502e+02,1.000000000000000000e+00
2.901140184965752319e-03,3.983116112803172272e-03,6.557826179638540642e-01,2.076555667103266778e+00,2.000000000000000000e+01,8.144015429046964905e-02,-3.210894922001061502e+01,5.970483783682047019e+00,-4.044232359999328708e+01,6.305773870773879075e+00,-6.159114636550285127e+01,5.661435986889128635e+00,1.620000000000000000e+02,7.622724760675639573e+02,5.777714872693096027e+01,3.535100000000000000e+06,2.955800000000000094e-01,-1.276717499999801930e+03,1.000000000000000000e+00
2.914915362487628583e-03,3.717383813361538596e-03,6.446548597362915523e-01,1.732467381558788100e+00,2.000000000000000000e+01,6.411817580954819185e-02,-3.036020724948509653e+01,6.024753794054298339e+00,-4.992211024613429515e+01,5.479087146113446494e+00,-6.148644749174570023e+01,6.851658688853524914e+00,1.630000000000000000e+02,7.632127535634779179e+02,5.777712016198540113e+01,3.514000000000000000e+06,2.695500000000000118e-01,-1.010200789999780795e+03,1.000000000000000000e+00
3.006575820887324307e-03,5.100973546651792374e-03,6.524887390909827056e-01,1.894854568287436258e+00,2.000000000000000000e+01,8.251099394910228757e-02,-3.224347202948632685e+01,5.526282265869687294e+00,-4.668088558444895142e+01,6.592988735291541502e+00,-6.095437233846130454e+01,5.429490080011202480e+00,1.640000000000000000e+02,7.698516165715203670e+02,5.774041723404176452e+01,3.535200000000000000e+06,2.294200000000000128e-01,-7.741766880000037645e+02,1.000000000000000000e+00
2.620352788330253778e-03,4.514769520517549276e-03,6.545678898129104750e-01,-5.728975200077716101e-01,2.000000000000000000e+01,7.518268823155416225e-02,-3.769981164871411750e+01,6.031743037597534496e+00,-4.886084459107863154e+01,5.989385381778668638e+00,-6.464790449292551955e+01,6.317291922251405012e+00,1.650000000000000000e+02,2.307061406911602433e+02,6.314662403850300620e+01,3.431200000000000000e+06,1.376400000000000123e-01,-2.979801960000060603e+02,1.000000000000000000e+00
2.581029712907155493e-03,4.489425323443661624e-03,6.776154549628295998e-01,-6.670766651792172652e-01,2.000000000000000000e+01,7.479694077304903377e-02,-3.769047195825981333e+01,5.953327895221693922e+00,-5.042745769239234477e+01,5.744350015240336838e+00,-6.242005277434678590e+01,6.511970365451258402e+00,1.660000000000000000e+02,2.241821503285375456e+02,6.323408280837661266e+01,3.427500000000000000e+06,1.522199999999999942e-01,-3.327756439999807867e+02,1.000000000000000000e+00
2.636471611640016886e-03,4.592836218268159937e-03,6.556235535693284433e-01,-8.829616538432236705e-01,2.000000000000000000e+01,7.618907072171900163e-02,-4.069972507326625077e+01,6.197277714035564600e+00,-4.607156356940951980e+01,5.959393232842975507e+00,-6.741267230555226320e+01,6.490948680892897116e+00,1.670000000000000000e+02,1.560258643877475038e+02,6.451465567154680514e+01,3.422200000000000000e+06,9.640899999999999470e-02,-1.597422060000006923e+02,1.000000000000000000e+00
2.504852129985481700e-03,4.515002825735146656e-03,6.554889185728915990e-01,-5.697319888194888327e-01,2.000000000000000000e+01,7.459629823074678812e-02,-3.714116395350345101e+01,6.019673413101641835e+00,-5.012485270258109438e+01,5.837720096067190667e+00,-6.179507481008593572e+01,6.463465683381778959e+00,1.680000000000000000e+02,2.624157545096557556e+02,6.260360600794521702e+01,3.451200000000000000e+06,1.744400000000000117e-01,-4.219255000000096629e+02,1.000000000000000000e+00
2.624669865670968549e-03,4.331792239027686640e-03,6.431225025516140725e-01,7.889404763503515827e-02,2.000000000000000000e+01,7.419869084394725700e-02,-3.750526758665736793e+01,6.191303661981372386e+00,-4.661488684298102214e+01,5.848456702333846735e+00,-6.350979217426922219e+01,6.462472997474603353e+00,1.690000000000000000e+02,3.438045967845881137e+02,6.169427407557411414e+01,3.474800000000000000e+06,2.371399999999999897e-01,-7.732375000001266017e+02,1.000000000000000000e+00
2.654365084534422107e-03,4.497810174373735592e-03,6.518612142656369235e-01,1.252779963514694117e-02,2.000000000000000000e+01,7.479161955619784141e-02,-3.622696217789919615e+01,6.100745939313590327e+00,-4.811782083120589704e+01,6.022356226898507359e+00,-6.359105842682664900e+01,6.357817656864614975e+00,1.700000000000000000e+02,3.449937619922785643e+02,6.168766308919082064e+01,3.470400000000000000e+06,1.635699999999999932e-01,-3.981015000000193709e+02,1.000000000000000000e+00
2.705737116093074983e-03,4.423025254898085845e-03,6.512073070484528658e-01,5.023362962775427265e-01,2.000000000000000000e+01,7.446231154896179594e-02,-3.629150961094418903e+01,6.166381404692520718e+00,-4.681015457970168114e+01,5.833468465759134247e+00,-6.196913640540823565e+01,6.267883256214712873e+00,1.710000000000000000e+02,4.338214177380340288e+02,6.074099701488577097e+01,3.485300000000000000e+06,2.013300000000000090e-01,-5.776408000000155880e+02,1.000000000000000000e+00
2.586939402220182413e-03,4.492124539926084861e-03,6.609641940543795613e-01,-4.389965535654611895e-01,2.000000000000000000e+01,7.471082803447084975e-02,-3.698994464707496377e+01,6.107381319983353762e+00,-4.926964088958692400e+01,5.820593576015586024e+00,-6.310533457429428950e+01,6.413282984647064922e+00,1.720000000000000000e+02,2.756561249125747963e+02,6.249126123391587839e+01,3.448700000000000000e+06,1.644899999999999973e-01,-3.899456259999700478e+02,1.000000000000000000e+00
2.496780206998430642e-03,4.477805990539285644e-03,6.652324926233107449e-01,-5.359502047061908137e-01,2.000000000000000000e+01,7.449778604112107516e-02,-3.734440141995244744e+01,5.981118632127642165e+00,-4.979988361044053136e+01,5.750178469278218074e+00,-6.113723133493995476e+01,6.519153223700168809e+00,1.730000000000000000e+02,2.762347025532353086e+02,6.243799857875985992e+01,3.453100000000000000e+06,1.791300000000000114e-01,-4.334774639999848205e+02,1.000000000000000000e+00
2.606208865192420360e-03,4.673765805101885197e-03,5.967452606101188994e-01,2.087361224941627569e+00,2.000000000000000000e+01,7.516271995744494561e-02,-2.847013326345069117e+01,6.447102502056344164e+00,-4.542511872238882376e+01,5.667680410276428660e+00,-6.024650645465553112e+01,6.290391550241324126e+00,1.740000000000000000e+02,9.435582248667884642e+02,5.675667739623875008e+01,3.580600000000000000e+06,1.439600000000000046e-01,-3.599768480000126374e+02,1.000000000000000000e+00
2.564100020897000422e-03,4.491115368525301806e-03,6.630480042489206305e-01,-2.631030731116884014e-01,2.000000000000000000e+01,7.446869458724747481e-02,-3.611553966807491634e+01,6.081943542123964264e+00,-4.922461336885092464e+01,5.671355342217360374e+00,-6.114756678290980574e+01,6.375858011297754757e+00,1.750000000000000000e+02,3.472721912948421163e+02,6.167195665596636189e+01,3.461200000000000000e+06,1.859999999999999987e-01,-4.751965200000218488e+02,1.000000000000000000e+00
2.483774522840971263e-03,4.482588765523391229e-03,6.219654634802203041e-01,-7.951629192983029615e-01,2.000000000000000000e+01,7.082059535645723880e-02,-3.964912739868316294e+01,6.561827553019456083e+00,-4.818640996252805309e+01,6.063141466658884760e+00,-5.849280500669829763e+01,6.319173226203362859e+00,1.760000000000000000e+02,1.797649135346113383e+02,6.387291786281798522e+01,3.428200000000000000e+06,1.587800000000000045e-01,-3.781854000000187170e+02,1.000000000000000000e+00
2.525940925922738611e-03,4.669796782971922904e-03,6.334332470703865070e-01,-9.018795004971205120e-01,2.000000000000000000e+01,7.599672830259976419e-02,-4.032475002336899195e+01,6.118292492523775827e+00,-4.975970143360430598e+01,6.112328189315348048e+00,-6.164863944607830604e+01,6.434220026065759157e+00,1.770000000000000000e+02,1.804435680499658474e+02,6.379811481643621818e+01,3.461600000000000000e+06,1.033899999999999958e-01,-1.848190000000034843e+02,1.000000000000000000e+00
2.601868841072436760e-03,4.503160291013263809e-03,6.497107059023572440e-01,-8.453411568837345680e-01,2.000000000000000000e+01,7.485041018981228311e-02,-3.826070329787238222e+01,6.159712715772361236e+00,-5.007657386360448015e+01,5.951804473720420319e+00,-6.432659309402248482e+01,6.438682296391994520e+00,1.780000000000000000e+02,1.829798419513227259e+02,6.377683075624468501e+01,3.434600000000000000e+06,1.608999999999999875e-01,-3.861353159999889613e+02,1.000000000000000000e+00
2.581333326044614809e-03,4.479962250903518975e-03,6.823704596018703716e-01,-8.072985694156162850e-01,2.000000000000000000e+01,7.486536964101679625e-02,-3.798623691616850806e+01,5.906660938854309428e+00,-5.074797894260195363e+01,5.760807393572786594e+00,-6.306919461533250626e+01,6.553723762088248250e+00,1.790000000000000000e+02,1.871784737710203501e+02,6.375887452501530817e+01,3.414100000000000000e+06,1.470799999999999885e-01,-3.111813609999869641e+02,1.000000000000000000e+00
2.865107421418492967e-03,4.110954407363947259e-03,6.221379800035046204e-01,3.463919947837145186e-01,2.000000000000000000e+01,7.681490359519195510e-02,-3.836215159268537178e+01,6.285570388452962121e+00,-4.754358652095040583e+01,6.321158691236705707e+00,-6.211335949191630590e+01,6.663203104523927500e+00,1.800000000000000000e+02,4.367224173376015415e+02,6.069773972560236786e+01,3.496500000000000000e+06,1.692200000000000093e-01,-4.271495019999678107e+02,1.000000000000000000e+00
2.693395068165461027e-03,4.413196711425426688e-03,6.297603052523698119e-01,7.230360623415713617e-01,2.000000000000000000e+01,7.441925749040277649e-02,-3.436268507731392674e+01,6.064613017675963391e+00,-4.633398613066250959e+01,5.940490583434488769e+00,-6.200281446483341341e+01,6.211794488943738202e+00,1.810000000000000000e+02,5.138813505903917758e+02,5.988801305035099176e+01,3.497400000000000000e+06,2.147100000000000120e-01,-6.830371029999535040e+02,1.000000000000000000e+00
2.651267486184626966e-03,4.542567745712470031e-03,6.909740188234445579e-01,-9.618623039557208099e-01,2.000000000000000000e+01,7.425888800319013772e-02,-3.874082693624058749e+01,5.963337981229493323e+00,-5.081428738109585197e+01,5.844219729378769657e+00,-6.340983798292502627e+01,6.567563976634103184e+00,1.820000000000000000e+02,1.593498684215188348e+02,6.424554751314028067e+01,3.415800000000000000e+06,2.028500000000000025e-01,-5.331181109999414502e+02,1.000000000000000000e+00
2.449916103208276894e-03,4.391090441717714760e-03,6.489047343622357245e-01,-1.206484659246542579e+00,2.000000000000000000e+01,7.897582836606249768e-02,-4.102647643981133285e+01,6.105104277221799158e+00,-5.332475031355318151e+01,5.851894467861053606e+00,-5.857792804308272849e+01,6.469872559126145894e+00,1.830000000000000000e+02,1.698928542070726166e+02,6.421992664401757622e+01,3.426800000000000000e+06,2.436000000000000110e-01,-8.260560000001232765e+02,1.000000000000000000e+00
2.524643620727802518e-03,4.462524232412466707e-03,6.715079053090877714e-01,-5.760073420564409963e-02,2.000000000000000000e+01,7.434105591794901158e-02,-3.675690080687568440e+01,6.036510612037398360e+00,-4.938459065728324049e+01,5.672994652750624311e+00,-6.087187964482981783e+01,6.427257415591201450e+00,1.840000000000000000e+02,3.336339448219833344e+02,6.181965121361376703e+01,3.457500000000000000e+06,1.922500000000000042e-01,-4.863169260000236136e+02,1.000000000000000000e+00
2.887056678941783260e-03,4.346102264703495359e-03,5.872984055506129675e-01,-8.236323617925979113e-01,2.000000000000000000e+01,8.228459090410501775e-02,-3.437070816173581278e+01,5.454877218354569735e+00,-5.569390344017435268e+01,5.239838626400213251e+00,-5.582710617988499280e+01,5.928892277454225201e+00,1.850000000000000000e+02,1.185416270766309736e+02,6.590188576428853651e+01,3.364800000000000000e+06,2.013300000000000090e-01,-5.986672379999059785e+02,1.000000000000000000e+00
2.918069608906060253e-03,4.884264648905217027e-03,7.321841982860615161e-01,-7.806375015555180319e-01,2.000000000000000000e+01,7.507034433348887259e-02,-3.691645095503377405e+01,5.135828085867796489e+00,-5.406867907475120205e+01,6.080465464349340543e+00,-6.392231675322388185e+01,6.842678777982252214e+00,1.860000000000000000e+02,1.189509237035801732e+02,6.586472985225437071e+01,3.375500000000000000e+06,2.174899999999999889e-01,-6.499260639999776004e+02,1.000000000000000000e+00
2.541079665673874870e-03,4.461643599747070095e-03,6.585074798774848137e-01,-3.163585987513300446e-01,2.000000000000000000e+01,7.442373002683416727e-02,-3.698877181087769372e+01,5.954772177280326595e+00,-4.928429751068816955e+01,5.676871652077524644e+00,-6.026451316135238301e+01,6.488077399969002457e+00,1.870000000000000000e+02,3.283881830869883061e+02,6.188823250027597567e+01,3.459800000000000000e+06,1.942399999999999960e-01,-5.103174999999674810e+02,1.000000000000000000e+00
2.651170087695504940e-03,4.481829706083548942e-03,6.444594855727490135e-01,-1.932324486085696402e-01,2.000000000000000000e+01,7.466687654715561950e-02,-3.681499858289556926e+01,6.069536229400124938e+00,-4.792065050723836350e+01,5.997086200986885274e+00,-6.306852631353426375e+01,6.314660120971742785e+00,1.880000000000000000e+02,3.294520695183148860e+02,6.185532700023749442e+01,3.466700000000000000e+06,1.814699999999999924e-01,-4.855766649999282549e+02,1.000000000000000000e+00
2.842146394557951671e-03,4.282279327589351425e-03,6.205569110560876789e-01,1.668676394203976399e+00,2.000000000000000000e+01,7.473702590019842829e-02,-3.562591481415405781e+01,6.501090014471267331e+00,-4.631764052803546861e+01,5.960903325881753645e+00,-5.897275420818412783e+01,6.404275754584503488e+00,1.890000000000000000e+02,6.018781324583114838e+02,5.893866515360061697e+01,3.575600000000000000e+06,1.944299999999999917e-01,-5.990914919999776203e+02,1.000000000000000000e+00
2.926550599535669792e-03,4.778746611878700000e-03,7.047878203658657359e-01,1.329563055516715497e+00,2.000000000000000000e+01,7.766364070630919769e-02,-3.344406476316007115e+01,6.067961025343461046e+00,-4.445802502860725980e+01,4.893213036213672318e+00,-5.579525525126288699e+01,6.692376737310977930e+00,1.900000000000000000e+02,6.170626259558980564e+02,5.892188944645781845e+01,3.522000000000000000e+06,2.051600000000000090e-01,-6.080094069999995554e+02,1.000000000000000000e+00
2.723504289033876983e-03,4.312764968090115197e-03,6.868102367607749059e-01,1.111035985187348807e+00,2.000000000000000000e+01,7.354589510442706424e-02,-3.544499374489622312e+01,6.085301642219675955e+00,-4.522740786173970662e+01,5.647702875884730744e+00,-5.840251628653149396e+01,6.696213326968132762e+00,1.910000000000000000e+02,5.907006662868994908e+02,5.910124056411846993e+01,3.545500000000000000e+06,3.139600000000000168e-01,-1.168777599999699532e+03,1.000000000000000000e+00
2.666622447848575501e-03,4.443030400093956819e-03,6.397420175057564329e-01,8.064823870575981157e-01,2.000000000000000000e+01,7.460948984041831933e-02,-3.363903664893796730e+01,6.157676055962307160e+00,-4.554221410328229069e+01,5.973722503560187747e+00,-6.223674486965583696e+01,6.194515546635640746e+00,1.920000000000000000e+02,5.679922028747550939e+02,5.939891442712028180e+01,3.517500000000000000e+06,1.856099999999999972e-01,-5.110861000000365948e+02,1.000000000000000000e+00
2.751597827927288950e-03,4.301059068282530110e-03,6.376012156640142869e-01,9.289536795447908002e-01,2.000000000000000000e+01,7.444115078917487582e-02,-3.368066003175734835e+01,6.167376758446248886e+00,-4.546211987859629744e+01,6.155171979042663111e+00,-6.231068064204360724e+01,6.223752932888264588e+00,1.930000000000000000e+02,5.683734502558247641e+02,5.922657027081442749e+01,3.533900000000000000e+06,2.142600000000000060e-01,-6.749714140000924090e+02,1.000000000000000000e+00
2.753080394692328930e-03,4.404528232314036500e-03,6.264063522938752016e-01,1.405952288488756974e+00,2.000000000000000000e+01,7.471089807476632982e-02,-3.469867771424569014e+01,6.668643562399756419e+00,-4.830853841247960645e+01,5.884423200929856712e+00,-5.901412285653520939e+01,6.322839332142441648e+00,1.940000000000000000e+02,5.763682854915485905e+02,5.914490214912822097e+01,3.570000000000000000e+06,1.863700000000000079e-01,-5.389475909999711121e+02,1.000000000000000000e+00
2.569248665482112663e-03,4.440342071253914127e-03,6.464187925469877527e-01,4.054150100772758725e-01,2.000000000000000000e+01,7.434939685918565133e-02,-3.714859209780667015e+01,5.976453806288530402e+00,-4.742336013724771959e+01,5.869774527237057171e+00,-6.134120493505815830e+01,6.334981143137772719e+00,1.950000000000000000e+02,3.836491659217930419e+02,6.124523331892675770e+01,3.470100000000000000e+06,2.061399999999999899e-01,-5.883843430000108583e+02,1.000000000000000000e+00
2.692243831863793541e-03,4.519963298522654618e-03,6.945202550172902001e-01,-8.946604360573189307e-01,2.000000000000000000e+01,7.524572820895908398e-02,-3.933778023496812892e+01,6.051948495620399271e+00,-4.822546610220399543e+01,5.682749866117591253e+00,-6.285302070214061843e+01,6.641044951762824056e+00,1.960000000000000000e+02,2.130260769894516955e+02,6.336198696271152642e+01,3.440500000000000000e+06,1.264099999999999946e-01,-2.412023039999888283e+02,1.000000000000000000e+00
2.560848669201818209e-03,4.464787267282616622e-03,7.008137940848030434e-01,-8.692316114656206683e-01,2.000000000000000000e+01,7.473568512924977369e-02,-3.783290781859439278e+01,5.800188707500731233e+00,-5.141539251796159249e+01,5.749809085906512962e+00,-6.107290682772436696e+01,6.665972381367385680e+00,1.970000000000000000e+02,2.076188736517161146e+02,6.342466577626910151e+01,3.428600000000000000e+06,1.494399999999999895e-01,-3.068943649999920922e+02,1.000000000000000000e+00
2.560605217244675026e-03,4.464215360844679334e-03,7.006063225147411977e-01,-8.680127258759973152e-01,2.000000000000000000e+01,7.486304039643033870e-02,-3.783614095301570046e+01,5.818785545683896387e+00,-5.129319029082657977e+01,5.655362284625375935e+00,-6.109928611260195908e+01,6.657799402032194891e+00,1.980000000000000000e+02,2.093658101240038150e+02,6.340062198198418741e+01,3.423200000000000000e+06,1.421399999999999886e-01,-2.828208709999976236e+02,1.000000000000000000e+00
2.580266159401469785e-03,4.484898859076421294e-03,6.681499775237942362e-01,-7.847378839037977283e-01,2.000000000000000000e+01,7.486680081728355751e-02,-3.815528850379548942e+01,6.107074828015954360e+00,-5.047500199941677579e+01,5.787564088252914019e+00,-6.289835546541608124e+01,6.550432591034686780e+00,1.990000000000000000e+02,2.003797146744912538e+02,6.348728255637944073e+01,3.437500000000000000e+06,1.512799999999999978e-01,-3.354859999999957267e+02,1.000000000000000000e+00
