2.938730876040409126e-03,4.800890368563258404e-03,5.695524048308788778e-01,2.519170618771502834e+00,2.000000000000000000e+01,6.670836294342766259e-02,-2.700317788069803271e+01,5.792590263766818737e+00,-3.548434310705036410e+01,5.616648534908049939e+00,-5.676634475313670691e+01,5.471324740706476675e+00,0.000000000000000000e+00,2.037234330245711135e+03,5.594421126763054986e+01,3.582200000000000000e+06,7.795100000000000640e-02,-1.436196219999957862e+02,1.000000000000000000e+00
3.249515761148127294e-03,4.467000465287449679e-03,6.239238409467839919e-01,-1.316946467878763016e+00,2.000000000000000000e+01,7.816980119412850203e-02,-4.443792064757899141e+01,4.260567887019791833e+00,-4.819052018801153281e+01,5.150838745050460687e+00,-5.792102768824020842e+01,4.157556115779355466e+00,1.000000000000000000e+00,2.466145656483243442e+02,6.640393938508732674e+01,3.116400000000000000e+06,6.628599999999999770e-02,-1.038884700000015329e+02,1.000000000000000000e+00
3.732896815843166766e-03,5.125762933857722775e-03,5.565883744856741089e-01,-1.082170918714085772e+00,2.000000000000000000e+01,7.698271895053314384e-02,-4.976551614618499286e+01,5.208899663190811324e+00,-4.627165234400414562e+01,5.261722486442449664e+00,-4.982077178284097840e+01,5.011941302802272347e+00,2.000000000000000000e+00,2.412786053880277848e+02,6.641932855805272595e+01,3.295300000000000000e+06,1.114300000000000013e-01,-3.294906400000036228e+02,1.000000000000000000e+00
2.970220004615575261e-03,2.600872725359368656e-03,5.887109144691454743e-01,1.001720058900320343e+00,2.000000000000000000e+01,7.042781885680114706e-02,-4.761208541924898441e+01,5.584344607617500067e+00,-6.049568307471823658e+01,5.391893733618120521e+00,-3.490419072535169676e+01,4.179193387423189243e+00,3.000000000000000000e+00,1.088237151896855437e+02,8.000591579231516448e+01,3.253800000000000000e+06,1.491099999999999925e-01,-3.646530000000023506e+02,1.000000000000000000e+00
3.075253841989914871e-03,4.826813804597655105e-03,6.515947326314986965e-01,-2.297436555078061549e+00,2.000000000000000000e+01,7.179779862361389264e-02,-3.908963463746386680e+01,5.109873847765262767e+00,-5.036572029945740780e+01,5.432456067987677883e+00,-6.205991702357737694e+01,4.610724698491364570e+00,4.000000000000000000e+00,2.517270090499107766e+02,6.579112662676719481e+01,3.221500000000000000e+06,6.374900000000000011e-01,-2.442882499999717311e+03,1.000000000000000000e+00
2.846185742971860892e-03,4.847457584239727238e-03,4.857077676177166126e-01,-4.040431021545521362e-01,2.000000000000000000e+01,7.729421828427143759e-02,-4.205861630820587749e+01,5.517610589207804672e+00,-5.595208435861499652e+01,5.711217188792741872e+00,-4.924584653961634473e+01,4.618193125095604756e+00,5.000000000000000000e+00,2.175991985559802231e+02,6.671726432761502679e+01,3.303400000000000000e+06,1.025800000000000045e-01,-2.816601229999981229e+02,1.000000000000000000e+00
3.196832740067963655e-03,5.295899574807467862e-03,4.909963649955039755e-01,-1.085520113583428925e+00,2.000000000000000000e+01,7.615626134616007570e-02,-4.448964901231023816e+01,4.647314214683956557e+00,-5.102049184100091850e+01,5.503820094169199706e+00,-4.866962356035786286e+01,4.623298315913841883e+00,6.000000000000000000e+00,2.891356552059113483e+02,6.567896961549139689e+01,3.247300000000000000e+06,1.711100000000000121e-01,-7.050671200000442695e+02,1.000000000000000000e+00
3.010897394330713274e-03,5.137817269242020424e-03,5.665210619930050040e-01,-3.442162566699253912e-01,2.000000000000000000e+01,7.528181701647762569e-02,-4.250442375635935832e+01,4.864683240304740863e+00,-5.188879205940673955e+01,5.930664821873458337e+00,-4.966346420775672499e+01,4.377425740293997336e+00,7.000000000000000000e+00,3.031911338455100804e+02,6.562959702765621728e+01,3.276000000000000000e+06,1.795100000000000029e-01,-6.186806799999401392e+02,1.000000000000000000e+00
2.795497109873953771e-03,4.745762882273696533e-03,6.217553239926361108e-01,9.517673742151075422e-02,2.000000000000000000e+01,7.387860229286749569e-02,-4.228458797840663408e+01,5.081079625553186041e+00,-5.549373310963927253e+01,4.989930458130933388e+00,-4.630174822883548558e+01,5.210397942509477076e+00,8.000000000000000000e+00,3.066070982619745564e+02,6.551493175123708568e+01,3.294600000000000000e+06,2.953100000000000169e-01,-1.247355938999755153e+03,1.000000000000000000e+00
2.977238986687645323e-03,5.194469349020216543e-03,6.062428875102899850e-01,-5.784948001889065328e-01,2.000000000000000000e+01,7.673056022808405485e-02,-4.408426298363224305e+01,5.082251555530215015e+00,-5.188209877822004046e+01,5.544303255501343841e+00,-4.682148529589527186e+01,4.749284141797362579e+00,9.000000000000000000e+00,3.108274979527371329e+02,6.527662203919646799e+01,3.305100000000000000e+06,9.017300000000000315e-02,-1.769324390000043934e+02,1.000000000000000000e+00
2.937648818255642232e-03,4.997359545435102295e-03,6.590217171107127792e-01,-1.513075660446807857e+00,2.000000000000000000e+01,7.361558295424816545e-02,-3.777725494916226978e+01,4.837910664807333561e+00,-5.490435484571391100e+01,4.918374397194590131e+00,-4.990277001341586072e+01,5.462848375614751006e+00,1.000000000000000000e+01,3.738837293362990977e+02,6.430111785436238847e+01,3.285300000000000000e+06,3.449200000000000044e-01,-1.537939832000319484e+03,1.000000000000000000e+00
3.072787649550759968e-03,4.554772680914492659e-03,6.279172705453677228e-01,-1.662178984245583080e-01,2.000000000000000000e+01,7.428687958634733191e-02,-4.261064028960699801e+01,4.509441787107292932e+00,-4.843070788123162629e+01,5.046780442234858555e+00,-5.117005220780872321e+01,4.592427943454984174e+00,1.100000000000000000e+01,4.402363477980040898e+02,6.391880805739992155e+01,3.213100000000000000e+06,2.782000000000000028e-01,-1.147216000000141776e+03,1.000000000000000000e+00
2.970433988431639243e-03,4.977045065346533126e-03,6.299078413760204054e-01,-4.387452714085249283e-01,2.000000000000000000e+01,7.570942263189751886e-02,-4.064172999678137899e+01,3.900163948344982145e+00,-4.878489219053645343e+01,4.331626374188834561e+00,-5.692778798321765521e+01,5.074229135707061467e+00,1.200000000000000000e+01,3.688018605655489068e+02,6.435815904837419055e+01,3.103000000000000000e+06,1.217599999999999932e-01,-2.833379999999785923e+02,1.000000000000000000e+00
2.885522673803391294e-03,5.236193471849427683e-03,5.463828160520161070e-01,-5.433356057877524181e-01,2.000000000000000000e+01,7.534647418330586710e-02,-4.421565987391732477e+01,4.441770585922403924e+00,-4.482648223112531838e+01,5.341150175923177201e+00,-5.871607703685015167e+01,3.917355080113825494e+00,1.300000000000000000e+01,3.325064632539127274e+02,6.517147704757000781e+01,3.151600000000000000e+06,1.775799999999999879e-01,-6.194317999999622089e+02,1.000000000000000000e+00
3.223772746105461884e-03,5.021103433626966650e-03,6.593483150309793484e-01,-1.528993706415050946e+00,2.000000000000000000e+01,7.694514043798902914e-02,-4.372079406031387805e+01,4.232881497244173730e+00,-5.454136741813393741e+01,4.732331583566656619e+00,-4.490513694404149447e+01,5.435185774428267891e+00,1.400000000000000000e+01,3.166916753259196753e+02,6.525304856036417789e+01,3.227300000000000000e+06,8.352900000000000602e-02,-1.410006399999982420e+02,1.000000000000000000e+00
2.940734115525627228e-03,4.484134420019623979e-03,5.483258456286823623e-01,-4.072874356351481318e-01,2.000000000000000000e+01,6.718254623152936089e-02,-4.424479394168257329e+01,4.884520126751196401e+00,-5.020677007084577070e+01,5.284399332893784162e+00,-4.904153311540147797e+01,5.343138751192940461e+00,1.500000000000000000e+01,4.086491454067397626e+02,6.399527875893997475e+01,3.315600000000000000e+06,8.587100000000000288e-02,-1.537157440000018767e+02,1.000000000000000000e+00
3.031329093582922803e-03,5.400806108360379013e-03,5.358755377782185025e-01,2.332194324621648107e-01,2.000000000000000000e+01,7.510085890465333092e-02,-3.917094682706233755e+01,5.086597254989476014e+00,-5.008123677653842520e+01,5.579112291566947768e+00,-4.777174889718487805e+01,4.831011136953227592e+00,1.600000000000000000e+01,5.505293180202686472e+02,6.244029419659315749e+01,3.353400000000000000e+06,2.108299999999999896e-01,-8.664332799998506971e+02,1.000000000000000000e+00
2.795497109873953771e-03,4.745762882273696533e-03,6.217553239926361108e-01,9.517673742151075422e-02,2.000000000000000000e+01,7.387860229286749569e-02,-4.228458797840663408e+01,5.081079625553186041e+00,-5.549373310963927253e+01,4.989930458130933388e+00,-4.630174822883548558e+01,5.210397942509477076e+00,1.700000000000000000e+01,3.485696713591478328e+02,6.455460487899566147e+01,3.287600000000000000e+06,3.072199999999999931e-01,-1.321014893000309939e+03,1.000000000000000000e+00
3.058071414509667789e-03,5.198533661829610186e-03,5.965547421552804819e-01,-6.051277346554286840e-01,2.000000000000000000e+01,7.646475825567504436e-02,-4.330752018541971893e+01,5.118949068825333626e+00,-5.211405960136283966e+01,5.376237478690644167e+00,-4.628942862742128739e+01,4.942694859028499366e+00,1.800000000000000000e+01,3.479167208200498180e+02,6.466261691157137648e+01,3.318300000000000000e+06,1.021699999999999969e-01,-2.293424999999892862e+02,1.000000000000000000e+00
2.996634556165358315e-03,4.712973917125179261e-03,6.624853140386113282e-01,5.840075196072392893e-01,2.000000000000000000e+01,7.430160076736112840e-02,-4.284516976517100773e+01,4.650602039005269361e+00,-4.722588828819006324e+01,5.226554024495888129e+00,-5.119841616118401362e+01,4.556313788625239170e+00,1.900000000000000000e+01,4.674375131348991204e+02,6.334071267763386004e+01,3.243500000000000000e+06,2.226599999999999968e-01,-7.294698000001015998e+02,1.000000000000000000e+00
2.856975461019867560e-03,5.109186136065842557e-03,5.579169430875796643e-01,-1.666961277271693964e+00,2.000000000000000000e+01,7.484152341286341714e-02,-4.990359995783197178e+01,5.180642029213340827e+00,-5.189005930605078021e+01,5.616685522523359175e+00,-4.159880995709319507e+01,5.466484016118680955e+00,2.000000000000000000e+01,1.961064949927948646e+02,6.677934850664857436e+01,3.370800000000000000e+06,2.337899999999999978e-01,-9.377593510001572668e+02,1.000000000000000000e+00
3.104291992673365724e-03,4.673715650083278168e-03,5.716859049826030770e-01,-3.554559087621557700e-01,2.000000000000000000e+01,7.573719258358280193e-02,-3.832643461778064875e+01,5.390921141070364797e+00,-5.306278553992586922e+01,5.414202624695859001e+00,-4.990695034283011466e+01,4.419179205555316514e+00,2.100000000000000000e+01,4.234969278870689777e+02,6.397829750737503218e+01,3.303600000000000000e+06,1.545799999999999952e-01,-4.832049000000208707e+02,1.000000000000000000e+00
2.918472094627310841e-03,4.648218132537811423e-03,5.940333266449288052e-01,-3.482900635159156710e+00,2.000000000000000000e+01,7.613217592505477915e-02,-4.818446590153717324e+01,5.683399030065723778e+00,-5.485026005078187694e+01,4.865694767127369147e+00,-4.511732912897099368e+01,4.590718766390479821e+00,2.200000000000000000e+01,1.297624671797769054e+02,7.015928875833498068e+01,3.248200000000000000e+06,1.227099999999999996e-01,-3.032785060000152839e+02,1.000000000000000000e+00
3.108816256771811636e-03,4.713594126981896990e-03,5.759585497293160383e-01,-1.528339127630877758e-01,2.000000000000000000e+01,7.517613849966567341e-02,-3.785586825429332691e+01,4.980221252061308945e+00,-5.106698431639244973e+01,5.283272968572473971e+00,-5.052100095229519638e+01,4.491597851084418558e+00,2.300000000000000000e+01,4.985969551527844601e+02,6.323698962800256851e+01,3.277600000000000000e+06,1.994599999999999984e-01,-7.381564899999906402e+02,1.000000000000000000e+00
3.126162282467324742e-03,4.847069434531970158e-03,5.533398215078351168e-01,2.862551577541440739e+00,2.000000000000000000e+01,7.631133189266307848e-02,-2.674624440151459837e+01,5.354329101407724778e+00,-3.594965107079629973e+01,5.403595335553131207e+00,-4.588874733390916560e+01,4.769209769873432592e+00,2.400000000000000000e+01,1.744225413880540827e+03,5.662376467379339573e+01,3.544100000000000000e+06,1.163799999999999973e-01,-3.054102000000110593e+02,1.000000000000000000e+00
2.910035727878740840e-03,4.434965544403776314e-03,5.927427933775373248e-01,-3.960099267568283121e+00,2.000000000000000000e+01,7.575829338760842191e-02,-4.305712835843570474e+01,5.829364353648937680e+00,-5.904767260554115182e+01,5.372340014960157895e+00,-4.293670610789988729e+01,4.607954828073983933e+00,2.500000000000000000e+01,1.333329032842432298e+02,6.920930173966011978e+01,3.312300000000000000e+06,1.540900000000000047e-01,-4.317470000000280379e+02,1.000000000000000000e+00
3.104555875014921792e-03,4.613136645554832133e-03,5.676584691166651764e-01,-3.037624919539448354e-01,2.000000000000000000e+01,7.491305015834694159e-02,-3.835891541946217842e+01,5.545337064761183044e+00,-4.911637508086425186e+01,5.583582898067579237e+00,-5.119191605102825804e+01,4.396205449996694270e+00,2.600000000000000000e+01,5.129622955682133352e+02,6.309156511224675512e+01,3.352000000000000000e+06,2.485100000000000087e-01,-1.068533999999729531e+03,1.000000000000000000e+00
3.200898793433063372e-03,4.347661668037508184e-03,5.769515957328168465e-01,2.821740339922472085e+00,2.000000000000000000e+01,7.325119942611391100e-02,-2.916250748056518205e+01,4.662588594651102092e+00,-3.587711635005046418e+01,5.047952425996792059e+00,-4.606530867141989916e+01,5.293952114544135057e+00,2.700000000000000000e+01,1.614389696321054316e+03,5.701461024466704686e+01,3.471100000000000000e+06,5.400899999999999590e-01,-2.780388599999090729e+03,1.000000000000000000e+00
3.223599890076804531e-03,4.845395218573916515e-03,5.564081623196064363e-01,2.485804265964171922e+00,2.000000000000000000e+01,7.628714836356369211e-02,-2.872940163680120307e+01,5.266052580515937720e+00,-4.015000135836901762e+01,5.499869811500431638e+00,-4.574324927789587036e+01,4.759989774495602788e+00,2.800000000000000000e+01,1.497682098722391174e+03,5.708319405090831111e+01,3.507200000000000000e+06,1.196300000000000002e-01,-3.271386800000130393e+02,1.000000000000000000e+00
3.455743272541419824e-03,4.544474806816464069e-03,5.319474811859293828e-01,2.298590705339933038e+00,2.000000000000000000e+01,7.520722791891076842e-02,-3.625221477983219387e+01,5.004100349013798521e+00,-3.526501962819646252e+01,5.289205437417164646e+00,-4.729979892610082715e+01,5.410881449846847602e+00,2.900000000000000000e+01,1.173116042003729717e+03,5.757364058931402440e+01,3.493700000000000000e+06,2.542499999999999760e-01,-1.265702400000209082e+03,1.000000000000000000e+00
3.079029060391721626e-03,4.445096935748059711e-03,5.602562290864034900e-01,9.993301088827050149e-01,2.000000000000000000e+01,7.433619955951507874e-02,-3.509932467920292254e+01,5.045212101526669990e+00,-4.762071234611649118e+01,5.170039271206002596e+00,-5.278168512442262283e+01,4.633701589595569104e+00,3.000000000000000000e+01,7.417538217811921868e+02,6.070951572720237976e+01,3.311000000000000000e+06,3.324099999999999833e-01,-1.784222549999478360e+03,1.000000000000000000e+00
2.468267352270814632e-03,5.499657119831504772e-03,4.873360894872788562e-01,-6.937304259583458865e-01,2.000000000000000000e+01,7.459322546405486309e-02,-4.587549358752234241e+01,5.942212786709577976e+00,-5.495992488584376190e+01,6.364216594122031445e+00,-4.923862789993094680e+01,4.803352244023548323e+00,3.100000000000000000e+01,1.446565885994763505e+02,6.890315882949522575e+01,3.376100000000000000e+06,2.680799999999999850e-01,-1.299324998000101459e+03,1.000000000000000000e+00
2.728285109088033310e-03,5.515110212051985497e-03,5.238093961522592990e-01,-2.568334925341824171e+00,2.000000000000000000e+01,7.475671849516724032e-02,-4.529004227731995513e+01,5.590639170200264019e+00,-5.458776794509872587e+01,5.255118224263158666e+00,-4.692554802178776896e+01,5.021382545974907963e+00,3.200000000000000000e+01,1.505464653243623729e+02,6.735188120925789690e+01,3.314600000000000000e+06,2.557800000000000074e-01,-1.150029651000006425e+03,1.000000000000000000e+00
3.168488131155305920e-03,4.637958201131367822e-03,5.779008191752047496e-01,2.616266841077880656e+00,2.000000000000000000e+01,7.463977776156126287e-02,-2.895010603809961225e+01,4.917983306785264297e+00,-3.858797307507134633e+01,5.095060472757051429e+00,-4.831987787575484106e+01,4.630768283435401145e+00,3.300000000000000000e+01,1.333501793854336938e+03,5.740290519871525277e+01,3.416300000000000000e+06,2.456800000000000095e-01,-1.033190400000096588e+03,1.000000000000000000e+00
3.273045284027861161e-03,5.829253764951317085e-03,5.751679936810532023e-01,1.479424340995357801e+00,2.000000000000000000e+01,7.401704250297369558e-02,-3.617372830423865793e+01,4.737816622176522330e+00,-4.814113222511748802e+01,5.081346407642393537e+00,-5.522820153384753894e+01,4.932429590950454745e+00,3.400000000000000000e+01,7.019450027733760180e+02,6.121861905593760156e+01,3.266000000000000000e+06,3.196800000000000197e-01,-1.686140499999489748e+03,1.000000000000000000e+00
2.916179980426433262e-03,4.795299349287038791e-03,6.130298079319973503e-01,6.170798513926277762e-01,2.000000000000000000e+01,7.459500974382121674e-02,-3.787978800866817153e+01,4.038642061301931818e+00,-4.109427540288574221e+01,4.947740168635862190e+00,-5.721506885908802076e+01,4.668720987389106902e+00,3.500000000000000000e+01,6.991079418417251645e+02,6.143584317872640810e+01,3.199400000000000000e+06,2.126399999999999957e-01,-7.267643999999771722e+02,1.000000000000000000e+00
2.721855914198566262e-03,5.068750192608723580e-03,6.658996969165584812e-01,5.439362158250196089e-01,2.000000000000000000e+01,7.373003556188147123e-02,-3.921028456527813688e+01,4.395641048098117842e+00,-4.425000517925702326e+01,4.568733870967273347e+00,-4.892785577945227971e+01,5.388436140038866284e+00,3.600000000000000000e+01,7.077299862947648990e+02,6.114961441017472765e+01,3.288500000000000000e+06,2.703699999999999992e-01,-9.478876510000584403e+02,1.000000000000000000e+00
3.436471358588272761e-03,4.699073422301380289e-03,5.314893462931356005e-01,2.083582865692694686e+00,2.000000000000000000e+01,7.523842831808356946e-02,-3.315464463832653053e+01,5.010837687253184569e+00,-3.817484594439011403e+01,5.378684506894382267e+00,-4.723005476222046894e+01,5.279046042704630182e+00,3.700000000000000000e+01,1.193213628584617481e+03,5.751284198963232797e+01,3.491700000000000000e+06,2.451800000000000090e-01,-1.181147889999830795e+03,1.000000000000000000e+00
2.848283996993682989e-03,5.508928036050126167e-03,5.350583255487458834e-01,-1.853477274130871599e+00,2.000000000000000000e+01,7.478685644437757518e-02,-4.551759722791366869e+01,5.601744192426441060e+00,-5.451105410958596309e+01,5.811507355364073923e+00,-4.596951634764020156e+01,5.007577688213381784e+00,3.800000000000000000e+01,1.627288578395132390e+02,6.716011861080789913e+01,3.357700000000000000e+06,2.478799999999999892e-01,-1.096001484999986587e+03,1.000000000000000000e+00
3.141797305079426991e-03,4.996390391127928515e-03,5.832439428609967891e-01,1.624162612860080124e+00,2.000000000000000000e+01,7.477854629156893695e-02,-3.238615560153520789e+01,5.052595439239832231e+00,-4.932147568445759589e+01,5.462370914022594448e+00,-5.220373837599372280e+01,4.800478495196861317e+00,3.900000000000000000e+01,8.058929283309406628e+02,5.989474023968728744e+01,3.350800000000000000e+06,2.158899999999999986e-01,-8.342791800001126603e+02,1.000000000000000000e+00
3.298926903435328052e-03,4.659525506058572950e-03,5.654467568727028493e-01,2.500131442323339392e+00,2.000000000000000000e+01,7.313296419559739414e-02,-2.716013307905870633e+01,4.943745892387401142e+00,-4.034597293447009037e+01,5.259741670194777896e+00,-5.504535356137967028e+01,4.792309093423078536e+00,4.000000000000000000e+01,1.453271881280151774e+03,5.733855596669196331e+01,3.393400000000000000e+06,5.800600000000000200e-01,-2.954673959998272039e+03,1.000000000000000000e+00
3.148964643173737983e-03,4.399806072773710698e-03,5.594150224579755859e-01,2.651490556731247672e+00,2.000000000000000000e+01,7.474231251415050514e-02,-2.568415729172319573e+01,4.862528285928869209e+00,-3.723689782204471044e+01,5.124766199094933583e+00,-4.789259026441854417e+01,4.606970483412711204e+00,4.100000000000000000e+01,1.433428417529573380e+03,5.739076424854906833e+01,3.437300000000000000e+06,2.615199999999999747e-01,-1.181017470000016829e+03,1.000000000000000000e+00
3.146288980501663057e-03,4.984401820104717058e-03,5.837710996288322240e-01,1.573695431525952149e+00,2.000000000000000000e+01,7.604761438915237648e-02,-3.107906435204303364e+01,5.135588400923344565e+00,-4.801018965798938609e+01,5.469004905578145781e+00,-5.549662712446613000e+01,4.775025690623028396e+00,4.200000000000000000e+01,8.862657332713083633e+02,5.954516073610223970e+01,3.350900000000000000e+06,1.194500000000000006e-01,-3.104152000000095768e+02,1.000000000000000000e+00
3.235442603512696247e-03,5.103881766719202233e-03,5.650766070454067425e-01,1.576812754524638649e+00,2.000000000000000000e+01,7.455652161112612253e-02,-3.288350324929864144e+01,4.913073488164814151e+00,-4.563902208767042623e+01,5.394165546146796331e+00,-5.213223790934922874e+01,4.816635936487768888e+00,4.300000000000000000e+01,8.997994670845570226e+02,5.926449740190354731e+01,3.360100000000000000e+06,2.685699999999999754e-01,-1.275305409999939002e+03,1.000000000000000000e+00
3.479093992428487422e-03,4.846481004109127674e-03,5.417612107485070272e-01,8.202553449380263206e-01,2.000000000000000000e+01,7.476570007728300382e-02,-3.599488662180799281e+01,4.231537675873817683e+00,-4.619037859181395334e+01,5.140563672651738969e+00,-5.758962732377936788e+01,4.630893866413579474e+00,4.400000000000000000e+01,6.841020618656981469e+02,6.181885794161986070e+01,3.201800000000000000e+06,3.130299999999999749e-01,-1.792896199999922374e+03,1.000000000000000000e+00
3.080243599716142502e-03,4.561913751189973845e-03,6.203346220401007027e-01,6.415747020904649656e-01,2.000000000000000000e+01,7.525088188346229501e-02,-3.713982587079601672e+01,4.401305145539494035e+00,-4.825667251045857142e+01,5.047128228228291213e+00,-5.068855845277005301e+01,4.618661085979946179e+00,4.500000000000000000e+01,6.553653225700236362e+02,6.186479016751731308e+01,3.240700000000000000e+06,1.603999999999999870e-01,-4.555467900000417671e+02,1.000000000000000000e+00
2.971452226877398239e-03,4.535858871118056412e-03,5.747061360501405369e-01,2.153193012468343159e+00,2.000000000000000000e+01,7.457565306338180544e-02,-3.415058898007693244e+01,4.694876119587345187e+00,-3.810458259137267589e+01,5.238833250334029579e+00,-4.726062283306052336e+01,5.159026244997477306e+00,4.600000000000000000e+01,1.130956066802414398e+03,5.783602489671881841e+01,3.434300000000000000e+06,2.503299999999999970e-01,-1.025684781000127487e+03,1.000000000000000000e+00
3.005691523024476165e-03,4.531004774361795107e-03,6.241500273051127090e-01,6.431535592708226279e-01,2.000000000000000000e+01,7.444256043274913304e-02,-3.685068202082159416e+01,4.292854513131638683e+00,-4.842734583455403197e+01,4.989996426305379984e+00,-5.021555747210032195e+01,4.564815207453129631e+00,4.700000000000000000e+01,6.495046380326940607e+02,6.194405787609725422e+01,3.225100000000000000e+06,2.414800000000000002e-01,-9.026016000000973918e+02,1.000000000000000000e+00
3.441954992715759963e-03,4.297680525684511449e-03,5.185620575440780256e-01,1.730649354867082712e+00,2.000000000000000000e+01,7.575066384848540280e-02,-3.256470033831909205e+01,4.887968533880631128e+00,-4.353759173176937480e+01,5.377527171005581863e+00,-4.403383178188051517e+01,5.114681041266979200e+00,4.800000000000000000e+01,1.084851954543626789e+03,5.848916169783151275e+01,3.456800000000000000e+06,2.184200000000000030e-01,-1.003428579999856311e+03,1.000000000000000000e+00
3.231988117821583094e-03,4.569668125742770183e-03,5.766027744359525364e-01,1.852154482315474748e+00,2.000000000000000000e+01,7.487425251414625560e-02,-3.296123737946656007e+01,4.676974257693730763e+00,-4.067833705326457050e+01,5.158537308018315670e+00,-4.899100863624378377e+01,4.815193678791141352e+00,4.900000000000000000e+01,1.077922445503538256e+03,5.852458792867020776e+01,3.375600000000000000e+06,2.345800000000000107e-01,-9.715091399998425459e+02,1.000000000000000000e+00
3.342539104087341884e-03,4.466807799606204755e-03,5.606254433703274920e-01,1.700523689170131858e+00,2.000000000000000000e+01,7.409943635370074000e-02,-3.934630520626619443e+01,4.868805619916948046e+00,-3.880874380488587860e+01,5.382374794112415373e+00,-4.908125460037759069e+01,5.420219190148214850e+00,5.000000000000000000e+01,9.852209612722491556e+02,5.882754445298032664e+01,3.436300000000000000e+06,4.021700000000000275e-01,-2.424048219999971479e+03,1.000000000000000000e+00
3.161941396796737972e-03,4.790712784418844905e-03,6.008646446675245389e-01,3.465110522697119055e-01,2.000000000000000000e+01,7.467449490522579114e-02,-3.762888267947592880e+01,4.253519161584394581e+00,-4.679789693452651989e+01,5.081561944613254056e+00,-5.134144005436047564e+01,4.663281690790963552e+00,5.100000000000000000e+01,6.462077432779692572e+02,6.202666970354163567e+01,3.236000000000000000e+06,2.366600000000000092e-01,-9.470189999997703580e+02,1.000000000000000000e+00
2.904623452516949533e-03,5.051223121261263702e-03,6.238483347495259457e-01,-1.720239001943547175e+00,2.000000000000000000e+01,7.329307772717430502e-02,-4.649614156221537797e+01,5.417285981918013249e+00,-5.734151015938648754e+01,5.183392305452029447e+00,-4.669715373170365069e+01,4.817729002970396301e+00,5.200000000000000000e+01,1.503510092955676498e+02,6.917503079688674461e+01,3.249200000000000000e+06,4.388599999999999723e-01,-2.286808127999082899e+03,1.000000000000000000e+00
2.563019565857151214e-03,5.059503046777976375e-03,5.081458029294618761e-01,-2.760884291992116601e+00,2.000000000000000000e+01,7.156469016402487726e-02,-3.975713092816890537e+01,5.824274597656414088e+00,-5.893799730864501640e+01,5.124454748684953209e+00,-4.621478284045588225e+01,4.905503280651399400e+00,5.300000000000000000e+01,2.409004382944141867e+02,6.677882838697667012e+01,3.329700000000000000e+06,4.802199999999999802e-01,-1.558554218999734076e+03,1.000000000000000000e+00
3.083096491527079468e-03,4.958700324262722489e-03,6.039685582749380055e-01,-2.465916961024277931e+00,2.000000000000000000e+01,7.732403563715398165e-02,-4.465064785682327653e+01,4.704184123756317781e+00,-5.113307374583241938e+01,4.745477025261594761e+00,-5.051970366460353290e+01,4.441411582183275364e+00,5.400000000000000000e+01,2.024771947286882892e+02,6.709779839629248954e+01,3.168500000000000000e+06,8.122000000000000053e-02,-1.508663600000016913e+02,1.000000000000000000e+00
2.940575031945426299e-03,5.136160744921089080e-03,5.908845132763325125e-01,-5.113451262398827524e+00,2.000000000000000000e+01,7.462947900965165304e-02,-4.833446219539418109e+01,5.579121808078600253e+00,-5.060512936685644547e+01,4.839690488381534372e+00,-4.550380443887259219e+01,4.992523873913377486e+00,5.500000000000000000e+01,1.335430266413301013e+02,7.007298073336521327e+01,3.297700000000000000e+06,2.607800000000000118e-01,-1.062089521999923136e+03,1.000000000000000000e+00
3.039121765526369822e-03,4.618264165171739530e-03,5.058550637525489613e-01,-1.287122221573553382e+00,2.000000000000000000e+01,6.978481665932481648e-02,-4.499801649834322603e+01,6.590907395657661816e+00,-6.784004428005488307e+01,5.453969195011677762e+00,-4.782196601500831434e+01,3.832540511951293194e+00,5.600000000000000000e+01,1.385334589203608573e+02,6.944168039754499944e+01,3.287800000000000000e+06,1.648600000000000065e-01,-5.355879999999799566e+02,1.000000000000000000e+00
2.766403278644808360e-03,4.663223327449053310e-03,5.803770223837537712e-01,-3.816203593491064527e+00,2.000000000000000000e+01,7.514071826836227208e-02,-4.168001536554803010e+01,5.900985859410102563e+00,-5.841130998808453967e+01,5.849356635203800003e+00,-4.299350122271910379e+01,4.267729529157042734e+00,5.700000000000000000e+01,1.418484407481710434e+02,6.939340230855327718e+01,3.334900000000000000e+06,1.988900000000000112e-01,-6.691875999999922442e+02,1.000000000000000000e+00
2.555933475732783278e-03,4.938480991297794151e-03,4.413505912997346403e-01,-3.424166347877227956e+00,2.000000000000000000e+01,7.551741736394565474e-02,-3.469653776174755677e+01,4.593139193310400437e+00,-5.858167230914117596e+01,5.239288512716957058e+00,-6.405723397104024741e+01,4.104423483256649519e+00,5.800000000000000000e+01,1.432073524998071434e+02,6.932858022699080891e+01,3.070300000000000000e+06,2.599500000000000144e-01,-1.374275999999954365e+03,1.000000000000000000e+00
3.095356923945009539e-03,5.617045977597526565e-03,5.996841673335185918e-01,-4.044996156784686825e+00,2.000000000000000000e+01,7.569879518630304172e-02,-4.514442943274421793e+01,4.780269614255923116e+00,-5.468202276973934772e+01,4.683021150075823869e+00,-4.862318615109879261e+01,5.223981202243419553e+00,5.900000000000000000e+01,1.573633100216143816e+02,6.796406922995919331e+01,3.212700000000000000e+06,1.383399999999999908e-01,-3.780148800000164329e+02,1.000000000000000000e+00
3.039470153218505437e-03,3.185017967366289126e-03,5.974316959748642297e-01,-1.661566612213726923e+00,2.000000000000000000e+01,7.223617019240610726e-02,-5.652734061247343789e+01,5.742027388585989378e+00,-5.794790292859688918e+01,5.809362983046664652e+00,-3.096113076036693457e+01,4.603570032481984597e+00,6.000000000000000000e+01,1.316369616152279036e+02,7.816805842887796985e+01,3.297400000000000000e+06,6.092199999999999838e-01,-1.918419400000454971e+03,1.000000000000000000e+00
3.147943849637957914e-03,4.710135144888520295e-03,5.447925584624543349e-01,-1.381107603904744963e+00,2.000000000000000000e+01,7.676741322625466046e-02,-4.121972865581027179e+01,6.532065067648036738e+00,-6.238490077796473798e+01,6.049911455259424642e+00,-4.536313385469101434e+01,4.256896390618684300e+00,6.100000000000000000e+01,1.319226852759611290e+02,7.027097113237832104e+01,3.351200000000000000e+06,1.136999999999999955e-01,-3.130061899999949446e+02,1.000000000000000000e+00
3.092527741472672186e-03,4.349243257511211172e-03,6.850986857841728783e-01,-1.408253470568082033e+00,2.000000000000000000e+01,7.630178880857214907e-02,-4.411527550400066389e+01,4.421556611928087577e+00,-5.362781752812420422e+01,5.381260256640786999e+00,-5.909194192375331767e+01,4.221603828612229492e+00,6.200000000000000000e+01,1.409527445352119344e+02,6.945846950097781303e+01,3.099000000000000000e+06,9.756700000000000095e-02,-1.736204000000033147e+02,1.000000000000000000e+00
3.228460772496017511e-03,5.014695786564080798e-03,7.247658742455289627e-01,-1.331931842686439049e+00,2.000000000000000000e+01,7.440402319106753648e-02,-5.108247638661041634e+01,3.860314154512464846e+00,-4.774275884856641028e+01,5.200446840820390548e+00,-5.596034232049665036e+01,3.831263472206053677e+00,6.300000000000000000e+01,1.567599330096447261e+02,6.892589514476503609e+01,3.044900000000000000e+06,1.940600000000000103e-01,-5.268095999999919741e+02,1.000000000000000000e+00
3.170226712236576955e-03,4.681323753179400179e-03,6.652530012192039433e-01,-2.293342143130787658e+00,2.000000000000000000e+01,7.623878263031960700e-02,-3.936279474519024291e+01,3.988688951770812174e+00,-5.045636669963904808e+01,5.106863552457424404e+00,-6.172606787387320537e+01,4.098259806804071204e+00,6.400000000000000000e+01,2.042532672240279794e+02,6.715659934302186684e+01,3.067900000000000000e+06,1.030500000000000027e-01,-2.071132000000080211e+02,1.000000000000000000e+00
2.944084178443160012e-03,4.669420084819067215e-03,6.033319851157911140e-01,2.769392089026156079e+00,2.000000000000000000e+01,6.743443326633685730e-02,-3.083172101482183436e+01,4.713557187756818756e+00,-3.417962895722830297e+01,5.763210421064576927e+00,-5.133210600854208394e+01,5.454373868444148066e+00,6.500000000000000000e+01,2.055028638292494179e+03,5.647421074409232489e+01,3.523300000000000000e+06,9.987200000000000244e-02,-1.887097590000032881e+02,1.000000000000000000e+00
3.248250526740996576e-03,4.554025922342211895e-03,6.679958129422325364e-01,-1.847288341773130949e+00,2.000000000000000000e+01,7.857831940614168342e-02,-4.012716745417664299e+01,4.551827652594202078e+00,-5.212083099904512551e+01,5.579406340809926590e+00,-5.726900181807609158e+01,3.993263558422762038e+00,6.600000000000000000e+01,2.223888101665176862e+02,6.697523830265102163e+01,3.160800000000000000e+06,5.839600000000000346e-02,-7.232435999999951548e+01,1.000000000000000000e+00
2.981568797377202439e-03,3.855445058245974329e-03,5.143658371578230248e-01,-5.509998809368875428e+00,2.000000000000000000e+01,6.908225308347117066e-02,-4.261532482515921316e+01,6.281936973300938476e+00,-5.955799317142874116e+01,5.210988038556254587e+00,-3.823607255568724383e+01,4.606995413923589133e+00,6.700000000000000000e+01,1.329238258181254935e+02,7.214144701113471569e+01,3.320100000000000000e+06,5.867599999999999483e-01,-1.944794999999124684e+03,1.000000000000000000e+00
2.763073414048657778e-03,5.089118174204070554e-03,5.840948651703505856e-01,-5.259207926685420809e+00,2.000000000000000000e+01,7.665799799314275409e-02,-4.040182571676596268e+01,5.736045215632094241e+00,-5.472393182305249582e+01,6.015441038664992135e+00,-5.024874583710658271e+01,3.759849257726439298e+00,6.800000000000000000e+01,1.330241195821847100e+02,7.062693168314893910e+01,3.293600000000000000e+06,9.917199999999999627e-02,-2.107247999999951844e+02,1.000000000000000000e+00
3.094161403864966429e-03,4.668893318700640012e-03,5.491214032940474610e-01,-4.158178018782544783e+00,2.000000000000000000e+01,7.172097252348119678e-02,-4.471416151895675739e+01,5.263060940099549612e+00,-5.003091233475392130e+01,4.962136490885638906e+00,-5.299997754206746237e+01,5.143101865043187004e+00,6.900000000000000000e+01,1.651064164495467992e+02,6.766581939906988907e+01,3.271600000000000000e+06,5.543099999999999694e-01,-1.658742919999522655e+03,1.000000000000000000e+00
3.142582342556593002e-03,4.403911023057800397e-03,6.650092107819951526e-01,-1.803367838289672953e+00,2.000000000000000000e+01,6.836618996262892878e-02,-5.036813233674519807e+01,4.255817286171769354e+00,-3.827095548839644579e+01,4.765713670967950399e+00,-5.891422850057524840e+01,4.990105961332728768e+00,7.000000000000000000e+01,2.782904888284676872e+02,6.599853671358667384e+01,3.158100000000000000e+06,1.401399999999999868e-01,-2.413900799999947253e+02,1.000000000000000000e+00
2.889439314726628596e-03,4.203448747397029936e-03,6.153304862380084561e-01,-1.247611821099392948e+00,2.000000000000000000e+01,7.549505998599939649e-02,-4.841512614070141751e+01,4.110447909259561605e+00,-4.360112252969860691e+01,5.060854077582847665e+00,-5.304231215918105846e+01,3.892928654399890220e+00,7.100000000000000000e+01,2.605560694661450611e+02,6.617091783190934962e+01,3.122500000000000000e+06,1.267999999999999960e-01,-3.031933500000030790e+02,1.000000000000000000e+00
3.217817915274145089e-03,5.145320648431756308e-03,5.621336912572236777e-01,-6.568767441763307957e-01,2.000000000000000000e+01,7.652659308166141761e-02,-4.846718445142101928e+01,4.178231178373276400e+00,-5.178180979807507356e+01,4.407534025635302832e+00,-4.451966220704062493e+01,5.348869769476673142e+00,7.200000000000000000e+01,3.250407067699477466e+02,6.527547814312350738e+01,3.187500000000000000e+06,1.131199999999999983e-01,-3.028232100000145124e+02,1.000000000000000000e+00
3.580642244701675789e-03,4.976625520366528659e-03,6.236857996053570830e-01,-1.359499964196117627e+00,2.000000000000000000e+01,7.473023339657405839e-02,-5.738384760525991624e+01,4.785479131766679828e+00,-4.845666825345158912e+01,5.792549640696803337e+00,-4.798619455867707018e+01,5.032620051712911824e+00,7.300000000000000000e+01,1.331674373986461717e+02,7.084178428752917966e+01,3.245700000000000000e+06,2.563099999999999823e-01,-1.096055339999934858e+03,1.000000000000000000e+00
3.143012506807062179e-03,6.060810877065517244e-03,5.446349149002024381e-01,-4.118851364918003632e+00,2.000000000000000000e+01,7.553665312948970589e-02,-4.034923635081139537e+01,5.256587868558215249e+00,-5.272957361166768919e+01,5.654064405868063581e+00,-5.264447086249776930e+01,4.617358204499101504e+00,7.400000000000000000e+01,1.629044151359887280e+02,6.798551739969904872e+01,3.292100000000000000e+06,1.769600000000000062e-01,-6.491549200000057454e+02,1.000000000000000000e+00
2.408750427169523579e-03,4.673188079780609197e-03,5.584427003668299694e-01,-2.140560148244718519e+00,2.000000000000000000e+01,7.401753917878510503e-02,-4.110360886854316931e+01,6.223069176366850641e+00,-5.651355184118359887e+01,6.167884898982178399e+00,-4.472180587617323511e+01,4.513740457766704850e+00,7.500000000000000000e+01,2.342510424046640196e+02,6.708948688574778885e+01,3.416900000000000000e+06,3.185899999999999843e-01,-1.445962100000102282e+03,1.000000000000000000e+00
2.747585558297401236e-03,5.155966969279195643e-03,5.321488373097356117e-01,-3.336225710971735925e+00,2.000000000000000000e+01,7.152503566273919755e-02,-3.967579113374979727e+01,5.804642289126917376e+00,-6.140070657858074554e+01,5.239724435938329705e+00,-4.615348197016216147e+01,4.880080639382622820e+00,7.600000000000000000e+01,1.896179793093909609e+02,6.767042851878271392e+01,3.311400000000000000e+06,5.040400000000000436e-01,-1.636983600000181468e+03,1.000000000000000000e+00
2.956030677873561219e-03,3.256649768530357758e-03,6.043903312329140798e-01,-1.886792813094204213e+00,2.000000000000000000e+01,7.232075633183701613e-02,-5.269332798087036451e+01,5.709227303781081453e+00,-6.024344000867939997e+01,5.877199816505759955e+00,-3.429073898883908100e+01,4.629842273022550359e+00,7.700000000000000000e+01,1.331458780450114148e+02,7.608095946549450161e+01,3.296700000000000000e+06,6.175199999999999578e-01,-2.079341899000526610e+03,1.000000000000000000e+00
3.046218734177243582e-03,4.545156185626985854e-03,6.313706151186195825e-01,-2.666348690940104404e+00,2.000000000000000000e+01,7.109889870010187296e-02,-5.079321587367384438e+01,4.419996531961370323e+00,-4.808330350513671192e+01,4.775569313331186727e+00,-5.045879957607079547e+01,4.816888768469650195e+00,7.800000000000000000e+01,1.846113923821755520e+02,6.773573279298135219e+01,3.161100000000000000e+06,5.277600000000000069e-01,-1.484673190000164141e+03,1.000000000000000000e+00
3.176412350966793807e-03,5.170772469538850204e-03,6.380704860869838013e-01,-8.930586406636011887e-01,2.000000000000000000e+01,7.525969579369887197e-02,-4.526810498978247210e+01,4.464652113417191259e+00,-5.007871688811469824e+01,4.477398211545164486e+00,-4.493164439290318057e+01,5.434323527394889553e+00,7.900000000000000000e+01,4.083778768540643682e+02,6.432415502530668050e+01,3.250500000000000000e+06,1.504999999999999949e-01,-4.095051600000267626e+02,1.000000000000000000e+00
2.903685029926616340e-03,5.496867251515547004e-03,4.289772001789369238e-01,-5.647428608387690119e+00,2.000000000000000000e+01,7.608348004048401392e-02,-3.146968586398345735e+01,5.146590210503481977e+00,-6.609112882402079947e+01,5.209429105246130121e+00,-5.397131569122650774e+01,4.638573271172139023e+00,8.000000000000000000e+01,1.391135685072046329e+02,7.018047123229095519e+01,3.175000000000000000e+06,2.414399999999999880e-01,-1.320836000000407012e+03,1.000000000000000000e+00
2.778747543662243510e-03,4.427138274117045635e-03,6.070892202124245074e-01,-3.121869600518264232e+00,2.000000000000000000e+01,7.320744426614742006e-02,-3.120128449612638732e+01,5.029733860521004907e+00,-4.520332200075233686e+01,5.845850783019182373e+00,-7.943830902852708675e+01,5.561709185272067479e+00,8.100000000000000000e+01,2.605036947154233644e+02,6.640980497097920932e+01,3.201200000000000000e+06,5.060900000000000398e-01,-2.423835077998984161e+03,1.000000000000000000e+00
3.383156346297082166e-03,5.107376019186603104e-03,6.980857493121607193e-01,-4.861565714923565373e+00,2.000000000000000000e+01,7.545995784629584702e-02,-5.228812630947924589e+01,4.952427247015156020e+00,-4.665759556055077439e+01,5.385551782639027785e+00,-4.406184383177455288e+01,4.532499652618074748e+00,8.200000000000000000e+01,1.337425089166580960e+02,7.057798171876515880e+01,3.264000000000000000e+06,1.337500000000000078e-01,-3.200412599999796726e+02,1.000000000000000000e+00
3.116011555497553466e-03,4.784586656838285545e-03,5.729427734484277002e-01,-2.148051313292712872e-01,2.000000000000000000e+01,7.530760608052183835e-02,-3.880200759195034976e+01,4.872365750033379683e+00,-5.090132534270682640e+01,5.421504477917556741e+00,-5.032348809898974196e+01,4.464876881386158125e+00,8.300000000000000000e+01,4.678377216332933699e+02,6.359938699354349723e+01,3.272800000000000000e+06,1.881599999999999939e-01,-6.713118099999412607e+02,1.000000000000000000e+00
3.030143755638959290e-03,4.629066701240355970e-03,6.647659553704317048e-01,1.513881787201794005e-01,2.000000000000000000e+01,7.493892845025562632e-02,-4.055251960732620375e+01,4.341830648766377365e+00,-4.775597269509201936e+01,5.282769110294923465e+00,-5.338363962355842318e+01,4.458039125628369348e+00,8.400000000000000000e+01,4.772227145244042958e+02,6.336413447696070733e+01,3.209000000000000000e+06,1.602899999999999880e-01,-4.189480000000230007e+02,1.000000000000000000e+00
2.912844177143464330e-03,4.488546901619218030e-03,6.419116301765616095e-01,1.307651176773492741e-01,2.000000000000000000e+01,7.402836769492840419e-02,-4.518575063557060645e+01,4.750642712658031286e+00,-5.011324718820264934e+01,5.311551233321029741e+00,-5.401096201142364350e+01,4.616746811665983330e+00,8.500000000000000000e+01,2.696993760771023858e+02,6.618223276622710216e+01,3.205300000000000000e+06,2.881199999999999872e-01,-1.165200000000055070e+03,1.000000000000000000e+00
3.107457867083783347e-03,4.439293537397618131e-03,5.668888985428837124e-01,-6.882953112145320240e-01,2.000000000000000000e+01,7.229731445981021909e-02,-4.419689389321041517e+01,5.058611452173043865e+00,-4.884545567771081664e+01,5.155093797786380883e+00,-5.850583775488746596e+01,4.887130443091518117e+00,8.600000000000000000e+01,2.948486203202327260e+02,6.594190320811678419e+01,3.220500000000000000e+06,6.176700000000000523e-01,-2.418670210000414500e+03,1.000000000000000000e+00
3.233547016604596848e-03,5.093841614815463291e-03,6.214987312619467685e-01,-1.388001315561697924e+00,2.000000000000000000e+01,6.872627941861242373e-02,-3.864493428835740474e+01,5.847534299189099727e+00,-6.050025724576831010e+01,5.286462666434994517e+00,-4.875919382878838348e+01,5.330997440927855102e+00,8.700000000000000000e+01,3.209499915425142262e+02,6.535480715972950350e+01,3.352600000000000000e+06,1.751900000000000124e-01,-3.322396000000146614e+02,1.000000000000000000e+00
3.142014073008262895e-03,4.033451878669581936e-03,6.128121213025321534e-01,6.713087745768240300e-01,2.000000000000000000e+01,6.843862945407634679e-02,-3.917685066809027461e+01,4.257669199557819084e+00,-5.378454092009387466e+01,4.963431562271048314e+00,-5.514040747657168851e+01,4.251430725308435576e+00,8.800000000000000000e+01,6.467604602542758130e+02,6.241455529768158783e+01,3.207500000000000000e+06,1.836099999999999954e-01,-6.423090900000730699e+02,1.000000000000000000e+00
3.482437037780431247e-03,4.902521651624417581e-03,5.404390532683295278e-01,5.943368672105773243e-01,2.000000000000000000e+01,7.487815069926709310e-02,-3.603540327604198978e+01,4.307525217939791595e+00,-4.631641171190720740e+01,5.051143793892760137e+00,-5.760256314625865315e+01,4.716258208396231666e+00,8.900000000000000000e+01,6.583159684291767917e+02,6.188218660733533483e+01,3.206000000000000000e+06,2.985499999999999821e-01,-1.650399330000238706e+03,1.000000000000000000e+00
3.106563255242483952e-03,5.283882092354055121e-03,5.738432142282139381e-01,3.682580578634375712e-01,2.000000000000000000e+01,7.581660529135472726e-02,-3.913152707418035448e+01,5.044066017768752630e+00,-4.574318420011104536e+01,5.422565458863607191e+00,-4.899421548724498621e+01,4.614107524335473443e+00,9.000000000000000000e+01,7.001016545433327565e+02,6.175211962811804511e+01,3.348200000000000000e+06,1.347700000000000009e-01,-3.788590599999843107e+02,1.000000000000000000e+00
3.198500242783463426e-03,5.046080683116209095e-03,6.064536524272217122e-01,-8.764430131981763017e-01,2.000000000000000000e+01,7.536720204328622996e-02,-4.727189537616447979e+01,4.225956904456772634e+00,-5.158391715091247676e+01,4.506744354596309954e+00,-4.407255721554804495e+01,5.547802742875525439e+00,9.100000000000000000e+01,3.506930811803142660e+02,6.473443019346223082e+01,3.226400000000000000e+06,1.636499999999999899e-01,-4.957228700000381423e+02,1.000000000000000000e+00
3.240204775442100289e-03,4.703505843920165706e-03,5.914868452777428676e-01,3.237082363255701978e+00,2.000000000000000000e+01,7.533281621953098750e-02,-1.499876807310700144e+01,5.430508082210146803e+00,-4.184005967805684634e+01,5.639554237095900646e+00,-4.594915474639902442e+01,5.258609783561343676e+00,9.200000000000000000e+01,1.926513119997141985e+03,5.689266800152141457e+01,3.614800000000000000e+06,1.592800000000000049e-01,-4.771440000000384885e+02,1.000000000000000000e+00
3.050673486251976457e-03,4.909810482773835361e-03,6.605975809309959645e-01,-2.057227764663083214e-01,2.000000000000000000e+01,7.675750597153430110e-02,-4.240047591201444277e+01,3.907807625350999459e+00,-4.802497438851749223e+01,4.542243200120986479e+00,-5.611526061061579185e+01,4.629040051029901903e+00,9.300000000000000000e+01,3.905621708773063006e+02,6.452310698794435950e+01,3.094400000000000000e+06,8.444100000000000217e-02,-1.386171000000014146e+02,1.000000000000000000e+00
2.969573671603817789e-03,5.428169982978597874e-03,5.249647936449983732e-01,-7.833725059876028851e-01,2.000000000000000000e+01,7.572006405641629190e-02,-3.989842441481064839e+01,4.774943983781287926e+00,-4.615580068716739248e+01,5.533889732646667170e+00,-5.411102184513066504e+01,4.406864839959297342e+00,9.400000000000000000e+01,4.713413197224731448e+02,6.372255740132330004e+01,3.274500000000000000e+06,1.641400000000000081e-01,-5.750909999999869342e+02,1.000000000000000000e+00
3.127461629467878212e-03,4.513218655524758871e-03,6.491888559278671256e-01,-3.407839428748574151e-01,2.000000000000000000e+01,7.470225595039636790e-02,-4.105630321772090952e+01,4.468850256610169325e+00,-4.893420405860806000e+01,5.143240209006400221e+00,-4.832156825446501358e+01,4.604390559187668153e+00,9.500000000000000000e+01,4.940037631239305256e+02,6.358638949313058220e+01,3.243200000000000000e+06,2.080899999999999972e-01,-6.827064999999412294e+02,1.000000000000000000e+00
3.053775300267966633e-03,4.977208741810742500e-03,6.309197221594036176e-01,6.019522556414727554e-02,2.000000000000000000e+01,7.443055420386079923e-02,-4.022882048968438085e+01,4.185201025805589836e+00,-4.664396296024530386e+01,5.058190615459108308e+00,-5.144961677005066747e+01,4.673909885843591461e+00,9.600000000000000000e+01,5.516757019057145044e+02,6.277363848565602922e+01,3.215900000000000000e+06,2.298699999999999910e-01,-8.306880000001098097e+02,1.000000000000000000e+00
2.888136489517526689e-03,4.734238373556808738e-03,5.077782840847766543e-01,-2.183411366448937407e-01,2.000000000000000000e+01,7.687921245513970603e-02,-3.347892291185637248e+01,4.414097656392879543e+00,-4.806635653415133902e+01,5.302713928915926189e+00,-5.678984454365464529e+01,4.736928104792951899e+00,9.700000000000000000e+01,5.999568001106291604e+02,6.260721296185391793e+01,3.244000000000000000e+06,1.127599999999999991e-01,-3.099797400000191487e+02,1.000000000000000000e+00
3.232963635573078698e-03,4.984336717080346292e-03,5.916446759237662389e-01,-1.485096264240836073e-01,2.000000000000000000e+01,7.359024201864895753e-02,-3.507836007890362851e+01,5.002993113328364494e+00,-5.506194367472085105e+01,5.272308381029292335e+00,-4.820746182891737419e+01,5.184274323584662447e+00,9.800000000000000000e+01,6.106981021910830805e+02,6.260369781854139859e+01,3.330400000000000000e+06,4.444500000000000117e-01,-2.537983500000361801e+03,1.000000000000000000e+00
3.056382915643112395e-03,4.974452480426448490e-03,6.154168368880379436e-01,-2.063423775484354850e-02,2.000000000000000000e+01,7.452332951208512357e-02,-3.946885048740188040e+01,4.275022528302621971e+00,-4.564136157770610680e+01,5.073983158408476690e+00,-5.001481278353487170e+01,4.645640614799754431e+00,9.900000000000000000e+01,6.211841501804590280e+02,6.258508574232681809e+01,3.244900000000000000e+06,2.314599999999999991e-01,-8.665062199998791357e+02,1.000000000000000000e+00
3.429204379180356317e-03,5.312166280063464717e-03,5.000029972088694263e-01,-9.168221335895711255e-02,2.000000000000000000e+01,7.725673745609962229e-02,-3.595178299078418149e+01,4.034288470372636048e+00,-4.240180768544411194e+01,4.958700490870371347e+00,-6.126599678214438427e+01,5.383344900320919280e+00,1.000000000000000000e+02,6.323664919318508737e+02,6.244822523734823960e+01,3.209500000000000000e+06,1.071499999999999952e-01,-3.327272999999997865e+02,1.000000000000000000e+00
2.854611918584040384e-03,4.341865692687903872e-03,5.820717471994407699e-01,-6.607394039836924637e-01,2.000000000000000000e+01,6.936968237082823119e-02,-4.288657962602739815e+01,5.298767319920043128e+00,-5.174626929161446753e+01,5.195247811622952128e+00,-4.738187195391869011e+01,5.280745299679073135e+00,1.010000000000000000e+02,4.621741877196565724e+02,6.408408348056711645e+01,3.350300000000000000e+06,2.323699999999999932e-01,-4.254916570000156639e+02,1.000000000000000000e+00
3.044420682432880543e-03,4.879726931613427056e-03,6.001688623960189650e-01,-1.557308177343371680e+00,2.000000000000000000e+01,7.784948989835319133e-02,-4.277164197894266096e+01,5.230137424881792008e+00,-5.212537273526722714e+01,4.713115703498406361e+00,-4.812419724783998021e+01,4.517323999292868208e+00,1.020000000000000000e+02,2.990100124293352337e+02,6.600213042035944966e+01,3.238100000000000000e+06,7.199200000000000044e-02,-1.180096099999973376e+02,1.000000000000000000e+00
3.404380813709591714e-03,5.367532235072482692e-03,5.749053599582628626e-01,1.702406650139373090e-01,2.000000000000000000e+01,6.960976073872220116e-02,-3.805816568072777528e+01,3.804940790402119966e+00,-4.721491101972566184e+01,4.544284515696259241e+00,-5.237776980066389854e+01,4.285167606916106209e+00,1.030000000000000000e+02,5.221668901432591383e+02,6.330750222278209804e+01,3.184400000000000000e+06,1.842699999999999894e-01,-6.081447899999942592e+02,1.000000000000000000e+00
3.054785775323108632e-03,5.152732587844519735e-03,5.660909936315936530e-01,-3.359544796424431268e-01,2.000000000000000000e+01,7.608138626286059525e-02,-4.252543181195235888e+01,5.297525344438479777e+00,-5.021220906258899674e+01,5.677454450913286266e+00,-4.890238737931888124e+01,4.408899068217818851e+00,1.040000000000000000e+02,3.734919705660778959e+02,6.470557730279082875e+01,3.317000000000000000e+06,1.254699999999999982e-01,-3.443890600000161726e+02,1.000000000000000000e+00
3.356816251634316562e-03,4.503075254978756471e-03,6.591221722539900574e-01,-1.668784241907556865e-01,2.000000000000000000e+01,6.751884756609195792e-02,-4.265193222650468385e+01,5.386404468234904819e+00,-4.523276980726124918e+01,4.763490243116315526e+00,-6.079107451966721953e+01,4.974371526235666252e+00,1.050000000000000000e+02,3.771488498782817942e+02,6.457352360033007699e+01,3.241600000000000000e+06,9.989099999999999369e-02,-1.728854999999952042e+02,1.000000000000000000e+00
3.270590085186836186e-03,5.693823172523685208e-03,5.739748173704459777e-01,6.179121443544227654e-01,2.000000000000000000e+01,7.601151894417698673e-02,-3.623495827268626357e+01,4.747047395754215415e+00,-4.240255518549756175e+01,5.229541839009661075e+00,-6.022920701709108471e+01,4.941485347119224159e+00,1.060000000000000000e+02,7.421900837288613957e+02,6.090421851176215995e+01,3.281000000000000000e+06,1.220500000000000057e-01,-3.423542000000164194e+02,1.000000000000000000e+00
3.465007122196813415e-03,4.743038475919240417e-03,5.575707129304294796e-01,1.135175155992061313e+00,2.000000000000000000e+01,7.442792348586704798e-02,-3.646716237175817810e+01,4.438354454722661657e+00,-4.406156043594764071e+01,5.226121634103327196e+00,-5.511938666288861555e+01,4.630996911338440825e+00,1.070000000000000000e+02,8.028240642947738479e+02,6.071279383991136314e+01,3.260000000000000000e+06,3.503499999999999948e-01,-2.083504499999322888e+03,1.000000000000000000e+00
3.362957021673745883e-03,4.473512107653098042e-03,5.590997206437847700e-01,9.831119952425754205e-01,2.000000000000000000e+01,8.010596730584029768e-02,-3.533354270158563537e+01,4.432127653283363777e+00,-5.003828436316779005e+01,5.691777559407903198e+00,-4.946521206592635878e+01,4.952011901193571930e+00,1.080000000000000000e+02,6.809709394902929489e+02,6.188823166298807621e+01,3.224700000000000000e+06,2.911900000000000044e-01,-1.402346569999607709e+03,1.000000000000000000e+00
2.960173934848321989e-03,5.388164460052823936e-03,5.117598611829670130e-01,3.650751397849643531e+00,2.000000000000000000e+01,6.333539539189003698e-02,-1.498655912757805808e+01,6.643610847834909627e+00,-2.399985839798188181e+01,5.028623871745478091e+00,-6.934882075879399110e+01,6.138963759558280664e+00,1.090000000000000000e+02,3.135697999657595574e+03,5.667734700176377061e+01,3.627700000000000000e+06,4.449700000000000183e-02,-6.798156300000086105e+01,1.000000000000000000e+00
3.150194243094103265e-03,4.708948059623321164e-03,5.850249190531902066e-01,-9.571164387762462478e-02,2.000000000000000000e+01,7.372546091253251443e-02,-3.716351105550153022e+01,4.529520740489132891e+00,-4.746797526642562559e+01,5.765259720515225617e+00,-5.409157583884539378e+01,4.789693866666016042e+00,1.100000000000000000e+02,6.334680256950905459e+02,6.248750180257804487e+01,3.301300000000000000e+06,4.271400000000000197e-01,-2.423924999999586817e+03,1.000000000000000000e+00
3.372035477916314819e-03,4.799658228258134665e-03,5.231855080894285415e-01,3.007868538253285706e+00,2.000000000000000000e+01,7.527856609219109318e-02,-2.329353447464239224e+01,4.936889108618148114e+00,-3.596821151361462654e+01,5.027267974952749796e+00,-4.719861344738133369e+01,4.892683583031468331e+00,1.110000000000000000e+02,1.679135553491561723e+03,5.702279330847134986e+01,3.479900000000000000e+06,2.260500000000000009e-01,-1.036215599999758297e+03,1.000000000000000000e+00
3.125146156942261791e-03,5.977208590564030317e-03,6.407985485595795172e-01,-6.611886031040888900e-01,2.000000000000000000e+01,7.681148348137897819e-02,-4.462624736178386797e+01,4.865701959668678356e+00,-4.692135899155697842e+01,5.203367144414923651e+00,-5.279769281370798240e+01,4.249288609443671483e+00,1.120000000000000000e+02,4.879453743188113322e+02,6.377095399941034515e+01,3.229900000000000000e+06,2.426500000000000046e-01,-9.961983899998982679e+02,1.000000000000000000e+00
3.273823633914235698e-03,4.897443601409758387e-03,5.659683474075228871e-01,3.607852021417761734e-01,2.000000000000000000e+01,7.598513777258579516e-02,-4.379000713970627601e+01,4.522555615279117092e+00,-4.894318825799379624e+01,4.863891952073380764e+00,-4.306511035299655532e+01,5.028467032991198238e+00,1.130000000000000000e+02,5.873004457908133418e+02,6.293238790112120995e+01,3.280900000000000000e+06,1.405099999999999960e-01,-4.266983000000133188e+02,1.000000000000000000e+00
2.982696586443200383e-03,5.438442566712432119e-03,5.971477031195744356e-01,3.803449306841611421e-01,2.000000000000000000e+01,7.425162776554954103e-02,-3.864136775936535173e+01,3.991373297498041595e+00,-4.335112047934335067e+01,4.988933564861184777e+00,-5.314286129912052559e+01,4.715159941455677739e+00,1.140000000000000000e+02,7.017918624744588669e+02,6.182634625393827577e+01,3.214300000000000000e+06,2.616800000000000237e-01,-1.075069596000130787e+03,1.000000000000000000e+00
3.233547016604596848e-03,5.093841614815463291e-03,6.214987312619467685e-01,-1.388001315561697924e+00,2.000000000000000000e+01,6.872627941861242373e-02,-3.864493428835740474e+01,5.847534299189099727e+00,-6.050025724576831010e+01,5.286462666434994517e+00,-4.875919382878838348e+01,5.330997440927855102e+00,1.150000000000000000e+02,4.235953206691468154e+02,6.440251950343026976e+01,3.326200000000000000e+06,6.198099999999999721e-01,-2.505146150000686248e+03,1.000000000000000000e+00
2.692937093644338226e-03,5.123114231133259894e-03,5.341236084892584390e-01,-2.610905159120771590e-01,2.000000000000000000e+01,7.435110707684085274e-02,-4.063093330598824338e+01,5.277859711466991399e+00,-5.464677790929431467e+01,5.479811534295286890e+00,-4.499860477210314968e+01,4.685371015289084617e+00,1.160000000000000000e+02,3.939542089603182831e+02,6.458935360636580469e+01,3.322400000000000000e+06,2.918999999999999928e-01,-1.414907453999650670e+03,1.000000000000000000e+00
3.132808599661125824e-03,4.570513049933526070e-03,6.490939407130913441e-01,-9.777692780575691911e-01,2.000000000000000000e+01,7.536949081120947191e-02,-4.108052092427075763e+01,4.459626606285620909e+00,-5.008447938102473529e+01,5.237475237780651938e+00,-5.037787595661536955e+01,4.546682610208161890e+00,1.170000000000000000e+02,3.926348561475022620e+02,6.464376850370899774e+01,3.222400000000000000e+06,1.489300000000000068e-01,-3.838846799999659538e+02,1.000000000000000000e+00
3.638877100099438284e-03,4.984020175485064444e-03,4.862117270915816136e-01,1.032206055766420327e+00,2.000000000000000000e+01,7.527409024441339414e-02,-3.349957682377846879e+01,4.543737227394164968e+00,-4.713567363425075030e+01,5.001171790401270911e+00,-6.009098992607952283e+01,4.956926344253165695e+00,1.180000000000000000e+02,7.148670210482780476e+02,6.133395771514668127e+01,3.224500000000000000e+06,3.127300000000000080e-01,-2.105161499999578609e+03,1.000000000000000000e+00
3.185388825694804131e-03,5.253354515887639041e-03,5.732337113329553091e-01,4.094023344468830095e-01,2.000000000000000000e+01,7.589894705298050326e-02,-4.023780753811268340e+01,4.789152644711248463e+00,-4.551866088480889516e+01,5.465911925319817399e+00,-4.904558853012765240e+01,4.543060744461118183e+00,1.190000000000000000e+02,6.760310551985807024e+02,6.201846006374024967e+01,3.318200000000000000e+06,1.328300000000000036e-01,-3.790269000000029109e+02,1.000000000000000000e+00
3.034230559729846847e-03,5.352038776569456244e-03,5.780706248463327590e-01,6.336004243841631967e-01,2.000000000000000000e+01,7.496345288083522407e-02,-3.831040461088619509e+01,4.045768146794347153e+00,-4.557453825380216017e+01,5.036970905685024924e+00,-5.403855294166551460e+01,4.433832533819404453e+00,1.200000000000000000e+02,6.563101268860212940e+02,6.216820481282826449e+01,3.183500000000000000e+06,1.902399999999999924e-01,-6.725144999999273523e+02,1.000000000000000000e+00
2.852332950095378197e-03,4.789205985081964288e-03,4.897593602509219823e-01,3.684297123078529856e-01,2.000000000000000000e+01,6.703177295014062231e-02,-4.432869334024584163e+01,4.204919418843407364e+00,-4.168756229254501022e+01,5.631762150226460761e+00,-5.731587153495372888e+01,5.025892901213331321e+00,1.210000000000000000e+02,5.167612764721727672e+02,6.342391046708439006e+01,3.200800000000000000e+06,4.669000000000000233e-02,-7.605656999999929724e+01,1.000000000000000000e+00
3.070400703848034582e-03,4.569917553709580520e-03,6.158342089309596368e-01,-6.172538899436159632e-01,2.000000000000000000e+01,7.521097185952303754e-02,-4.020015460197453905e+01,4.153657664628249258e+00,-4.577466928867383444e+01,5.110394495872908394e+00,-5.506007560922527944e+01,4.298549039029918362e+00,1.220000000000000000e+02,4.868904011999625823e+02,6.393504479471412338e+01,3.172600000000000000e+06,1.758500000000000063e-01,-5.339579400000117175e+02,1.000000000000000000e+00
3.009878110362382547e-03,5.906520796295922603e-03,5.639421695212860630e-01,-1.194927638071780818e+00,2.000000000000000000e+01,6.809352498367843287e-02,-4.589060367286434428e+01,4.212447855400455410e+00,-4.084418023103385309e+01,5.756958091402011313e+00,-5.543911854996949273e+01,4.914172494982726569e+00,1.230000000000000000e+02,4.789133498867279854e+02,6.394432509647435836e+01,3.289600000000000000e+06,1.646400000000000086e-01,-5.357856000000416543e+02,1.000000000000000000e+00
3.199877355622259782e-03,4.384968996919763259e-03,5.668247085754758441e-01,2.661694098579921786e+00,2.000000000000000000e+01,7.364144581698586767e-02,-2.732303565531657341e+01,4.661697069012236128e+00,-4.000801670764859352e+01,5.457583825523666832e+00,-4.390022769552896875e+01,4.964891890652438633e+00,1.240000000000000000e+02,1.507995480324249456e+03,5.727719815769263789e+01,3.478300000000000000e+06,4.602999999999999869e-01,-2.567866910001027009e+03,1.000000000000000000e+00
2.879985435116954023e-03,4.007410618128513097e-03,6.176842960291804019e-01,2.727505290364737878e-01,2.000000000000000000e+01,6.790185450580057958e-02,-4.686056315124449156e+01,4.447673058435110960e+00,-3.835387929320074107e+01,4.934076364444112350e+00,-5.371916419345102156e+01,5.267691744760944594e+00,1.250000000000000000e+02,6.453138630338920620e+02,6.257829233205368524e+01,3.272900000000000000e+06,1.106199999999999961e-01,-1.906559999999916499e+02,1.000000000000000000e+00
2.936203944846710930e-03,4.624799541807071181e-03,5.715486625953396516e-01,-1.829529110095838296e-01,2.000000000000000000e+01,7.383454852294490944e-02,-4.304211611933877180e+01,4.717361025281476827e+00,-4.824182450567863611e+01,5.306519317040434558e+00,-4.704608141184822045e+01,4.943612625556697893e+00,1.260000000000000000e+02,5.506854794119028611e+02,6.328149694585875551e+01,3.305800000000000000e+06,3.932599999999999985e-01,-2.186642380999449870e+03,1.000000000000000000e+00
3.011650867174358627e-03,4.281463001133397304e-03,6.376599022733563382e-01,9.971792833193220407e-01,2.000000000000000000e+01,7.435412463830870511e-02,-2.658774711176572225e+01,4.964505074821917496e+00,-4.781320698955406101e+01,6.542683769574535901e+00,-5.517547568390953927e+01,5.052396520073149766e+00,1.270000000000000000e+02,8.252470115788856901e+02,6.007455730421445850e+01,3.460500000000000000e+06,2.519799999999999818e-01,-9.352259999998432249e+02,1.000000000000000000e+00
2.934292821651157072e-03,4.670016003523950153e-03,5.750405385877127573e-01,-1.699974029707153889e-01,2.000000000000000000e+01,7.345251909967751014e-02,-4.313702316793460056e+01,4.648666723976480064e+00,-4.800954285092699791e+01,5.306310006958890213e+00,-4.740513974263252805e+01,5.035118974626071164e+00,1.280000000000000000e+02,5.749086954244542085e+02,6.313959677698198902e+01,3.306100000000000000e+06,4.685099999999999820e-01,-2.455757999999173535e+03,1.000000000000000000e+00
3.050093012280698408e-03,4.974145280928343217e-03,5.830398408554331446e-01,-1.844242369433373163e-01,2.000000000000000000e+01,7.229019183945016580e-02,-3.516812356989245103e+01,5.604074330095180301e+00,-5.486482441187781944e+01,5.198806931282762278e+00,-5.277257314477222394e+01,4.841871674817823212e+00,1.290000000000000000e+02,6.039734593991846623e+02,6.281649380979532538e+01,3.325400000000000000e+06,6.359700000000000353e-01,-2.714385660001781616e+03,1.000000000000000000e+00
2.798950537866322797e-03,4.617866350068040512e-03,6.047519767406416280e-01,2.760980102866387176e-01,2.000000000000000000e+01,7.293815540894260652e-02,-4.033145111222013668e+01,4.700649848996202529e+00,-4.949451230331060003e+01,5.309018192383214263e+00,-6.176629603442572858e+01,4.594083244003400957e+00,1.300000000000000000e+02,3.610397673872434439e+02,6.527670799844374017e+01,3.175100000000000000e+06,5.225400000000000045e-01,-2.483925900000499496e+03,1.000000000000000000e+00
3.025345465886101863e-03,4.553537871416321776e-03,5.776552203618113834e-01,1.046833023625778569e+00,2.000000000000000000e+01,7.496547090222173415e-02,-3.140961255138370589e+01,4.416977048131417227e+00,-4.891185021554328216e+01,4.996778759085960253e+00,-5.295916928854200023e+01,4.439164001653399083e+00,1.310000000000000000e+02,7.819038445615099135e+02,6.103537718265616263e+01,3.231600000000000000e+06,2.115299999999999958e-01,-7.895997299999554571e+02,1.000000000000000000e+00
3.127604103138881958e-03,4.984935783580740458e-03,5.864885680925304712e-01,9.969712209925686297e-01,2.000000000000000000e+01,7.450946770100991268e-02,-3.645220608585962907e+01,4.230934999132955454e+00,-4.556733109987705888e+01,5.083072317851533128e+00,-4.994128274962369574e+01,4.571283988393697761e+00,1.320000000000000000e+02,7.924461649388596243e+02,6.101405786136837150e+01,3.251700000000000000e+06,2.574699999999999767e-01,-1.102759519999995064e+03,1.000000000000000000e+00
2.898073039996484565e-03,5.045537058100750885e-03,5.694736745753552487e-01,2.088762967790462888e+00,2.000000000000000000e+01,7.401134933467704013e-02,-3.132723495935546509e+01,4.211417216687675769e+00,-4.229594872654651283e+01,5.233045143922999465e+00,-5.331990419671562620e+01,4.670045970039492289e+00,1.330000000000000000e+02,1.064785374969714894e+03,5.899553545401400356e+01,3.290400000000000000e+06,3.113400000000000056e-01,-1.502516399999766008e+03,1.000000000000000000e+00
3.302819542089692820e-03,4.500136868700080686e-03,5.500024447326401500e-01,1.537791705881587312e+00,2.000000000000000000e+01,7.398299626675064466e-02,-3.913139754694624628e+01,4.819290180665723788e+00,-3.960284194636341937e+01,5.357502621478992921e+00,-4.967194147726158349e+01,5.269829178771119338e+00,1.340000000000000000e+02,9.856638783348377046e+02,5.915279371477462433e+01,3.409900000000000000e+06,4.404600000000000182e-01,-2.582945999999311880e+03,1.000000000000000000e+00
2.886732111945651460e-03,4.565212311951628507e-03,5.805696555336601339e-01,1.987998393648195083e+00,2.000000000000000000e+01,7.466998618289835687e-02,-3.967050860418619607e+01,5.049099251438916802e+00,-4.139112480625178137e+01,5.986078679335317787e+00,-4.488349844698224445e+01,4.679058069525397379e+00,1.350000000000000000e+02,9.000864115868369026e+02,5.937603999750423611e+01,3.457200000000000000e+06,2.228499999999999925e-01,-8.312606540001092981e+02,1.000000000000000000e+00
3.235026433370391443e-03,5.059772073572239154e-03,5.740494661874868676e-01,1.524743692564078046e+00,2.000000000000000000e+01,7.343271195107495264e-02,-3.111458415760095519e+01,4.978161620303393597e+00,-4.604472823116280722e+01,5.328694872088782120e+00,-5.625808541785194450e+01,4.793773540573502245e+00,1.360000000000000000e+02,9.758615873888259102e+02,5.934566400631705108e+01,3.334300000000000000e+06,4.714400000000000257e-01,-2.655205920001280901e+03,1.000000000000000000e+00
3.049566452675742025e-03,4.777454971545835524e-03,5.553472646981982841e-01,1.887491289321203469e+00,2.000000000000000000e+01,7.474530745546720256e-02,-3.107793902131088970e+01,4.472190434978629447e+00,-4.477254192125356269e+01,5.212075019185661517e+00,-5.221536454424787621e+01,4.487093921380941097e+00,1.370000000000000000e+02,9.801373041864085280e+02,5.933172009684444248e+01,3.293300000000000000e+06,2.452199999999999935e-01,-1.061943150000063724e+03,1.000000000000000000e+00
2.880534667913435196e-03,4.824884228211463386e-03,5.685697445588598908e-01,2.113179323188173753e-01,2.000000000000000000e+01,7.727995050486677342e-02,-3.633131043552665318e+01,4.221566131641929509e+00,-4.434426884273060665e+01,4.997570188249363277e+00,-5.271103389479794998e+01,4.155239884892980129e+00,1.380000000000000000e+02,6.578637759137636749e+02,6.239642521606085523e+01,3.195900000000000000e+06,2.178499999999999881e-01,-8.274894000001057748e+02,1.000000000000000000e+00
3.125146156942261791e-03,5.977208590564030317e-03,6.407985485595795172e-01,-6.611886031040888900e-01,2.000000000000000000e+01,7.681148348137897819e-02,-4.462624736178386797e+01,4.865701959668678356e+00,-4.692135899155697842e+01,5.203367144414923651e+00,-5.279769281370798240e+01,4.249288609443671483e+00,1.390000000000000000e+02,3.768427853094083275e+02,6.520212871266744514e+01,3.219800000000000000e+06,8.296699999999999908e-02,-1.431295800000002600e+02,1.000000000000000000e+00
3.160965969487341924e-03,4.536337429920357656e-03,5.714300922300570296e-01,9.928721382311985755e-01,2.000000000000000000e+01,7.558454155338573122e-02,-3.481436272507195184e+01,4.462227807586565120e+00,-5.028628574488499936e+01,5.234475633185036614e+00,-5.190199052236214072e+01,4.347824544801750513e+00,1.400000000000000000e+02,6.643419974933223102e+02,6.207369168374432178e+01,3.228300000000000000e+06,1.671799999999999953e-01,-5.538247200000147359e+02,1.000000000000000000e+00
3.377022280490484495e-03,4.569459783730358063e-03,5.660724551657072556e-01,-1.278307046635984712e-02,2.000000000000000000e+01,7.418995666355795993e-02,-4.553194547033872652e+01,4.797363964868070596e+00,-4.127370695937710821e+01,5.475631929819114951e+00,-5.155066303427229002e+01,4.970093828473099329e+00,1.410000000000000000e+02,6.286102040615793385e+02,6.267561524686305319e+01,3.330400000000000000e+06,3.968999999999999750e-01,-2.436352509999022914e+03,1.000000000000000000e+00
3.248141526734342737e-03,4.575050464590321719e-03,5.667709217085421525e-01,8.295078627929498571e-01,2.000000000000000000e+01,7.437413204363657604e-02,-3.610285366661264561e+01,4.480501220587434830e+00,-4.803071848522580467e+01,5.106067639975399253e+00,-5.259838832065810266e+01,4.606305130715600882e+00,1.420000000000000000e+02,7.133029892251142883e+02,6.155595204822235900e+01,3.244400000000000000e+06,3.351000000000000090e-01,-1.848168899999690666e+03,1.000000000000000000e+00
2.989746716059104963e-03,5.417414741045014151e-03,6.033431036669635317e-01,5.973245525349799578e-01,2.000000000000000000e+01,7.437849430398120465e-02,-3.927850750619633402e+01,4.046368982409286552e+00,-4.323391867715862702e+01,4.988815005301387551e+00,-5.272561762258807505e+01,4.583098335438476667e+00,1.430000000000000000e+02,7.117731457664160644e+02,6.170762604735869417e+01,3.210600000000000000e+06,2.326199999999999934e-01,-8.884316379998650746e+02,1.000000000000000000e+00
3.083277542958746259e-03,4.507657214169322885e-03,5.051096471649383357e-01,-1.874764989600419263e-01,2.000000000000000000e+01,7.585697526989515493e-02,-3.705783395793801560e+01,4.859964936808676583e+00,-4.914068113091809664e+01,5.305186935075451693e+00,-5.150359550008209908e+01,4.147911639422831698e+00,1.440000000000000000e+02,5.715475473043250076e+02,6.326619513716374144e+01,3.256400000000000000e+06,1.991199999999999914e-01,-8.397336700001396821e+02,1.000000000000000000e+00
2.956759254326798113e-03,4.562598852353162183e-03,5.864715114517420336e-01,-5.365665491305375845e-01,2.000000000000000000e+01,7.582604989003875751e-02,-4.110889810317997473e+01,4.398365209479691451e+00,-4.792836802378617733e+01,5.856093938492254125e+00,-4.707453768200375777e+01,4.725263848737714767e+00,1.450000000000000000e+02,5.144022375543122507e+02,6.364922506392597512e+01,3.318400000000000000e+06,1.391499999999999959e-01,-3.696262499999867259e+02,1.000000000000000000e+00
3.180270193355920483e-03,5.328614727479322188e-03,6.102457636837064214e-01,-3.336108460378114371e-01,2.000000000000000000e+01,7.303054671827396982e-02,-4.517652271128798702e+01,4.448178478051771023e+00,-4.383524212828914557e+01,4.997293673158721639e+00,-5.113723396817384526e+01,5.026957098525731027e+00,1.460000000000000000e+02,5.710869958669990183e+02,6.330026651595998288e+01,3.253700000000000000e+06,5.268800000000000150e-01,-2.759286000000702188e+03,1.000000000000000000e+00
3.451526919325908702e-03,5.142667102668237698e-03,5.319104350207094489e-01,4.172517656124209440e-01,2.000000000000000000e+01,7.396704617569807572e-02,-3.786489110416773940e+01,4.497542860344278637e+00,-4.599009471113122061e+01,4.972313660384561018e+00,-5.743774423551563046e+01,4.899333393582645968e+00,1.470000000000000000e+02,6.806420457873009582e+02,6.207086215687486686e+01,3.223100000000000000e+06,4.674200000000000021e-01,-2.798732539998587981e+03,1.000000000000000000e+00
3.116836383323461513e-03,4.999010290285658270e-03,5.863008027098304265e-01,8.422897096267527584e-01,2.000000000000000000e+01,7.423596192186457388e-02,-3.603766587424377121e+01,4.309838831092424272e+00,-4.556262385600914655e+01,5.079016480040567494e+00,-5.053557695322940191e+01,4.596055415408894618e+00,1.480000000000000000e+02,7.916618177479300584e+02,6.106547880531667261e+01,3.258500000000000000e+06,2.995599999999999929e-01,-1.428521100000217302e+03,1.000000000000000000e+00
2.970626656066379691e-03,4.293846851628218067e-03,6.501343804378301172e-01,3.857051352595569638e-01,2.000000000000000000e+01,7.278690578150565083e-02,-3.644162043542851848e+01,4.346879160747098680e+00,-4.604038259898914731e+01,5.184388132976122776e+00,-6.289712311372433362e+01,4.445426135359268116e+00,1.490000000000000000e+02,6.148044940850994635e+02,6.289902374506888094e+01,3.164000000000000000e+06,5.689199999999999813e-01,-2.661908006998864039e+03,1.000000000000000000e+00
2.878733755491602510e-03,4.499874919698071234e-03,5.806988105774906206e-01,-3.739944762783772303e-01,2.000000000000000000e+01,6.876609460003767216e-02,-4.111969190149095255e+01,4.072878333750939994e+00,-5.251161505859371914e+01,5.711341165577619172e+00,-5.160024134417113828e+01,4.919282883406011386e+00,1.500000000000000000e+02,5.589822857409686776e+02,6.333133390604633206e+01,3.314700000000000000e+06,1.601200000000000123e-01,-4.616369579999851567e+02,1.000000000000000000e+00
2.889439314726628596e-03,4.203448747397029936e-03,6.153304862380084561e-01,-1.247611821099392948e+00,2.000000000000000000e+01,7.549505998599939649e-02,-4.841512614070141751e+01,4.110447909259561605e+00,-4.360112252969860691e+01,5.060854077582847665e+00,-5.304231215918105846e+01,3.892928654399890220e+00,1.510000000000000000e+02,3.457005807165153328e+02,6.623239833883842209e+01,3.120300000000000000e+06,1.538599999999999968e-01,-4.070600999999642795e+02,1.000000000000000000e+00
3.092041270192700912e-03,4.990821880469387822e-03,4.828551025940958086e-01,-8.857155754174005080e-02,2.000000000000000000e+01,7.131823496267304663e-02,-3.315375481029607130e+01,4.062583037388047380e+00,-3.842611853597365013e+01,4.632214318752370552e+00,-5.881377618261977602e+01,5.121847010914291509e+00,1.520000000000000000e+02,6.610926987461987210e+02,6.240647975050590190e+01,3.223500000000000000e+06,4.764399999999999746e-01,-2.716561470001414364e+03,1.000000000000000000e+00
3.296710804934870932e-03,4.444555892393283608e-03,5.675243149890543126e-01,3.169462581395535161e-01,2.000000000000000000e+01,7.438402570536267744e-02,-3.665233650092955742e+01,4.514268721358575043e+00,-4.885711669162657955e+01,5.105427700992970941e+00,-5.243610105987208669e+01,4.601681984436044814e+00,1.530000000000000000e+02,6.736324144441399540e+02,6.223491894599781205e+01,3.239700000000000000e+06,3.537299999999999889e-01,-2.035347999999672766e+03,1.000000000000000000e+00
3.322239657524749760e-03,4.623055656116025272e-03,5.312850285215995338e-01,1.035794083283744449e+00,2.000000000000000000e+01,7.495068384155033347e-02,-3.539556818367678659e+01,4.756136686803564828e+00,-4.631517694256414330e+01,5.300676326447367970e+00,-4.847783411261069375e+01,4.447987913686453965e+00,1.540000000000000000e+02,8.417018684518003511e+02,6.070415728837957658e+01,3.319100000000000000e+06,2.891299999999999981e-01,-1.564061249999521579e+03,1.000000000000000000e+00
3.347169480484997808e-03,4.937755702678651645e-03,5.480742961535081115e-01,8.882933293820201026e-01,2.000000000000000000e+01,7.528575564130937647e-02,-3.371597037059687807e+01,4.480058967609041432e+00,-4.461649110257491202e+01,5.098032636208616353e+00,-5.261560756701869224e+01,4.792091802241390752e+00,1.550000000000000000e+02,8.536048444405038254e+02,6.041134764503053134e+01,3.293300000000000000e+06,2.145299999999999985e-01,-9.120847500000852506e+02,1.000000000000000000e+00
2.703591890225075928e-03,3.932279239251042918e-03,5.232942321571324440e-01,2.102931745768129801e+00,2.000000000000000000e+01,6.360481975873805149e-02,-4.105140353880051407e+01,4.706585166251612939e+00,-4.266869438921997926e+01,5.363715845456980880e+00,-5.141088440219105848e+01,5.470267301902195456e+00,1.560000000000000000e+02,8.575828892825588810e+02,6.016756160815790366e+01,3.370000000000000000e+06,4.316500000000000198e-02,-5.651339099999958648e+01,1.000000000000000000e+00
3.336238207080892415e-03,4.976276363318159375e-03,5.392182091215832473e-01,1.365266685488527809e+00,2.000000000000000000e+01,7.618603861217068673e-02,-3.581378454704210412e+01,4.471943605914182385e+00,-4.507798919549153993e+01,5.131545498816620920e+00,-5.255906691839392408e+01,4.770619304056426202e+00,1.570000000000000000e+02,8.555081285076156519e+02,6.028018116795074377e+01,3.280700000000000000e+06,1.384299999999999975e-01,-4.422424000000478941e+02,1.000000000000000000e+00
3.245222819256975491e-03,4.694583370021588459e-03,5.787750175874644132e-01,1.818619315489690580e+00,2.000000000000000000e+01,7.516620966196359277e-02,-3.214332553364067735e+01,4.524572575019063514e+00,-4.384022978893498390e+01,5.012686800547308863e+00,-4.824853019294985756e+01,4.617362899780968810e+00,1.580000000000000000e+02,1.068015696047174288e+03,5.909723959874371957e+01,3.321400000000000000e+06,1.938100000000000100e-01,-7.068909500000642083e+02,1.000000000000000000e+00
3.218557636372969440e-03,4.597171259464930167e-03,5.734931969056522583e-01,1.491271838537228778e+00,2.000000000000000000e+01,7.483546612851893487e-02,-3.348167003289450605e+01,4.708161222136214796e+00,-3.980492761785647815e+01,5.143383809717337662e+00,-4.800511399673391111e+01,4.796748934334461367e+00,1.590000000000000000e+02,1.070423678811380796e+03,5.906437780416285221e+01,3.386400000000000000e+06,2.436899999999999900e-01,-1.040702700000196728e+03,1.000000000000000000e+00
3.093390056980848540e-03,4.286850387818889885e-03,5.703509626287890377e-01,-3.453463479377085754e-01,2.000000000000000000e+01,6.945060818666243252e-02,-4.560888773196887769e+01,4.499827314725227012e+00,-4.277734307879510567e+01,5.373012643707797409e+00,-5.683781453880824586e+01,4.754088162548382179e+00,1.600000000000000000e+02,5.213369667284433717e+02,6.382090213127946754e+01,3.237000000000000000e+06,2.434000000000000052e-01,-4.476601999999563191e+02,1.000000000000000000e+00
3.167483466703071605e-03,4.714007523823155084e-03,5.782152018968533813e-01,2.601830607502139348e+00,2.000000000000000000e+01,7.357246772753145425e-02,-3.169403132135409251e+01,4.698803525297630124e+00,-3.797220754472284199e+01,5.133504455182775317e+00,-5.010434819924391547e+01,4.952484523622813661e+00,1.610000000000000000e+02,1.322821044848891916e+03,5.751814682375331955e+01,3.400500000000000000e+06,4.289899999999999824e-01,-2.430538110000027245e+03,1.000000000000000000e+00
3.243125133518458790e-03,4.590330553627616078e-03,5.739755904354495453e-01,1.754912054029153623e+00,2.000000000000000000e+01,7.474041840499219547e-02,-3.239860698752809753e+01,4.706973213366310915e+00,-4.185569373724841569e+01,5.139377921846040920e+00,-4.528260981897754789e+01,4.784676980962967896e+00,1.620000000000000000e+02,1.115302143767107282e+03,5.878224557549271623e+01,3.395500000000000000e+06,2.573599999999999777e-01,-1.145211399999998775e+03,1.000000000000000000e+00
3.142641182244864002e-03,4.975830978030044635e-03,5.587515074603827125e-01,2.013539247499847917e+00,2.000000000000000000e+01,7.333030488863066798e-02,-3.582014242088409617e+01,4.611043077384842093e+00,-4.221724786286378617e+01,5.571909222690325514e+00,-4.922793089104825270e+01,5.100466804017846911e+00,1.630000000000000000e+02,1.119278680338132745e+03,5.862348406684886726e+01,3.400200000000000000e+06,4.996499999999999830e-01,-2.681378609999684613e+03,1.000000000000000000e+00
2.878733755491602510e-03,4.499874919698071234e-03,5.806988105774906206e-01,-3.739944762783772303e-01,2.000000000000000000e+01,6.876609460003767216e-02,-4.111969190149095255e+01,4.072878333750939994e+00,-5.251161505859371914e+01,5.711341165577619172e+00,-5.160024134417113828e+01,4.919282883406011386e+00,1.640000000000000000e+02,4.072394966865325046e+02,6.524607728650347838e+01,3.226600000000000000e+06,1.709600000000000009e-01,-3.141959580000010419e+02,1.000000000000000000e+00
3.072392249899032202e-03,4.764544482944254797e-03,6.095141876763401356e-01,3.583536559570253965e-01,2.000000000000000000e+01,7.374995472161341437e-02,-4.106494467801933723e+01,5.129145402551552380e+00,-5.163946843943633525e+01,5.087707834864575673e+00,-4.093336448092624380e+01,4.795088864318963751e+00,1.650000000000000000e+02,6.192260453980518378e+02,6.307191465736615754e+01,3.339400000000000000e+06,3.766499999999999848e-01,-1.970073600000099759e+03,1.000000000000000000e+00
3.125214754773977983e-03,5.320513428078960105e-03,5.355078976548408587e-01,-1.035820497929477613e+00,2.000000000000000000e+01,7.511570062715799967e-02,-3.915102663204106648e+01,5.226356684136893804e+00,-4.793441114807673387e+01,5.614855293556065163e+00,-4.812717847162871010e+01,4.811091377786357981e+00,1.660000000000000000e+02,5.280932795989618853e+02,6.380639711045245122e+01,3.382800000000000000e+06,2.324600000000000000e-01,-1.029407939999932296e+03,1.000000000000000000e+00
3.510004110883010401e-03,4.606335553065307557e-03,5.502898289961271061e-01,9.973404465361828120e-01,2.000000000000000000e+01,7.567680460085202121e-02,-3.416539879368225030e+01,4.041520033469330642e+00,-4.651669559258993303e+01,5.219393806159938087e+00,-5.775444623452239057e+01,4.447818681227165172e+00,1.670000000000000000e+02,7.088208609269424869e+02,6.182691471491251889e+01,3.184100000000000000e+06,1.926700000000000079e-01,-7.878779999999937900e+02,1.000000000000000000e+00
2.982454749213552577e-03,4.713333231427971511e-03,5.700372612357088586e-01,2.324695830862733015e+00,2.000000000000000000e+01,7.565624316606063549e-02,-3.566781925458553815e+01,5.315497084369229519e+00,-4.582327266980199454e+01,5.897205554648258463e+00,-4.428521956125945280e+01,4.604121155508022589e+00,1.680000000000000000e+02,1.011484832594262002e+03,5.918078544754603598e+01,3.461100000000000000e+06,1.398099999999999898e-01,-3.943198000000080583e+02,1.000000000000000000e+00
3.141826053005267617e-03,4.351439087700610144e-03,5.719710486822876527e-01,1.807590248989778825e+00,2.000000000000000000e+01,7.442633292366605813e-02,-3.042226803831243487e+01,4.565718721129478297e+00,-4.610320289706432106e+01,5.519380228261047350e+00,-4.851451917547766612e+01,4.623650654872408339e+00,1.690000000000000000e+02,9.950314619039814943e+02,5.921600488639450788e+01,3.356600000000000000e+06,3.068400000000000016e-01,-1.531466790000256424e+03,1.000000000000000000e+00
3.374810294722957200e-03,4.674158161007941660e-03,5.514849071514462686e-01,1.178138685382419393e+00,2.000000000000000000e+01,7.435579943167232309e-02,-3.862274613325088524e+01,4.439708284289800133e+00,-4.513173458034210483e+01,5.184172345391624859e+00,-5.309238770856413225e+01,4.660411450898886976e+00,1.700000000000000000e+02,7.541529966738378334e+02,6.123940494579188965e+01,3.254700000000000000e+06,3.610599999999999921e-01,-2.200275000000179261e+03,1.000000000000000000e+00
3.133999603267162513e-03,3.704238330688100489e-03,6.074294708965541911e-01,-1.714641819126711542e-01,2.000000000000000000e+01,6.900884953102327801e-02,-4.233344848136290750e+01,4.568104945607418088e+00,-4.906662693038244782e+01,5.985254278767031089e+00,-4.878693284634810823e+01,4.954647329346917317e+00,1.710000000000000000e+02,5.517462283846501805e+02,6.349619950642600941e+01,3.335600000000000000e+06,1.751399999999999901e-01,-3.138278799999891930e+02,1.000000000000000000e+00
2.915573298066464602e-03,4.255424158113338233e-03,5.345292355507760274e-01,3.904399882286591072e-01,2.000000000000000000e+01,7.116339650862671395e-02,-3.762244795662489594e+01,5.362469612651233675e+00,-5.093494229164549836e+01,5.131085107527286304e+00,-5.567717062765945002e+01,4.610711204278311826e+00,1.720000000000000000e+02,6.319823666636556254e+02,6.292557687760395169e+01,3.280200000000000000e+06,4.478699999999999903e-01,-1.272639599999803977e+03,1.000000000000000000e+00
3.252698652973446194e-03,4.682762927117757601e-03,5.610544163355055680e-01,2.783091276236018263e+00,2.000000000000000000e+01,7.784864749267231265e-02,-2.819391161385397382e+01,4.544559344011869229e+00,-3.581792825694073201e+01,5.176569736441956948e+00,-4.791628268525526124e+01,5.076202883005928257e+00,1.730000000000000000e+02,1.736441099165776450e+03,5.715336580177590520e+01,3.445100000000000000e+06,7.473100000000000576e-02,-1.436697500000001071e+02,1.000000000000000000e+00
3.165611514997940593e-03,4.314312001025066151e-03,5.666034858872870394e-01,2.606051545153223792e+00,2.000000000000000000e+01,7.227488429920189694e-02,-2.957999207803988639e+01,4.667327810598398408e+00,-3.870180314260692001e+01,5.328276300074362481e+00,-4.687219072837390854e+01,5.112788896854774556e+00,1.740000000000000000e+02,1.734188158936672153e+03,5.715709900200338467e+01,3.459600000000000000e+06,6.331700000000000106e-01,-2.631073959999728686e+03,1.000000000000000000e+00
2.713642276842177705e-03,4.714433325054313839e-03,5.659980229847463296e-01,3.190672192813702734e-01,2.000000000000000000e+01,7.269829917775742778e-02,-4.007458750876156728e+01,5.079812987968908011e+00,-4.881422336812315166e+01,5.768951669969494489e+00,-4.905538886359391881e+01,4.545829423773165345e+00,1.750000000000000000e+02,6.414365697591109665e+02,6.277566683027366423e+01,3.343300000000000000e+06,5.906000000000000139e-01,-2.559040029001075709e+03,1.000000000000000000e+00
3.080229204485009087e-03,4.346057610877075011e-03,6.601671347440516424e-01,1.522554020473299297e-01,2.000000000000000000e+01,7.376081241667119259e-02,-3.306889226722367425e+01,4.108364028188796979e+00,-4.607943971133860828e+01,5.256425871022877061e+00,-5.978859471779564672e+01,4.365683148410827386e+00,1.760000000000000000e+02,6.571315649177304294e+02,6.255024917920773930e+01,3.181500000000000000e+06,3.508800000000000252e-01,-1.605142780000187713e+03,1.000000000000000000e+00
2.931620093317268208e-03,4.924858531171489445e-03,5.770733930009575019e-01,8.910737523620874123e-01,2.000000000000000000e+01,7.297557582266582521e-02,-3.687231424325759832e+01,4.842249684089402706e+00,-4.633729486405098896e+01,5.069233799762344006e+00,-5.515532386375592466e+01,4.639844472204069703e+00,1.770000000000000000e+02,7.680178358457031891e+02,6.127906917567975142e+01,3.267300000000000000e+06,5.382500000000000062e-01,-2.628724500998698659e+03,1.000000000000000000e+00
3.250075851323545786e-03,4.863119634096762026e-03,5.665075704903925757e-01,3.979446987057677632e-02,2.000000000000000000e+01,7.593810071720573374e-02,-4.260871313222254742e+01,4.365378963652777777e+00,-4.807627094150083735e+01,4.727376356277537717e+00,-4.343250856746563215e+01,4.934032518092640984e+00,1.780000000000000000e+02,6.295840086777635634e+02,6.299334474092679415e+01,3.259700000000000000e+06,1.463099999999999956e-01,-4.451279700000090429e+02,1.000000000000000000e+00
3.179534799743886919e-03,3.884384201544119342e-03,5.363188924111732536e-01,2.213754208927516398e-01,2.000000000000000000e+01,6.704035066793478936e-02,-3.528266132179594905e+01,4.575926292880606816e+00,-4.094415459155276693e+01,5.423797102134369830e+00,-6.122988956715666120e+01,5.578692024368095304e+00,1.790000000000000000e+02,8.082163665441904641e+02,6.100136491571186070e+01,3.328200000000000000e+06,7.220300000000000329e-02,-1.373759999999999195e+02,1.000000000000000000e+00
3.170042036946256470e-03,4.345448195975662800e-03,5.828103295461501965e-01,-3.168456444991592930e-02,2.000000000000000000e+01,7.440235831732693039e-02,-3.413244403429131779e+01,4.555061657656208851e+00,-5.175610059651027939e+01,5.027322995576744447e+00,-5.194210167196604999e+01,4.547575664252757832e+00,1.800000000000000000e+02,6.366611949640420107e+02,6.282880578623819190e+01,3.228000000000000000e+06,3.282900000000000262e-01,-1.694207109999474596e+03,1.000000000000000000e+00
3.221185068456514002e-03,4.273455398762181050e-03,5.533186751360148481e-01,2.599116055131379888e+00,2.000000000000000000e+01,7.251109552060394647e-02,-3.020969397820191915e+01,4.594275398505806685e+00,-3.891728139061817160e+01,5.244578225351672174e+00,-4.695405408386551471e+01,5.093864975347092816e+00,1.810000000000000000e+02,1.676689510465417015e+03,5.732161214030258378e+01,3.438100000000000000e+06,6.367699999999999472e-01,-2.741692949999935081e+03,1.000000000000000000e+00
3.096600456896675575e-03,4.605842897764509183e-03,5.854120626227938828e-01,-1.316102165388690182e+00,2.000000000000000000e+01,7.280265675358274513e-02,-2.910373742093193528e+01,5.211895376453158590e+00,-4.710774744379637013e+01,5.741193954708712965e+00,-7.143506922687828364e+01,5.239194178376083144e+00,1.820000000000000000e+02,5.552434027478821008e+02,6.360923435714958885e+01,3.280700000000000000e+06,6.510700000000000376e-01,-2.888994779999196908e+03,1.000000000000000000e+00
3.261070198803216538e-03,5.100874141067569117e-03,5.774714733346817397e-01,9.090250223596518797e-01,2.000000000000000000e+01,7.643778941908735414e-02,-3.673048989784404483e+01,4.902886677690186268e+00,-4.498781091085854200e+01,5.345413819779953002e+00,-5.084984742715711548e+01,4.548787805455736688e+00,1.830000000000000000e+02,8.418645230863478446e+02,6.071032414735223171e+01,3.331100000000000000e+06,1.099399999999999961e-01,-2.815329999999829624e+02,1.000000000000000000e+00
3.092589668588330721e-03,4.635436002864529517e-03,5.674886386663841042e-01,8.870511955551056982e-01,2.000000000000000000e+01,7.383889586168956853e-02,-3.395333477909221642e+01,4.600460365220770065e+00,-4.538731206676089869e+01,5.317771553270561391e+00,-5.338031169615196347e+01,4.647004723651004809e+00,1.840000000000000000e+02,8.558220997250195978e+02,6.054509938821575332e+01,3.300100000000000000e+06,4.055699999999999861e-01,-2.327070100000473758e+03,1.000000000000000000e+00
2.852332950095378197e-03,4.789205985081964288e-03,4.897593602509219823e-01,3.684297123078529856e-01,2.000000000000000000e+01,6.703177295014062231e-02,-4.432869334024584163e+01,4.204919418843407364e+00,-4.168756229254501022e+01,5.631762150226460761e+00,-5.731587153495372888e+01,5.025892901213331321e+00,1.850000000000000000e+02,6.719228862657919308e+02,6.244457199553172444e+01,3.263200000000000000e+06,8.049399999999999611e-02,-1.611385650000008241e+02,1.000000000000000000e+00
3.039514231337294044e-03,4.677718096693607094e-03,5.905357168398650547e-01,-9.844874471590661646e-02,2.000000000000000000e+01,7.372961142318054661e-02,-3.710598282692471628e+01,4.532255843799037009e+00,-4.683322371225067826e+01,5.426027673619295832e+00,-5.089408918750297062e+01,4.764812746875468186e+00,1.860000000000000000e+02,6.954426739788223131e+02,6.232146450563492124e+01,3.302400000000000000e+06,4.051899999999999946e-01,-2.244054179999696771e+03,1.000000000000000000e+00
3.198078112858036316e-03,4.184815232143455216e-03,5.954118708168127938e-01,2.849517527618653734e+00,2.000000000000000000e+01,7.292188902002261219e-02,-2.672212466863522806e+01,4.661894778202078982e+00,-4.424648839226063046e+01,5.631344037597955321e+00,-3.862175674067631093e+01,5.255316749203473137e+00,1.870000000000000000e+02,1.613906827996850780e+03,5.735920345134940845e+01,3.525800000000000000e+06,6.129400000000000404e-01,-2.906022599998681017e+03,1.000000000000000000e+00
3.073969019666135220e-03,4.560635440753353469e-03,6.281006471960981496e-01,-7.520852065876488801e-01,2.000000000000000000e+01,7.539926101639651823e-02,-3.800362411204199731e+01,3.963533283313863009e+00,-4.594386793824588722e+01,5.310001914668418088e+00,-5.544212554073671129e+01,4.299191278990651455e+00,1.880000000000000000e+02,5.269535967793202644e+02,6.416847234076610107e+01,3.178700000000000000e+06,1.524000000000000077e-01,-4.105972899999963488e+02,1.000000000000000000e+00
3.090301295226916857e-03,5.443166207139055190e-03,5.229576532305137970e-01,-2.172285653844119757e+00,2.000000000000000000e+01,7.583492517976192504e-02,-3.429899697064465158e+01,4.821861146462939729e+00,-5.475860636153380057e+01,5.209978052375691782e+00,-5.140667147546723470e+01,4.716142111357134681e+00,1.890000000000000000e+02,3.778463443361056306e+02,6.602248008862973450e+01,3.256900000000000000e+06,1.712599999999999956e-01,-6.337589999999753445e+02,1.000000000000000000e+00
2.983161678378566661e-03,3.552464853641092678e-03,5.956398754244702776e-01,-9.420052752113172723e-02,2.000000000000000000e+01,7.008874578796175925e-02,-4.531440325489955967e+01,5.002593792693568631e+00,-4.844382207705827170e+01,5.724267443582800041e+00,-4.556921091775350163e+01,4.863581689268995589e+00,1.900000000000000000e+02,5.462746576233059841e+02,6.409134363371957477e+01,3.354700000000000000e+06,3.139299999999999868e-01,-5.893393910000163487e+02,1.000000000000000000e+00
3.248444387640540398e-03,4.414654172904272124e-03,5.571551196289190599e-01,2.177636624432560897e+00,2.000000000000000000e+01,7.461270703185228503e-02,-4.047922841698233754e+01,4.113350233199943418e+00,-3.970542953502406647e+01,5.367008408712623080e+00,-4.671872619725887432e+01,4.895206301827080608e+00,1.910000000000000000e+02,9.760099031764233359e+02,5.942132892594985094e+01,3.332400000000000000e+06,2.996300000000000074e-01,-1.532237039999775106e+03,1.000000000000000000e+00
3.002070223692338870e-03,4.647120084113881902e-03,5.787428547830926195e-01,-1.090347458927896085e-01,2.000000000000000000e+01,7.287174756077757776e-02,-2.751016729642380199e+01,5.171554888763563618e+00,-4.742977776018290825e+01,5.762803516175480922e+00,-6.634540221446295050e+01,5.212491982302370985e+00,1.920000000000000000e+02,7.508534224001792836e+02,6.169515091005568053e+01,3.331200000000000000e+06,6.140499999999999847e-01,-2.797156639999830531e+03,1.000000000000000000e+00
3.042806248638650797e-03,4.347449624816531605e-03,5.787603757134858196e-01,1.671243590065659479e+00,2.000000000000000000e+01,7.357933341468343713e-02,-3.595922649439916086e+01,4.321171473567528842e+00,-4.145704050124829365e+01,5.924835058723732395e+00,-4.517129960416378509e+01,5.010724245797312015e+00,1.930000000000000000e+02,1.097537454684176055e+03,5.894440680176607827e+01,3.431500000000000000e+06,4.496700000000000141e-01,-2.439188640000622854e+03,1.000000000000000000e+00
3.071319102670107964e-03,4.419918014273410689e-03,6.353268571889214567e-01,4.660348193527374949e-01,2.000000000000000000e+01,7.383320270914851824e-02,-3.375551235653073689e+01,4.294485149769151633e+00,-4.231051530062457289e+01,5.141078433558645244e+00,-5.804661518840369894e+01,4.490829786850628835e+00,1.940000000000000000e+02,7.881672225857105332e+02,6.130996530424818047e+01,3.234100000000000000e+06,3.516099999999999781e-01,-1.687569449999510198e+03,1.000000000000000000e+00
3.015186994784642242e-03,4.612444988529773061e-03,5.892823755415862452e-01,5.849288519456373736e-01,2.000000000000000000e+01,7.734739058925882427e-02,-3.344737825593087166e+01,4.149070192217505060e+00,-5.005867960139038786e+01,5.236745642430810754e+00,-5.746018264203821957e+01,4.037394914308610971e+00,1.950000000000000000e+02,6.284282614937956168e+02,6.327195584486518243e+01,3.149200000000000000e+06,8.057799999999999685e-02,-1.494434999999998865e+02,1.000000000000000000e+00
3.272595402692494472e-03,4.707119252398677539e-03,5.652125701268195801e-01,1.653766940797241514e+00,2.000000000000000000e+01,7.391697968107910355e-02,-3.198034294404151012e+01,5.125631419772336272e+00,-4.840711398361845852e+01,5.349841035368650743e+00,-5.247724336106677612e+01,4.725872350508687703e+00,1.960000000000000000e+02,9.069344413883836751e+02,5.954772268266623314e+01,3.351900000000000000e+06,4.050500000000000211e-01,-2.406527799998877072e+03,1.000000000000000000e+00
2.797901710214084365e-03,4.743432676934909720e-03,5.681570988309652126e-01,7.384629756077121243e-02,2.000000000000000000e+01,7.228581002929236610e-02,-4.038772453352207492e+01,5.085951715527817996e+00,-5.115458038372928229e+01,5.314912156586273362e+00,-4.918853968358704520e+01,4.598952541262447014e+00,1.970000000000000000e+02,5.750698952262175681e+02,6.361444196549289387e+01,3.292100000000000000e+06,6.127099999999999769e-01,-2.506737158999744679e+03,1.000000000000000000e+00
3.002524693379186871e-03,4.673084285656079612e-03,5.915045241894383299e-01,-1.273148487202444834e-01,2.000000000000000000e+01,7.488482463717001381e-02,-3.248576392068999041e+01,3.811158360528026368e+00,-4.444987792758008993e+01,5.454996907877678325e+00,-5.479273170618367317e+01,4.382978595600999228e+00,1.980000000000000000e+02,6.322682749243402895e+02,6.318433462698860836e+01,3.208900000000000000e+06,1.493500000000000105e-01,-4.019442099999998277e+02,1.000000000000000000e+00
3.069814119865230291e-03,4.502856747353256063e-03,6.193920931919441042e-01,4.081097858832368197e-01,2.000000000000000000e+01,7.381043922319775741e-02,-3.477900129212549274e+01,4.218072016603157337e+00,-4.356318425353943269e+01,5.063221504968245412e+00,-5.747771206855930615e+01,4.433341626493525922e+00,1.990000000000000000e+02,7.547045855042259745e+02,6.166549631694594069e+01,3.207700000000000000e+06,3.692799999999999971e-01,-1.867727160000462391e+03,1.000000000000000000e+00
