3.133869195599998068e-03,4.575683593136858733e-03,6.137023721901923023e-01,3.267145359978681274e+00,2.000000000000000000e+01,7.386868824313644333e-02,-2.438281495343363758e+01,6.234454312005992094e+00,-3.291461654099882139e+01,7.008722478232562558e+00,-5.469790342336679601e+01,6.151721613746157225e+00,0.000000000000000000e+00,1.552729412544153547e+03,5.403162366376927395e+01,3.846500000000000000e+06,3.290399999999999991e-01,-1.522859189999715227e+03,1.000000000000000000e+00
3.085576055145494972e-03,4.471131430501035578e-03,5.903978645223929567e-01,3.243235741535977823e+00,2.000000000000000000e+01,7.518927921215905197e-02,-2.501685444007225101e+01,6.228761069486218993e+00,-3.641997337954551028e+01,7.424903880874871298e+00,-5.969146192311820442e+01,6.037055882238070659e+00,1.000000000000000000e+00,1.420665016993681093e+03,5.408192990141130707e+01,3.795900000000000000e+06,1.690099999999999936e-01,-5.164074000000564411e+02,1.000000000000000000e+00
2.711464180379195323e-03,4.702978520860680127e-03,5.683914721578956497e-01,3.272788659914282139e+00,2.000000000000000000e+01,7.358030273089211093e-02,-2.337433884301758269e+01,7.056438412237562297e+00,-4.307150522727773279e+01,5.272210060475472027e+00,-5.736477296746924992e+01,6.247682153769754443e+00,2.000000000000000000e+00,1.351903876454432748e+03,5.456403435875549235e+01,3.683700000000000000e+06,3.603000000000000091e-01,-1.814840460999297420e+03,1.000000000000000000e+00
2.990637597251987433e-03,4.219774943242746851e-03,6.152142642988336352e-01,2.904574403813169337e+00,2.000000000000000000e+01,7.577591736780597831e-02,-2.639514541869133879e+01,6.014713326055201037e+00,-3.624047607496812873e+01,7.270207162632743803e+00,-6.163387489642262551e+01,6.177822488788835997e+00,3.000000000000000000e+00,1.305865262652976071e+03,5.459752162817061105e+01,3.742200000000000000e+06,1.244200000000000028e-01,-2.860393000000112806e+02,1.000000000000000000e+00
2.958596989487623750e-03,4.143391396607897306e-03,6.400854559971231872e-01,3.201653199939070049e+00,2.000000000000000000e+01,7.417838778715382664e-02,-2.429570479174777375e+01,6.279074577498284349e+00,-3.455784808421898902e+01,6.139535333630099068e+00,-6.181635684187787660e+01,6.146224984034054373e+00,4.000000000000000000e+00,1.292610242370637252e+03,5.464147704804707928e+01,3.681800000000000000e+06,2.484500000000000042e-01,-8.862175049999212888e+02,1.000000000000000000e+00
2.935073108171369280e-03,4.160433303380715354e-03,6.397426779006940567e-01,3.107544804026272978e+00,2.000000000000000000e+01,7.429227199896010214e-02,-2.492628368873548084e+01,6.294598993614524574e+00,-3.443408802929919688e+01,6.140216470561661311e+00,-6.153245780548037658e+01,6.141642524883973664e+00,5.000000000000000000e+00,1.290943060159776905e+03,5.466329397994355332e+01,3.684400000000000000e+06,2.321799999999999975e-01,-7.829574990000816115e+02,1.000000000000000000e+00
2.883307639349442196e-03,4.094517202295866465e-03,6.369858369737848580e-01,3.227192688485438943e+00,2.000000000000000000e+01,7.400926027700759080e-02,-2.385207274512300302e+01,6.340354112772574879e+00,-3.486094603467587660e+01,5.975373180816371033e+00,-6.181548007201911332e+01,6.123896390258230404e+00,6.000000000000000000e+00,1.280662545770782117e+03,5.469092446608107849e+01,3.671800000000000000e+06,2.744800000000000018e-01,-1.032114000000091437e+03,1.000000000000000000e+00
2.931788691716610482e-03,4.210794068231615145e-03,6.099534812515723381e-01,2.881317487711400283e+00,2.000000000000000000e+01,7.476257558628780775e-02,-2.518279775053822789e+01,5.663459328994102648e+00,-3.660442688164875591e+01,7.191969734540721859e+00,-5.965159863239053095e+01,5.950232797717136535e+00,7.000000000000000000e+00,1.267184739928456565e+03,5.491584971122338033e+01,3.708900000000000000e+06,1.998800000000000021e-01,-6.357531650000380523e+02,1.000000000000000000e+00
2.959393167636379871e-03,4.165431752648472014e-03,6.390017554523115262e-01,2.824575280274602029e+00,2.000000000000000000e+01,7.438456516878008684e-02,-2.640488416571060171e+01,6.246460403210157608e+00,-3.587796664181598061e+01,6.067031320656249171e+00,-6.144981724855981042e+01,6.093776541003345315e+00,8.000000000000000000e+00,1.191680989960875877e+03,5.506711333641546702e+01,3.653400000000000000e+06,2.258900000000000075e-01,-7.536547529999353401e+02,1.000000000000000000e+00
2.919639420694703381e-03,4.173941257350526762e-03,6.373029909920333580e-01,2.754603900136621597e+00,2.000000000000000000e+01,7.443882310121491264e-02,-2.630647427078966416e+01,6.267163309838569063e+00,-3.684691542172907219e+01,6.036967589293212200e+00,-6.108048715662127393e+01,6.048444442701135237e+00,9.000000000000000000e+00,1.179090453534102835e+03,5.513995671600554971e+01,3.648200000000000000e+06,2.162900000000000100e-01,-6.979749429999108088e+02,1.000000000000000000e+00
3.006191189254711800e-03,3.941991248121614992e-03,6.508869018393868000e-01,2.600840241636301009e+00,2.000000000000000000e+01,7.433445045000226792e-02,-2.820886366512733190e+01,5.758143400504851073e+00,-3.740227862650422708e+01,5.552516791194516799e+00,-5.985570367982935380e+01,6.374256320380483842e+00,1.000000000000000000e+01,1.203397465604852414e+03,5.502606042443665046e+01,3.653200000000000000e+06,2.157799999999999996e-01,-6.925814000000223132e+02,1.000000000000000000e+00
3.036730027167649278e-03,3.759797849972657414e-03,6.242814833114667117e-01,2.540609508924877247e+00,2.000000000000000000e+01,6.926188960821606788e-02,-2.422917865157149819e+01,6.286643873849370401e+00,-3.841457648202818831e+01,6.268747100489730606e+00,-6.224839740037837998e+01,5.697036262533574202e+00,1.100000000000000000e+01,1.168574097108507431e+03,5.517379058143283999e+01,3.650200000000000000e+06,2.245499999999999996e-01,-7.460524709999699553e+02,1.000000000000000000e+00
2.953612764473714791e-03,4.175670044761543680e-03,6.389601100473887296e-01,2.711833838246932693e+00,2.000000000000000000e+01,7.439398541166940271e-02,-2.665102980892533679e+01,6.266668485789285370e+00,-3.651697054642446716e+01,6.066904747883283378e+00,-6.145095198509777390e+01,6.086501693752936148e+00,1.200000000000000000e+01,1.162820593264310901e+03,5.518048693698459317e+01,3.649700000000000000e+06,2.246299999999999963e-01,-7.486446010000162232e+02,1.000000000000000000e+00
2.846214059037110826e-03,3.944178835639511153e-03,6.461561141606309011e-01,2.742092993396556988e+00,2.000000000000000000e+01,7.105001038741838582e-02,-2.672746072060379063e+01,6.834788722529171245e+00,-3.543395721279836863e+01,5.532342357404431255e+00,-6.354036826499938684e+01,5.708208114266638766e+00,1.300000000000000000e+01,1.197704275558390009e+03,5.506028091309180894e+01,3.653800000000000000e+06,2.258100000000000107e-01,-7.507669999999017136e+02,1.000000000000000000e+00
2.821801071975495526e-03,4.170967792973947173e-03,7.002887923878539089e-01,2.532718874195006187e+00,2.000000000000000000e+01,8.052405143825347444e-02,-2.816165523519247316e+01,5.950617678918665554e+00,-3.909902703273972691e+01,5.828181447949773109e+00,-5.804725988986326257e+01,5.933053087385764535e+00,1.400000000000000000e+01,1.097040508265839435e+03,5.529044703947051431e+01,3.649500000000000000e+06,2.087299999999999989e-01,-6.527921890000087615e+02,1.000000000000000000e+00
2.970629239290849093e-03,4.504112919822888216e-03,6.481674733506708197e-01,2.604943594088091618e+00,2.000000000000000000e+01,7.403665009089571702e-02,-2.889660910836069618e+01,6.415661905473360349e+00,-3.921509168218648966e+01,6.227186297069236431e+00,-5.975020407965759262e+01,5.820648805320008279e+00,1.500000000000000000e+01,1.084356541466807130e+03,5.546821586340734456e+01,3.648200000000000000e+06,2.556700000000000084e-01,-9.300189030001105266e+02,1.000000000000000000e+00
2.865571670350778710e-03,3.862855300498656448e-03,6.272151429440133708e-01,2.522300535173170655e+00,2.000000000000000000e+01,7.427584828287876750e-02,-2.957528074451733602e+01,5.872265939111366961e+00,-3.764020590172049197e+01,6.635879138283347523e+00,-5.864685597872801281e+01,5.215227697501084947e+00,1.600000000000000000e+01,1.048566185742745347e+03,5.582994447610968791e+01,3.614300000000000000e+06,2.605600000000000138e-01,-9.624949750001137545e+02,1.000000000000000000e+00
2.902690970864396126e-03,4.249563581191328175e-03,6.399429108651490949e-01,2.694851492205521559e+00,2.000000000000000000e+01,7.461459325643315932e-02,-2.846163586109161869e+01,6.222008022421557705e+00,-3.836016908390621438e+01,6.259574231198300254e+00,-6.292569211269976392e+01,6.107459947275520662e+00,1.700000000000000000e+01,1.051672798692944298e+03,5.563447745538624645e+01,3.624200000000000000e+06,1.920000000000000040e-01,-5.644419110000120554e+02,1.000000000000000000e+00
2.768231920133457612e-03,5.116866231620500853e-03,6.841155126886331317e-01,2.532418616773379316e+00,2.000000000000000000e+01,6.969275007363866237e-02,-3.152708624899121759e+01,7.563725495169459911e+00,-3.632417735126433911e+01,5.514452003980518491e+00,-6.318385982256922517e+01,6.923953896604658098e+00,1.800000000000000000e+01,1.038376893464166415e+03,5.600307830098849848e+01,3.617800000000000000e+06,1.655200000000000005e-01,-4.275217470000325761e+02,1.000000000000000000e+00
2.603605129486050510e-03,4.604640178277960225e-03,5.916656384530725177e-01,2.603439831913249680e+00,2.000000000000000000e+01,7.376472776967968326e-02,-2.984061680893649537e+01,6.318223171954759465e+00,-4.288119157778825752e+01,5.598652959838792853e+00,-5.625806673476598263e+01,6.082428804365584085e+00,1.900000000000000000e+01,1.014701255405352867e+03,5.610911818867042200e+01,3.601100000000000000e+06,3.080999999999999850e-01,-1.325088799999573666e+03,1.000000000000000000e+00
2.713068451373467586e-03,4.573708196595251477e-03,6.415454213799136607e-01,1.255853725140025468e+00,2.000000000000000000e+01,7.379184977841733717e-02,-3.207648420230063380e+01,6.633820446034574658e+00,-4.696630555906588711e+01,5.326545736940959230e+00,-6.127205964132136984e+01,6.376991656987776480e+00,2.000000000000000000e+01,6.470123206020875841e+02,5.868173171442944636e+01,3.530700000000000000e+06,2.901199999999999890e-01,-1.130502932999949280e+03,1.000000000000000000e+00
2.602673273856461605e-03,4.571266780902980345e-03,6.017638239534179867e-01,2.603021008970498151e+00,2.000000000000000000e+01,7.379858179587414635e-02,-2.973065009726165897e+01,6.306468841998162489e+00,-4.250099127907986940e+01,5.597919212905944519e+00,-5.611176406133089500e+01,6.089974367204764150e+00,2.100000000000000000e+01,1.023767018749173872e+03,5.602669951491445488e+01,3.605600000000000000e+06,2.954499999999999904e-01,-1.199380241000257001e+03,1.000000000000000000e+00
2.870732150893014201e-03,4.371781946745653159e-03,6.340473866518192558e-01,2.291796086666330723e+00,2.000000000000000000e+01,7.439196036339246199e-02,-2.914160695213111296e+01,6.036207980228530445e+00,-3.960781408023630235e+01,6.045970796610112608e+00,-6.063155178942938761e+01,5.986235647431879414e+00,2.200000000000000000e+01,1.004086421040003870e+03,5.617714089865549454e+01,3.590700000000000000e+06,2.181099999999999983e-01,-7.095197999999984404e+02,1.000000000000000000e+00
2.788736776903555370e-03,4.428317854746947890e-03,6.144987933048758899e-01,1.712335919043116883e+00,2.000000000000000000e+01,7.449283989665250738e-02,-3.408668817128352657e+01,5.987653780727326236e+00,-4.439305072794390128e+01,5.975318885395402901e+00,-6.063329898161583031e+01,6.216885368894610409e+00,2.300000000000000000e+01,6.613157231573953823e+02,5.857237686032789270e+01,3.525800000000000000e+06,2.166700000000000015e-01,-7.286753459999785036e+02,1.000000000000000000e+00
2.776745345245117385e-03,4.430260620254407831e-03,6.482265455419583544e-01,1.426858347781013281e+00,2.000000000000000000e+01,7.451041107695093035e-02,-3.374957741166159764e+01,6.008730542878420344e+00,-4.444004425641456635e+01,5.883745446102036425e+00,-6.172615944994828396e+01,5.992894555496166120e+00,2.400000000000000000e+01,6.425602781400795038e+02,5.886903916806523540e+01,3.497900000000000000e+06,1.945999999999999952e-01,-5.564202370000198243e+02,1.000000000000000000e+00
2.900264939034522503e-03,4.230462260519053316e-03,6.501547059777388338e-01,2.603059318274585365e+00,2.000000000000000000e+01,7.498026797848414415e-02,-2.897616055632673593e+01,6.345170917134381305e+00,-4.160859275284001058e+01,6.009568213858511143e+00,-6.208075551804819270e+01,6.166673715041862458e+00,2.500000000000000000e+01,9.910391262110171056e+02,5.619230308160662446e+01,3.599200000000000000e+06,1.533700000000000063e-01,-3.815446489999914093e+02,1.000000000000000000e+00
2.929043035195119053e-03,4.384615954105935444e-03,6.161235507734694750e-01,1.915716723154403001e+00,2.000000000000000000e+01,7.456525796223650859e-02,-3.075309435436695082e+01,5.932794492879128967e+00,-4.264341716400048199e+01,6.219521075941099042e+00,-6.084453683315453532e+01,5.932314623402506371e+00,2.600000000000000000e+01,8.409203624393672953e+02,5.722473497316806856e+01,3.557500000000000000e+06,2.173100000000000032e-01,-7.465995509998668922e+02,1.000000000000000000e+00
2.777613200324030324e-03,4.577989853019354995e-03,6.433482285004230583e-01,1.328712551138607090e+00,2.000000000000000000e+01,7.418357452005913677e-02,-3.358662216701873859e+01,6.090591878044319785e+00,-4.407033263659146627e+01,5.947856876073175592e+00,-6.283272413291717839e+01,5.930329442780999827e+00,2.700000000000000000e+01,6.390464647964619189e+02,5.888184282403766900e+01,3.500300000000000000e+06,2.325500000000000067e-01,-7.742286000001531647e+02,1.000000000000000000e+00
2.962296374535256654e-03,4.331478975525767522e-03,6.334864928605663525e-01,2.315318717027815332e+00,2.000000000000000000e+01,7.448115072634781120e-02,-2.982193952207626353e+01,6.062061962545243432e+00,-3.960683573876180219e+01,6.110474033740702637e+00,-6.066325866347987983e+01,5.974042538195742935e+00,2.800000000000000000e+01,9.880367213514130071e+02,5.621625115627958991e+01,3.594200000000000000e+06,2.164099999999999913e-01,-7.141357890001066835e+02,1.000000000000000000e+00
2.853191810394573209e-03,4.317792675048439874e-03,6.444920570512607805e-01,1.715376269515601848e+00,2.000000000000000000e+01,7.434188572677918883e-02,-3.084479368191461646e+01,6.140884142597698769e+00,-4.087231016810817152e+01,5.975948662167228420e+00,-6.240226703066672798e+01,5.883208422962354689e+00,2.900000000000000000e+01,8.396673355826670786e+02,5.727979245767554772e+01,3.552100000000000000e+06,2.225199999999999956e-01,-7.236159000000742481e+02,1.000000000000000000e+00
2.782504097984748234e-03,4.457259533745731514e-03,6.165888948583976292e-01,1.340074090629590264e+00,2.000000000000000000e+01,7.453196007772724951e-02,-3.251303624687275828e+01,5.894781248165676502e+00,-4.609723751072483822e+01,6.179778554370823684e+00,-6.131354996197488560e+01,5.976986137703732105e+00,3.000000000000000000e+01,6.381375787335327914e+02,5.889356005043322995e+01,3.508600000000000000e+06,2.121699999999999975e-01,-6.961235680000611410e+02,1.000000000000000000e+00
3.028893753660829875e-03,3.926363157505111806e-03,6.199591983937774442e-01,2.090899809485802674e+00,2.000000000000000000e+01,7.979967425789238900e-02,-3.006384432353976877e+01,6.555528771439215419e+00,-4.410515871085244299e+01,5.621577449775009505e+00,-6.532621187848229738e+01,6.414690859229559727e+00,3.100000000000000000e+01,8.422942351278218212e+02,5.716208473834734605e+01,3.525600000000000000e+06,2.605999999999999983e-01,-9.568399999998437124e+02,1.000000000000000000e+00
2.754508058165367618e-03,4.447548269697006867e-03,6.248236719519411064e-01,1.677530404034174527e+00,2.000000000000000000e+01,7.422574547688445823e-02,-3.114166574239759200e+01,6.376222348625132597e+00,-4.326434691460450210e+01,5.724416165004315715e+00,-6.031889805519713832e+01,6.074387691410323420e+00,3.200000000000000000e+01,8.058855935705777256e+02,5.739876806763547989e+01,3.565600000000000000e+06,2.385099999999999998e-01,-8.343028049998106326e+02,1.000000000000000000e+00
2.707119832691722017e-03,4.573879094554407151e-03,6.158398062521237559e-01,2.036643099004773028e+00,2.000000000000000000e+01,7.396144035555736462e-02,-2.949030816294414592e+01,6.464076074390137983e+00,-4.510480460192893304e+01,5.578047539869848137e+00,-6.047439705725123105e+01,6.136498753150753771e+00,3.300000000000000000e+01,8.426292011204412802e+02,5.703554993601605361e+01,3.559300000000000000e+06,2.762600000000000056e-01,-1.072599671000330090e+03,1.000000000000000000e+00
2.514296454806475532e-03,4.778103795593281050e-03,6.301073733170341473e-01,-7.534595747282747391e-01,2.000000000000000000e+01,7.485642726707936179e-02,-3.832531976999739243e+01,5.857207111476842698e+00,-4.902814955589667534e+01,6.118396258699884349e+00,-6.211310916952550798e+01,6.070074590413661042e+00,3.400000000000000000e+01,2.461913167057147405e+02,6.300726435696064698e+01,3.433800000000000000e+06,1.584099999999999953e-01,-3.825470000000196364e+02,1.000000000000000000e+00
2.269901776897564026e-03,4.756219494708792059e-03,6.471680701042842321e-01,-5.457905584317981340e-01,2.000000000000000000e+01,7.726562590948762854e-02,-3.879063956939581459e+01,5.990463237622564385e+00,-5.049823158756955621e+01,5.922823351420551496e+00,-5.924762401643640430e+01,6.764137296549968426e+00,3.500000000000000000e+01,2.635332729935448697e+02,6.261346112926109697e+01,3.488100000000000000e+06,7.048300000000000398e-02,-7.816401100000123847e+01,1.000000000000000000e+00
2.530558239945106345e-03,4.472403700998745825e-03,6.678697706478324836e-01,-1.496502063049695574e-01,2.000000000000000000e+01,7.477762963689138509e-02,-3.862467882066854230e+01,6.130007828349039123e+00,-4.905386269138677591e+01,5.762569528171872513e+00,-6.343536206916434139e+01,6.129065868047698373e+00,3.600000000000000000e+01,2.393501361030772046e+02,6.323213489302843016e+01,3.417900000000000000e+06,1.532499999999999973e-01,-3.380585690000118007e+02,1.000000000000000000e+00
2.808688204937268701e-03,4.515868001664226188e-03,5.895697727280446720e-01,1.215755382817832464e-01,2.000000000000000000e+01,7.481414020191995418e-02,-3.831130703011062621e+01,6.233541860014474523e+00,-4.539293996875596804e+01,6.114621848935472670e+00,-6.487421227319612171e+01,5.851607850372023023e+00,3.700000000000000000e+01,3.593437645348241176e+02,6.185967463659073218e+01,3.458600000000000000e+06,2.117799999999999960e-01,-7.397007000000941161e+02,1.000000000000000000e+00
2.553908446325113719e-03,4.455400108851024533e-03,6.434140389431909357e-01,-8.854374424677223798e-01,2.000000000000000000e+01,7.641748753234095526e-02,-3.982615178752084972e+01,5.543560515413135548e+00,-4.599823828520008817e+01,6.398738883237397701e+00,-6.406602994365414361e+01,6.025828229375188805e+00,3.800000000000000000e+01,2.435940933440694209e+02,6.313281449875093898e+01,3.422300000000000000e+06,9.110200000000000242e-02,-1.453220309999941264e+02,1.000000000000000000e+00
2.522366188214944342e-03,4.567494653973645270e-03,6.625076948567578672e-01,-4.485435259325900592e-01,2.000000000000000000e+01,7.787444725467870810e-02,-3.672561572714236178e+01,6.255786822299250538e+00,-4.918280717717326667e+01,6.086446686725341948e+00,-6.309408338813286576e+01,6.527831253525783417e+00,3.900000000000000000e+01,3.077157436654674143e+02,6.212205014287428639e+01,3.493800000000000000e+06,6.298299999999999732e-02,-6.792613599999920382e+01,1.000000000000000000e+00
2.567408560018202140e-03,4.517564799477334116e-03,6.354072596627613478e-01,-2.628361213898539051e-01,2.000000000000000000e+01,7.475541410319150315e-02,-3.766450818794273658e+01,6.004228348097081280e+00,-4.877784300341173207e+01,5.993562198454075229e+00,-6.187699126417119544e+01,6.253031829972544031e+00,4.000000000000000000e+01,2.981154066747196794e+02,6.224076858656314926e+01,3.456700000000000000e+06,1.730599999999999916e-01,-4.387020089999753623e+02,1.000000000000000000e+00
2.441957880472601320e-03,4.670068678385754998e-03,6.550616219889842107e-01,-3.356864665805547321e-01,2.000000000000000000e+01,7.609010849894128070e-02,-3.859963384197941139e+01,6.067509435281028374e+00,-4.928758235474359140e+01,5.890945471050573090e+00,-6.166218920342818421e+01,6.412176780364127637e+00,4.100000000000000000e+01,2.618378278763074150e+02,6.275855891299170963e+01,3.456100000000000000e+06,9.500599999999999323e-02,-1.458688000000030911e+02,1.000000000000000000e+00
2.779632090199817863e-03,4.603083043276622738e-03,6.099390156514963302e-01,1.615795006390120747e+00,2.000000000000000000e+01,7.439218499566704890e-02,-3.013746684518542196e+01,6.440766868209250262e+00,-4.423307849301592398e+01,5.941980484314869138e+00,-6.049968833049744887e+01,5.848090506889411344e+00,4.200000000000000000e+01,8.328591999106680532e+02,5.733008200856630054e+01,3.573500000000000000e+06,2.265099999999999891e-01,-7.909128449998653423e+02,1.000000000000000000e+00
2.536689355154602733e-03,4.466125893035285954e-03,6.256322189574854420e-01,-3.726074272049761937e-01,2.000000000000000000e+01,7.448248764590950644e-02,-3.746266938398751734e+01,6.033183451468326908e+00,-4.809291448383723377e+01,6.044322991595262096e+00,-6.181814367524594900e+01,6.264723407312049019e+00,4.300000000000000000e+01,3.204456789769344027e+02,6.194116123433235543e+01,3.472300000000000000e+06,2.056099999999999872e-01,-6.112502759999973705e+02,1.000000000000000000e+00
2.805697367952116918e-03,4.546174925042684861e-03,5.992677630781093612e-01,-1.434097983676191346e-01,2.000000000000000000e+01,7.498558483245851281e-02,-3.935483689041946320e+01,6.323862282998245377e+00,-4.493804412097090051e+01,6.250413473473665604e+00,-6.648111506839066465e+01,5.881496412214556990e+00,4.400000000000000000e+01,2.956422566016053679e+02,6.253726926018570964e+01,3.458100000000000000e+06,1.858400000000000052e-01,-5.827105899999603480e+02,1.000000000000000000e+00
2.519270561357526104e-03,4.462165861753432210e-03,6.992512865669227029e-01,-4.703799052964895422e-01,2.000000000000000000e+01,7.542437459418205314e-02,-3.825766599928855527e+01,5.748628470385221512e+00,-4.752040292177638747e+01,5.974596998843980877e+00,-6.277423022426393118e+01,6.123928469170964561e+00,4.500000000000000000e+01,2.845101514975509076e+02,6.258266572045586429e+01,3.423700000000000000e+06,1.121899999999999981e-01,-1.855670699999954252e+02,1.000000000000000000e+00
2.727182379447514078e-03,4.731223328871868652e-03,6.180240573488238187e-01,-1.637480158873880765e-01,2.000000000000000000e+01,7.447445990999902732e-02,-3.639422268182262599e+01,6.170194395213351335e+00,-4.733594879086692231e+01,5.881259038271370976e+00,-6.410575596281559285e+01,5.862411522350957860e+00,4.600000000000000000e+01,3.610061476570708123e+02,6.178153174548040738e+01,3.439600000000000000e+06,2.175900000000000056e-01,-7.216550999999318492e+02,1.000000000000000000e+00
2.525771536733434613e-03,4.633488940463876757e-03,6.471342443228915720e-01,-1.052280050467749861e-01,2.000000000000000000e+01,7.431279362658757548e-02,-3.686405950480025950e+01,5.702018398813317290e+00,-4.862328868815738758e+01,5.981394671153315912e+00,-6.359407300742823566e+01,5.984055466187585992e+00,4.700000000000000000e+01,2.940388813366513432e+02,6.258204316452493288e+01,3.402200000000000000e+06,2.048599999999999866e-01,-5.764331999999358231e+02,1.000000000000000000e+00
2.737999000715068704e-03,4.521662855550910576e-03,6.114968664710003221e-01,1.261771662917834158e+00,2.000000000000000000e+01,7.463288683294012904e-02,-3.261066477287654664e+01,5.974988931861808794e+00,-4.572915537412567488e+01,6.304932877824622750e+00,-5.913323996119943615e+01,5.973698697746820940e+00,4.800000000000000000e+01,6.897797865090523146e+02,5.846189673593210046e+01,3.550900000000000000e+06,2.008199999999999985e-01,-6.303811690000089811e+02,1.000000000000000000e+00
2.627460262384561859e-03,4.567667210142612594e-03,6.408198769373607551e-01,7.794521318849634284e-02,2.000000000000000000e+01,7.439642478294093697e-02,-3.727955249838503704e+01,6.064884999384435815e+00,-4.807861695599587648e+01,5.734367878107317296e+00,-6.144021106076537819e+01,5.936976805100274035e+00,4.900000000000000000e+01,3.615148440280181603e+02,6.176479647207110446e+01,3.438300000000000000e+06,2.060200000000000087e-01,-6.084155160000295837e+02,1.000000000000000000e+00
2.547527628399595331e-03,4.781453269050053682e-03,6.746425148470384103e-01,-1.603329909071773973e-01,2.000000000000000000e+01,7.236775468053679994e-02,-4.099223411995927790e+01,6.091821779195882414e+00,-5.181567260007977893e+01,5.304757494646979765e+00,-6.609473316697686585e+01,6.736048591514497197e+00,5.000000000000000000e+01,2.820885165702097765e+02,6.260339075357009619e+01,3.438800000000000000e+06,1.433300000000000129e-01,-3.124718559999865874e+02,1.000000000000000000e+00
2.785471117169917299e-03,4.255830574132498864e-03,6.280026620697194417e-01,1.511721965416041868e+00,2.000000000000000000e+01,7.419256555241307560e-02,-3.206050834390140380e+01,6.009725276757190926e+00,-4.276715029990270978e+01,5.803504059808106241e+00,-6.444718396074560474e+01,5.687403673328287113e+00,5.100000000000000000e+01,6.894469926081613949e+02,5.849870025192747391e+01,3.470700000000000000e+06,2.580100000000000171e-01,-9.403054569998555507e+02,1.000000000000000000e+00
2.509928119015923231e-03,4.814331992130447060e-03,6.961805546170453107e-01,-6.116206473291593282e-01,2.000000000000000000e+01,8.316598425877029521e-02,-3.622612439025511577e+01,6.549343576108146436e+00,-5.138717103104311690e+01,6.152159527597191868e+00,-6.397296820411531115e+01,6.849740168269059737e+00,5.200000000000000000e+01,2.257609189977897586e+02,6.326894853479769409e+01,3.442600000000000000e+06,1.023000000000000020e-01,-1.744390249999964055e+02,1.000000000000000000e+00
2.635318938668830373e-03,4.201681922856905990e-03,6.210199058591426846e-01,1.032318048057111470e+00,2.000000000000000000e+01,7.510926762863748274e-02,-3.277616073218896986e+01,6.278252684556990815e+00,-4.213442763272401237e+01,6.226888904660164314e+00,-6.361627445291669147e+01,5.970926074298341213e+00,5.300000000000000000e+01,6.944005417781505685e+02,5.842141088815228045e+01,3.557600000000000000e+06,1.539899999999999880e-01,-3.795263929999834431e+02,1.000000000000000000e+00
2.630346877341036178e-03,4.449639883376725960e-03,6.402500623790063905e-01,-1.733684209215799465e-01,2.000000000000000000e+01,7.452774109915444312e-02,-3.775974758784761320e+01,6.002845041944488536e+00,-4.666767345097139241e+01,5.938995035407824474e+00,-6.561039862099961795e+01,6.439636346861886018e+00,5.400000000000000000e+01,2.747058960963905747e+02,6.260742198538599013e+01,3.437300000000000000e+06,1.989799999999999902e-01,-5.670301560000322070e+02,1.000000000000000000e+00
2.472028200000978265e-03,5.138215503550416438e-03,6.486037330049726490e-01,-1.920953082926122879e-01,2.000000000000000000e+01,7.425733484259716688e-02,-3.317979096007548634e+01,6.516210527925369256e+00,-5.333039785173316005e+01,5.155627796013194875e+00,-6.291021901326434573e+01,6.097001235212932357e+00,5.500000000000000000e+01,3.492287974348900548e+02,6.187260912649119149e+01,3.416300000000000000e+06,1.932399999999999951e-01,-5.109624000000476371e+02,1.000000000000000000e+00
2.686572810684463922e-03,4.430314193195670699e-03,6.540082796594544057e-01,1.056850104017334813e+00,2.000000000000000000e+01,7.387597924536437599e-02,-3.398896960260751143e+01,5.815777045040576354e+00,-4.283738698929893474e+01,5.993794186567821924e+00,-6.332904310513350765e+01,5.908024054537635905e+00,5.600000000000000000e+01,6.098151243546365095e+02,5.918780920425378156e+01,3.478700000000000000e+06,2.708499999999999797e-01,-9.620391470000317895e+02,1.000000000000000000e+00
2.662375600269981102e-03,4.230704579461791980e-03,7.117517988981033605e-01,-5.075844637861717246e-01,2.000000000000000000e+01,6.907613207869894856e-02,-3.523350378777198699e+01,5.626222526254479384e+00,-5.033360246323915277e+01,6.082664838416476982e+00,-5.723800790501096714e+01,6.199190945935802333e+00,5.700000000000000000e+01,2.559813468602710600e+02,6.285150849460701039e+01,3.441200000000000000e+06,1.114900000000000058e-01,-1.986090000000108091e+02,1.000000000000000000e+00
2.866067166360834750e-03,4.430203030739127135e-03,6.349098829531442112e-01,1.442669450748601534e+00,2.000000000000000000e+01,7.444688137697087760e-02,-3.322796930628570777e+01,6.007233265795642652e+00,-4.388065250563975894e+01,5.944635358799338576e+00,-6.173412698877334037e+01,5.909216183343037443e+00,5.800000000000000000e+01,6.820824103044179765e+02,5.855873591003727086e+01,3.506300000000000000e+06,2.150299999999999989e-01,-7.002568900000683243e+02,1.000000000000000000e+00
2.643928384443551896e-03,4.403574993806230395e-03,6.649622068515493867e-01,-6.630489085189716914e-02,2.000000000000000000e+01,7.516987971258777546e-02,-3.703279335075448842e+01,6.069425693862068982e+00,-4.732952238937148337e+01,5.842484333540850727e+00,-6.345394705543110092e+01,6.097926745706045537e+00,5.900000000000000000e+01,3.447517314301314855e+02,6.189087880290691857e+01,3.442900000000000000e+06,1.356700000000000128e-01,-2.850221219999759796e+02,1.000000000000000000e+00
2.641657109871458665e-03,4.444816498152110579e-03,6.632999544468960451e-01,-8.165954016558110151e-01,2.000000000000000000e+01,7.568586453841306960e-02,-3.976545601763675108e+01,5.861149581332175451e+00,-4.848405743399912637e+01,5.943203216118126520e+00,-6.432558955360764230e+01,6.226634393898559772e+00,6.000000000000000000e+01,1.775399511566015178e+02,6.410154688810472123e+01,3.400000000000000000e+06,1.136100000000000027e-01,-2.113608000000110394e+02,1.000000000000000000e+00
2.801366383418659248e-03,4.225907729127671535e-03,6.236648516872784764e-01,2.121079316827550798e+00,2.000000000000000000e+01,7.459408044399176707e-02,-3.025220195627798603e+01,6.341926798748522387e+00,-3.988353155452539056e+01,6.100118603341039503e+00,-6.066763219273690311e+01,5.982362739692449694e+00,6.100000000000000000e+01,9.447413101210601099e+02,5.627496844624459271e+01,3.617200000000000000e+06,2.041000000000000036e-01,-6.348955999999863025e+02,1.000000000000000000e+00
2.759523252446143254e-03,4.191869229505389496e-03,6.294173811734489199e-01,2.112453965826301072e+00,2.000000000000000000e+01,7.427406366959304895e-02,-2.939533671249199642e+01,6.480034068060575692e+00,-4.098345785273919262e+01,5.885766156320306308e+00,-6.117921056074034425e+01,5.920076782944867055e+00,6.200000000000000000e+01,9.191078703500509164e+02,5.634121196561955713e+01,3.599700000000000000e+06,2.350099999999999967e-01,-8.057360000001089020e+02,1.000000000000000000e+00
2.674706680792779574e-03,4.496614367884039544e-03,6.485538387629716794e-01,-3.150664483311692576e-01,2.000000000000000000e+01,7.463991822715534963e-02,-3.770878119812541485e+01,5.986082791790354740e+00,-4.984511232440755180e+01,5.891682157752568649e+00,-6.283496406207414964e+01,6.188687577225039149e+00,6.300000000000000000e+01,2.539980490497877952e+02,6.299878714442588290e+01,3.423900000000000000e+06,1.834899999999999864e-01,-4.961251879999346670e+02,1.000000000000000000e+00
2.713448373635985681e-03,4.561604587668251221e-03,6.326575425345197790e-01,1.241226208391482899e+00,2.000000000000000000e+01,7.381572682446226052e-02,-3.102066891838272511e+01,6.400013303478052862e+00,-4.838481099498658011e+01,5.322052030144659440e+00,-6.189123040606260417e+01,6.485476267848635956e+00,6.400000000000000000e+01,6.218550172131870113e+02,5.896860998375482410e+01,3.502200000000000000e+06,2.951400000000000134e-01,-1.172102112999904875e+03,1.000000000000000000e+00
2.915360826677625312e-03,4.909583278346666378e-03,6.482020487871315018e-01,2.145556678279389562e+00,2.000000000000000000e+01,8.633326529882590084e-02,-3.137624462638170897e+01,6.220898460162366028e+00,-3.770573414363806819e+01,4.777560514802942748e+00,-6.035753859394923637e+01,6.579076420370586042e+00,6.500000000000000000e+01,7.930400062733018558e+02,5.745865376794221646e+01,3.561200000000000000e+06,3.408100000000000018e-01,-1.512592564999992646e+03,1.000000000000000000e+00
2.759688368173623691e-03,4.175145648697969371e-03,6.019664526246972791e-01,-5.096674441188692173e-01,2.000000000000000000e+01,7.353162574836043242e-02,-3.886013411311925836e+01,6.543517995317089664e+00,-5.208886563974564865e+01,5.776901000024284194e+00,-5.604444851860101551e+01,6.770724957053253945e+00,6.600000000000000000e+01,2.113726801180245616e+02,6.349341768359476390e+01,3.436900000000000000e+06,1.005000000000000060e-01,-1.652722910000039462e+02,1.000000000000000000e+00
2.806097029434477010e-03,4.321702336204897438e-03,6.306724294639086681e-01,1.298677125725954395e+00,2.000000000000000000e+01,7.473895351387052632e-02,-3.130349540671993225e+01,5.885027642467964171e+00,-4.406838451489063146e+01,6.242860902354051333e+00,-6.301845459500700741e+01,5.940134191559151233e+00,6.700000000000000000e+01,6.970264594883187783e+02,5.841563980395764588e+01,3.517800000000000000e+06,1.882800000000000029e-01,-5.482904459999657547e+02,1.000000000000000000e+00
2.322412617744252280e-03,4.135083374536341512e-03,7.137370426192913841e-01,-7.537423487154317758e-01,2.000000000000000000e+01,7.673796462374483929e-02,-3.730279575649164769e+01,6.142506154107877592e+00,-5.145531753535514952e+01,5.539609719456644932e+00,-6.353699928904535454e+01,6.237388143930613360e+00,6.800000000000000000e+01,1.910196081511278692e+02,6.372402094784191462e+01,3.397500000000000000e+06,7.655299999999999605e-02,-8.049599999999860245e+01,1.000000000000000000e+00
2.415624318266043624e-03,4.733732744013251226e-03,6.513556235983102294e-01,-6.888136096334331882e-01,2.000000000000000000e+01,7.439605560602254031e-02,-3.811782356017333484e+01,5.862057652104128103e+00,-5.237179354897926231e+01,6.137396952612554912e+00,-6.030553959075141535e+01,6.528578018146754758e+00,6.900000000000000000e+01,1.911267765275831323e+02,6.356852296552115433e+01,3.451100000000000000e+06,1.859000000000000097e-01,-4.654807399999851896e+02,1.000000000000000000e+00
2.704623708882445549e-03,4.569621440864289792e-03,6.056802611321989716e-01,2.231956220529159651e+00,2.000000000000000000e+01,7.423488591818550031e-02,-2.941687723075342831e+01,6.572726212787639355e+00,-4.429284072272826478e+01,5.609093235943059419e+00,-5.951218517845077116e+01,6.199762337163435610e+00,7.000000000000000000e+01,9.064463921587791901e+02,5.653179660582877375e+01,3.593200000000000000e+06,2.394100000000000117e-01,-8.567668339999275986e+02,1.000000000000000000e+00
2.619623739801956418e-03,4.463991459531349223e-03,6.696597320505764950e-01,-8.215615776897784439e-01,2.000000000000000000e+01,7.527866081338602244e-02,-3.934849113188511183e+01,5.807320970748337530e+00,-5.021541391932074561e+01,5.958819441455593946e+00,-6.309437420348912440e+01,5.896235512391758249e+00,7.100000000000000000e+01,1.753418541427892876e+02,6.431725643650204916e+01,3.380200000000000000e+06,1.294399999999999995e-01,-2.597283420000126171e+02,1.000000000000000000e+00
2.823949540502592413e-03,4.358720442377332638e-03,6.486998291203251998e-01,1.219860238822891407e+00,2.000000000000000000e+01,7.417930801761454807e-02,-3.249338684298561475e+01,6.052290946240400871e+00,-4.579624014014808608e+01,5.719683341285266565e+00,-6.244900078968278478e+01,6.097131614241829034e+00,7.200000000000000000e+01,6.121887688109536612e+02,5.910294322321941252e+01,3.483600000000000000e+06,2.415100000000000025e-01,-8.291234639999717047e+02,1.000000000000000000e+00
2.458658394488240969e-03,4.733392819227862959e-03,6.403613235874315857e-01,-5.479157987279877767e-02,2.000000000000000000e+01,7.929976897194493390e-02,-4.071357957204523359e+01,6.290211003551675617e+00,-4.439506683210746019e+01,5.662929826470108452e+00,-6.077391456398154901e+01,6.831492197710431924e+00,7.300000000000000000e+01,3.653248483131281432e+02,6.170787695842254550e+01,3.466300000000000000e+06,9.884600000000000330e-02,-1.669498060000046564e+02,1.000000000000000000e+00
2.949898644395124777e-03,4.289990665731027199e-03,6.078928870125036577e-01,-1.046460133020755023e+00,2.000000000000000000e+01,7.513858806201449692e-02,-4.282950937726118212e+01,5.927508925939466877e+00,-4.997612688897949340e+01,6.392440227438402012e+00,-6.004322659496452985e+01,5.677632759591509704e+00,7.400000000000000000e+01,1.623593642177730203e+02,6.452977694212306403e+01,3.407500000000000000e+06,1.531399999999999983e-01,-3.808586099999786256e+02,1.000000000000000000e+00
2.723192589657455389e-03,4.605678390498310973e-03,6.180570334550820055e-01,5.561330559141290930e-01,2.000000000000000000e+01,7.569198809819006890e-02,-3.362670161415053371e+01,6.077092101750453779e+00,-4.413053715708338842e+01,5.678627348049358758e+00,-6.587697286758637460e+01,6.513224014589134470e+00,7.500000000000000000e+01,4.713433912396939718e+02,6.035167396007999230e+01,3.502500000000000000e+06,1.766500000000000015e-01,-4.617396000000113645e+02,1.000000000000000000e+00
2.667981795890287527e-03,4.226902236372684710e-03,6.435576787953354305e-01,-3.671929372692662730e-01,2.000000000000000000e+01,7.415500708019966136e-02,-4.105104584678404933e+01,5.767251697210753036e+00,-5.187141698307135584e+01,5.465121672335804703e+00,-6.618802175696933432e+01,6.561994986106617134e+00,7.600000000000000000e+01,1.052842360787090144e+02,6.811990597144666992e+01,3.311700000000000000e+06,2.593199999999999950e-01,-8.938655830001496270e+02,1.000000000000000000e+00
2.694134606217579112e-03,4.660232747034896879e-03,6.928609474293740966e-01,-6.002988068567249869e-03,2.000000000000000000e+01,7.513626081066074325e-02,-3.661284393625562927e+01,6.360776446673300555e+00,-4.852893579714358907e+01,5.810775157290901660e+00,-6.184517217264971123e+01,6.703370741729087534e+00,7.700000000000000000e+01,3.674456750191480978e+02,6.140042965846760126e+01,3.511100000000000000e+06,1.295499999999999985e-01,-2.493745999999868843e+02,1.000000000000000000e+00
2.912291289354305285e-03,4.379600590315397245e-03,5.979628676349871830e-01,1.855347878818616625e+00,2.000000000000000000e+01,7.467210671448079595e-02,-3.057763923337913781e+01,5.890457910730169999e+00,-4.457696714865082299e+01,6.356003754042225395e+00,-6.029879656497246287e+01,5.998560282418356593e+00,7.800000000000000000e+01,7.916384675935942141e+02,5.755589152942911113e+01,3.558400000000000000e+06,2.187999999999999945e-01,-7.834277569999210300e+02,1.000000000000000000e+00
2.622875518246587344e-03,4.573455659206444347e-03,6.606943279769658117e-01,-4.880840077035267233e-01,2.000000000000000000e+01,7.497145917126671333e-02,-3.837483025440140239e+01,5.932460874928795924e+00,-5.026151125591928803e+01,5.820090204299061654e+00,-6.383926367998530793e+01,6.458951327091217998e+00,7.900000000000000000e+01,1.896635328893843564e+02,6.393023092615716507e+01,3.408500000000000000e+06,1.464999999999999913e-01,-3.277863170000104560e+02,1.000000000000000000e+00
2.481254059134786923e-03,5.327685351582661828e-03,6.718422058736561731e-01,-6.712130951582996330e-01,2.000000000000000000e+01,7.220097467008923520e-02,-3.723926523385154752e+01,5.538156452420587961e+00,-5.865165324312736317e+01,5.971584508901056410e+00,-6.353570489478601502e+01,5.921909160100550906e+00,8.000000000000000000e+01,1.618147513441451508e+02,6.459760552862913130e+01,3.384700000000000000e+06,2.020699999999999996e-01,-5.831884999999697357e+02,1.000000000000000000e+00
2.783381903524769461e-03,3.985196214369177668e-03,5.800798788157417452e-01,-7.422301703572045106e-01,2.000000000000000000e+01,8.426917273378312090e-02,-4.475511399992863915e+01,6.079237827080781642e+00,-5.117348997534613630e+01,5.417064579117823797e+00,-6.133140402573128824e+01,6.261258216390387155e+00,8.100000000000000000e+01,1.741363444215310210e+02,6.435128197141179385e+01,3.376000000000000000e+06,1.252600000000000102e-01,-2.471551110000148981e+02,1.000000000000000000e+00
2.649131738483527249e-03,4.404413861236052344e-03,6.432735609101046803e-01,6.196457187293420432e-01,2.000000000000000000e+01,7.453860694535910381e-02,-3.534155953456340171e+01,6.019618055033617132e+00,-4.523027140972216387e+01,5.867345642411282647e+00,-6.405901279527660108e+01,5.994749863004519952e+00,8.200000000000000000e+01,4.695927690949745852e+02,6.048555959561718254e+01,3.456700000000000000e+06,1.926200000000000134e-01,-5.358044000000438700e+02,1.000000000000000000e+00
2.574242511464183963e-03,4.581853086599598467e-03,6.558955239545767313e-01,-7.567220641404420745e-01,2.000000000000000000e+01,7.528664396907247536e-02,-3.918345636837706536e+01,5.878362822978941082e+00,-4.934628627576262971e+01,5.962875060160800267e+00,-6.362852111146077050e+01,6.002773197657615967e+00,8.300000000000000000e+01,1.883420703119886355e+02,6.394585962080889630e+01,3.395200000000000000e+06,1.288300000000000001e-01,-2.642640000000114924e+02,1.000000000000000000e+00
2.895544065313258170e-03,4.227625418801289267e-03,6.265117235834396503e-01,2.104849582896688887e+00,2.000000000000000000e+01,7.458279596962918978e-02,-2.966952359392690752e+01,6.021723195377837179e+00,-4.094033686012495821e+01,6.087984045764516239e+00,-6.200144332385337265e+01,5.872770599251767365e+00,8.400000000000000000e+01,9.052429245407680583e+02,5.672773874254722415e+01,3.559600000000000000e+06,2.103700000000000014e-01,-6.778547260000170809e+02,1.000000000000000000e+00
2.609058905772406768e-03,3.897283428103189701e-03,6.841019470003660841e-01,-4.212153085377154382e-01,2.000000000000000000e+01,7.825863602164903621e-02,-4.156807887705183191e+01,5.964490547583882751e+00,-4.824583966827987069e+01,5.833482358011433888e+00,-6.296045624655831574e+01,6.865161112928480414e+00,8.500000000000000000e+01,1.740204577853696719e+02,6.444099331409709919e+01,3.440200000000000000e+06,5.947999999999999815e-02,-5.913755999999931845e+01,1.000000000000000000e+00
2.762380575053130592e-03,4.174244094746515886e-03,6.295970026980819423e-01,2.124201805678434862e+00,2.000000000000000000e+01,7.437419568890077382e-02,-2.897541290061685260e+01,6.238550475221035896e+00,-3.949776980468570287e+01,5.938883714851030504e+00,-6.124232921262809271e+01,5.931899364553186338e+00,8.600000000000000000e+01,9.630837905162585457e+02,5.625678799430847477e+01,3.594100000000000000e+06,2.237599999999999867e-01,-7.349708609999230475e+02,1.000000000000000000e+00
2.619775816944976479e-03,4.166426443588272868e-03,6.685065311292408552e-01,-9.036820201761864846e-01,2.000000000000000000e+01,7.342812690344725779e-02,-3.550201888485137403e+01,6.010525663266776064e+00,-5.166616015600431666e+01,6.365951474223845885e+00,-6.137096602612878371e+01,5.760101966442548793e+00,8.700000000000000000e+01,1.673193085022149091e+02,6.449758752128751382e+01,3.380500000000000000e+06,1.514300000000000090e-01,-3.569747000000126036e+02,1.000000000000000000e+00
2.635721289825393009e-03,4.354463501184078870e-03,6.400532344818790076e-01,7.536683626514868450e-01,2.000000000000000000e+01,7.472962302192769080e-02,-3.467223476081057498e+01,6.160099859647457876e+00,-4.513156009224324805e+01,5.914319115945555261e+00,-6.184913978124404110e+01,5.992036728708079352e+00,8.800000000000000000e+01,5.554088793380160496e+02,5.963840203186126843e+01,3.502700000000000000e+06,1.749400000000000122e-01,-4.520757150000400770e+02,1.000000000000000000e+00
2.712912297758100343e-03,4.361820584444004237e-03,6.272610687465550727e-01,1.797815095590560963e+00,2.000000000000000000e+01,7.415730202864537213e-02,-3.265476844561429459e+01,6.049554569652039859e+00,-4.349946553323212584e+01,5.829989338088660489e+00,-6.158295026718769805e+01,5.881368005962119838e+00,8.900000000000000000e+01,7.195131796116659189e+02,5.813347858279052360e+01,3.506800000000000000e+06,2.449199999999999988e-01,-8.607412940000975823e+02,1.000000000000000000e+00
2.630536256082309596e-03,4.294646806038992549e-03,6.251488938744602653e-01,1.474199463631850504e+00,2.000000000000000000e+01,7.511615130387636063e-02,-3.368460575227075537e+01,6.347545314583745935e+00,-4.168779243910643828e+01,6.169639334520192975e+00,-6.335296001025277235e+01,5.942203649957644274e+00,9.000000000000000000e+01,7.198292023134447390e+02,5.809627768164345696e+01,3.558000000000000000e+06,1.466899999999999871e-01,-3.515015999999889686e+02,1.000000000000000000e+00
2.906467201929422220e-03,3.969432571906095567e-03,6.076117774369645952e-01,1.872989929588356750e+00,2.000000000000000000e+01,7.761850875544783201e-02,-2.964909408651121581e+01,5.510769037908938905e+00,-4.436208766003422710e+01,6.659616749987749884e+00,-6.622454056400520983e+01,6.430425985247437026e+00,9.100000000000000000e+01,7.023592341537633956e+02,5.822245725980236131e+01,3.523400000000000000e+06,2.360700000000000021e-01,-8.779050000001562921e+02,1.000000000000000000e+00
2.746641857887591881e-03,4.139510622622298228e-03,6.446229403301946270e-01,1.610269700603406573e+00,2.000000000000000000e+01,7.403368294314921494e-02,-3.032420052380577147e+01,6.048763154700679934e+00,-4.201746693982933323e+01,5.733952773566031169e+00,-6.221130283109526715e+01,5.912770923180550753e+00,9.200000000000000000e+01,7.897012973845179431e+02,5.761130707977855536e+01,3.519500000000000000e+06,2.684099999999999819e-01,-9.685957260001351870e+02,1.000000000000000000e+00
2.801599288392211257e-03,4.450276934387188688e-03,6.290643821898802557e-01,1.367844743238445737e+00,2.000000000000000000e+01,7.424088840656944965e-02,-3.207012731361166402e+01,6.057922060828142108e+00,-4.460793752887575891e+01,5.939328675440005867e+00,-6.066042847323140563e+01,6.108485054339917397e+00,9.300000000000000000e+01,7.035267877199191844e+02,5.821630996233257349e+01,3.534000000000000000e+06,2.419600000000000084e-01,-8.571317999998357209e+02,1.000000000000000000e+00
2.739844704924485064e-03,4.495144230036331526e-03,6.070202432188933628e-01,1.438223593452979232e+00,2.000000000000000000e+01,7.426336917544959504e-02,-3.180565571669430369e+01,6.055278303576847598e+00,-4.497563182772886847e+01,6.124689390688780932e+00,-6.003347524523313439e+01,5.960528179216363576e+00,9.400000000000000000e+01,7.229135396287528010e+02,5.806940902484515021e+01,3.545700000000000000e+06,2.518500000000000183e-01,-9.323272639999412377e+02,1.000000000000000000e+00
2.825113551673029497e-03,4.559350261584948355e-03,6.406159715470085558e-01,1.053575395315845320e+00,2.000000000000000000e+01,7.392797524856022096e-02,-3.397493226367976860e+01,6.182770109824014426e+00,-4.325991635401223334e+01,6.311828398434260912e+00,-6.598907635508084013e+01,5.744831762577338630e+00,9.500000000000000000e+01,5.843580400864371995e+02,5.930820234451429940e+01,3.501000000000000000e+06,2.825900000000000079e-01,-1.110699765000199250e+03,1.000000000000000000e+00
3.096761502529832809e-03,4.314314495747907652e-03,5.807210318630823265e-01,1.916844488898583165e+00,2.000000000000000000e+01,7.306885879720802224e-02,-3.229099233879505704e+01,5.973021860079083645e+00,-4.320306642956012411e+01,5.711691709705846165e+00,-6.735716306509718265e+01,6.205071770549383636e+00,9.600000000000000000e+01,9.027763179834626044e+02,5.676118329016274799e+01,3.567400000000000000e+06,2.015899999999999914e-01,-6.235987999999969134e+02,1.000000000000000000e+00
2.732998856220657247e-03,4.432694482542126960e-03,6.314937708158382401e-01,1.545847497719693653e+00,2.000000000000000000e+01,7.430642955462095356e-02,-3.535370091432631057e+01,5.907765973351602362e+00,-4.502015867558574769e+01,5.923268144683303760e+00,-6.000948620069812023e+01,6.168664331490850472e+00,9.700000000000000000e+01,5.995429434918812603e+02,5.919216160426994833e+01,3.504000000000000000e+06,2.232699999999999962e-01,-7.307130999998805692e+02,1.000000000000000000e+00
2.692621517291598088e-03,4.395167384491571565e-03,6.144361563794633607e-01,9.515250734159281798e-01,2.000000000000000000e+01,7.475080328089439563e-02,-3.430639712083173265e+01,5.919481228148121055e+00,-4.489751040320011555e+01,6.086746570791600419e+00,-6.258365240917751038e+01,5.949551617761693834e+00,9.800000000000000000e+01,5.624358635312697743e+02,5.957271325980412513e+01,3.487800000000000000e+06,1.897800000000000042e-01,-5.609539830000039728e+02,1.000000000000000000e+00
2.743954409863685363e-03,4.473831136485062129e-03,6.305862926468011054e-01,1.855500357430428959e+00,2.000000000000000000e+01,7.422691462778213678e-02,-3.246807172409982201e+01,6.191081297065503364e+00,-4.312301219043734335e+01,5.684739033073155312e+00,-6.046015956326330354e+01,6.076010407002794267e+00,9.900000000000000000e+01,7.698516165715203670e+02,5.774041723404176452e+01,3.535200000000000000e+06,2.294200000000000128e-01,-7.741766880000037645e+02,1.000000000000000000e+00
2.656528898916355429e-03,3.888401598693693242e-03,6.822682855873483110e-01,-9.283943551311659714e-01,2.000000000000000000e+01,7.970826547791123873e-02,-4.241501318417666511e+01,5.877343932954492978e+00,-5.498738055861410601e+01,5.314420225317231683e+00,-6.618971298024247574e+01,5.866762153042460959e+00,1.000000000000000000e+02,1.081776766973816279e+02,6.786527501118703753e+01,3.347700000000000000e+06,2.692300000000000249e-01,-9.716100000001507624e+02,1.000000000000000000e+00
2.626817503011098960e-03,4.410096119648120039e-03,6.242360760294678457e-01,5.369688813795789883e-01,2.000000000000000000e+01,7.471616510922626797e-02,-3.568527331567113237e+01,6.030542895162258610e+00,-4.493416460044957006e+01,5.879577187094780832e+00,-6.399036950817098557e+01,5.997945195502998317e+00,1.010000000000000000e+02,4.649663670684176395e+02,6.053609808789323665e+01,3.459700000000000000e+06,1.852999999999999925e-01,-5.172582690000591583e+02,1.000000000000000000e+00
2.706061421925396154e-03,4.342349827471198020e-03,6.353296517579192226e-01,1.119071191351825867e+00,2.000000000000000000e+01,7.400858241684388217e-02,-3.458286631892174512e+01,5.927088900391826343e+00,-4.458925829389484363e+01,5.739293449991260232e+00,-6.064568593389184059e+01,6.013554508828958589e+00,1.020000000000000000e+02,5.992135853296985033e+02,5.928312429369380254e+01,3.484000000000000000e+06,2.711500000000000021e-01,-1.006361399999860623e+03,1.000000000000000000e+00
3.162336368916906972e-03,4.138453216276533411e-03,6.376206045816026347e-01,2.077225893971415438e+00,2.000000000000000000e+01,8.154544466149467319e-02,-2.753352700480163051e+01,6.457079696295307869e+00,-4.198528977469833023e+01,6.367821393139323938e+00,-5.788882561495340440e+01,5.455131229547444782e+00,1.030000000000000000e+02,9.014621401791569042e+02,5.676191482166573365e+01,3.573900000000000000e+06,2.247699999999999976e-01,-8.001108959999304489e+02,1.000000000000000000e+00
2.951202037275889832e-03,4.393475548179395090e-03,6.155276676483292242e-01,1.841207416403354280e+00,2.000000000000000000e+01,7.430030626164112195e-02,-2.842526879200973156e+01,6.409827539475049463e+00,-4.375954631478099799e+01,5.940095764088805019e+00,-6.179335097788750630e+01,5.805185116553301938e+00,1.040000000000000000e+02,8.778117393802405104e+02,5.690355806290395435e+01,3.568800000000000000e+06,2.584000000000000186e-01,-1.008556850999914104e+03,1.000000000000000000e+00
2.629221078059825259e-03,4.361144766131246943e-03,6.184830569111141596e-01,5.178373413142391968e-01,2.000000000000000000e+01,7.515951024236658395e-02,-3.553670840827773247e+01,6.029752814183956033e+00,-4.514067897686419428e+01,6.112056425465515197e+00,-6.558964364241487033e+01,5.884804097934134504e+00,1.050000000000000000e+02,4.492049735428190047e+02,6.077144999340413278e+01,3.455700000000000000e+06,1.499900000000000122e-01,-3.690225629999820285e+02,1.000000000000000000e+00
2.748119108789475080e-03,4.379434964623524912e-03,6.494003356533912807e-01,7.096333940370518345e-01,2.000000000000000000e+01,7.493165623948275234e-02,-3.498291001133048894e+01,6.085328966521517557e+00,-4.533509208605718754e+01,5.995277676979980264e+00,-6.566441418708512856e+01,6.178002113044426480e+00,1.060000000000000000e+02,4.630921669958801203e+02,6.058543297602072641e+01,3.466600000000000000e+06,1.579099999999999948e-01,-3.875596000000298886e+02,1.000000000000000000e+00
2.719682059519445538e-03,4.455305428806819595e-03,6.423935038698660449e-01,2.811990471641903078e-01,2.000000000000000000e+01,7.393785667178030818e-02,-3.396506551164669929e+01,6.017318786350230653e+00,-4.672491321882763771e+01,5.786847653511605571e+00,-6.454719607913742152e+01,6.370463986864725037e+00,1.070000000000000000e+02,4.445743427108538981e+02,6.078748821280593262e+01,3.460300000000000000e+06,2.828200000000000158e-01,-1.073769281000335013e+03,1.000000000000000000e+00
2.840425070904014151e-03,4.336065556777757637e-03,6.172063053511499531e-01,2.205787390660538083e+00,2.000000000000000000e+01,7.455539731184909757e-02,-3.103965232381876405e+01,6.215640814621513854e+00,-4.458869146587893795e+01,6.300365525663734090e+00,-6.260194351455771766e+01,5.855276016877164480e+00,1.080000000000000000e+02,7.712607855321399484e+02,5.761281125776168466e+01,3.551000000000000000e+06,2.087900000000000034e-01,-6.834010730000406966e+02,1.000000000000000000e+00
2.580028804329271858e-03,4.853858432345789335e-03,6.392063246851609204e-01,6.782468817449277543e-01,2.000000000000000000e+01,8.190972338525939755e-02,-3.616852845519604642e+01,5.727610134100039829e+00,-5.108497706736687149e+01,5.640856601124569991e+00,-6.253368917401112270e+01,6.101530127648500113e+00,1.090000000000000000e+02,4.617872824891994696e+02,6.063684429674605525e+01,3.452100000000000000e+06,1.924599999999999922e-01,-5.325335999999650767e+02,1.000000000000000000e+00
2.667280438655224729e-03,4.286448219450456065e-03,6.268582242292257689e-01,1.276223400363920568e+00,2.000000000000000000e+01,7.416474244106775748e-02,-3.331488231741138861e+01,5.781491288022532871e+00,-4.578627640674686461e+01,5.654771769419891569e+00,-6.151725580742638755e+01,6.606757954558315049e+00,1.100000000000000000e+02,5.726199136474809848e+02,5.940203845562615470e+01,3.485700000000000000e+06,2.526100000000000012e-01,-8.838437999998594705e+02,1.000000000000000000e+00
2.666473342198168173e-03,4.799979490385146777e-03,6.121528368649085117e-01,-1.073660712526387506e-01,2.000000000000000000e+01,7.396412483679219718e-02,-3.727502990099620206e+01,6.131309551955345327e+00,-4.625980409314475139e+01,6.095404889510978919e+00,-6.253355296354622084e+01,6.182786401893176631e+00,1.110000000000000000e+02,3.939795903223833307e+02,6.133046372501971888e+01,3.489900000000000000e+06,2.893999999999999906e-01,-1.170289523000049030e+03,1.000000000000000000e+00
2.792805482684531000e-03,4.314925005898437825e-03,6.640071802356558583e-01,3.617068898684640543e-01,2.000000000000000000e+01,7.468900320165783313e-02,-3.640629431910591052e+01,6.483727755855213992e+00,-4.758903468923429614e+01,5.620012870614182532e+00,-6.152388717573435173e+01,6.368350532428450173e+00,1.120000000000000000e+02,4.256913861197274969e+02,6.086882783744640335e+01,3.501300000000000000e+06,1.784600000000000075e-01,-4.656861999999602517e+02,1.000000000000000000e+00
2.841372474858152794e-03,4.345781642703071268e-03,6.670984244031261667e-01,7.601790289049049631e-01,2.000000000000000000e+01,7.422910246555183833e-02,-3.423607291045809120e+01,6.170555294608827346e+00,-4.520931830252694539e+01,5.623421580503849881e+00,-6.472152604718485236e+01,6.515446205763809395e+00,1.130000000000000000e+02,4.885368456405249731e+02,6.024455661238928172e+01,3.477400000000000000e+06,2.260600000000000109e-01,-7.208563999999317957e+02,1.000000000000000000e+00
2.821619984287850047e-03,4.382965143221932529e-03,6.724686239757169393e-01,7.067922946728624201e-01,2.000000000000000000e+01,7.418967537370724230e-02,-3.382668370207183273e+01,6.074716843473739303e+00,-4.756404019728539367e+01,5.612812538519237116e+00,-6.262326573376481775e+01,6.259736160681068640e+00,1.140000000000000000e+02,4.879795333947433278e+02,6.029861020896662893e+01,3.461600000000000000e+06,2.255500000000000005e-01,-7.039033610000903991e+02,1.000000000000000000e+00
2.857479820988093923e-03,4.373267315560181411e-03,5.930884264979952025e-01,8.430522861641710497e-01,2.000000000000000000e+01,7.784768124844354542e-02,-3.247470009323699003e+01,6.175296259911265295e+00,-4.670294956346175042e+01,5.934388570560936493e+00,-6.606003126163966499e+01,6.250907498909581861e+00,1.150000000000000000e+02,5.430970679442721121e+02,5.978739533815996765e+01,3.467300000000000000e+06,2.497399999999999898e-01,-8.630952060001338850e+02,1.000000000000000000e+00
2.855120876267140933e-03,4.307502368035918960e-03,6.368302175757387662e-01,1.590305106885152142e+00,2.000000000000000000e+01,7.407292730841449901e-02,-3.058350703638368628e+01,6.080181078301860609e+00,-4.425178370350819534e+01,5.752164706026681174e+00,-6.237233810667986234e+01,5.932555638778860718e+00,1.160000000000000000e+02,7.403109039168770096e+02,5.801107317564319032e+01,3.504800000000000000e+06,2.731299999999999839e-01,-1.038842971999871907e+03,1.000000000000000000e+00
2.909645923461955542e-03,4.260430318900582970e-03,8.525730742646933091e-01,-7.043449129931145247e-01,2.000000000000000000e+01,7.026662335527741887e-02,-4.390460894403689451e+01,6.608956696933638852e+00,-5.864239579371588462e+01,4.884446563529168728e+00,-7.591590871248338601e+01,6.869545133352890076e+00,1.170000000000000000e+02,1.099944310958567542e+02,6.784978270029219516e+01,3.336400000000000000e+06,3.301999999999999935e-01,-1.244425479000003861e+03,1.000000000000000000e+00
2.786584304085295942e-03,4.420791727964251683e-03,6.483671835987754317e-01,1.445957981336858156e+00,2.000000000000000000e+01,7.432595672080230531e-02,-3.086635448130371984e+01,6.134719294865892181e+00,-4.421541012889939282e+01,6.033949661373853246e+00,-6.248739809532233380e+01,5.848589108717028751e+00,1.180000000000000000e+02,7.378540646064848261e+02,5.801409781712848712e+01,3.526500000000000000e+06,2.148200000000000109e-01,-6.648853000000816564e+02,1.000000000000000000e+00
2.638054685627043774e-03,4.307535493740617324e-03,6.469015197825829233e-01,5.206132391408637705e-01,2.000000000000000000e+01,7.472435925668728662e-02,-3.518602391136791141e+01,6.387676786560873232e+00,-4.437144684288409735e+01,5.852008052712749375e+00,-6.232578250643520335e+01,5.988390702310461222e+00,1.190000000000000000e+02,5.405038724761495814e+02,5.982332692910376437e+01,3.516500000000000000e+06,1.754999999999999893e-01,-4.465237740000618487e+02,1.000000000000000000e+00
2.807223378184098370e-03,4.278302779501608546e-03,7.261732066377265538e-01,7.575338818460851664e-01,2.000000000000000000e+01,7.605143744447839804e-02,-3.441666401129552355e+01,5.970657569541320875e+00,-5.187247513427161039e+01,5.627732785898894363e+00,-6.428026732239911212e+01,5.692288970656611546e+00,1.200000000000000000e+02,5.436318820217388748e+02,5.978033668993940353e+01,3.478300000000000000e+06,2.580600000000000116e-01,-8.488801299997859360e+02,1.000000000000000000e+00
2.711962106524286840e-03,4.380727158682280048e-03,6.620261475498847581e-01,8.632718065552886788e-01,2.000000000000000000e+01,7.436985368491366710e-02,-3.528759973810456074e+01,6.091986528882188168e+00,-4.536462759771218600e+01,5.979296692008833958e+00,-6.637970107423406319e+01,6.492644357129139010e+00,1.210000000000000000e+02,4.163065079119297707e+02,6.092929101325963614e+01,3.469600000000000000e+06,2.034100000000000075e-01,-5.764807999999927688e+02,1.000000000000000000e+00
2.730821489433716241e-03,4.479205631452636699e-03,6.488339513846568263e-01,5.404914484539935504e-02,2.000000000000000000e+01,7.415338007610884630e-02,-3.678198226314091812e+01,5.942971776083414426e+00,-4.577877895061035929e+01,5.913424777067678662e+00,-6.312213745953181387e+01,6.211146467419649042e+00,1.220000000000000000e+02,3.991426388193891626e+02,6.126166255934780480e+01,3.460400000000000000e+06,2.446000000000000119e-01,-8.277630689999992910e+02,1.000000000000000000e+00
2.885669135993972588e-03,4.218013370336821596e-03,5.901313774446814708e-01,2.092648794799541356e+00,2.000000000000000000e+01,6.758972271895166695e-02,-3.540985732401451713e+01,6.055921887492975664e+00,-3.619183282737947849e+01,5.963733909980441616e+00,-6.910980002347389473e+01,5.428238977288346589e+00,1.230000000000000000e+02,8.804393052758914564e+02,5.689850930158669939e+01,3.562200000000000000e+06,2.075799999999999867e-01,-6.488977000000164708e+02,1.000000000000000000e+00
2.911817939321649680e-03,3.907075375860279837e-03,6.617634137148658002e-01,2.187739624586195752e+00,2.000000000000000000e+01,6.642029663028864439e-02,-3.207510840821626630e+01,6.525508479432884812e+00,-4.400695150740063610e+01,5.432635506742624187e+00,-6.449540377983696260e+01,5.378110642620679727e+00,1.240000000000000000e+02,8.670298607794347845e+02,5.693281794262691875e+01,3.549900000000000000e+06,3.206800000000000206e-01,-1.376869742999884011e+03,1.000000000000000000e+00
3.207860419489002874e-03,4.245396652882102786e-03,7.720412416758399843e-01,-1.113774122055819049e+00,2.000000000000000000e+01,6.859395660896026869e-02,-4.510947045306407688e+01,5.786590459044751888e+00,-5.459394376385538550e+01,6.480021367704096313e+00,-5.551186147156907680e+01,5.712249616836304611e+00,1.250000000000000000e+02,1.103728962232789570e+02,6.763254188816998180e+01,3.322900000000000000e+06,2.083800000000000097e-01,-6.193898959999714862e+02,1.000000000000000000e+00
2.609058905772406768e-03,3.897283428103189701e-03,6.841019470003660841e-01,-4.212153085377154382e-01,2.000000000000000000e+01,7.825863602164903621e-02,-4.156807887705183191e+01,5.964490547583882751e+00,-4.824583966827987069e+01,5.833482358011433888e+00,-6.296045624655831574e+01,6.865161112928480414e+00,1.260000000000000000e+02,1.105518629182106309e+02,6.752598478923046343e+01,3.310200000000000000e+06,2.590899999999999870e-01,-9.237359999998233206e+02,1.000000000000000000e+00
2.706073261539676880e-03,4.609731283358403306e-03,7.121094771826544934e-01,-8.638515099589356705e-01,2.000000000000000000e+01,7.150057532996362264e-02,-4.625793846190227043e+01,6.079460681584840209e+00,-4.934426724430051081e+01,5.077349776431737460e+00,-6.365336274774119119e+01,6.586013803383240273e+00,1.270000000000000000e+02,1.108772643455570091e+02,6.741585239192897916e+01,3.341800000000000000e+06,2.387400000000000078e-01,-7.414425020001397115e+02,1.000000000000000000e+00
2.687226086203297996e-03,4.801494721804838890e-03,6.313533343863613201e-01,1.010474288329807901e-01,2.000000000000000000e+01,7.411177869098167781e-02,-3.757216558308534360e+01,6.073272143391924338e+00,-4.561134053886210182e+01,6.101653984432181765e+00,-6.335982607380235265e+01,6.013121339404744248e+00,1.280000000000000000e+02,3.879286637093386503e+02,6.136507450447652445e+01,3.470300000000000000e+06,2.471099999999999963e-01,-8.665607250000284694e+02,1.000000000000000000e+00
2.589088435486805277e-03,4.425907450524688494e-03,6.660411486922664936e-01,2.177994630524008324e-01,2.000000000000000000e+01,7.518540453647820643e-02,-3.731958145837603524e+01,5.936012766746173952e+00,-4.612165001570157585e+01,5.943770268353153696e+00,-6.292574864166180504e+01,6.111541192268588496e+00,1.290000000000000000e+02,3.872303564591935015e+02,6.139772165564659190e+01,3.453000000000000000e+06,1.315900000000000125e-01,-2.665806999999919640e+02,1.000000000000000000e+00
2.263300100501117618e-03,4.790278310907072901e-03,6.308442845290881396e-01,-4.945076512871967589e-01,2.000000000000000000e+01,7.924780096947253716e-02,-4.056173856834937652e+01,5.808098382787395764e+00,-5.537410851035352266e+01,6.262151876136860196e+00,-5.724292452934518849e+01,7.067210082731922860e+00,1.300000000000000000e+02,1.110469997246879927e+02,6.734037510059576448e+01,3.332000000000000000e+06,3.544999999999999818e-01,-1.335393471999771464e+03,1.000000000000000000e+00
2.605708337471537676e-03,4.385695969923453404e-03,6.292642891201054578e-01,5.576447380989822955e-01,2.000000000000000000e+01,7.456384835603321881e-02,-3.640124351336575614e+01,5.947558227475775894e+00,-4.668100441620428853e+01,5.824282456844826150e+00,-6.285633507444342882e+01,6.132122371643175640e+00,1.310000000000000000e+02,4.108715926870369231e+02,6.112299674222829537e+01,3.447600000000000000e+06,1.973199999999999954e-01,-5.688051159999718038e+02,1.000000000000000000e+00
2.584952651146333203e-03,4.687112430802890979e-03,6.335675320731214422e-01,-9.402815928559784542e-01,2.000000000000000000e+01,7.467358006386209945e-02,-3.888514610056217435e+01,5.845109761691684724e+00,-5.068564627182560400e+01,6.089041122978517961e+00,-6.435253151778631775e+01,5.914852193723858065e+00,1.320000000000000000e+02,1.530468768828876307e+02,6.469900194322833897e+01,3.379000000000000000e+06,1.824300000000000088e-01,-4.944262459999623047e+02,1.000000000000000000e+00
2.584913128444641089e-03,4.703896980131672817e-03,6.080775265651486849e-01,1.027151552554470104e+00,2.000000000000000000e+01,7.425853422767726697e-02,-3.415729283620486001e+01,6.014597704878182682e+00,-4.711996140468006899e+01,5.964107106028029293e+00,-6.151549219317674755e+01,6.045668065277399528e+00,1.330000000000000000e+02,5.350149642245429504e+02,5.982468185765787894e+01,3.485300000000000000e+06,2.285200000000000009e-01,-7.760200020000808081e+02,1.000000000000000000e+00
2.576792341658596004e-03,4.422429197119910095e-03,6.172439474426897332e-01,6.311062418929531681e-01,2.000000000000000000e+01,7.430212779067577045e-02,-3.619962302799736165e+01,6.010880475478574070e+00,-4.510208153462934888e+01,5.771276923979883122e+00,-6.373433398689203955e+01,5.817378279312058531e+00,1.340000000000000000e+02,4.564043563389649876e+02,6.075732214175985746e+01,3.437500000000000000e+06,2.300200000000000022e-01,-7.651113000001064393e+02,1.000000000000000000e+00
2.282688853160664243e-03,4.188525009567953435e-03,6.185406384371319177e-01,-2.398940444118191073e-01,2.000000000000000000e+01,7.192581377988122027e-02,-3.973568222944807360e+01,5.609879034160834443e+00,-4.524482042091464962e+01,5.679387001876698982e+00,-6.605790006375127632e+01,5.957935360625758570e+00,1.350000000000000000e+02,4.032553731822725354e+02,6.116996929735586264e+01,3.499600000000000000e+06,1.509399999999999908e-01,-3.611738339999928940e+02,1.000000000000000000e+00
2.850536692840049523e-03,4.291679838380661402e-03,6.418801384963233048e-01,1.691841283984347966e+00,2.000000000000000000e+01,7.404897567115523160e-02,-3.025102129531301642e+01,6.082671203188908748e+00,-4.381708708303035849e+01,5.767367526044488102e+00,-6.237099079823541814e+01,5.974471191317204166e+00,1.360000000000000000e+02,7.632127535634779179e+02,5.777712016198540113e+01,3.514000000000000000e+06,2.695500000000000118e-01,-1.010200789999780795e+03,1.000000000000000000e+00
2.723307760336505460e-03,4.107447005632681135e-03,6.728113801014958817e-01,4.439223389530396746e-01,2.000000000000000000e+01,6.753969179158759994e-02,-3.655862469233793632e+01,5.717250923622001935e+00,-4.498125621374713035e+01,5.990932143379790631e+00,-6.281160447206958963e+01,6.912951056150674845e+00,1.370000000000000000e+02,5.178104392654282719e+02,6.002656791205403408e+01,3.501500000000000000e+06,2.689500000000000224e-01,-9.633305000000735845e+02,1.000000000000000000e+00
2.822753748929316027e-03,4.334874447880308207e-03,6.564492954629883581e-01,1.722483570415292320e+00,2.000000000000000000e+01,7.459248482820624027e-02,-3.274039548677301781e+01,5.858114881930863049e+00,-4.190935330728689223e+01,6.159756584601440821e+00,-6.217164558652862638e+01,6.092484272820019697e+00,1.380000000000000000e+02,7.540569137492898335e+02,5.790308416854745133e+01,3.534200000000000000e+06,1.839899999999999869e-01,-5.012706999999834920e+02,1.000000000000000000e+00
2.892528230085081309e-03,4.266498249498634071e-03,6.362150918694865487e-01,2.052297787658015960e+00,2.000000000000000000e+01,7.409715791291292264e-02,-2.924349067855258255e+01,6.110712041137659867e+00,-4.146950609253548237e+01,5.801385064750272491e+00,-6.155084301871404762e+01,5.840293110644967811e+00,1.390000000000000000e+02,8.976108746404281646e+02,5.679055465145037829e+01,3.544400000000000000e+06,2.674300000000000010e-01,-1.015343056999981968e+03,1.000000000000000000e+00
2.456995697690569826e-03,4.696210873737618856e-03,6.648913912079293942e-01,7.932292557610626238e-01,2.000000000000000000e+01,7.733240249143581713e-02,-3.650755965978182616e+01,6.518453898874445152e+00,-5.021358668709956419e+01,5.643988760412076644e+00,-6.046268727198945925e+01,6.180880009512988771e+00,1.400000000000000000e+02,5.177096001517617196e+02,6.004210217494568269e+01,3.491000000000000000e+06,2.738800000000000123e-01,-1.001444550000166487e+03,1.000000000000000000e+00
2.630250278851123391e-03,4.459243771354674465e-03,6.218918836482328905e-01,8.823025334520829821e-01,2.000000000000000000e+01,7.411407720490387208e-02,-3.630747578488737304e+01,6.148361073238643115e+00,-4.541581718244879085e+01,5.641420595535565852e+00,-5.946944997977753644e+01,6.236703997547934364e+00,1.410000000000000000e+02,5.338732307847180891e+02,5.983000043200844686e+01,3.504300000000000000e+06,2.565000000000000058e-01,-9.195391630000550549e+02,1.000000000000000000e+00
2.710087258910243851e-03,4.358081358243466770e-03,6.694084975298010276e-01,1.054035132899556748e+00,2.000000000000000000e+01,7.469246821374535272e-02,-3.491467782423138999e+01,6.490612345186058008e+00,-4.757729981628948224e+01,5.734554557895779503e+00,-6.224384505265244627e+01,6.334596589699148517e+00,1.420000000000000000e+02,5.004941028160720293e+02,6.006651420345481540e+01,3.511600000000000000e+06,1.641499999999999904e-01,-3.925872179999735749e+02,1.000000000000000000e+00
2.602525448224012224e-03,4.412264318173392090e-03,6.510386306159017256e-01,-8.488522673123859441e-01,2.000000000000000000e+01,7.407044609854378237e-02,-4.192914243330785240e+01,6.093442485824906996e+00,-5.220127007369487870e+01,5.437004738690406569e+00,-6.262855194518822088e+01,6.168018118370666159e+00,1.430000000000000000e+02,1.123791374276267305e+02,6.671415093643001626e+01,3.349100000000000000e+06,2.553699999999999859e-01,-8.495356970001602122e+02,1.000000000000000000e+00
2.901140184965752319e-03,3.983116112803172272e-03,6.557826179638540642e-01,2.076555667103266778e+00,2.000000000000000000e+01,8.144015429046964905e-02,-3.210894922001061502e+01,5.970483783682047019e+00,-4.044232359999328708e+01,6.305773870773879075e+00,-6.159114636550285127e+01,5.661435986889128635e+00,1.440000000000000000e+02,7.622724760675639573e+02,5.777714872693096027e+01,3.535100000000000000e+06,2.955800000000000094e-01,-1.276717499999801930e+03,1.000000000000000000e+00
2.858493591018526798e-03,4.176246273446238520e-03,6.210225904622159732e-01,2.215369232666403398e+00,2.000000000000000000e+01,7.476121912667157976e-02,-3.335497020507963839e+01,6.116725916883442693e+00,-4.269575907609851129e+01,6.000622329953906764e+00,-6.106634325969578470e+01,5.944029536557631666e+00,1.450000000000000000e+02,7.622231668929453008e+02,5.779752267304677815e+01,3.538500000000000000e+06,1.924299999999999899e-01,-5.877021229999742218e+02,1.000000000000000000e+00
2.775772016346490269e-03,4.423579690880637821e-03,6.294853634165082923e-01,1.616147503065273661e+00,2.000000000000000000e+01,7.424942487585151074e-02,-3.201777131641090079e+01,6.046805266632677700e+00,-4.319263631894040145e+01,5.798186666759253427e+00,-6.137423449127762609e+01,5.919120839473137607e+00,1.460000000000000000e+02,7.476791499484160113e+02,5.798521175779136883e+01,3.514400000000000000e+06,2.349799999999999944e-01,-8.143829329999479114e+02,1.000000000000000000e+00
2.675352926274069364e-03,4.477104511954724253e-03,6.423773261794670786e-01,1.925332055111343976e+00,2.000000000000000000e+01,7.382865870904396777e-02,-3.156812735327418551e+01,5.726615554187530321e+00,-4.381598667829133831e+01,5.498059849851899550e+00,-5.982136486242773543e+01,6.683822404478100054e+00,1.470000000000000000e+02,7.520516397317255723e+02,5.797565142973065377e+01,3.516000000000000000e+06,2.767999999999999905e-01,-1.008211268999791628e+03,1.000000000000000000e+00
2.894673011372587285e-03,4.227042918764063392e-03,6.245605308545385537e-01,2.088679648503902087e+00,2.000000000000000000e+01,7.425888707786632015e-02,-2.956085254260881001e+01,6.008651320929050854e+00,-4.107937057697807859e+01,6.012457980452760253e+00,-6.213912188603366360e+01,5.912555089127089936e+00,1.480000000000000000e+02,8.834587773699630588e+02,5.679631370242011457e+01,3.551600000000000000e+06,2.545299999999999785e-01,-9.534199999997534860e+02,1.000000000000000000e+00
2.805443640261420183e-03,4.330745300435448648e-03,6.531061280605378050e-01,1.835156071788607290e+00,2.000000000000000000e+01,7.468550421211603285e-02,-3.224627336931558830e+01,6.229272180246733903e+00,-4.288808813630208761e+01,5.883148445697147011e+00,-6.265378658226886444e+01,6.032671697238666475e+00,1.490000000000000000e+02,7.610994026790491489e+02,5.785408816036057544e+01,3.533800000000000000e+06,1.740400000000000003e-01,-4.551580000000273003e+02,1.000000000000000000e+00
2.576614478224487428e-03,4.661970602238478360e-03,6.396476907657726585e-01,-9.950064885589645636e-01,2.000000000000000000e+01,7.478668884045278076e-02,-3.895105935946980935e+01,5.871385793397036146e+00,-5.101883304777074812e+01,6.047559391170935328e+00,-6.402313274038527879e+01,5.889296121268539963e+00,1.500000000000000000e+02,1.498252110033179179e+02,6.477970415928599834e+01,3.377000000000000000e+06,1.681999999999999884e-01,-4.201369000000303799e+02,1.000000000000000000e+00
2.635078463225674732e-03,4.470398017534220163e-03,6.245500394135374833e-01,1.033277055404058231e+00,2.000000000000000000e+01,7.404850639651590349e-02,-3.395358576559585373e+01,6.233034851818323396e+00,-4.672755046319129946e+01,5.620732366159669091e+00,-6.282678385756386774e+01,6.168880559128258945e+00,1.510000000000000000e+02,5.232516414229628481e+02,5.986400786570012400e+01,3.476000000000000000e+06,2.616299999999999737e-01,-9.492112309999374702e+02,1.000000000000000000e+00
2.600519033431106328e-03,4.649518001786836358e-03,6.299904948403776128e-01,-1.161222381231813872e+00,2.000000000000000000e+01,7.483012543591538446e-02,-3.955859793786120804e+01,5.989446898487524429e+00,-5.187180485318411627e+01,6.157827892000462100e+00,-6.222789519215994858e+01,6.095609894293621878e+00,1.520000000000000000e+02,1.415655119860261664e+02,6.478872180818993343e+01,3.413200000000000000e+06,1.730399999999999994e-01,-4.515336000000362446e+02,1.000000000000000000e+00
2.639938566774717530e-03,4.461234674161720058e-03,6.754308133633482036e-01,-8.735590940112589742e-01,2.000000000000000000e+01,7.429952235797615545e-02,-4.079786849535646809e+01,6.007442219235686665e+00,-5.192176537661567437e+01,5.523533091087350577e+00,-6.387812389649045741e+01,6.231390477514636927e+00,1.530000000000000000e+02,1.149260289254436742e+02,6.631359083423285483e+01,3.348600000000000000e+06,2.080100000000000005e-01,-5.744639999999182010e+02,1.000000000000000000e+00
2.611708368089061746e-03,4.580829694190931972e-03,6.403113481545290586e-01,-1.106185530941194095e+00,2.000000000000000000e+01,7.482588118437016877e-02,-3.969050662615941860e+01,5.958604315288612341e+00,-5.164658148322769193e+01,5.987578328938000460e+00,-6.280618048611093229e+01,5.944343827326862062e+00,1.540000000000000000e+02,1.396802808962100357e+02,6.502251466065146701e+01,3.385500000000000000e+06,1.691799999999999971e-01,-4.261929650000268452e+02,1.000000000000000000e+00
2.560130998202590769e-03,4.422820541466985882e-03,5.953894178697110018e-01,-7.947021389957813486e-01,2.000000000000000000e+01,7.939185581354170351e-02,-4.017601728151605300e+01,5.788616597299117039e+00,-5.520902395173104082e+01,6.055020750614173330e+00,-5.981153324203669541e+01,6.872147846106640756e+00,1.550000000000000000e+02,1.158396108410370715e+02,6.604464201983972771e+01,3.386600000000000000e+06,2.675799999999999845e-01,-9.334667160001215507e+02,1.000000000000000000e+00
2.722098784539630362e-03,4.602590664688882213e-03,5.960251828992636502e-01,-1.311863288274812245e+00,2.000000000000000000e+01,7.505144550838468986e-02,-4.113334117781657540e+01,6.317145158570095731e+00,-4.897260778445142648e+01,6.123527315179776664e+00,-6.654627599748182831e+01,5.796269355127944500e+00,1.560000000000000000e+02,1.227834517918766011e+02,6.562697452758510508e+01,3.393400000000000000e+06,1.824900000000000133e-01,-5.551044940000323322e+02,1.000000000000000000e+00
2.754860236992687228e-03,4.597062051851262716e-03,6.235955033471182185e-01,-1.262925627101548098e+00,2.000000000000000000e+01,7.517059444725371353e-02,-4.069076611484803152e+01,6.188252749894187055e+00,-4.828161638768068542e+01,6.219279327554772863e+00,-6.665027281324712760e+01,5.808382622029918174e+00,1.570000000000000000e+02,1.376038291234531243e+02,6.505673407014684528e+01,3.399100000000000000e+06,1.571599999999999941e-01,-4.066365240000070571e+02,1.000000000000000000e+00
2.619804044385681645e-03,4.561734758792853651e-03,6.503469191603217237e-01,-9.755799748336788646e-01,2.000000000000000000e+01,7.483684852217076244e-02,-3.986635330489293239e+01,5.908710171701264890e+00,-5.138300898726821941e+01,5.812499638287723869e+00,-6.358030944495436643e+01,5.824832991712879604e+00,1.580000000000000000e+02,1.365090625334869685e+02,6.532987368489565938e+01,3.355300000000000000e+06,1.616400000000000059e-01,-3.905531759999901738e+02,1.000000000000000000e+00
2.607713778086785325e-03,4.621146051319194141e-03,6.361700641926213429e-01,-1.112104624586391033e+00,2.000000000000000000e+01,7.481959832525982013e-02,-3.973263265656613186e+01,5.945721491147889282e+00,-5.165245321577243942e+01,5.972061346992057373e+00,-6.298219138406548723e+01,5.957933960283243735e+00,1.590000000000000000e+02,1.369830221552286105e+02,6.509335087981841639e+01,3.381600000000000000e+06,1.717299999999999938e-01,-4.393593820000387495e+02,1.000000000000000000e+00
2.621423154442050624e-03,4.601720580448873978e-03,6.699646012666520267e-01,-7.370704101448228851e-01,2.000000000000000000e+01,7.427168709826231785e-02,-3.948985181907335829e+01,5.945528012300512088e+00,-5.129355083018624839e+01,5.667582366696453988e+00,-6.428035267093741822e+01,6.186199014296323462e+00,1.600000000000000000e+02,1.366139989171676348e+02,6.529588029745296751e+01,3.361900000000000000e+06,2.073099999999999943e-01,-5.796800450000602041e+02,1.000000000000000000e+00
2.875304092130733999e-03,4.580748939503821032e-03,6.174543200832577350e-01,-1.289125955409258006e+00,2.000000000000000000e+01,7.523951960278192630e-02,-4.055914486839681388e+01,6.152204482039653755e+00,-4.829248268999383242e+01,6.205262575458878160e+00,-6.722348842008274517e+01,5.800621050857156291e+00,1.610000000000000000e+02,1.368242119604366849e+02,6.520110542681528898e+01,3.389100000000000000e+06,1.628900000000000070e-01,-4.501276010000328256e+02,1.000000000000000000e+00
2.774611969822474676e-03,4.619716462454090053e-03,6.478288310858288934e-01,-1.011256432839037878e+00,2.000000000000000000e+01,8.023624969239334659e-02,-3.907658648708992644e+01,6.343557290972969831e+00,-5.627259096040540953e+01,5.683064120316220880e+00,-5.947817806391763185e+01,5.701238496547796686e+00,1.620000000000000000e+02,1.361458738783064462e+02,6.534246359917146663e+01,3.354200000000000000e+06,1.592600000000000127e-01,-3.801605489999919314e+02,1.000000000000000000e+00
2.723260220580829560e-03,4.573205899811897193e-03,7.418878652920064543e-01,-8.560485685217023022e-01,2.000000000000000000e+01,8.070823169998743440e-02,-3.255529235529114374e+01,5.617114488501844249e+00,-5.715037106208720274e+01,6.202419630207697487e+00,-6.987649818139115609e+01,6.120075519062807778e+00,1.630000000000000000e+02,1.279840959916274130e+02,6.553260037901303292e+01,3.369000000000000000e+06,2.000500000000000056e-01,-5.693811540000376681e+02,1.000000000000000000e+00
2.580875544474281469e-03,4.406149373342794009e-03,6.559596433588116282e-01,-1.098640923917250767e+00,2.000000000000000000e+01,7.473515509095671194e-02,-3.950661250251516066e+01,5.762033741422615485e+00,-4.796193626325288051e+01,5.264466854543539576e+00,-6.008664758111464721e+01,5.720282633873368106e+00,1.640000000000000000e+02,1.275768319367346777e+02,6.556343025768958910e+01,3.353100000000000000e+06,1.691900000000000071e-01,-4.205894000000311621e+02,1.000000000000000000e+00
2.631271227736775749e-03,4.579099935631155555e-03,6.559781985170751728e-01,-8.800474108753952862e-01,2.000000000000000000e+01,7.441005079543659695e-02,-3.960798179953604148e+01,5.940906157241689911e+00,-5.131981331653913969e+01,5.748156337904637425e+00,-6.446634586608351469e+01,6.235368463627978031e+00,1.650000000000000000e+02,1.282117476283138160e+02,6.542776112746780370e+01,3.367100000000000000e+06,2.027700000000000058e-01,-5.715408999999443722e+02,1.000000000000000000e+00
2.675174989321544607e-03,4.494448984398272812e-03,6.731265552248908435e-01,-9.083037728317568948e-01,2.000000000000000000e+01,7.432286317477088122e-02,-3.980259287702360638e+01,5.931402396588568493e+00,-5.194914846280244092e+01,5.578305468360329478e+00,-6.462603037073495216e+01,6.229660193334039420e+00,1.660000000000000000e+02,1.188548073555593731e+02,6.600319897854967621e+01,3.345300000000000000e+06,2.089999999999999913e-01,-5.852030209999097679e+02,1.000000000000000000e+00
2.631537387201636838e-03,4.572942555899416756e-03,6.567303899381107257e-01,-8.936750619315230182e-01,2.000000000000000000e+01,7.426997198392043531e-02,-3.969190609476087417e+01,5.940574069904256405e+00,-5.132648179965073609e+01,5.747396228081144365e+00,-6.520680065268282988e+01,6.598270240207852133e+00,1.670000000000000000e+02,1.189509237035801732e+02,6.586472985225437071e+01,3.375500000000000000e+06,2.174899999999999889e-01,-6.499260639999776004e+02,1.000000000000000000e+00
2.618903112744740743e-03,4.552457743723289756e-03,6.464909175067727887e-01,-1.057067774295771256e+00,2.000000000000000000e+01,7.481535407371460444e-02,-3.986454134486434242e+01,5.914878907948976305e+00,-5.142722984581601509e+01,5.801811783929595734e+00,-6.356047667801647094e+01,5.806667893316483919e+00,1.680000000000000000e+02,1.339070637690344654e+02,6.536482264222850347e+01,3.353500000000000000e+06,1.660800000000000054e-01,-4.138020000000256005e+02,1.000000000000000000e+00
2.978499763925623618e-03,4.630881860469412623e-03,5.669885854757485966e-01,-1.543921469388298995e+00,2.000000000000000000e+01,7.547561103745199784e-02,-4.182794470134905396e+01,6.554470732660773180e+00,-4.583786062862924382e+01,6.526978106709058203e+00,-7.020928773954810254e+01,5.790222512668616872e+00,1.690000000000000000e+02,1.296916762741911384e+02,6.540633132861462684e+01,3.428800000000000000e+06,1.804800000000000015e-01,-6.156539339999520735e+02,1.000000000000000000e+00
2.633580176557761415e-03,4.536347434712035935e-03,6.579508973446680509e-01,-9.000880176657768406e-01,2.000000000000000000e+01,7.474831788207633720e-02,-3.982865054778073244e+01,5.939753438177087119e+00,-5.129440992409291766e+01,5.741526188272869646e+00,-6.404771062954330318e+01,5.938346499374723031e+00,1.700000000000000000e+02,1.337507816099737283e+02,6.539947274154384615e+01,3.354700000000000000e+06,1.668499999999999983e-01,-4.073042000000181702e+02,1.000000000000000000e+00
2.565296115276176955e-03,4.928865177322601203e-03,5.652385946122108207e-01,2.972208019635732779e+00,2.000000000000000000e+01,7.595337974549182247e-02,-2.173991712198927573e+01,6.604028437417705177e+00,-4.375975947082599760e+01,5.581200453662102490e+00,-5.716280635320202919e+01,6.394097313160055585e+00,1.710000000000000000e+02,1.430206701791474416e+03,5.429277708813964409e+01,3.740800000000000000e+06,3.899500000000000188e-01,-2.019424009999515192e+03,1.000000000000000000e+00
2.600952014480210125e-03,4.519593417364872398e-03,6.623080790427444686e-01,-8.945707168536525256e-01,2.000000000000000000e+01,7.456903469549419627e-02,-3.950141660361252605e+01,5.840076456502441005e+00,-4.960516007744166700e+01,5.453399056277662638e+00,-6.265935547990505938e+01,6.029741245934095772e+00,1.720000000000000000e+02,1.868496420984145345e+02,6.415102890332217100e+01,3.360400000000000000e+06,1.811899999999999900e-01,-4.595100000000381328e+02,1.000000000000000000e+00
2.744227635117742377e-03,4.142878963716339381e-03,6.335976020875034864e-01,2.931308304521814123e-01,2.000000000000000000e+01,7.425941872497057727e-02,-3.933236617040485328e+01,5.146325984394968245e+00,-5.142261436390593587e+01,5.489142116539984073e+00,-6.779389203519073703e+01,6.990136545787144051e+00,1.730000000000000000e+02,1.085874379841749544e+02,6.916858166273706843e+01,3.274000000000000000e+06,2.583400000000000141e-01,-9.182372130000044308e+02,1.000000000000000000e+00
2.633597878390946025e-03,4.450448555441377865e-03,6.748480130345426709e-01,-8.490967029998635063e-01,2.000000000000000000e+01,7.428438268662229671e-02,-4.132741678751339975e+01,5.998594492928354782e+00,-5.204678653776797148e+01,5.527344757102414796e+00,-6.425179075611332280e+01,6.267639997408171126e+00,1.740000000000000000e+02,1.127433415822633691e+02,6.694957734789525716e+01,3.340800000000000000e+06,2.101600000000000135e-01,-5.852748000000511865e+02,1.000000000000000000e+00
2.624353977213498331e-03,4.440726195813660300e-03,6.694653346241775660e-01,-8.165024368783202480e-01,2.000000000000000000e+01,7.419730954316057503e-02,-4.141686736365895172e+01,5.946586638739253416e+00,-5.221449251196756336e+01,5.558407922448512117e+00,-6.353451284212114558e+01,6.091905266575738054e+00,1.750000000000000000e+02,1.135845062936972170e+02,6.677984839539224993e+01,3.335100000000000000e+06,2.204299999999999871e-01,-6.501422110000529528e+02,1.000000000000000000e+00
2.862696942700099483e-03,4.547354803929245202e-03,7.044118208456628949e-01,-7.586275966901065981e-01,2.000000000000000000e+01,7.467580701886454564e-02,-4.129136401893954655e+01,6.366316893010028011e+00,-5.695773749448935774e+01,5.329766448124527933e+00,-6.364052057025085674e+01,6.660866190483781146e+00,1.760000000000000000e+02,1.150072184491978362e+02,6.653804505094211663e+01,3.340100000000000000e+06,2.265199999999999991e-01,-6.574386999998797592e+02,1.000000000000000000e+00
2.626074217575600275e-03,4.434264997107567781e-03,6.703971051989257024e-01,-8.087825754795434641e-01,2.000000000000000000e+01,7.457445439669942167e-02,-4.074594379032051705e+01,6.001034171713095944e+00,-5.221334515400873499e+01,5.600443105200676897e+00,-6.352205921165734992e+01,6.117460629230727420e+00,1.770000000000000000e+02,1.180279466136075541e+02,6.624685301439399154e+01,3.349900000000000000e+06,1.811200000000000032e-01,-4.492193559999952299e+02,1.000000000000000000e+00
2.583146179091022100e-03,4.409561460932547548e-03,6.297255725486080591e-01,-9.864894174697036444e-02,2.000000000000000000e+01,7.557562440182000185e-02,-3.806064482482847922e+01,5.805687505737105347e+00,-4.516919017937503611e+01,6.039685923823606473e+00,-6.417818734737609532e+01,5.958371569005456614e+00,1.780000000000000000e+02,3.548245557311259404e+02,6.188727783014510919e+01,3.430800000000000000e+06,1.235099999999999948e-01,-2.570085000000087803e+02,1.000000000000000000e+00
2.657383526105903775e-03,4.660172702760683600e-03,6.154647982963500352e-01,-1.050045749777630405e-01,2.000000000000000000e+01,6.101000012278971069e-02,-3.460080190793888733e+01,4.939415191251530501e+00,-5.382610493506611249e+01,4.884759628067020465e+00,-5.412548961064592845e+01,6.602919698697296447e+00,1.790000000000000000e+02,3.473099217136597758e+02,6.191743969404340930e+01,3.459400000000000000e+06,1.353600000000000081e-01,-3.010442200000022694e+02,1.000000000000000000e+00
2.576966059410950964e-03,4.189162737996674803e-03,6.851904490202782583e-01,-9.187440207706429884e-01,2.000000000000000000e+01,8.179856557612417978e-02,-3.725168556311401602e+01,5.956154050863843530e+00,-5.629794174019024666e+01,5.546713153608463287e+00,-6.047145617220482450e+01,6.395382031599627481e+00,1.800000000000000000e+02,1.223124364895401186e+02,6.588977907446121662e+01,3.341000000000000000e+06,1.947699999999999987e-01,-5.178306199999366299e+02,1.000000000000000000e+00
2.658780768053454081e-03,4.490343022727839514e-03,6.791758540384196241e-01,-9.244727278467883558e-01,2.000000000000000000e+01,7.451976477093119611e-02,-3.978476274550651226e+01,5.960871848635472148e+00,-5.175769270978832282e+01,5.599894022179413788e+00,-6.473296338719624998e+01,6.191793471049104269e+00,1.810000000000000000e+02,1.215002929069059405e+02,6.589430026643832150e+01,3.347900000000000000e+06,1.828599999999999948e-01,-4.527373639999770489e+02,1.000000000000000000e+00
2.591825531089483881e-03,4.069465828405065440e-03,6.956957887899616333e-01,-7.097401791732130816e-01,2.000000000000000000e+01,7.621539847301064818e-02,-3.927530140222060595e+01,5.904371444415959402e+00,-4.833984760866914598e+01,5.645568259473812134e+00,-6.235321885612103898e+01,6.476815412196780919e+00,1.820000000000000000e+02,2.337757216332038581e+02,6.328319155940094021e+01,3.421200000000000000e+06,9.247900000000000564e-02,-1.307231999999995935e+02,1.000000000000000000e+00
2.843551206514495326e-03,4.602795144874460322e-03,5.959188971033334559e-01,-1.279339557243879044e+00,2.000000000000000000e+01,7.516471420342331344e-02,-4.100370684335541682e+01,6.269352838122580707e+00,-4.893655144622981368e+01,6.114911088561493457e+00,-6.713852721820339298e+01,5.804609053161214227e+00,1.830000000000000000e+02,1.232266200243207663e+02,6.577380739457413483e+01,3.383700000000000000e+06,1.806500000000000050e-01,-5.604576000000513432e+02,1.000000000000000000e+00
2.416376726769700872e-03,4.418224179716660066e-03,6.585396932902100042e-01,-8.626757870212102830e-01,2.000000000000000000e+01,7.307299971038712372e-02,-3.817073772230359197e+01,5.625911985142938221e+00,-5.147965162052153687e+01,6.004944893119454008e+00,-6.299042330708536497e+01,5.809659497375796455e+00,1.840000000000000000e+02,1.271613810139414653e+02,6.576451298133262924e+01,3.342600000000000000e+06,1.667099999999999971e-01,-3.960165690000275731e+02,1.000000000000000000e+00
2.570767172580651870e-03,4.240751573764211559e-03,7.098488015013295627e-01,-1.073298494176263551e+00,2.000000000000000000e+01,7.370154995202803094e-02,-3.741141207334572272e+01,5.828548417963765438e+00,-4.841539882144653006e+01,5.448516673331573301e+00,-6.207348736799423250e+01,6.079962668943831083e+00,1.850000000000000000e+02,1.273638715214907648e+02,6.565215442892665010e+01,3.349900000000000000e+06,1.676799999999999957e-01,-4.181215999999623705e+02,1.000000000000000000e+00
2.856926403499890268e-03,5.154080947931489499e-03,5.839339600995681057e-01,-1.116452347584950155e+00,2.000000000000000000e+01,7.949017391444017366e-02,-3.895785440549742873e+01,6.319858915213192319e+00,-5.138452241955355504e+01,6.039224381769375150e+00,-6.396039303041877844e+01,5.707447085653837959e+00,1.860000000000000000e+02,1.380849689137611449e+02,6.508341246398244095e+01,3.375300000000000000e+06,1.572399999999999909e-01,-3.915279999999604570e+02,1.000000000000000000e+00
3.163811352473193741e-03,4.829595213255239751e-03,6.330105705433867191e-01,2.167182592929640439e+00,2.000000000000000000e+01,7.499249065011515114e-02,-2.965914231001183055e+01,6.313029655861357448e+00,-3.535789720872728026e+01,5.906642170812698822e+00,-6.288516159552244744e+01,6.403747529416183859e+00,1.870000000000000000e+02,1.045159461987399027e+03,5.602133101327937936e+01,3.615300000000000000e+06,3.052799999999999958e-01,-1.360635329999928672e+03,1.000000000000000000e+00
2.766041581727644253e-03,4.285896548015456775e-03,6.235293049524515130e-01,1.146327194503527602e+00,2.000000000000000000e+01,7.462080640485334315e-02,-3.351435174192751987e+01,6.080496132613925298e+00,-4.305370136341770149e+01,5.932916311059618586e+00,-6.395203602343737259e+01,5.841748307157745401e+00,1.880000000000000000e+02,6.294151276662445298e+02,5.898658535571602357e+01,3.490400000000000000e+06,2.042499999999999871e-01,-6.368253999999925554e+02,1.000000000000000000e+00
2.346684633427200371e-03,5.125006239633609489e-03,6.674717825924463277e-01,8.890037939678030465e-02,2.000000000000000000e+01,6.819259874363178819e-02,-3.314043447494582040e+01,5.984725404029384244e+00,-4.747497103858988510e+01,5.805542066065849660e+00,-6.190144201234993204e+01,5.377195325224640499e+00,1.890000000000000000e+02,4.011635179554818933e+02,6.132165813240367669e+01,3.435100000000000000e+06,2.018399999999999916e-01,-5.633780360000027940e+02,1.000000000000000000e+00
2.623099974826138478e-03,4.447310843239403108e-03,6.423043298739840035e-01,-3.336835452118253054e-02,2.000000000000000000e+01,7.412932801136107308e-02,-3.627736670586747891e+01,6.052876033844718506e+00,-4.956957956163378043e+01,5.476211833691681186e+00,-6.183892224949543248e+01,6.254777383109025202e+00,1.900000000000000000e+02,3.408476051857434186e+02,6.199723457530262039e+01,3.425300000000000000e+06,2.439600000000000102e-01,-8.153127249999142805e+02,1.000000000000000000e+00
2.552155325325567228e-03,5.255822303977313210e-03,6.071552878103049222e-01,2.867076925960841405e-01,2.000000000000000000e+01,7.754469705631678034e-02,-3.730991520242349679e+01,6.843073335517517286e+00,-4.998053033193157546e+01,5.816472047263931522e+00,-5.548565764339323891e+01,5.843288285315273001e+00,1.910000000000000000e+02,3.968929989826759197e+02,6.135409727524537971e+01,3.457100000000000000e+06,1.703399999999999914e-01,-4.451684610000275484e+02,1.000000000000000000e+00
2.783526725362293810e-03,4.500691792270762256e-03,6.311723565656521817e-01,6.794813622832629463e-01,2.000000000000000000e+01,7.454713107435959052e-02,-3.499283014708126416e+01,6.383927999766996209e+00,-5.009829493984088344e+01,5.716030378615583274e+00,-6.223581142542924738e+01,6.005999629923879368e+00,1.920000000000000000e+02,4.140735269349606256e+02,6.114465845259510957e+01,3.460200000000000000e+06,2.047299999999999953e-01,-6.369791999999262089e+02,1.000000000000000000e+00
2.571768395755822528e-03,4.382269871981578357e-03,6.269702857452532641e-01,5.501571754274876547e-01,2.000000000000000000e+01,7.463206243134395956e-02,-3.713259640468915990e+01,5.815982551575920922e+00,-4.643313178156552112e+01,5.910699756689695938e+00,-6.198140350046747926e+01,6.091293656551528102e+00,1.930000000000000000e+02,4.077728011816959111e+02,6.117941830375414725e+01,3.446800000000000000e+06,1.897300000000000098e-01,-5.281152799999730405e+02,1.000000000000000000e+00
2.676918045240371698e-03,4.440469990383281301e-03,6.451693842642287624e-01,-2.946854035849576503e-01,2.000000000000000000e+01,7.445688458957666622e-02,-3.749021877824998938e+01,5.983289380677010882e+00,-4.826787783668019927e+01,5.940556619082854262e+00,-6.296569410601993155e+01,6.194319855194745372e+00,1.940000000000000000e+02,2.998472911822753417e+02,6.233620291033226124e+01,3.441400000000000000e+06,2.074600000000000055e-01,-6.152615350000151011e+02,1.000000000000000000e+00
2.620760707037841225e-03,4.377210810067144742e-03,6.209309900791963877e-01,6.613557019281579574e-01,2.000000000000000000e+01,7.416154350517537019e-02,-3.327768167004926170e+01,5.967364329168091786e+00,-4.648492285577145822e+01,5.613447797878684753e+00,-6.158499050641805894e+01,6.236315001803584224e+00,1.950000000000000000e+02,5.432426820754823211e+02,5.981430696348463982e+01,3.473900000000000000e+06,2.557200000000000029e-01,-9.086168000001046039e+02,1.000000000000000000e+00
2.646058719550452819e-03,4.973007597821640924e-03,5.487266910164972922e-01,2.329462695791767679e+00,2.000000000000000000e+01,7.109260127295694009e-02,-2.785794559835221307e+01,6.164010971846368037e+00,-4.029431882544805177e+01,5.716387926516573792e+00,-5.514242229035971121e+01,6.546207042845183288e+00,1.960000000000000000e+02,1.032405208570915875e+03,5.603329820573989650e+01,3.608300000000000000e+06,2.747700000000000142e-01,-1.085269761999855973e+03,1.000000000000000000e+00
2.738222773677851610e-03,4.423816970377068315e-03,6.545780396772880039e-01,1.104845623997410042e+00,2.000000000000000000e+01,7.422184412254993757e-02,-3.303723389157608636e+01,5.997924304797352058e+00,-4.553172283316711599e+01,5.792438622607740228e+00,-6.200987450014758906e+01,5.859171305227929949e+00,1.970000000000000000e+02,6.081789412048088934e+02,5.924313080911242935e+01,3.474800000000000000e+06,2.212099999999999900e-01,-6.947244040000376799e+02,1.000000000000000000e+00
2.877614438945237923e-03,4.882443797218590821e-03,4.946899844610937458e-01,2.618222376900114501e-01,2.000000000000000000e+01,8.798961712012810799e-02,-3.704273677075383375e+01,6.942439499220307120e+00,-4.739619030081726692e+01,5.417442624292875486e+00,-5.643394506874199124e+01,6.216056195187395161e+00,1.980000000000000000e+02,3.715816333036686387e+02,6.162328177761607861e+01,3.457100000000000000e+06,1.337500000000000078e-01,-2.902986720000077980e+02,1.000000000000000000e+00
2.737963099026254586e-03,4.505773028638169336e-03,6.454545108858034119e-01,6.031176034011835885e-01,2.000000000000000000e+01,7.415617371505603406e-02,-3.665068883303017344e+01,5.943662775532973619e+00,-4.698114600356353776e+01,5.872640775959114379e+00,-6.372432393529697947e+01,6.517612587680565284e+00,1.990000000000000000e+02,3.731334434495964274e+02,6.153364605379976382e+01,3.456500000000000000e+06,2.374499999999999944e-01,-8.077129500000880853e+02,1.000000000000000000e+00
