3.133869195599998068e-03,4.575683593136858733e-03,6.137023721901923023e-01,3.267145359978681274e+00,2.000000000000000000e+01,7.386868824313644333e-02,-2.438281495343363758e+01,6.234454312005992094e+00,-3.291461654099882139e+01,7.008722478232562558e+00,-5.469790342336679601e+01,6.151721613746157225e+00,0.000000000000000000e+00,1.552729412544153547e+03,5.403162366376927395e+01,3.846500000000000000e+06,3.290399999999999991e-01,-1.522859189999715227e+03,1.000000000000000000e+00
3.176836764536015382e-03,4.861534046417930952e-03,6.380345494220356350e-01,3.311619520661353455e+00,2.000000000000000000e+01,8.259512172845960565e-02,-2.690704517094317438e+01,6.663560539099567137e+00,-3.683346561303421396e+01,6.694825824967606920e+00,-6.432444812890459218e+01,6.597161957480226491e+00,1.000000000000000000e+00,1.420665016993681093e+03,5.408192990141130707e+01,3.795900000000000000e+06,1.690099999999999936e-01,-5.164074000000564411e+02,1.000000000000000000e+00
2.613894506984015820e-03,4.491525993288427755e-03,5.311659908625332438e-01,3.215036031025662044e+00,2.000000000000000000e+01,7.429650328564632589e-02,-2.232408382513267497e+01,6.554439259955138652e+00,-3.990620384568160262e+01,6.019919925013032191e+00,-5.450725376650531473e+01,6.893034052130286859e+00,2.000000000000000000e+00,1.393272953130346650e+03,5.408802286392363357e+01,3.797300000000000000e+06,2.838399999999999812e-01,-1.279722371000180601e+03,1.000000000000000000e+00
2.711464180379195323e-03,4.702978520860680127e-03,5.683914721578956497e-01,3.272788659914282139e+00,2.000000000000000000e+01,7.358030273089211093e-02,-2.337433884301758269e+01,7.056438412237562297e+00,-4.307150522727773279e+01,5.272210060475472027e+00,-5.736477296746924992e+01,6.247682153769754443e+00,3.000000000000000000e+00,1.351903876454432748e+03,5.456403435875549235e+01,3.683700000000000000e+06,3.603000000000000091e-01,-1.814840460999297420e+03,1.000000000000000000e+00
2.882838161183160983e-03,4.084424716731024051e-03,6.156750570933700040e-01,2.962149086683168786e+00,2.000000000000000000e+01,7.983339718664743401e-02,-2.597028762198540619e+01,6.522779265307176999e+00,-3.925926657116528418e+01,6.780865701157001268e+00,-6.072024114241455095e+01,6.422135138572667046e+00,4.000000000000000000e+00,1.305865262652976071e+03,5.459752162817061105e+01,3.742200000000000000e+06,1.244200000000000028e-01,-2.860393000000112806e+02,1.000000000000000000e+00
3.057502045363744581e-03,4.978601755334837245e-03,7.292334205576533890e-01,3.100752666799954316e+00,2.000000000000000000e+01,7.595040695995214364e-02,-2.306434525727791751e+01,6.136422856379475377e+00,-2.884910744980113151e+01,5.593726708504291878e+00,-5.622687231506524341e+01,6.445614885406551586e+00,5.000000000000000000e+00,1.290943060159776905e+03,5.466329397994355332e+01,3.684400000000000000e+06,2.321799999999999975e-01,-7.829574990000816115e+02,1.000000000000000000e+00
3.227991356331849811e-03,4.341606724734744897e-03,6.632840843679019827e-01,3.316799220174014184e+00,2.000000000000000000e+01,6.919964488386266821e-02,-2.412012094464048673e+01,5.875175654483014043e+00,-3.374495790137371642e+01,5.977064667110831842e+00,-6.520986058438242594e+01,5.708273258971064301e+00,6.000000000000000000e+00,1.292610242370637252e+03,5.464147704804707928e+01,3.681800000000000000e+06,2.484500000000000042e-01,-8.862175049999212888e+02,1.000000000000000000e+00
2.799873746801608432e-03,4.446130657857478088e-03,6.387408977108841590e-01,3.470374516811071341e+00,2.000000000000000000e+01,6.792484193642067680e-02,-2.319492851367025921e+01,6.871800824761675308e+00,-3.281346297063153372e+01,5.715525876383981796e+00,-6.329121644123546986e+01,6.244539378646688732e+00,7.000000000000000000e+00,1.280662545770782117e+03,5.469092446608107849e+01,3.671800000000000000e+06,2.744800000000000018e-01,-1.032114000000091437e+03,1.000000000000000000e+00
2.931788691716610482e-03,4.210794068231615145e-03,6.099534812515723381e-01,2.881317487711400283e+00,2.000000000000000000e+01,7.476257558628780775e-02,-2.518279775053822789e+01,5.663459328994102648e+00,-3.660442688164875591e+01,7.191969734540721859e+00,-5.965159863239053095e+01,5.950232797717136535e+00,8.000000000000000000e+00,1.267184739928456565e+03,5.491584971122338033e+01,3.708900000000000000e+06,1.998800000000000021e-01,-6.357531650000380523e+02,1.000000000000000000e+00
2.728434352175743063e-03,4.403050957475091766e-03,5.366026372951364642e-01,2.723121413181477379e+00,2.000000000000000000e+01,8.100683440251900402e-02,-2.758553973793044278e+01,6.539281424183218228e+00,-3.807477992426124302e+01,6.176394495691200248e+00,-5.336748198467827820e+01,6.121285515345389783e+00,9.000000000000000000e+00,1.110775518040725046e+03,5.513774708391859747e+01,3.688900000000000000e+06,2.508099999999999774e-01,-9.426706080000257089e+02,1.000000000000000000e+00
2.657138453594054973e-03,4.350578349298511033e-03,5.755542751156966785e-01,2.463876568897487296e+00,2.000000000000000000e+01,7.429139105480343785e-02,-2.643616623859488968e+01,6.508481898464207660e+00,-4.114086452850051501e+01,5.988795791634615284e+00,-5.855330846471237294e+01,6.546203949589727955e+00,1.000000000000000000e+01,1.073497543861009717e+03,5.525488454946960815e+01,3.692200000000000000e+06,2.624900000000000011e-01,-1.041902187999869511e+03,1.000000000000000000e+00
2.846214059037110826e-03,3.944178835639511153e-03,6.461561141606309011e-01,2.742092993396556988e+00,2.000000000000000000e+01,7.105001038741838582e-02,-2.672746072060379063e+01,6.834788722529171245e+00,-3.543395721279836863e+01,5.532342357404431255e+00,-6.354036826499938684e+01,5.708208114266638766e+00,1.100000000000000000e+01,1.197704275558390009e+03,5.506028091309180894e+01,3.653800000000000000e+06,2.258100000000000107e-01,-7.507669999999017136e+02,1.000000000000000000e+00
3.006191189254711800e-03,3.941991248121614992e-03,6.508869018393868000e-01,2.600840241636301009e+00,2.000000000000000000e+01,7.433445045000226792e-02,-2.820886366512733190e+01,5.758143400504851073e+00,-3.740227862650422708e+01,5.552516791194516799e+00,-5.985570367982935380e+01,6.374256320380483842e+00,1.200000000000000000e+01,1.203397465604852414e+03,5.502606042443665046e+01,3.653200000000000000e+06,2.157799999999999996e-01,-6.925814000000223132e+02,1.000000000000000000e+00
2.959393167636379871e-03,4.165431752648472014e-03,6.390017554523115262e-01,2.824575280274602029e+00,2.000000000000000000e+01,7.438456516878008684e-02,-2.640488416571060171e+01,6.246460403210157608e+00,-3.587796664181598061e+01,6.067031320656249171e+00,-6.144981724855981042e+01,6.093776541003345315e+00,1.300000000000000000e+01,1.191680989960875877e+03,5.506711333641546702e+01,3.653400000000000000e+06,2.258900000000000075e-01,-7.536547529999353401e+02,1.000000000000000000e+00
2.682385060013114074e-03,4.491030418176736316e-03,5.870660592802966482e-01,2.142450657756731935e+00,2.000000000000000000e+01,7.991838727611463855e-02,-2.875098783153537596e+01,5.804155093543482025e+00,-3.741535474653401394e+01,6.373833650683906171e+00,-5.922926964446170928e+01,6.205472722209811387e+00,1.400000000000000000e+01,1.019100967877641210e+03,5.579162331758525539e+01,3.644400000000000000e+06,2.328800000000000037e-01,-7.750829999999640449e+02,1.000000000000000000e+00
2.845634868126722516e-03,4.345907786911996050e-03,6.112405097113258190e-01,2.294733710271591232e+00,2.000000000000000000e+01,7.483079330758293790e-02,-2.765270508363687441e+01,6.383029601443762857e+00,-4.058890100115799271e+01,6.016180700234757595e+00,-6.081710166846991683e+01,6.652154764332307124e+00,1.500000000000000000e+01,1.023287037294628476e+03,5.576754501057967417e+01,3.660400000000000000e+06,1.854800000000000060e-01,-5.578179600000208893e+02,1.000000000000000000e+00
2.524069054839877743e-03,4.545912602022928947e-03,5.716035980974463193e-01,2.171351920044132022e+00,2.000000000000000000e+01,7.414665580961260494e-02,-2.600156739531130157e+01,6.543563650961231382e+00,-4.417519050615366893e+01,6.251916125452305906e+00,-5.685986296575327970e+01,6.774206854881626327e+00,1.600000000000000000e+01,1.041155775831681012e+03,5.551022139909265718e+01,3.728900000000000000e+06,2.681000000000000050e-01,-1.050232239000066556e+03,1.000000000000000000e+00
2.741411406115545728e-03,4.429256259846064275e-03,6.309329858548635706e-01,2.304820511239773495e+00,2.000000000000000000e+01,7.400626316456287990e-02,-3.020256360707296395e+01,6.334901208119319449e+00,-3.917435835773439123e+01,6.137785140287937757e+00,-6.056125642915945662e+01,6.138535163477174095e+00,1.700000000000000000e+01,9.732974519517485987e+02,5.598356298459656699e+01,3.635200000000000000e+06,2.607700000000000018e-01,-9.407146319998754507e+02,1.000000000000000000e+00
2.667611891779022876e-03,4.820188830504498062e-03,6.313612755931805598e-01,2.909075504057565098e+00,2.000000000000000000e+01,8.106918461881919280e-02,-2.512514332589418942e+01,6.064568030817532041e+00,-3.949870489796868611e+01,5.816135231176914111e+00,-6.378911162141120883e+01,5.228653509807430488e+00,1.800000000000000000e+01,9.592531853639876545e+02,5.606223939385758115e+01,3.598700000000000000e+06,2.800300000000000011e-01,-1.065017758000265758e+03,1.000000000000000000e+00
2.712246157155740432e-03,4.454528280308637546e-03,6.079496606990828500e-01,2.412208888841164800e+00,2.000000000000000000e+01,7.413244299008689420e-02,-3.009437717131744705e+01,6.329325539132884870e+00,-4.205360025760522547e+01,5.892386836662611316e+00,-5.855824562801848288e+01,6.037542576297783015e+00,1.900000000000000000e+01,9.510616647125452801e+02,5.622550588989633980e+01,3.606500000000000000e+06,2.573300000000000032e-01,-9.540816000001414068e+02,1.000000000000000000e+00
2.859327857019279811e-03,4.222912623633426690e-03,6.162418288816590151e-01,2.389867968219163252e+00,2.000000000000000000e+01,7.492922971410020949e-02,-2.944962864180631712e+01,6.624809997203417566e+00,-4.423834153486708232e+01,5.797610706798842273e+00,-5.963963283607185417e+01,6.683746078248329781e+00,2.000000000000000000e+01,9.059622978076109803e+02,5.625654835914333773e+01,3.641900000000000000e+06,1.760400000000000020e-01,-5.046135000000591617e+02,1.000000000000000000e+00
3.070423081173750957e-03,3.925105504107835250e-03,6.970975066269766707e-01,1.969116940867807752e+00,2.000000000000000000e+01,7.385619984616034750e-02,-2.764770536829942671e+01,6.714700620362693329e+00,-4.363003206390231981e+01,5.866671337586796042e+00,-6.082043118461497500e+01,5.927578719525124384e+00,2.100000000000000000e+01,9.030626985578825270e+02,5.631772909358810608e+01,3.616000000000000000e+06,2.919100000000000028e-01,-1.087767899999924566e+03,1.000000000000000000e+00
2.673097745151507484e-03,4.094315452250961787e-03,6.554831250113899443e-01,2.008171412200204564e+00,2.000000000000000000e+01,7.367990226280299315e-02,-2.898870699858029099e+01,6.633357945721153115e+00,-4.160268314389804800e+01,5.931022562876347770e+00,-6.270304879054862113e+01,6.062137377561599649e+00,2.200000000000000000e+01,8.710441127892844406e+02,5.642726711995373279e+01,3.608600000000000000e+06,3.071900000000000186e-01,-1.182891600000270500e+03,1.000000000000000000e+00
2.619101182514334790e-03,4.206579713811922985e-03,6.192704332784451093e-01,1.854149968845284713e+00,2.000000000000000000e+01,7.433281395550370152e-02,-3.135338592918669676e+01,6.240444492913517216e+00,-4.184653979405569402e+01,6.073667852451682947e+00,-5.901026844366333535e+01,6.427575039682940528e+00,2.300000000000000000e+01,8.365809888580389497e+02,5.677852908222466510e+01,3.626300000000000000e+06,2.259400000000000019e-01,-7.358516999999031896e+02,1.000000000000000000e+00
2.396070459258152485e-03,4.870504025102921804e-03,5.819032211621181228e-01,1.758257668996391354e+00,2.000000000000000000e+01,7.229190553046388468e-02,-2.793888911366749639e+01,7.280423649219620152e+00,-4.678389919758387094e+01,7.083956179586873070e+00,-6.900704282809576284e+01,5.971546419533569683e+00,2.400000000000000000e+01,8.856859083630816940e+02,5.641564515667445079e+01,3.744500000000000000e+06,1.712899999999999978e-01,-5.064875999999771352e+02,1.000000000000000000e+00
2.435581108479667987e-03,3.896828162196924912e-03,6.093312284127568867e-01,1.835024934110118355e+00,2.000000000000000000e+01,7.822021088298747316e-02,-3.212792358830645867e+01,5.979537266439132637e+00,-4.070123665508033639e+01,5.654690045113494712e+00,-5.742612330945176780e+01,6.343492868660738360e+00,2.500000000000000000e+01,8.467350074956179924e+02,5.670106744942121679e+01,3.615100000000000000e+06,2.217200000000000004e-01,-7.053424110000612473e+02,1.000000000000000000e+00
2.621276628695747880e-03,4.152003051434682498e-03,6.331473552454726095e-01,1.827865192949890583e+00,2.000000000000000000e+01,7.428100132261733490e-02,-3.139492604035103795e+01,6.156381218610775363e+00,-4.062644432923643478e+01,6.086635095939641360e+00,-5.999320262088939870e+01,6.545088577539004859e+00,2.600000000000000000e+01,8.351411465318286673e+02,5.679898834831087129e+01,3.624600000000000000e+06,2.252000000000000113e-01,-7.088958380000775605e+02,1.000000000000000000e+00
2.373416057072866986e-03,4.059978374009681409e-03,5.446490442918746622e-01,1.822107739753045186e+00,2.000000000000000000e+01,7.549231113825108364e-02,-2.788426145887112639e+01,6.598019866605519645e+00,-4.776101745174534585e+01,6.531922254863962607e+00,-6.143317489604943660e+01,5.816344416167028797e+00,2.700000000000000000e+01,8.125785705308178422e+02,5.683789913432278951e+01,3.632900000000000000e+06,2.364999999999999880e-01,-8.004273700001684801e+02,1.000000000000000000e+00
2.648587979171723294e-03,4.181760298353314788e-03,6.352379177563156620e-01,1.751910649594559111e+00,2.000000000000000000e+01,7.421949197151561650e-02,-3.140984360303954404e+01,6.108535518970389155e+00,-4.236895610658723399e+01,6.075292739110285112e+00,-5.849332046092469284e+01,6.810355765863041810e+00,2.800000000000000000e+01,8.109050097699996513e+02,5.692523189830083652e+01,3.638200000000000000e+06,2.337700000000000056e-01,-7.556713999999692533e+02,1.000000000000000000e+00
2.586638712406620286e-03,4.455147699550153495e-03,6.601033052933249490e-01,1.758463166841493841e+00,2.000000000000000000e+01,7.386961849009585079e-02,-3.289505914128221065e+01,6.317473290291585997e+00,-4.065824468815043247e+01,6.280954521609480423e+00,-6.072539751334079483e+01,6.074219658619937512e+00,2.900000000000000000e+01,8.072512028223344487e+02,5.712592627991136851e+01,3.612300000000000000e+06,2.470999999999999863e-01,-7.879971539999211245e+02,1.000000000000000000e+00
2.866938540533525356e-03,4.291238859923107718e-03,5.942572541538065911e-01,1.902127725650788692e+00,2.000000000000000000e+01,7.408368306785752255e-02,-3.500941185109167009e+01,6.411722666873682641e+00,-4.203284384908286597e+01,6.590397822798067295e+00,-5.890067456467731688e+01,6.447388857022462894e+00,3.000000000000000000e+01,7.580769850443286941e+02,5.725507794153212160e+01,3.663600000000000000e+06,3.123000000000000220e-01,-1.412575826999855735e+03,1.000000000000000000e+00
2.891048608315251699e-03,4.442471984330644691e-03,6.076136350965893884e-01,1.738840181272349295e+00,2.000000000000000000e+01,7.091431759080955854e-02,-2.911065212193117802e+01,7.490684547970327678e+00,-4.637530278354721958e+01,6.463825985121360418e+00,-7.162819302474210303e+01,5.905931535738430327e+00,3.100000000000000000e+01,7.076398404101290680e+02,5.767748854181468232e+01,3.589700000000000000e+06,3.625999999999999779e-01,-1.627309199999415114e+03,1.000000000000000000e+00
2.603355121291642867e-03,3.558309533952783415e-03,6.599927446438484946e-01,1.988525138876003240e+00,2.000000000000000000e+01,7.164538921264229643e-02,-3.564618557243121444e+01,6.668284921672058552e+00,-5.268561438574072753e+01,5.687395303629751098e+00,-5.344803868204291319e+01,7.656203631661797182e+00,3.200000000000000000e+01,7.158611722607913634e+02,5.742332254155323312e+01,3.717700000000000000e+06,1.819199999999999984e-01,-4.169828000000157431e+02,1.000000000000000000e+00
2.470843196130413904e-03,4.734452008541022161e-03,6.259721235979239795e-01,1.535118833304189412e+00,2.000000000000000000e+01,7.767616534281587826e-02,-3.358646812405979176e+01,5.826447732640261279e+00,-4.676562815839751863e+01,5.699547302972614027e+00,-6.200758958402661847e+01,6.252885362072236219e+00,3.300000000000000000e+01,6.774156316727795684e+02,5.781144404384582458e+01,3.611400000000000000e+06,2.403000000000000136e-01,-8.062912199998982032e+02,1.000000000000000000e+00
2.403199970970849690e-03,4.040118820641104211e-03,6.460743568580054053e-01,1.473048802661585555e+00,2.000000000000000000e+01,7.374623981454464516e-02,-2.934122898326331708e+01,6.104180998255424484e+00,-4.640448326744583341e+01,6.008097977627114616e+00,-6.125609037150680791e+01,7.224817350966453944e+00,3.400000000000000000e+01,6.611214587988122275e+02,5.793903581262175351e+01,3.601600000000000000e+06,2.808399999999999785e-01,-9.653651999999273130e+02,1.000000000000000000e+00
2.372075030846270381e-03,4.046702881326802448e-03,5.687350979227232539e-01,1.633640644358757443e+00,2.000000000000000000e+01,7.547007798775218212e-02,-3.173629481740992020e+01,6.509761412594762930e+00,-4.406668425762362062e+01,6.029317659151913311e+00,-6.352322156835229805e+01,6.840650361283774572e+00,3.500000000000000000e+01,6.715324712630392696e+02,5.789918570716591262e+01,3.600100000000000000e+06,1.403000000000000080e-01,-3.380904920000015181e+02,1.000000000000000000e+00
2.684611396831172031e-03,4.274558140717301877e-03,6.387677460418965669e-01,1.362195918630735081e+00,2.000000000000000000e+01,7.390584365356009378e-02,-3.342890456023832968e+01,6.318899203405772269e+00,-4.459121326187991485e+01,5.919351248282778144e+00,-6.198938136585865522e+01,6.399043452514101560e+00,3.600000000000000000e+01,6.204260259144438123e+02,5.856695771655925853e+01,3.550500000000000000e+06,2.824800000000000089e-01,-1.068988000000236752e+03,1.000000000000000000e+00
2.644070607833249112e-03,4.419737326666125544e-03,6.668893508652233848e-01,1.191452982867252430e+00,2.000000000000000000e+01,6.826137425229258926e-02,-3.702163717039485391e+01,5.958517804964987619e+00,-4.140489250370885799e+01,5.500254101715478683e+00,-5.498864072509260836e+01,5.970523380821147974e+00,3.700000000000000000e+01,6.267987953107071917e+02,5.852402853007917827e+01,3.576100000000000000e+06,2.762200000000000211e-01,-1.002839999999740940e+03,1.000000000000000000e+00
2.579194398208827822e-03,4.268052053096728013e-03,6.235347095033233478e-01,7.113066074018015161e-01,2.000000000000000000e+01,7.457763028006555994e-02,-3.606021246277687453e+01,6.950981363251815814e+00,-4.494634292667385012e+01,5.671194666325986233e+00,-5.880467914704848909e+01,7.749309836145872765e+00,3.800000000000000000e+01,5.531754489085770956e+02,5.904890065746803884e+01,3.685800000000000000e+06,2.008900000000000130e-01,-5.809649860000190529e+02,1.000000000000000000e+00
2.180093371865029356e-03,4.656867000630399676e-03,4.929374264158117858e-01,1.249683350987438768e+00,2.000000000000000000e+01,7.875176068934999773e-02,-3.304933955486665553e+01,6.669422247219541688e+00,-4.905918403534232652e+01,6.161200922504586508e+00,-7.347625080343165394e+01,6.581871944860601786e+00,3.900000000000000000e+01,5.674710241860518636e+02,5.882805771372934345e+01,3.551600000000000000e+06,2.121200000000000030e-01,-6.764207999999947560e+02,1.000000000000000000e+00
2.671835008163881038e-03,4.064125384905932677e-03,6.361024544615315746e-01,1.228007245920604396e+00,2.000000000000000000e+01,6.887770298757199539e-02,-3.443691948485312793e+01,6.452074939961559785e+00,-5.089896136873321808e+01,6.719471241268754724e+00,-5.455601685699543424e+01,6.367469646797442095e+00,4.000000000000000000e+01,6.101586042081098640e+02,5.857147929455056357e+01,3.586400000000000000e+06,2.185999999999999888e-01,-6.436356000000200765e+02,1.000000000000000000e+00
2.932276364970491048e-03,4.418479342658635303e-03,6.685360198553131905e-01,1.176709981137249894e+00,2.000000000000000000e+01,8.820733397095199824e-02,-3.526926462570880005e+01,7.731756106176891130e+00,-4.899188315540438055e+01,5.747157807705035815e+00,-7.028064521643779017e+01,7.821189027581308295e+00,4.100000000000000000e+01,5.563807417539105700e+02,5.883390580838292294e+01,3.638600000000000000e+06,2.792399999999999882e-01,-1.051582911000214835e+03,1.000000000000000000e+00
2.638840923252244990e-03,4.142972623735176330e-03,6.398454355676992389e-01,1.477973520354961323e+00,2.000000000000000000e+01,7.474270358953785665e-02,-3.400182986737103619e+01,6.354372132913371551e+00,-4.553191766674693497e+01,6.515973872528771693e+00,-5.978886939988515792e+01,6.943800579997945199e+00,4.200000000000000000e+01,6.299452116318603885e+02,5.807782653681305618e+01,3.647700000000000000e+06,1.757299999999999973e-01,-4.514466439999978320e+02,1.000000000000000000e+00
2.237074928602465242e-03,4.032883626441042396e-03,6.371837216850535501e-01,6.905042060394032122e-01,2.000000000000000000e+01,7.863420644924527803e-02,-3.726306159652004624e+01,6.150175221622532717e+00,-4.574931358621967803e+01,6.865605251496262440e+00,-6.289503628041728689e+01,5.852697798256106587e+00,4.300000000000000000e+01,5.463118841736167042e+02,5.911283986099187615e+01,3.584900000000000000e+06,1.922800000000000065e-01,-4.672809439999824690e+02,1.000000000000000000e+00
2.693939614544952049e-03,3.943835945487646211e-03,5.875651979759465293e-01,1.471537826422639750e+00,2.000000000000000000e+01,7.971769765806011043e-02,-2.872247929586941595e+01,6.911233010471376836e+00,-4.468000338016100415e+01,5.808761674368914996e+00,-6.099577597955519082e+01,6.194633325561214932e+00,4.400000000000000000e+01,6.040979208063814667e+02,5.872550171775480266e+01,3.548100000000000000e+06,1.890999999999999903e-01,-5.029879999999554343e+02,1.000000000000000000e+00
2.870246862696905574e-03,4.108956627195751478e-03,6.921609038897769128e-01,1.440861189266810616e+00,2.000000000000000000e+01,8.537858379494098204e-02,-3.090926753886769163e+01,4.732940806553927793e+00,-5.447649629113433178e+01,6.871781859859551034e+00,-5.950542366129375438e+01,5.494331244592604691e+00,4.500000000000000000e+01,6.033633501437783480e+02,5.875038799513950494e+01,3.546300000000000000e+06,2.386300000000000088e-01,-7.556537730001043656e+02,1.000000000000000000e+00
2.459249311357340241e-03,4.505047526445454809e-03,6.020874826800648449e-01,2.015104719247643228e+00,2.000000000000000000e+01,7.434760636163745273e-02,-3.294524254986959022e+01,6.805519420287051702e+00,-4.595140180286519183e+01,6.242221009516363495e+00,-6.554726822283515730e+01,6.324033961039868146e+00,4.600000000000000000e+01,5.965735758937699984e+02,5.878700100547194296e+01,3.570800000000000000e+06,2.081699999999999939e-01,-6.457360260000862127e+02,1.000000000000000000e+00
2.493959171288392777e-03,4.069712814104755466e-03,6.539154298980323077e-01,1.018705553141616038e+00,2.000000000000000000e+01,7.200801452419904047e-02,-3.177410295491732839e+01,6.591841017291480753e+00,-4.664158656229979272e+01,6.337037366888687906e+00,-5.693852759821733400e+01,6.108109259651070211e+00,4.700000000000000000e+01,5.987877402535461897e+02,5.876687603111110292e+01,3.592700000000000000e+06,1.599800000000000111e-01,-3.611732150000097477e+02,1.000000000000000000e+00
2.565285693763652043e-03,4.058934851228661496e-03,6.121984033985922169e-01,8.302125689272262798e-01,2.000000000000000000e+01,7.575138442544786244e-02,-3.570511674389828016e+01,6.273773457406291776e+00,-4.490405978297734180e+01,6.542899193228135957e+00,-6.120408133935880102e+01,7.111554238012060658e+00,4.800000000000000000e+01,5.332114123267625700e+02,5.915076319731475252e+01,3.629400000000000000e+06,1.223599999999999965e-01,-2.579534999999882530e+02,1.000000000000000000e+00
2.585540583360844760e-03,4.308472952376646986e-03,6.758509343352370191e-01,2.606991953662651795e-01,2.000000000000000000e+01,7.403022960140744069e-02,-3.553982690144000145e+01,6.645077162130313297e+00,-4.726765806448842966e+01,6.517879218466787528e+00,-5.802775141165693640e+01,7.465985811971764363e+00,4.900000000000000000e+01,5.069541045579316005e+02,5.926030970956647081e+01,3.701500000000000000e+06,2.347100000000000020e-01,-6.945134000000841752e+02,1.000000000000000000e+00
2.395737665834161458e-03,4.222485419632802245e-03,6.573218400219226210e-01,4.367198002973069482e-01,2.000000000000000000e+01,7.430858079611615818e-02,-3.308250307624359010e+01,6.476388050288930387e+00,-4.712275961121725487e+01,6.285032513918658914e+00,-6.243774724625087913e+01,6.980944756063514944e+00,5.000000000000000000e+01,4.911980219430602688e+02,5.947236709355043871e+01,3.603200000000000000e+06,1.989799999999999902e-01,-5.088326569999985622e+02,1.000000000000000000e+00
2.779163261653248840e-03,4.120261724421802121e-03,6.195669556208902584e-01,5.432134517797460038e-01,2.000000000000000000e+01,7.477614905104101872e-02,-3.180819745364260598e+01,6.477760218379791546e+00,-4.953827622860932678e+01,5.946695207211977419e+00,-6.350931839828412961e+01,6.640452084413788647e+00,5.100000000000000000e+01,4.412469574677576247e+02,6.001710760553432777e+01,3.595000000000000000e+06,1.820499999999999896e-01,-4.504992000000227108e+02,1.000000000000000000e+00
2.361235419689878060e-03,3.861383722219720142e-03,6.001352654642373441e-01,5.363131077458971330e-01,2.000000000000000000e+01,6.972249857455278810e-02,-3.609414539314773407e+01,5.849124240139481401e+00,-4.949559406031958275e+01,6.453663348015072465e+00,-6.384554769809810892e+01,6.299176363003545553e+00,5.200000000000000000e+01,4.308816575183071222e+02,6.011873552147152111e+01,3.592300000000000000e+06,2.649799999999999933e-01,-8.972232000000325343e+02,1.000000000000000000e+00
3.053432430697897507e-03,4.292236510537571041e-03,5.958746094548401651e-01,5.309121510893592966e-01,2.000000000000000000e+01,6.816543639030003821e-02,-3.882293962378691532e+01,6.840316151038058123e+00,-5.562411219340850010e+01,7.292754889587179434e+00,-5.611901787333080449e+01,7.752038510678898930e+00,5.300000000000000000e+01,4.361152816718978897e+02,6.008326512114130225e+01,3.698800000000000000e+06,1.906400000000000039e-01,-5.237368500000227414e+02,1.000000000000000000e+00
2.746784912265862189e-03,4.543670214176965746e-03,6.634378998983699871e-01,5.051680440589754184e-01,2.000000000000000000e+01,7.627138203529133798e-02,-3.451587537559798591e+01,6.262306834948637935e+00,-5.268754265168843176e+01,5.991253399174931715e+00,-5.567990443676769985e+01,7.600762352927223908e+00,5.400000000000000000e+01,4.598574137472965049e+02,5.970483578653427514e+01,3.706700000000000000e+06,1.495799999999999907e-01,-3.681344670000111705e+02,1.000000000000000000e+00
2.556405346119417724e-03,4.241548265368902566e-03,6.655824434438670778e-01,6.775924491704746755e-01,2.000000000000000000e+01,7.431898453275359584e-02,-3.226467148510702998e+01,6.681762576038345003e+00,-5.133547976315087169e+01,6.270366523240294754e+00,-6.073305919537652642e+01,7.049863280091534179e+00,5.500000000000000000e+01,4.736285037273951843e+02,5.957249150789816383e+01,3.612700000000000000e+06,2.021300000000000041e-01,-5.392307999999827643e+02,1.000000000000000000e+00
2.245579080633032520e-03,4.161449638406854515e-03,6.751914699206092996e-01,-3.184512726882685607e-01,2.000000000000000000e+01,7.670838378625455256e-02,-3.561658923709136104e+01,6.551243016415437381e+00,-4.950786085132541814e+01,6.554993691432990488e+00,-6.090366080268868387e+01,7.247996443195142469e+00,5.600000000000000000e+01,3.657834322362148782e+02,6.077467062129515796e+01,3.626200000000000000e+06,8.053399999999999448e-02,-9.111313900000126864e+01,1.000000000000000000e+00
2.322251135439426170e-03,4.223806565881366160e-03,6.574839052163876651e-01,4.657528062982040917e-01,2.000000000000000000e+01,7.430828748757885294e-02,-3.357406627778807717e+01,6.477277879124784477e+00,-4.733833804447877469e+01,6.296249001681499813e+00,-6.268891503753816608e+01,6.959694823611892289e+00,5.700000000000000000e+01,4.637430966494264339e+02,5.966083890359834641e+01,3.594600000000000000e+06,1.928700000000000137e-01,-4.687343999999662287e+02,1.000000000000000000e+00
2.512330073043200513e-03,4.037925366287675906e-03,6.216319653676016799e-01,8.215311717175752815e-01,2.000000000000000000e+01,7.861312149069572819e-02,-3.707501714326513564e+01,7.095409884544833901e+00,-4.931903185862574901e+01,6.506493901726113194e+00,-6.184496199276872375e+01,6.355930435559400848e+00,5.800000000000000000e+01,4.512887999722878476e+02,5.991442462138278557e+01,3.605500000000000000e+06,2.639099999999999779e-01,-1.000678952999909257e+03,1.000000000000000000e+00
2.472460301694926962e-03,4.214136784259832694e-03,6.586177721885465575e-01,1.145263640297065899e-01,2.000000000000000000e+01,7.431553561930909213e-02,-3.521205204789702492e+01,6.479400846205603415e+00,-4.758885397915989302e+01,6.273322930528088648e+00,-6.126470981832513729e+01,7.345499645731973004e+00,5.900000000000000000e+01,4.214579473483282186e+02,6.013043558559758850e+01,3.618100000000000000e+06,2.041000000000000036e-01,-5.468888000000555394e+02,1.000000000000000000e+00
2.471491662510161454e-03,4.293157925929515922e-03,6.441589780510128538e-01,3.819324666313180794e-01,2.000000000000000000e+01,7.412579920381875964e-02,-3.469776465326644654e+01,6.357082437637044947e+00,-4.842165020297379385e+01,6.330182600353186473e+00,-6.018638422254682041e+01,6.995634539139211405e+00,6.000000000000000000e+01,4.524810281330750854e+02,5.986995981670874301e+01,3.600200000000000000e+06,2.305699999999999972e-01,-7.032494460000527852e+02,1.000000000000000000e+00
2.451035692736975267e-03,4.216470446198543331e-03,6.580125265920931943e-01,2.012586509954468472e-01,2.000000000000000000e+01,7.431800535092709936e-02,-3.413625715050593357e+01,6.473653886260341217e+00,-4.761695632415747070e+01,6.242879633492233182e+00,-6.123485316151985813e+01,7.554790666287628298e+00,6.100000000000000000e+01,4.537730424184599087e+02,5.980612438507930051e+01,3.634900000000000000e+06,2.038099999999999912e-01,-5.351349999999789588e+02,1.000000000000000000e+00
2.520859868619750640e-03,4.170823561606523157e-03,6.511593326636979651e-01,5.047890566628978615e-01,2.000000000000000000e+01,7.388430103032647689e-02,-3.603824960517518150e+01,6.471135644543235976e+00,-4.832464042127352855e+01,6.340082996256995784e+00,-6.077736476334449378e+01,7.060089840470997302e+00,6.200000000000000000e+01,4.157770349509775087e+02,6.022209611562404774e+01,3.599800000000000000e+06,2.746700000000000252e-01,-9.456233489999797257e+02,1.000000000000000000e+00
2.380739366195740170e-03,4.238600131277428518e-03,6.062301292274042686e-01,2.485003883075020403e-01,2.000000000000000000e+01,8.036036395946533073e-02,-3.527907327560419048e+01,6.281579428430976719e+00,-5.019996743545333118e+01,6.965843389793626272e+00,-6.380596864167576143e+01,6.765946866553087524e+00,6.300000000000000000e+01,4.105294274466683078e+02,6.043019713262849280e+01,3.569100000000000000e+06,1.676999999999999880e-01,-4.285727819999826238e+02,1.000000000000000000e+00
2.438447998952527306e-03,4.325180136051045079e-03,6.413393811040706272e-01,-4.420706924719432496e-01,2.000000000000000000e+01,7.472381627186153175e-02,-3.705956070234952193e+01,6.564844928778348354e+00,-4.932735524598680854e+01,6.235475323570661033e+00,-6.094915907974037594e+01,7.680740935107808198e+00,6.400000000000000000e+01,3.081744759464328922e+02,6.130768855616008040e+01,3.616900000000000000e+06,1.716199999999999948e-01,-4.095044129999735105e+02,1.000000000000000000e+00
2.426527002691549612e-03,4.302843506786958525e-03,6.574009229419284228e-01,9.735829921698734013e-02,2.000000000000000000e+01,7.439063164254311467e-02,-3.450401150268646688e+01,6.374951510212810923e+00,-4.883379909218717074e+01,6.314929592841062700e+00,-6.107511432554935027e+01,7.319417468582247288e+00,6.500000000000000000e+01,4.123267490485990265e+02,6.028299054479139585e+01,3.606400000000000000e+06,1.927300000000000124e-01,-4.823257999999716503e+02,1.000000000000000000e+00
2.325167945237699256e-03,4.349270235719562491e-03,6.258096508209916031e-01,1.004400690952027275e-01,2.000000000000000000e+01,7.487729478151228246e-02,-3.598403798813171051e+01,6.591881845859019151e+00,-4.995508871042872556e+01,6.603280536221693531e+00,-6.097731987622746885e+01,7.079173029531739658e+00,6.600000000000000000e+01,3.548974873642538910e+02,6.078000700418225932e+01,3.614700000000000000e+06,1.536500000000000088e-01,-3.447199999999671149e+02,1.000000000000000000e+00
2.426160508714942255e-03,4.425591827297794059e-03,6.256929772249845145e-01,-6.656442942590475864e-01,2.000000000000000000e+01,7.670205282097117272e-02,-3.629686195077384525e+01,7.032605348155243519e+00,-5.217091765253753977e+01,6.307223030866516034e+00,-6.150024335588373958e+01,7.373732816916703570e+00,6.700000000000000000e+01,2.798266151830101762e+02,6.176739214619493623e+01,3.621300000000000000e+06,8.516300000000000259e-02,-1.250203820000021011e+02,1.000000000000000000e+00
2.940542721589266620e-03,4.308904605514686688e-03,7.887547730682994418e-01,-6.986426407836316965e-01,2.000000000000000000e+01,8.052101643748423021e-02,-3.382501286205464908e+01,6.150736530101754695e+00,-4.931981466747308929e+01,6.137183009420345670e+00,-5.787325642398513281e+01,8.482455475606355932e+00,6.800000000000000000e+01,2.873746894798258040e+02,6.137285357423790799e+01,3.717400000000000000e+06,2.199500000000000066e-01,-5.628053759999539807e+02,1.000000000000000000e+00
2.340566512878651528e-03,4.374824374382177417e-03,6.294473109891913776e-01,3.513050400150383862e-02,2.000000000000000000e+01,7.483320364603693320e-02,-3.698012341161137329e+01,6.709596421289454327e+00,-4.887853704283647005e+01,6.581914815332030599e+00,-6.152690496239979012e+01,6.970783650044008795e+00,6.900000000000000000e+01,3.445947896628642297e+02,6.092391608718509133e+01,3.614300000000000000e+06,1.565300000000000025e-01,-3.544258860000339268e+02,1.000000000000000000e+00
2.449124038300806543e-03,4.617714416948316344e-03,4.864954554171437850e-01,-2.092043028137509919e-01,2.000000000000000000e+01,6.432338679559461425e-02,-4.168341650668922682e+01,7.877988429387890790e+00,-5.110950128343001353e+01,5.665542278965832068e+00,-6.652218468867600620e+01,8.244515676067821985e+00,7.000000000000000000e+01,3.163499250857846619e+02,6.124084850344581810e+01,3.609300000000000000e+06,1.294599999999999917e-01,-2.794788000000077091e+02,1.000000000000000000e+00
2.450569122604350815e-03,4.342866629799009733e-03,6.603471951053807576e-01,-1.564427569828539533e-01,2.000000000000000000e+01,7.469929646318616834e-02,-3.533875020571753112e+01,6.417817629813956870e+00,-4.958449717449175864e+01,6.281219638777470138e+00,-6.062048254877321085e+01,7.204807393102904634e+00,7.100000000000000000e+01,3.762217536107016826e+02,6.076060332278418485e+01,3.594200000000000000e+06,1.609899999999999942e-01,-3.602152999999870531e+02,1.000000000000000000e+00
2.294775443892699274e-03,4.447566376648307181e-03,6.871980128494101780e-01,-8.606768014236061415e-01,2.000000000000000000e+01,7.548274268592342073e-02,-3.875775789068978128e+01,6.666461005486924662e+00,-4.767428765497622578e+01,6.402584405344679652e+00,-6.126352353713834731e+01,7.553855822216565485e+00,7.200000000000000000e+01,2.833993985800680093e+02,6.168783775028785499e+01,3.631700000000000000e+06,1.085399999999999976e-01,-1.638630000000041775e+02,1.000000000000000000e+00
2.263545491755270672e-03,3.655112012974026658e-03,5.679733005270478641e-01,-7.404972793200714776e-01,2.000000000000000000e+01,7.495238250169271310e-02,-3.798819955435846651e+01,6.489990454095487138e+00,-5.938214874905392548e+01,5.974811382890740319e+00,-6.366648153043442449e+01,7.349154396265763722e+00,7.300000000000000000e+01,8.876866216158926193e+01,6.824942624630861587e+01,3.433400000000000000e+06,2.033999999999999975e-01,-6.242630239999931518e+02,1.000000000000000000e+00
2.296416340251158754e-03,4.311407235431237613e-03,6.382774494154190847e-01,-2.157694543099566431e-01,2.000000000000000000e+01,7.508785628435009352e-02,-3.728081452506280868e+01,6.681844716842270770e+00,-5.013661798152860172e+01,6.662631437501526754e+00,-6.164760649117184244e+01,7.287075213269229579e+00,7.400000000000000000e+01,2.842500707030192757e+02,6.152620532881124404e+01,3.619700000000000000e+06,1.381300000000000028e-01,-2.766667949999788334e+02,1.000000000000000000e+00
2.428893160584279926e-03,4.215487729228357787e-03,6.721817267723251277e-01,-5.587521741434371414e-01,2.000000000000000000e+01,7.473299158370967643e-02,-3.602758756550552732e+01,6.507498386626662246e+00,-4.880807432524380118e+01,6.314606425773542142e+00,-6.198784527129961219e+01,7.669115011250768887e+00,7.500000000000000000e+01,3.238133279169635443e+02,6.123196527661609423e+01,3.615800000000000000e+06,1.568900000000000017e-01,-3.357701489999917612e+02,1.000000000000000000e+00
2.429292681531291902e-03,4.215931429811174518e-03,6.733867621796485459e-01,-2.756591706376866346e-01,2.000000000000000000e+01,7.449104886955661142e-02,-3.570308125384991627e+01,6.512616426257756608e+00,-4.926051474350295223e+01,6.314833988854861246e+00,-6.182329538769778310e+01,7.533314383649352131e+00,7.600000000000000000e+01,3.372304436778921399e+02,6.099727944891227338e+01,3.609200000000000000e+06,1.776399999999999924e-01,-4.057256369999898311e+02,1.000000000000000000e+00
2.169346519067965207e-03,4.301449285658938936e-03,5.349801772956607193e-01,-1.480439606585068624e-01,2.000000000000000000e+01,7.905932809007312767e-02,-3.552325971878429556e+01,7.113776605625842464e+00,-4.769757760822168535e+01,6.478972401494109690e+00,-6.020391011022388739e+01,7.076722354455143638e+00,7.700000000000000000e+01,2.587907336220325760e+02,6.177550034128964285e+01,3.639100000000000000e+06,1.650500000000000023e-01,-3.988711999999849809e+02,1.000000000000000000e+00
2.518745407975764468e-03,4.280009666851690604e-03,6.140282522050606318e-01,-4.770794744262097341e-03,2.000000000000000000e+01,7.519135178972033429e-02,-3.698471034982571126e+01,6.855478562294123890e+00,-5.085569141710471541e+01,6.192525410124501306e+00,-5.960257550927872927e+01,6.896154948806640483e+00,7.800000000000000000e+01,3.399402617637342701e+02,6.093247398753705113e+01,3.618400000000000000e+06,1.634299999999999919e-01,-3.911166690000245012e+02,1.000000000000000000e+00
2.390305039357108405e-03,4.320375442409268504e-03,6.356424918435338300e-01,2.894896696769948263e-02,2.000000000000000000e+01,7.482700041589041007e-02,-3.709820612653258820e+01,6.569108791181657914e+00,-4.892621321827311931e+01,6.610580949236208426e+00,-6.148802933879952093e+01,6.958921453072560936e+00,7.900000000000000000e+01,3.350898811443477712e+02,6.107314276035908307e+01,3.601600000000000000e+06,1.576700000000000046e-01,-3.590591689999669711e+02,1.000000000000000000e+00
2.585234434169585756e-03,4.555113503996342447e-03,6.461061131833273352e-01,-1.122001551179192293e-02,2.000000000000000000e+01,7.937990935417155169e-02,-3.801245792753852015e+01,7.002811181524976725e+00,-4.715589929381033585e+01,5.990288650329645748e+00,-5.595909370008144634e+01,6.323050827367930893e+00,8.000000000000000000e+01,3.329527762764188878e+02,6.107682305517656829e+01,3.606300000000000000e+06,1.663999999999999924e-01,-3.994351649999763936e+02,1.000000000000000000e+00
2.382842685033894660e-03,4.004662986636965682e-03,6.163564828160881248e-01,8.788044974622655214e-03,2.000000000000000000e+01,7.562109686696437405e-02,-3.485997333659932451e+01,6.332547884030585550e+00,-5.060082644778641736e+01,6.263019810374208518e+00,-5.988092633662743935e+01,7.455403006747959971e+00,8.100000000000000000e+01,3.829721122801264528e+02,6.066064368938829432e+01,3.602600000000000000e+06,1.243100000000000038e-01,-2.489430220000046461e+02,1.000000000000000000e+00
2.257026684920570431e-03,4.153610877686274641e-03,6.330594666155063832e-01,-9.530653893764336193e-02,2.000000000000000000e+01,7.770456731070658762e-02,-3.554667449615023145e+01,7.080218274798332878e+00,-4.754814188813800513e+01,6.516391295900456626e+00,-6.663608372447185957e+01,7.617644883521125898e+00,8.200000000000000000e+01,3.249992635793826139e+02,6.111373985418057941e+01,3.635800000000000000e+06,6.622899999999999621e-02,-7.162181600000023707e+01,1.000000000000000000e+00
2.419036226503946951e-03,4.174332146781731083e-03,6.317082808346886624e-01,-9.630801334269994962e-01,2.000000000000000000e+01,9.183871282021342786e-02,-4.481980494092642431e+01,7.201786651079860491e+00,-3.845018145983515723e+01,6.595474153270913575e+00,-7.744109455699906164e+01,8.476393028272163122e+00,8.300000000000000000e+01,1.602229816878151496e+02,6.359434479529168271e+01,3.552400000000000000e+06,5.886299999999999866e-02,-5.498955999999936495e+01,1.000000000000000000e+00
2.435301722664048353e-03,4.971911098325390230e-03,6.994650136243476535e-01,-8.728245352935988244e-01,2.000000000000000000e+01,7.312210638769359172e-02,-3.405630531144417716e+01,6.906938830501894167e+00,-5.475154592213269922e+01,6.394327182741804450e+00,-5.919186273757644301e+01,6.731025860999714006e+00,8.400000000000000000e+01,2.049540456181618708e+02,6.257065758619071971e+01,3.612600000000000000e+06,1.195299999999999974e-01,-2.032364999999917927e+02,1.000000000000000000e+00
2.413759851922222567e-03,3.975654495080226287e-03,6.241509316635518445e-01,3.469090737017723608e-02,2.000000000000000000e+01,7.783424524594899363e-02,-3.812070122176838538e+01,6.585760991469950199e+00,-4.772608168567295195e+01,6.595733041604376012e+00,-6.020341939022451072e+01,6.640407982193273106e+00,8.500000000000000000e+01,3.390009140589083358e+02,6.095350091559064509e+01,3.616600000000000000e+06,1.550499999999999934e-01,-3.538301610000216328e+02,1.000000000000000000e+00
2.206249671285458614e-03,4.781279351171684004e-03,6.373427195008698476e-01,-8.385928005900791238e-01,2.000000000000000000e+01,8.078765635845086557e-02,-3.595842268583442092e+01,6.116837331410480694e+00,-5.194111520949966376e+01,5.917075608617293980e+00,-5.898207448801330344e+01,7.714482683463704582e+00,8.600000000000000000e+01,2.416048509724728035e+02,6.202494637233753139e+01,3.610900000000000000e+06,1.622000000000000108e-01,-3.234554099999901382e+02,1.000000000000000000e+00
2.409046799540619666e-03,4.479000965594339204e-03,6.227356292480027422e-01,-7.053642339317283128e-01,2.000000000000000000e+01,7.657034510716068110e-02,-3.746339416751926876e+01,7.083608889773169714e+00,-5.326524522761766889e+01,6.317672907439924934e+00,-6.123852013254045801e+01,7.452880723088275872e+00,8.700000000000000000e+01,2.166258870668764871e+02,6.251487520580172230e+01,3.614400000000000000e+06,8.865900000000000170e-02,-1.361085000000061598e+02,1.000000000000000000e+00
2.321076357547539361e-03,3.732159043083413657e-03,5.998828710625492278e-01,-6.621755473964480165e-01,2.000000000000000000e+01,7.718522797464540119e-02,-3.570004079910660266e+01,6.883696183886650388e+00,-5.777547791750451722e+01,6.275127603502907547e+00,-6.067459986911664060e+01,8.075444071496008291e+00,8.800000000000000000e+01,1.719884367069431903e+02,6.337494900874872883e+01,3.603100000000000000e+06,8.109800000000000342e-02,-1.160505000000011222e+02,1.000000000000000000e+00
2.562226109502391443e-03,4.251454283879251700e-03,7.468757666467173983e-01,-7.622643293270641163e-01,2.000000000000000000e+01,7.353222331753056507e-02,-4.093176808502161634e+01,7.134641434325741827e+00,-5.282014920236562006e+01,6.225982908593014287e+00,-5.926760977593639268e+01,7.755381065716322908e+00,8.900000000000000000e+01,1.624151397256038081e+02,6.351299630903617555e+01,3.628700000000000000e+06,2.726000000000000090e-01,-7.949885999998899706e+02,1.000000000000000000e+00
2.359310702255032217e-03,4.718303726690028545e-03,6.432075084069301951e-01,-8.936026271365851148e-01,2.000000000000000000e+01,7.459144550088160630e-02,-3.704627979857404085e+01,6.773072073910136659e+00,-5.422346289643046902e+01,6.322531930710708181e+00,-6.089217443651552486e+01,7.259769716786633964e+00,9.000000000000000000e+01,1.849589670607365690e+02,6.294833045759263968e+01,3.572100000000000000e+06,1.693999999999999950e-01,-3.952880909999992127e+02,1.000000000000000000e+00
2.325897078140317514e-03,4.397095368368066255e-03,6.783196331254328637e-01,-2.356956847385902054e-01,2.000000000000000000e+01,7.459168563230941795e-02,-3.652929014497588867e+01,6.839875580324676463e+00,-4.935634696702155821e+01,6.711359669473072387e+00,-5.916341870990247287e+01,7.145226566273541025e+00,9.100000000000000000e+01,3.858505252000649648e+02,6.043644741618334137e+01,3.673900000000000000e+06,1.570300000000000029e-01,-3.182729650000130732e+02,1.000000000000000000e+00
2.424571349866308598e-03,4.779598732428241674e-03,7.507440581063272722e-01,-6.278231171438034552e-01,2.000000000000000000e+01,6.787376305120937370e-02,-3.617549710841845467e+01,6.390270523336424091e+00,-4.757243666372144730e+01,6.972703077167019536e+00,-7.230444436159982047e+01,6.337140746316301865e+00,9.200000000000000000e+01,2.226631966614718863e+02,6.245672668326662347e+01,3.534100000000000000e+06,1.629899999999999960e-01,-3.143322000000225103e+02,1.000000000000000000e+00
2.434339696226728821e-03,4.563960091695388847e-03,7.150780864016468286e-01,-7.275647292394988863e-01,2.000000000000000000e+01,7.613836586935680828e-02,-3.848367853919771875e+01,6.739097442649590874e+00,-4.976631412401209076e+01,6.364081753649331930e+00,-6.204586922576540076e+01,7.772933420049760400e+00,9.300000000000000000e+01,2.333776442980526724e+02,6.225482258358835708e+01,3.619400000000000000e+06,8.937799999999999911e-02,-1.097729489999983343e+02,1.000000000000000000e+00
2.272874953022399960e-03,4.482658969946073588e-03,6.537867018547944831e-01,-9.885856957139800283e-01,2.000000000000000000e+01,7.582959058133592611e-02,-3.665112654568652317e+01,6.675510532632826788e+00,-4.905455992395295794e+01,6.251775665000042892e+00,-6.666084411890351191e+01,7.811821748055410630e+00,9.400000000000000000e+01,1.823177908769859243e+02,6.309129990659194220e+01,3.563300000000000000e+06,1.011200000000000015e-01,-1.552465830000057849e+02,1.000000000000000000e+00
2.458606486288824645e-03,4.128682552724890001e-03,7.010480299786756575e-01,-6.622724558895366487e-01,2.000000000000000000e+01,7.416305702761377683e-02,-3.632737626004170295e+01,6.663961578283053910e+00,-5.000282630124759464e+01,6.396638165965558898e+00,-6.439975667492058164e+01,7.599416902827521803e+00,9.500000000000000000e+01,2.360750012818938899e+02,6.222909656811855683e+01,3.586600000000000000e+06,2.058300000000000129e-01,-5.034413140000627891e+02,1.000000000000000000e+00
2.438831903841165352e-03,4.568605187945382236e-03,6.884309870439804246e-01,-9.490136066394165848e-01,2.000000000000000000e+01,7.708602301611226781e-02,-3.872848878738733447e+01,8.010472382787709122e+00,-4.611649372857306872e+01,5.309199663591077645e+00,-6.449004300532295986e+01,8.148158837144116262e+00,9.600000000000000000e+01,1.730789778344457659e+02,6.331764804569849048e+01,3.556700000000000000e+06,7.793400000000000327e-02,-8.984690000000090038e+01,1.000000000000000000e+00
2.389663702619853995e-03,4.556916859971726907e-03,6.617333067744566311e-01,-9.034217688086596532e-01,2.000000000000000000e+01,7.548032139026428222e-02,-3.821941222885163825e+01,6.650257513300976697e+00,-5.299836627931964017e+01,6.266321009692985555e+00,-6.237863841698271017e+01,7.205491237568779184e+00,9.700000000000000000e+01,1.522559892925590930e+02,6.368768849061041237e+01,3.538500000000000000e+06,1.155100000000000016e-01,-2.003625049999905912e+02,1.000000000000000000e+00
2.443313263078754870e-03,4.279730474363396472e-03,6.500651047993138976e-01,-8.884357251870631522e-01,2.000000000000000000e+01,7.728985543403060765e-02,-3.848973695940652817e+01,6.947957712848800149e+00,-5.160274115390127747e+01,6.539523401077588005e+00,-6.485280774841049833e+01,7.251801915906149532e+00,9.800000000000000000e+01,1.489513050697273400e+02,6.378171869895384560e+01,3.569000000000000000e+06,7.328099999999999892e-02,-8.957630000000156656e+01,1.000000000000000000e+00
2.482446032037967029e-03,4.288595149902898335e-03,7.243182491701625203e-01,-9.578380300884108411e-01,2.000000000000000000e+01,7.439223227096439239e-02,-3.759943369828563675e+01,6.674808249499152524e+00,-5.280450538949934014e+01,6.199960004638759514e+00,-6.266123155950182877e+01,7.230576223172532124e+00,9.900000000000000000e+01,1.643207933003884023e+02,6.339520921941965526e+01,3.540200000000000000e+06,1.662500000000000089e-01,-3.421836879999714256e+02,1.000000000000000000e+00
2.164996971468320479e-03,4.646755506024499889e-03,7.072003745050579049e-01,-8.944579262635123929e-01,2.000000000000000000e+01,7.207164947129361676e-02,-3.335795635456344854e+01,6.312786686483069509e+00,-5.174242023911488531e+01,6.124344207219809100e+00,-6.401942061498232306e+01,7.483484757012944577e+00,1.000000000000000000e+02,1.899811430099316851e+02,6.292193641146216265e+01,3.577700000000000000e+06,9.097199999999999731e-02,-1.196810760000014966e+02,1.000000000000000000e+00
2.236210883201912841e-03,4.480954498753512982e-03,6.038631942156056365e-01,-8.178647492439873323e-01,2.000000000000000000e+01,6.840499509851986903e-02,-3.948918198243543998e+01,6.530050091154040892e+00,-4.902733920701092529e+01,6.824306719871954918e+00,-5.804322903977173098e+01,6.872548572403259115e+00,1.010000000000000000e+02,1.990130909482777213e+02,6.282159579747697364e+01,3.546700000000000000e+06,1.139600000000000057e-01,-1.945089999999921986e+02,1.000000000000000000e+00
2.445988898248581487e-03,3.858509583981322485e-03,6.840956645049841578e-01,-7.555698589518450303e-01,2.000000000000000000e+01,7.914918102460562210e-02,-3.481185730717938043e+01,6.370755064603551787e+00,-5.438456617168633755e+01,6.928436840198618718e+00,-6.061412697631322999e+01,7.296053363636520572e+00,1.020000000000000000e+02,1.746306397943065747e+02,6.331107193696633573e+01,3.541600000000000000e+06,1.114200000000000051e-01,-1.827916470000082825e+02,1.000000000000000000e+00
2.508163228788330180e-03,4.250772092059297569e-03,6.871175689532678099e-01,-7.580533969215822454e-01,2.000000000000000000e+01,7.532275163998150558e-02,-3.915288054290840591e+01,6.572319846360874962e+00,-5.011451417741035641e+01,6.207944613138677070e+00,-6.204567523495616399e+01,7.808216610812191760e+00,1.030000000000000000e+02,1.953411285138758728e+02,6.288818960338275588e+01,3.585100000000000000e+06,1.228299999999999947e-01,-2.191155999999880919e+02,1.000000000000000000e+00
2.316384241869848693e-03,3.700547937023622534e-03,6.050888652116981348e-01,-6.563639280344971683e-01,2.000000000000000000e+01,7.710185239591879625e-02,-3.588871636887937200e+01,7.103617112194282157e+00,-5.594791633528411978e+01,6.380618266215523526e+00,-6.018782727956117640e+01,7.911823601653548366e+00,1.040000000000000000e+02,2.280924412434571025e+02,6.226591374611985685e+01,3.645100000000000000e+06,8.232899999999999940e-02,-1.176528000000047740e+02,1.000000000000000000e+00
2.386645071011444293e-03,4.473409168507139037e-03,6.710092823731670375e-01,-9.024456627663609565e-01,2.000000000000000000e+01,7.850762557023160948e-02,-3.637205558762057933e+01,6.634312413392950525e+00,-5.512651610284436288e+01,6.632052829976076147e+00,-6.703954431795678204e+01,7.324990937303082816e+00,1.050000000000000000e+02,1.439260721831780074e+02,6.391969895499724430e+01,3.529900000000000000e+06,9.612300000000000011e-02,-1.375055360000032465e+02,1.000000000000000000e+00
2.530854837045157062e-03,4.277531383877821239e-03,6.903865627024798890e-01,-7.000815951181218466e-01,2.000000000000000000e+01,7.520380767879022987e-02,-3.932744887529636912e+01,6.539965168973905563e+00,-5.022946171299744833e+01,6.235871503150214323e+00,-6.167011028438305686e+01,7.659658796069757969e+00,1.060000000000000000e+02,1.984336704589453859e+02,6.288122040073423591e+01,3.578400000000000000e+06,1.285799999999999998e-01,-2.352995629999917639e+02,1.000000000000000000e+00
2.282278383817888494e-03,4.432932949428009840e-03,6.450761107541960193e-01,-7.590019967565009296e-01,2.000000000000000000e+01,7.560358685765471154e-02,-3.852912982442073542e+01,6.426105807908021106e+00,-5.039331195125010510e+01,6.440304093341277181e+00,-6.312785400819757342e+01,7.108082025829450146e+00,1.070000000000000000e+02,1.817507460782348971e+02,6.314577156860957530e+01,3.539500000000000000e+06,1.121199999999999974e-01,-1.902435670000020025e+02,1.000000000000000000e+00
2.165122279190837776e-03,4.796539804274472379e-03,7.412514266498237969e-01,-7.077065122075092418e-01,2.000000000000000000e+01,7.214755013729816369e-02,-3.939104836239493324e+01,6.424033906880621814e+00,-4.989645003081646024e+01,7.199040234485341472e+00,-5.529737415611413098e+01,6.851925693795745786e+00,1.080000000000000000e+02,1.556912109841902350e+02,6.366054891992997256e+01,3.521500000000000000e+06,1.217400000000000010e-01,-2.114782470000062347e+02,1.000000000000000000e+00
2.270256963283916185e-03,4.337565356771185335e-03,6.326798271711447930e-01,-5.679370691506507862e-01,2.000000000000000000e+01,7.450773430950057008e-02,-3.796083401963589665e+01,6.619543880154945548e+00,-5.171402381268645598e+01,6.743176110439450532e+00,-6.441612272930549921e+01,6.992101728940482985e+00,1.090000000000000000e+02,1.559498999398552428e+02,6.363597947732647242e+01,3.547300000000000000e+06,1.851500000000000090e-01,-4.571043469999573858e+02,1.000000000000000000e+00
2.336388388820021759e-03,4.720802209771235609e-03,6.740231905978990579e-01,-8.292986423737769286e-01,2.000000000000000000e+01,8.191625331169723190e-02,-3.538230164535476518e+01,6.853913342420096200e+00,-5.549965064520917934e+01,6.927008314415833645e+00,-5.938569697165712569e+01,7.585690755246619510e+00,1.100000000000000000e+02,1.425057530956347591e+02,6.395413751853256201e+01,3.512900000000000000e+06,1.311799999999999911e-01,-2.418702840000123047e+02,1.000000000000000000e+00
2.449120734725700795e-03,4.325500519913091230e-03,6.853619230119573080e-01,-9.547526490582345371e-01,2.000000000000000000e+01,8.079252387334649732e-02,-4.345164290055600276e+01,7.091587664265110114e+00,-4.874120126704711708e+01,6.063223051125456564e+00,-5.963287812674018085e+01,7.875067510379940572e+00,1.110000000000000000e+02,1.132980202437602486e+02,6.515827687455150397e+01,3.494300000000000000e+06,1.111199999999999966e-01,-1.941606210000009014e+02,1.000000000000000000e+00
2.271014898994153878e-03,4.325970070395953118e-03,6.677635548770661789e-01,-8.596956341627968179e-01,2.000000000000000000e+01,7.528370617958175803e-02,-3.924629872687232535e+01,6.350760571286278022e+00,-5.052990409498215740e+01,6.486518848072291732e+00,-6.411437488849598765e+01,7.071178896344441966e+00,1.120000000000000000e+02,1.376057961852913820e+02,6.402306059688082485e+01,3.514300000000000000e+06,1.218899999999999983e-01,-2.074937000000100227e+02,1.000000000000000000e+00
2.505282614729269827e-03,4.117945030205567673e-03,6.870975536330865552e-01,-8.974030109555267698e-01,2.000000000000000000e+01,6.733909216091339689e-02,-4.006328393175918023e+01,6.828928018509381914e+00,-4.983319958792913695e+01,6.172705720510080596e+00,-5.954440525401755480e+01,7.218983191927220489e+00,1.130000000000000000e+02,1.774454423905539500e+02,6.318231382335873292e+01,3.562000000000000000e+06,2.084300000000000042e-01,-5.106435819999676369e+02,1.000000000000000000e+00
2.650201109895264796e-03,3.995985068360803638e-03,7.108100332167293089e-01,-9.477591016370445764e-01,2.000000000000000000e+01,7.444777033805487221e-02,-3.921300710288785041e+01,6.521258619897813524e+00,-5.411278115147029411e+01,5.992996548043779903e+00,-6.968534540361510210e+01,7.077605593125044336e+00,1.140000000000000000e+02,1.210410638760801731e+02,6.466676796745076672e+01,3.508000000000000000e+06,1.118999999999999995e-01,-1.914293849999984616e+02,1.000000000000000000e+00
2.477584837299896640e-03,4.325097391132147473e-03,6.656235017067273496e-01,-8.578878686811748366e-01,2.000000000000000000e+01,7.459401256451919648e-02,-3.899835660155579120e+01,6.563377268322218683e+00,-5.242044506588099750e+01,6.188674077108370142e+00,-6.434041643776799901e+01,7.173764410341409103e+00,1.150000000000000000e+02,1.192965958633155878e+02,6.484260231356736881e+01,3.497800000000000000e+06,1.751699999999999924e-01,-4.100263999999660314e+02,1.000000000000000000e+00
2.919022430252714382e-03,3.981648304015133338e-03,6.530060257254529654e-01,-7.928835282443347232e-01,2.000000000000000000e+01,8.612199023040659207e-02,-4.477135241995452475e+01,7.205507002155291829e+00,-3.955767868841018498e+01,7.023040391773477609e+00,-7.016582542581215876e+01,7.091078680231526654e+00,1.160000000000000000e+02,1.208506160582195008e+02,6.473384795648883028e+01,3.514900000000000000e+06,1.080600000000000033e-01,-1.926202979999946479e+02,1.000000000000000000e+00
2.379866065025030078e-03,4.237090668919061415e-03,6.763051629783239926e-01,-9.251250671736431785e-01,2.000000000000000000e+01,7.630531927616845955e-02,-4.179766632757048228e+01,6.545042161219885912e+00,-4.978081915523917189e+01,6.505155465925128944e+00,-6.369224070269177673e+01,7.087256415001007781e+00,1.170000000000000000e+02,1.194875363974248899e+02,6.481517163187008634e+01,3.526800000000000000e+06,8.918800000000000339e-02,-1.177301719999968697e+02,1.000000000000000000e+00
2.263463406019006457e-03,4.023848830257638690e-03,6.707715246775695084e-01,-8.918821110558573517e-01,2.000000000000000000e+01,7.296559225885458633e-02,-3.844185294935142849e+01,6.317410047204508494e+00,-5.432803606878116653e+01,6.364452862132379707e+00,-5.978964946691326787e+01,7.972969943518897651e+00,1.180000000000000000e+02,1.214929968030698006e+02,6.464195068665731014e+01,3.507400000000000000e+06,1.218299999999999939e-01,-2.205723659999959239e+02,1.000000000000000000e+00
2.587777051916489209e-03,4.270840224301988147e-03,7.325819033006271130e-01,-8.435743098905401638e-01,2.000000000000000000e+01,6.989728384284020490e-02,-4.346724869205517194e+01,6.263973096565765175e+00,-5.412584266146505030e+01,6.283917431499499884e+00,-6.381851358784860651e+01,6.898670604381919702e+00,1.190000000000000000e+02,1.287657311043159041e+02,6.455819704755833754e+01,3.500900000000000000e+06,9.479899999999999438e-02,-1.408506609999942327e+02,1.000000000000000000e+00
2.461076674882944210e-03,4.579704107326403387e-03,6.699044840842289794e-01,-9.186173709560989664e-01,2.000000000000000000e+01,7.459272458780634441e-02,-3.937907177332169795e+01,6.726325468942317087e+00,-5.252126242067858186e+01,6.279220447338429878e+00,-6.323264542061990312e+01,7.081376849522518668e+00,1.200000000000000000e+02,1.288251421142696245e+02,6.443885447090227103e+01,3.523700000000000000e+06,1.646299999999999986e-01,-3.708711930000185362e+02,1.000000000000000000e+00
2.875929274829016908e-03,4.095233392663919815e-03,6.673565591469106106e-01,-6.541143543087561962e-01,2.000000000000000000e+01,6.598102038925102164e-02,-4.451869923676221674e+01,6.716848519262848427e+00,-4.615249154518459562e+01,5.563885641874626309e+00,-5.855771949389405506e+01,5.855953455247031592e+00,1.210000000000000000e+02,1.282113226700934092e+02,6.459147694545936247e+01,3.461600000000000000e+06,1.879699999999999982e-01,-4.485306000000589961e+02,1.000000000000000000e+00
2.579378938370782345e-03,3.992603415119039788e-03,6.162030253881712882e-01,-8.317701216082540316e-01,2.000000000000000000e+01,7.339561529749276392e-02,-4.287667998426935867e+01,7.090617558909228180e+00,-4.854016075602218194e+01,6.413874596255666916e+00,-6.944872062165859461e+01,7.562778045462613896e+00,1.220000000000000000e+02,1.360350030366596457e+02,6.417809326507662604e+01,3.511200000000000000e+06,1.168700000000000017e-01,-2.032547659999968914e+02,1.000000000000000000e+00
2.527558055170716581e-03,4.341190579073109755e-03,6.758220885932795241e-01,-9.227741832530738098e-01,2.000000000000000000e+01,7.479353409962921639e-02,-4.037573191898319180e+01,6.707195605306136343e+00,-5.154566654093603972e+01,6.282698113317222166e+00,-6.429040764567339750e+01,6.948831541029733216e+00,1.230000000000000000e+02,1.150936383530528531e+02,6.507995836943521795e+01,3.504200000000000000e+06,1.546299999999999897e-01,-3.373208009999984824e+02,1.000000000000000000e+00
2.430813376545982313e-03,4.027650845871678931e-03,7.352184670010706302e-01,-9.010686874339659536e-01,2.000000000000000000e+01,7.101445082226406913e-02,-3.780571595493044157e+01,6.483566711561066676e+00,-4.760712588996035777e+01,6.392100901321257744e+00,-6.260373806432902200e+01,6.592523379983540543e+00,1.240000000000000000e+02,1.222628257605585844e+02,6.460812139542262855e+01,3.509700000000000000e+06,1.108900000000000025e-01,-1.874229270000008682e+02,1.000000000000000000e+00
2.313046720927343890e-03,3.722142854336319470e-03,7.591847265164131109e-01,-7.206233654208998862e-01,2.000000000000000000e+01,8.013356052589602763e-02,-4.568429657264386634e+01,6.891299802717119505e+00,-5.370105460507894435e+01,6.414267694980321011e+00,-7.524074712101223383e+01,5.571361924689655964e+00,1.250000000000000000e+02,1.144136460460952520e+02,6.510378177061731719e+01,3.475200000000000000e+06,2.112199999999999911e-01,-5.686756770000494043e+02,1.000000000000000000e+00
2.810142323361411714e-03,3.933004370161759244e-03,5.407303913966111653e-01,-8.738567019689338355e-01,2.000000000000000000e+01,6.589223702839520913e-02,-3.625582277721641589e+01,7.200974588334089432e+00,-5.505664291984092529e+01,5.823192917867504370e+00,-6.547478828657420991e+01,8.007718421983600621e+00,1.260000000000000000e+02,1.159569054652589131e+02,6.487436867563152987e+01,3.507900000000000000e+06,1.140400000000000025e-01,-2.106520460000045603e+02,1.000000000000000000e+00
2.688258096319104829e-03,4.088605891208940343e-03,6.618518838255363912e-01,-8.346524930453361746e-01,2.000000000000000000e+01,6.995947568503661784e-02,-4.225968440610616739e+01,7.006315570631561407e+00,-5.286658968143710524e+01,5.981916203972378554e+00,-5.706836520631047449e+01,7.325588941223032613e+00,1.270000000000000000e+02,1.352641222994424766e+02,6.423190063134408945e+01,3.510400000000000000e+06,1.587300000000000100e-01,-3.433248000000236857e+02,1.000000000000000000e+00
2.435013338257517243e-03,4.245767123813661698e-03,6.464176046096878903e-01,-6.789629219823442030e-01,2.000000000000000000e+01,7.437255099046062579e-02,-4.067139036749922809e+01,6.780428823113732406e+00,-4.877019486493944100e+01,6.388686539738070991e+00,-6.543678804939699489e+01,7.485963286799709238e+00,1.280000000000000000e+02,1.350805473909084071e+02,6.427556424487805486e+01,3.553600000000000000e+06,2.054300000000000015e-01,-5.706040100000082020e+02,1.000000000000000000e+00
2.319609293692089999e-03,4.400540571838006294e-03,5.883388320992145593e-01,-7.970476652620176461e-01,2.000000000000000000e+01,7.601100427291486439e-02,-3.048087675888763215e+01,6.303261649432053026e+00,-5.478929774697319743e+01,5.906063787362950457e+00,-5.855642856768674420e+01,8.023116749450910135e+00,1.290000000000000000e+02,1.104440483625176057e+02,6.519495522260721998e+01,3.470100000000000000e+06,1.965099999999999902e-01,-5.406892900000664213e+02,1.000000000000000000e+00
2.187502195289076166e-03,4.289649571332383726e-03,6.683773062599812631e-01,-9.473875968913325618e-01,2.000000000000000000e+01,8.400401222340174445e-02,-3.482069515518035985e+01,7.008699958793578766e+00,-5.534821399424452437e+01,6.449001756276241615e+00,-6.979756201751339972e+01,8.859535627570156890e+00,1.300000000000000000e+02,1.080837969507299476e+02,6.534465300219618200e+01,3.486600000000000000e+06,1.490299999999999958e-01,-3.273887999999658405e+02,1.000000000000000000e+00
2.370097350511499862e-03,4.177443224270508716e-03,6.693811287400512899e-01,-8.730773392206910843e-01,2.000000000000000000e+01,7.496951280317816491e-02,-4.043456205956674410e+01,6.404024132175567985e+00,-5.005735750115964322e+01,6.346128749647452771e+00,-6.610534878645778178e+01,6.958102569252119451e+00,1.310000000000000000e+02,1.078805904696671547e+02,6.539582935966789989e+01,3.473300000000000000e+06,1.419600000000000029e-01,-2.808449999999907618e+02,1.000000000000000000e+00
2.743652340035191480e-03,4.212423282833280096e-03,7.493174324163764943e-01,-9.040285677898411976e-01,2.000000000000000000e+01,8.015692377694039195e-02,-3.569055175812139424e+01,7.071422538426671345e+00,-6.201198498470034082e+01,6.156796294651409873e+00,-6.785055501795429223e+01,6.384097036175458761e+00,1.320000000000000000e+02,1.318070807017370782e+02,6.443174690845287955e+01,3.498300000000000000e+06,1.452900000000000025e-01,-2.991259000000234209e+02,1.000000000000000000e+00
2.478567231956082043e-03,4.193848357413302100e-03,6.406241784983293108e-01,-7.062754011383015618e-01,2.000000000000000000e+01,7.496793471254202534e-02,-4.025376974656678897e+01,6.742500345205668211e+00,-4.891371361634823245e+01,6.375590727495678678e+00,-6.586361520667139757e+01,7.508692076834037721e+00,1.330000000000000000e+02,1.323645293378466192e+02,6.432085850448733311e+01,3.546500000000000000e+06,1.555300000000000016e-01,-3.576356240000212097e+02,1.000000000000000000e+00
2.443922915005082835e-03,4.344667901379112816e-03,7.135593823188886020e-01,-8.706041817713232600e-01,2.000000000000000000e+01,7.033265649030591427e-02,-3.911610323043350945e+01,6.024118694877464542e+00,-5.289136967478319917e+01,6.436244120767781851e+00,-6.966037295868362378e+01,7.517077956922850746e+00,1.340000000000000000e+02,1.070984552236448906e+02,6.545478383978581860e+01,3.468800000000000000e+06,1.094299999999999995e-01,-1.791658220000008157e+02,1.000000000000000000e+00
2.891774693191730312e-03,4.078364751385224127e-03,5.862218850754656874e-01,-9.827417797279536238e-01,2.000000000000000000e+01,7.133885951497273559e-02,-3.666800925775907416e+01,7.604466893960122320e+00,-4.943172975637514099e+01,5.363851824581024275e+00,-6.254304734276616529e+01,6.518670632796969677e+00,1.350000000000000000e+02,1.327587281424247294e+02,6.429552787473993192e+01,3.521200000000000000e+06,1.059800000000000048e-01,-1.848800459999996804e+02,1.000000000000000000e+00
2.634311844677464116e-03,4.131884919546307752e-03,6.722584250190853927e-01,-9.669762255254374939e-01,2.000000000000000000e+01,7.675982962526145537e-02,-3.824925445022297055e+01,6.224258427825837714e+00,-5.417828757650200799e+01,5.765112077108259570e+00,-7.135167443450400526e+01,6.222079129451928203e+00,1.360000000000000000e+02,9.639138080570603506e+01,6.735724646196521803e+01,3.442200000000000000e+06,2.956500000000000239e-01,-9.695772779998172837e+02,1.000000000000000000e+00
1.949409738182935172e-03,3.647295634890863458e-03,6.857477637056903497e-01,-7.209440211115385466e-01,2.000000000000000000e+01,8.533681122566147415e-02,-4.009195847922598688e+01,5.753363283840974063e+00,-4.809422467916566291e+01,5.758732665849509047e+00,-7.207103612895926403e+01,7.586873519955137368e+00,1.370000000000000000e+02,9.639268223891949106e+01,6.692079046237628859e+01,3.357900000000000000e+06,2.433200000000000085e-01,-6.846308000000739185e+02,1.000000000000000000e+00
2.424604086502738474e-03,4.317763546611569012e-03,6.499957308294528335e-01,-6.726779118340421304e-01,2.000000000000000000e+01,7.449473013794719045e-02,-3.881149923323963691e+01,6.628871140888890068e+00,-5.144059558097984564e+01,6.282823338635445509e+00,-6.726479393715300148e+01,7.421051202058620788e+00,1.380000000000000000e+02,1.053393217631532650e+02,6.558823601768793310e+01,3.494000000000000000e+06,1.893499999999999905e-01,-4.817646799999633345e+02,1.000000000000000000e+00
2.483065392880027568e-03,4.250853617559131187e-03,6.665789757196692866e-01,-7.811264321769053609e-01,2.000000000000000000e+01,7.447532451799021569e-02,-3.991515568920978296e+01,6.600512572289469304e+00,-5.076300104121830259e+01,6.304957567735943513e+00,-6.692990874591191641e+01,7.094391986390883531e+00,1.390000000000000000e+02,1.042329159950268149e+02,6.569997081876030620e+01,3.480400000000000000e+06,1.869200000000000028e-01,-4.650677730000248857e+02,1.000000000000000000e+00
2.501382936209679570e-03,4.250316746372065357e-03,6.699082841763998042e-01,-8.214726333474098308e-01,2.000000000000000000e+01,7.447619558202667189e-02,-4.007757338395167324e+01,6.600345389368145632e+00,-5.070616793177680393e+01,6.307999465373075765e+00,-6.681805337544997769e+01,7.107394602393858563e+00,1.400000000000000000e+02,1.040465210048132150e+02,6.572886872995512419e+01,3.482000000000000000e+06,1.862199999999999966e-01,-4.628535840000155304e+02,1.000000000000000000e+00
2.207955362450072286e-03,3.831757944912906472e-03,6.544334164579285185e-01,-9.036991009629489202e-01,2.000000000000000000e+01,7.284820894436916383e-02,-3.554105600924316377e+01,6.509842749740010426e+00,-5.079577270142689116e+01,5.980914978372836366e+00,-6.474482113031605479e+01,6.540250189288870253e+00,1.410000000000000000e+02,1.047132380895952508e+02,6.564367243878922409e+01,3.452600000000000000e+06,2.267399999999999971e-01,-6.359264410000060934e+02,1.000000000000000000e+00
2.324775747702567241e-03,4.503602922759355684e-03,7.197021906792598900e-01,-8.360049500007720180e-01,2.000000000000000000e+01,6.133950137449901280e-02,-3.520359633335219485e+01,5.833905655713806482e+00,-5.636025375268535242e+01,6.520826787318624973e+00,-8.830052383212746747e+01,7.166183560232647132e+00,1.420000000000000000e+02,9.790769000042402581e+01,6.679582895822211697e+01,3.432500000000000000e+06,2.379000000000000004e-01,-7.002725999998807538e+02,1.000000000000000000e+00
2.373480692170122294e-03,4.097178190334427837e-03,6.856180413577999122e-01,-8.600294382130679871e-01,2.000000000000000000e+01,7.404717196480611885e-02,-3.997655151021348985e+01,6.544874837712669091e+00,-5.219428427360028167e+01,6.214548790702082215e+00,-6.667766989724580640e+01,6.695482659394178526e+00,1.430000000000000000e+02,9.842914352720173099e+01,6.653173415148319236e+01,3.439300000000000000e+06,2.200699999999999878e-01,-5.831251999999096824e+02,1.000000000000000000e+00
2.317151667702007332e-03,3.718942860412264694e-03,5.919063055575564114e-01,-8.773144183038377175e-01,2.000000000000000000e+01,7.412026767399651495e-02,-3.853456922252576078e+01,7.197441917978924408e+00,-4.797587876860225009e+01,5.719104424207031023e+00,-7.061562792031345737e+01,7.178006824193317037e+00,1.440000000000000000e+02,1.025937372794948743e+02,6.588629260514963448e+01,3.456900000000000000e+06,1.517699999999999882e-01,-3.229870940000050155e+02,1.000000000000000000e+00
2.609527738753979371e-03,4.195007968621568967e-03,6.647802022213639139e-01,-8.913462394312614556e-01,2.000000000000000000e+01,7.423999318694074478e-02,-4.092616409334092964e+01,6.645515655537842292e+00,-5.121289635453843658e+01,6.258367435762222541e+00,-6.646766045823160596e+01,7.005697588245464402e+00,1.450000000000000000e+02,9.920841348778446900e+01,6.646411594901692865e+01,3.469800000000000000e+06,2.273699999999999888e-01,-6.869519999999340598e+02,1.000000000000000000e+00
2.386676951782388915e-03,4.099704310591890770e-03,6.822007523922493100e-01,-8.564145749211740100e-01,2.000000000000000000e+01,7.415376104902063337e-02,-4.017467162823563598e+01,6.549592556314717484e+00,-5.158808565263568369e+01,6.215083250281699279e+00,-6.698882923731103745e+01,6.713411575436197154e+00,1.460000000000000000e+02,9.928109555600092051e+01,6.644834668520728371e+01,3.440600000000000000e+06,2.116399999999999948e-01,-5.494101349999992863e+02,1.000000000000000000e+00
2.499575444917173823e-03,4.144495633924076203e-03,6.855370806554870189e-01,-8.862837397222986802e-01,2.000000000000000000e+01,7.389696879171564481e-02,-4.096150187689562472e+01,6.645349491130454922e+00,-5.133044191664860989e+01,6.133912997848033122e+00,-6.582462104282198823e+01,6.750861180097141201e+00,1.470000000000000000e+02,9.931890420611244963e+01,6.626335134560585516e+01,3.455100000000000000e+06,2.542499999999999760e-01,-7.721635779998581484e+02,1.000000000000000000e+00
2.451216527544067877e-03,4.248193860299016855e-03,6.606091121051517190e-01,-7.629166631268438081e-01,2.000000000000000000e+01,7.447633019768512552e-02,-4.015386300803703534e+01,6.593458822457506585e+00,-5.077046789285565609e+01,6.302237116284103102e+00,-6.696104845539073835e+01,7.174400977343497132e+00,1.480000000000000000e+02,1.020152946063066679e+02,6.594661869749675986e+01,3.480800000000000000e+06,1.882000000000000062e-01,-4.722259999999818092e+02,1.000000000000000000e+00
2.469534070873719879e-03,4.247656989111951026e-03,6.639384205618821255e-01,-8.032628642973481670e-01,2.000000000000000000e+01,7.447720126172158173e-02,-4.031628070277891851e+01,6.593291639536183801e+00,-5.071363478341416453e+01,6.305279013921234466e+00,-6.684919308492878542e+01,7.187403593346472164e+00,1.490000000000000000e+02,1.019538636157735425e+02,6.595493644411784828e+01,3.482000000000000000e+06,1.880000000000000004e-01,-4.697920980000234294e+02,1.000000000000000000e+00
2.297108721390299022e-03,4.176540460889342603e-03,6.881043400668362953e-01,-7.577304760274891082e-01,2.000000000000000000e+01,6.931339870638911216e-02,-3.675318115492751048e+01,6.253949571389978423e+00,-5.026763507975666556e+01,6.220104906013624202e+00,-7.360254459678300520e+01,7.241644783929379159e+00,1.500000000000000000e+02,1.002139961718868619e+02,6.597956275340378340e+01,3.441800000000000000e+06,1.840100000000000069e-01,-4.335209129999926745e+02,1.000000000000000000e+00
2.712466225562010225e-03,5.135476074136197111e-03,4.745642186765361981e-01,3.214644268728181764e+00,2.000000000000000000e+01,1.201825124458438532e-01,-1.995911131415981643e+01,7.066531425037907432e+00,-4.396524271986245225e+01,7.159342499588810860e+00,-4.452321870702300544e+01,5.384359405266515353e+00,1.510000000000000000e+02,1.430206701791474416e+03,5.429277708813964409e+01,3.740800000000000000e+06,3.899500000000000188e-01,-2.019424009999515192e+03,1.000000000000000000e+00
3.171784936624556100e-03,3.860011588977644431e-03,7.096447493590518629e-01,1.858987663498176790e+00,2.000000000000000000e+01,9.319407003467801431e-02,-3.263858259669901685e+01,6.997878226794090217e+00,-4.163191882744840910e+01,5.499959909885656195e+00,-5.717426547195425712e+01,6.265253329433880580e+00,1.520000000000000000e+02,1.097040508265839435e+03,5.529044703947051431e+01,3.649500000000000000e+06,2.087299999999999989e-01,-6.527921890000087615e+02,1.000000000000000000e+00
3.081465008667132362e-03,4.586876246262417724e-03,5.805853098428779280e-01,2.662506661392490148e+00,2.000000000000000000e+01,7.105360784199507562e-02,-2.703330228924732737e+01,6.795245020103918066e+00,-3.564116681189961611e+01,5.813453682385106625e+00,-7.138415807655536582e+01,5.898775155234110557e+00,1.530000000000000000e+02,1.084356541466807130e+03,5.546821586340734456e+01,3.648200000000000000e+06,2.556700000000000084e-01,-9.300189030001105266e+02,1.000000000000000000e+00
2.644177883111871116e-03,4.231747929204475629e-03,6.046904558957545417e-01,2.795379986169148623e+00,2.000000000000000000e+01,7.845692249356295278e-02,-2.639294770654242228e+01,5.939473414277832930e+00,-3.785463213318439557e+01,6.477548830899399590e+00,-6.002306136964336503e+01,5.942150439496754366e+00,1.540000000000000000e+02,1.051672798692944298e+03,5.563447745538624645e+01,3.624200000000000000e+06,1.920000000000000040e-01,-5.644419110000120554e+02,1.000000000000000000e+00
2.671985307234075839e-03,4.263432759177423342e-03,5.086441975130933102e-01,2.298858787513963442e+00,2.000000000000000000e+01,6.604173082266986960e-02,-3.057904699321335329e+01,6.833476557758346281e+00,-4.406666995373209517e+01,5.078961218688648138e+00,-5.747255909861781475e+01,6.367790483354638376e+00,1.550000000000000000e+02,1.064931026155433528e+03,5.563282124614293167e+01,3.659900000000000000e+06,1.928100000000000092e-01,-5.847429000000056476e+02,1.000000000000000000e+00
3.306025992351626849e-03,3.614610700010550265e-03,7.742409116885385911e-01,2.836092284717076861e+00,2.000000000000000000e+01,6.668017400741199641e-02,-2.738982088061288778e+01,5.887833631272238577e+00,-3.864255917107425375e+01,4.832806199029530347e+00,-6.425165153713729183e+01,4.792754420498380519e+00,1.560000000000000000e+02,1.179090453534102835e+03,5.513995671600554971e+01,3.648200000000000000e+06,2.162900000000000100e-01,-6.979749429999108088e+02,1.000000000000000000e+00
2.371590726607411201e-03,3.541781323029572631e-03,6.291616562785996569e-01,2.817105948425820294e+00,2.000000000000000000e+01,5.229464673366270716e-02,-2.470381421453911841e+01,5.134056844867267877e+00,-3.895214176403501227e+01,3.983040848124060229e+00,-6.646983190005077802e+01,4.221468370330299535e+00,1.570000000000000000e+02,1.168574097108507431e+03,5.517379058143283999e+01,3.650200000000000000e+06,2.245499999999999996e-01,-7.460524709999699553e+02,1.000000000000000000e+00
2.932168797092095641e-03,3.960166463910150085e-03,5.572436879134944343e-01,2.778141594528989788e+00,2.000000000000000000e+01,7.710012202520137581e-02,-2.861090963098924078e+01,5.185781107310004856e+00,-3.653791052487702729e+01,7.031780142894159980e+00,-7.970938162893264689e+01,6.088345698471078649e+00,1.580000000000000000e+02,1.162820593264310901e+03,5.518048693698459317e+01,3.649700000000000000e+06,2.246299999999999963e-01,-7.486446010000162232e+02,1.000000000000000000e+00
3.204360087850058672e-03,4.181804380735707621e-03,7.013291975271038758e-01,2.309523708502837724e+00,2.000000000000000000e+01,5.956521617367860344e-02,-2.496403949142780121e+01,6.715329506512758506e+00,-4.832302726438372531e+01,6.006179022512157850e+00,-6.267919762495385783e+01,5.766965388458866748e+00,1.590000000000000000e+02,8.805022276475178842e+02,5.651869908485337390e+01,3.629800000000000000e+06,3.808699999999999863e-01,-1.800630000000870268e+03,1.000000000000000000e+00
2.495379473229353100e-03,3.845991599514470612e-03,6.526344331581234171e-01,1.302183486582860317e+00,2.000000000000000000e+01,8.709242232432443109e-02,-3.311769917800266683e+01,5.809392125834921927e+00,-4.250678287785536469e+01,5.299688932838229505e+00,-5.765100346851446744e+01,6.941921256483203351e+00,1.600000000000000000e+02,6.114889979000317908e+02,5.863339997839171502e+01,3.581600000000000000e+06,2.039799999999999947e-01,-5.769503999999679991e+02,1.000000000000000000e+00
2.672993042145344750e-03,3.772665026028747867e-03,7.747933898204227843e-01,5.507537068536001446e-01,2.000000000000000000e+01,7.938339035189104220e-02,-2.826950119085245561e+01,6.179945202123430903e+00,-5.944689144835398054e+01,6.323205154936442973e+00,-5.512871756732812401e+01,5.942906436977597906e+00,1.610000000000000000e+02,5.262150576058468232e+02,5.927301197049374792e+01,3.604400000000000000e+06,1.987599999999999922e-01,-5.260988140000606563e+02,1.000000000000000000e+00
2.266953108536611926e-03,4.229821539315625940e-03,6.567932186462170918e-01,7.012139556000641649e-01,2.000000000000000000e+01,7.429886293276791176e-02,-3.252031220352573371e+01,6.480012043153373646e+00,-4.684414133153855886e+01,6.338401882107925545e+00,-6.389180912226917997e+01,6.385848913387778936e+00,1.620000000000000000e+02,5.102682445053054607e+02,5.934526127523017180e+01,3.565300000000000000e+06,1.884200000000000041e-01,-4.428226199999970163e+02,1.000000000000000000e+00
2.586726228691169863e-03,3.600401164345106569e-03,5.966557059151988973e-01,6.901701181898429738e-01,2.000000000000000000e+01,8.530603566382141678e-02,-3.395941575465585771e+01,5.258385611006537452e+00,-4.943716401862294418e+01,6.802942016028814542e+00,-8.171567515074474386e+01,6.519167477455148685e+00,1.630000000000000000e+02,5.059854582280848376e+02,5.951063734192832300e+01,3.555800000000000000e+06,2.673900000000000166e-01,-9.887253880001777588e+02,1.000000000000000000e+00
2.736156024456863189e-03,3.596574317409520927e-03,6.135045468544210179e-01,9.640217051499769818e-01,2.000000000000000000e+01,6.899773795661584552e-02,-3.296216977681827842e+01,6.852314341324834857e+00,-5.161140103345089614e+01,6.921540515856716702e+00,-6.247622596693375385e+01,6.284421586198201126e+00,1.640000000000000000e+02,5.027869549552134458e+02,5.954381225711464509e+01,3.544100000000000000e+06,2.086300000000000099e-01,-6.384652999999465237e+02,1.000000000000000000e+00
2.478700953360832900e-03,4.280906009377494562e-03,6.416136027384641283e-01,6.800357859935568516e-01,2.000000000000000000e+01,7.430468948004111118e-02,-3.382897133833479586e+01,6.142543200172221773e+00,-4.585300204213292119e+01,6.221232444073197421e+00,-5.967243397417946937e+01,6.949624324215776028e+00,1.650000000000000000e+02,5.650758310841082448e+02,5.901950321283769085e+01,3.603900000000000000e+06,2.103599999999999914e-01,-5.978497549999743796e+02,1.000000000000000000e+00
2.169159692370223585e-03,3.488132138414386848e-03,7.427635600125411797e-01,-8.492579717477551915e-01,2.000000000000000000e+01,8.003869111208541942e-02,-4.408098796506693162e+01,7.319802100699582148e+00,-5.228228785570109238e+01,5.875069246082430752e+00,-6.360233170508440281e+01,6.317250787050213923e+00,1.660000000000000000e+02,9.717611961987063296e+01,6.713673091516220381e+01,3.437900000000000000e+06,2.625100000000000211e-01,-7.700711999998918600e+02,1.000000000000000000e+00
2.547506624833491967e-03,4.263179571511885313e-03,6.650965620874920159e-01,-9.103601387303661419e-01,2.000000000000000000e+01,7.830991294243937195e-02,-4.245827875574525478e+01,6.447651734326613315e+00,-5.026699549888614627e+01,6.476608700813613950e+00,-6.330226686986682694e+01,6.539238982342762796e+00,1.670000000000000000e+02,9.735535665226258573e+01,6.711922045815495608e+01,3.421300000000000000e+06,2.906400000000000095e-01,-9.517334000002352923e+02,1.000000000000000000e+00
2.446095940573031913e-03,4.246568181991764585e-03,5.961535095535844819e-01,2.356192959699697775e-01,2.000000000000000000e+01,7.405014307442653321e-02,-3.680309932159455855e+01,6.476991223828058253e+00,-4.750498961336700177e+01,6.268117352322990499e+00,-5.912652591372881261e+01,7.161744538724335918e+00,1.680000000000000000e+02,4.423566121665940614e+02,6.007584619281252003e+01,3.622500000000000000e+06,2.860400000000000165e-01,-1.106239743999983148e+03,1.000000000000000000e+00
2.431396217217212698e-03,4.186344558688300313e-03,6.648185541199757020e-01,7.942795967393772028e-01,2.000000000000000000e+01,7.438566217769226885e-02,-3.381256074227356123e+01,6.960224057711478451e+00,-4.572504968733483821e+01,6.053054115732102503e+00,-6.704883215916321149e+01,6.468569914775939900e+00,1.690000000000000000e+02,4.634414043055636512e+02,5.979964027035494922e+01,3.556700000000000000e+06,1.852800000000000002e-01,-4.479504240000233040e+02,1.000000000000000000e+00
2.474033012906965041e-03,4.270134940393147116e-03,6.372815815437691267e-01,4.587463594245208554e-01,2.000000000000000000e+01,7.409639312432000913e-02,-3.478282126919469874e+01,6.310834431511418430e+00,-4.845375046941219921e+01,6.324983517919010367e+00,-5.995795606143882139e+01,7.014816413587390720e+00,1.700000000000000000e+02,4.551799118312897576e+02,5.984039917585896973e+01,3.598300000000000000e+06,2.412900000000000045e-01,-7.673554349999400301e+02,1.000000000000000000e+00
2.484695842406471709e-03,4.149185907311415782e-03,6.714043166541106000e-01,5.370526746503956339e-03,2.000000000000000000e+01,7.584382856827608099e-02,-3.596533900240770265e+01,6.536647894550993598e+00,-4.909541018940060297e+01,6.279445839048740652e+00,-6.135306393549649329e+01,7.462798229703183850e+00,1.710000000000000000e+02,3.769919457118843980e+02,6.076590809374251023e+01,3.611900000000000000e+06,1.033700000000000035e-01,-1.656659999999949946e+02,1.000000000000000000e+00
2.462250164507006137e-03,4.246216844390318657e-03,6.090684985288861153e-01,1.236707696366173170e+00,2.000000000000000000e+01,7.417443932778053362e-02,-3.051958212270205806e+01,5.883388669006970773e+00,-4.379509279802805111e+01,6.308649209752836384e+00,-5.758520770144941991e+01,6.867727293226146834e+00,1.720000000000000000e+02,7.705842609722484440e+02,5.757067157753108688e+01,3.643200000000000000e+06,2.483400000000000052e-01,-8.364268640001678250e+02,1.000000000000000000e+00
2.353217682877424641e-03,4.284282533916607474e-03,5.928604769265147789e-01,4.419440055302007453e-01,2.000000000000000000e+01,6.716470673844850137e-02,-3.550705475545796475e+01,6.734914661100622091e+00,-4.428400765607445777e+01,6.172739526066064464e+00,-6.150538520346650273e+01,7.044493742513711076e+00,1.730000000000000000e+02,3.837432950611938054e+02,6.075161715228188797e+01,3.544000000000000000e+06,1.796599999999999864e-01,-4.420467479999432499e+02,1.000000000000000000e+00
2.355485916574049342e-03,4.308491004820584266e-03,6.535026633305351940e-01,-8.983035359467961278e-02,2.000000000000000000e+01,7.635663058726266383e-02,-3.543197254730092993e+01,6.719812318212659008e+00,-4.766781157789171885e+01,6.531961107363640551e+00,-6.410907236732991521e+01,6.983064637724698542e+00,1.740000000000000000e+02,3.843815967247381309e+02,6.069349610783498150e+01,3.604800000000000000e+06,8.879599999999999993e-02,-1.224600000000029496e+02,1.000000000000000000e+00
2.399358514372382234e-03,4.061168800892782198e-03,7.529341995991645220e-01,-8.671251756412516609e-02,2.000000000000000000e+01,6.668683246534830300e-02,-3.052297955174566368e+01,6.576022632932479794e+00,-5.306314151982274296e+01,5.987609138710200618e+00,-5.338065075013926020e+01,6.428513561742038362e+00,1.750000000000000000e+02,3.852509700671694191e+02,6.069041082358442196e+01,3.592300000000000000e+06,1.289899999999999936e-01,-2.430315999999844223e+02,1.000000000000000000e+00
2.405405632131830604e-03,4.191940199203311734e-03,6.742941761675678158e-01,2.537141138279291885e-02,2.000000000000000000e+01,7.521609550059171756e-02,-3.670962454160409294e+01,7.285599034612658897e+00,-4.742297554198512444e+01,6.410297253154872976e+00,-6.113418734013984590e+01,6.885774844855382604e+00,1.760000000000000000e+02,4.256104622844295591e+02,6.020317990320700119e+01,3.670900000000000000e+06,1.268400000000000083e-01,-2.272734449999926483e+02,1.000000000000000000e+00
2.330374355728291082e-03,4.290692117310273938e-03,6.786470031249878243e-01,-3.518674225891396667e-01,2.000000000000000000e+01,7.555981666735644975e-02,-3.687286390919252455e+01,6.787316418670144458e+00,-5.120365798224192844e+01,6.578641836659743447e+00,-5.908214908097479423e+01,7.134420144671404174e+00,1.770000000000000000e+02,3.287703903656799866e+02,6.113196206845497471e+01,3.639300000000000000e+06,1.083999999999999964e-01,-1.686150570000035316e+02,1.000000000000000000e+00
2.425752133586367432e-03,4.025614350226817441e-03,6.928388813750054886e-01,-2.380947788642266694e-01,2.000000000000000000e+01,7.691599053637281080e-02,-3.548053694011481696e+01,6.680678003348408112e+00,-5.019080320172637499e+01,6.341085928003959538e+00,-6.097608852301249271e+01,7.631534627828470363e+00,1.780000000000000000e+02,3.618542518346882844e+02,6.078150563261286266e+01,3.637900000000000000e+06,7.615500000000000047e-02,-8.588075400000050763e+01,1.000000000000000000e+00
2.609143275972103208e-03,4.233170287739099549e-03,5.981394380328156624e-01,5.492944538893057560e-02,2.000000000000000000e+01,7.980433409825836433e-02,-3.819707322443265696e+01,6.320061229210131692e+00,-5.182897365125861455e+01,6.372393680594652388e+00,-5.213912188924087587e+01,7.358088319804905630e+00,1.790000000000000000e+02,3.595979416628276795e+02,6.084088834222473707e+01,3.621400000000000000e+06,1.970899999999999874e-01,-5.327151299999892444e+02,1.000000000000000000e+00
2.304461434586328131e-03,3.718511956526549238e-03,7.176889667051608024e-01,-1.048046932793305963e+00,2.000000000000000000e+01,6.641317179775119151e-02,-3.516934958754858798e+01,7.254854749625692989e+00,-5.103821751828131426e+01,7.255310212138722292e+00,-7.251563069063101352e+01,7.596907126529948151e+00,1.800000000000000000e+02,1.324779938704571407e+02,6.441193557234984723e+01,3.489700000000000000e+06,1.024499999999999994e-01,-1.556050210000007041e+02,1.000000000000000000e+00
2.260005235137791443e-03,4.762459244421550844e-03,6.831534845414206636e-01,-8.865560413150193053e-01,2.000000000000000000e+01,7.057573740687821118e-02,-4.231455821197977940e+01,7.157712031500023997e+00,-6.107849598600420649e+01,6.748088382643886440e+00,-5.253209505827108217e+01,6.427638248724480974e+00,1.810000000000000000e+02,1.325603280226575009e+02,6.435191500758854488e+01,3.567400000000000000e+06,1.383300000000000085e-01,-2.962809069999910321e+02,1.000000000000000000e+00
2.421069920506140581e-03,4.293526586091315003e-03,6.695582605921669428e-01,-9.554388630966117457e-01,2.000000000000000000e+01,7.599892056084764369e-02,-4.118138010734406862e+01,6.520193108305406327e+00,-5.087737379076608590e+01,6.295719053807054877e+00,-6.355207048754141397e+01,7.149561884024045355e+00,1.820000000000000000e+02,1.157172580750135182e+02,6.508510218014257021e+01,3.508500000000000000e+06,9.832499999999999574e-02,-1.493756999999985169e+02,1.000000000000000000e+00
2.651826813385275722e-03,4.285236541785356588e-03,6.647551759363792279e-01,-9.210945958655252230e-01,2.000000000000000000e+01,7.351987925964442727e-02,-3.525911969299830417e+01,7.251285622237436002e+00,-4.385095707462600245e+01,6.343271901046636074e+00,-6.239058099531232671e+01,6.960627112720556120e+00,1.830000000000000000e+02,1.288924424676156377e+02,6.445077798819548320e+01,3.523800000000000000e+06,1.608600000000000030e-01,-3.665061999999867339e+02,1.000000000000000000e+00
2.368702410281985776e-03,4.383998603132112891e-03,6.798325582980526693e-01,-7.129296141408300036e-01,2.000000000000000000e+01,7.280692665719595835e-02,-3.508827388335033959e+01,6.834319702084051151e+00,-5.580219864025708887e+01,6.033538766179519897e+00,-7.072584345787633708e+01,7.448497424693077740e+00,1.840000000000000000e+02,1.290182541990768641e+02,6.444986536839415692e+01,3.513800000000000000e+06,2.020200000000000051e-01,-5.283740000000116197e+02,1.000000000000000000e+00
2.559485659829066617e-03,4.067882493059211610e-03,6.773877853660944526e-01,-6.228841146482511082e-01,2.000000000000000000e+01,8.142067672654529353e-02,-4.138330041923519076e+01,7.226911879818137763e+00,-4.680919772524271139e+01,6.143394174524804185e+00,-7.335349888971634869e+01,7.875728290724511638e+00,1.850000000000000000e+02,1.037713067761219037e+02,6.593490638142772298e+01,3.495800000000000000e+06,2.356600000000000084e-01,-7.381440000000829968e+02,1.000000000000000000e+00
2.332932024144329999e-03,4.546300515030961970e-03,6.070816178166495991e-01,-8.426482200728392380e-01,2.000000000000000000e+01,7.594801736768919120e-02,-4.274195514157516129e+01,5.977771315207339953e+00,-5.162212440705276606e+01,6.470281854655070219e+00,-6.599994725641174398e+01,6.941583876570927458e+00,1.860000000000000000e+02,1.078542411309679210e+02,6.552419174685276460e+01,3.457800000000000000e+06,2.232899999999999885e-01,-6.367728510000649749e+02,1.000000000000000000e+00
2.278047971302958694e-03,3.837703504721392753e-03,5.123678663924706722e-01,-4.023439333567583875e-01,2.000000000000000000e+01,8.860885563648610019e-02,-3.234772018009649486e+01,7.939019697189511504e+00,-5.315359880556761141e+01,6.175740272532855180e+00,-7.080489751545621857e+01,7.733167176313945568e+00,1.870000000000000000e+02,2.373281172427462593e+02,6.224305707504703378e+01,3.631400000000000000e+06,7.562000000000000666e-02,-1.003750000000031832e+02,1.000000000000000000e+00
2.578869340397824637e-03,4.243005239669066925e-03,6.636054625807719098e-01,-9.180691649425809509e-01,2.000000000000000000e+01,7.581701679622494805e-02,-4.090340674264182752e+01,6.773726373505716936e+00,-5.101743186528403839e+01,6.412520671146502593e+00,-6.496580595559707660e+01,6.999907757544887588e+00,1.880000000000000000e+02,1.099450194039338271e+02,6.535428229049313131e+01,3.514500000000000000e+06,1.087999999999999939e-01,-1.927380139999930861e+02,1.000000000000000000e+00
2.486958629617170950e-03,4.380060589778067386e-03,6.558087338998799254e-01,-9.099651367709402638e-01,2.000000000000000000e+01,7.459570573023430184e-02,-3.869882996910631334e+01,6.723185024499711560e+00,-5.290558474444651438e+01,6.272834700040672118e+00,-6.291637707719048933e+01,7.140218217912212673e+00,1.890000000000000000e+02,1.392415573681199703e+02,6.407408344557595115e+01,3.532100000000000000e+06,1.784100000000000130e-01,-4.372146000000571462e+02,1.000000000000000000e+00
2.423965273615299836e-03,4.293389167641674733e-03,6.677269908824903233e-01,-9.438555030233655163e-01,2.000000000000000000e+01,7.597908785054541259e-02,-4.116065740099732295e+01,6.520623508604348473e+00,-5.069169754297324459e+01,6.314242589477608192e+00,-6.355072124729488792e+01,7.150985193243394988e+00,1.900000000000000000e+02,1.175038712468165727e+02,6.495682062126739709e+01,3.511900000000000000e+06,9.939499999999999724e-02,-1.527927999999964754e+02,1.000000000000000000e+00
2.213319939460094837e-03,4.332827743389616390e-03,7.229723769042518677e-01,-5.452674971398562276e-01,2.000000000000000000e+01,7.245649687172620035e-02,-2.830635361930236726e+01,5.911974475444772281e+00,-4.736995865512351855e+01,6.759418122349426739e+00,-6.603005987633584084e+01,7.599521303915700798e+00,1.910000000000000000e+02,2.268660852375742252e+02,6.249864959849028878e+01,3.559900000000000000e+06,1.172900000000000054e-01,-2.004449999999890792e+02,1.000000000000000000e+00
2.392257983467146326e-03,4.281227883641065997e-03,6.583124630011003564e-01,-8.583806875773261069e-01,2.000000000000000000e+01,7.636951672127567647e-02,-3.860514331638840702e+01,6.634646395001588814e+00,-4.951459056013541726e+01,6.410445501015008318e+00,-6.649881774545954727e+01,7.026371934231142369e+00,1.920000000000000000e+02,1.491154025664406220e+02,6.390278714689325312e+01,3.517300000000000000e+06,8.966699999999999671e-02,-1.259781399999969835e+02,1.000000000000000000e+00
2.630017702466565504e-03,4.193096480829300310e-03,6.720856937720292024e-01,-8.805542905651823071e-01,2.000000000000000000e+01,7.426944625797829436e-02,-4.095146448199132294e+01,6.637040622308727933e+00,-5.110658917522756894e+01,6.263471095690963608e+00,-6.644780261642473818e+01,6.937000748460357968e+00,1.930000000000000000e+02,9.959056999852359127e+01,6.639303488810378440e+01,3.467700000000000000e+06,2.196700000000000041e-01,-6.405827690000369330e+02,1.000000000000000000e+00
2.536779092277952931e-03,4.252539021645395170e-03,6.728029499006500380e-01,-7.792941752733903993e-01,2.000000000000000000e+01,7.438344831434373639e-02,-4.034609974283580414e+01,6.699293854712343510e+00,-5.082129766752700561e+01,6.294560653494308156e+00,-6.703440449543320767e+01,7.056657719086603109e+00,1.940000000000000000e+02,1.016882266953369083e+02,6.602533931629243114e+01,3.481100000000000000e+06,1.984400000000000053e-01,-5.175500399999610863e+02,1.000000000000000000e+00
2.527995377251008972e-03,4.180747060059512334e-03,6.805216654520985786e-01,-9.117113846402113975e-01,2.000000000000000000e+01,7.445779564176462084e-02,-4.141993715874906457e+01,6.564933070936763038e+00,-5.003604024365262148e+01,6.327413243021733358e+00,-6.651430789368770036e+01,6.860744377678734907e+00,1.950000000000000000e+02,1.015516579208527332e+02,6.614837929092065849e+01,3.468200000000000000e+06,1.876500000000000112e-01,-4.582439459999764608e+02,1.000000000000000000e+00
2.182472260196527056e-03,3.718356800583927629e-03,6.524115137247378238e-01,-8.681147900896184488e-01,2.000000000000000000e+01,6.704194247046768584e-02,-3.823293162039502846e+01,5.697767957280762907e+00,-5.058807619398470479e+01,6.140412885005872567e+00,-7.177725313487960079e+01,6.706322672472937008e+00,1.960000000000000000e+02,1.008687000772450233e+02,6.617785794910973607e+01,3.415400000000000000e+06,2.022200000000000109e-01,-5.157011499999542821e+02,1.000000000000000000e+00
2.723515259249228559e-03,4.237055952878967559e-03,6.218948279169308480e-01,1.591369325452534511e+00,2.000000000000000000e+01,7.312247024806492468e-02,-3.072540173493929672e+01,6.877176732263524883e+00,-4.084233442516981683e+01,5.934048857224569318e+00,-6.865813460448572414e+01,6.095940741722133183e+00,1.970000000000000000e+02,8.021854018731422684e+02,5.766662989530554739e+01,3.564600000000000000e+06,4.522300000000000209e-01,-2.227687199999832046e+03,1.000000000000000000e+00
2.345758126096849847e-03,4.261408169089657590e-03,6.687942028396927086e-01,-6.735917551430401495e-01,2.000000000000000000e+01,7.526092399130081267e-02,-3.805356310624496530e+01,6.410522677279916870e+00,-5.097060996641454267e+01,6.352810779283184495e+00,-6.498410417768559455e+01,7.208040038530003635e+00,1.980000000000000000e+02,1.485047952280909271e+02,6.391986889523547433e+01,3.510800000000000000e+06,1.244799999999999934e-01,-2.218533999999908986e+02,1.000000000000000000e+00
2.466311535654302708e-03,4.362485862917308936e-03,6.543105486286269201e-01,-9.083796265143302406e-01,2.000000000000000000e+01,7.723119094551347819e-02,-3.985816720493164667e+01,6.859986594032789320e+00,-5.004863635692014157e+01,6.581257147225846538e+00,-6.483988405435336233e+01,7.078953358857237532e+00,1.990000000000000000e+02,1.472853691373562413e+02,6.393265282517450743e+01,3.559800000000000000e+06,7.390099999999999447e-02,-9.033780000000061250e+01,1.000000000000000000e+00
