3.342435491120213011e-03,5.024145540202257752e-03,5.060040841525601518e-01,3.390693942452676968e+00,2.000000000000000000e+01,6.564279792647494116e-02,-1.873498342140381823e+01,6.351497835635309563e+00,-3.168792689923964900e+01,5.586003836708366421e+00,-5.659802250836153803e+01,5.703073739365219552e+00,0.000000000000000000e+00,3.060186233772255946e+03,5.523991256865376442e+01,3.715100000000000000e+06,5.759899999999999742e-02,-1.214260000000003430e+02,1.000000000000000000e+00
3.261154034047285873e-03,5.118595507075055645e-03,5.421448855208993445e-01,3.095221973813839789e+00,2.000000000000000000e+01,6.630078981987595765e-02,-2.206333199776938159e+01,6.118759465586210311e+00,-3.283894410017411758e+01,5.505734990627510150e+00,-5.799546905755832427e+01,5.491764427097848511e+00,1.000000000000000000e+00,2.725757257993626354e+03,5.531784144250580937e+01,3.635700000000000000e+06,6.902500000000000302e-02,-1.396794999999991091e+02,1.000000000000000000e+00
3.208261537875438212e-03,5.122319975225311274e-03,5.972884167095375840e-01,3.117951432622938057e+00,2.000000000000000000e+01,6.523733485902946660e-02,-2.178009234381747206e+01,5.864477175740573145e+00,-3.363186153505366605e+01,5.641056814385587259e+00,-5.785721191483163750e+01,5.474623305756946223e+00,2.000000000000000000e+00,2.570259104651092912e+03,5.540067751381267414e+01,3.616100000000000000e+06,5.886199999999999766e-02,-9.473997999999947695e+01,1.000000000000000000e+00
3.014003796883287997e-03,5.264551146885967925e-03,5.761108028014334526e-01,-9.566079975973663663e-01,2.000000000000000000e+01,7.525691644236384703e-02,-4.320502079940089857e+01,4.992562407174906625e+00,-4.998385103192309487e+01,5.432293045875316473e+00,-5.443807321107287578e+01,4.984583167225988376e+00,3.000000000000000000e+00,2.422180002930476235e+02,6.499036958511638318e+01,3.270600000000000000e+06,1.769499999999999962e-01,-5.862424500000649914e+02,1.000000000000000000e+00
3.121627714544608460e-03,4.624507864187517477e-03,6.438169481171122088e-01,-9.729240090658269891e-01,2.000000000000000000e+01,7.466843411957832521e-02,-3.865361211651936912e+01,5.308288688775752107e+00,-5.083396485138403875e+01,5.846545507672443520e+00,-6.074202549272436613e+01,4.787555542369262618e+00,4.000000000000000000e+00,2.561987583792503642e+02,6.470399275192588107e+01,3.286700000000000000e+06,2.153200000000000114e-01,-7.345260599998887301e+02,1.000000000000000000e+00
3.035180461362459690e-03,4.320591900083119510e-03,5.656537018049268006e-01,-1.442542725560654215e+00,2.000000000000000000e+01,7.169377545106901672e-02,-3.117283633815937449e+01,5.580183045620809246e+00,-5.158806530425678005e+01,5.763067754626428396e+00,-7.124362658640849588e+01,5.631103927679919963e+00,5.000000000000000000e+00,2.968635150872581789e+02,6.458447959572990271e+01,3.289600000000000000e+06,5.404299999999999660e-01,-1.749330469999679735e+03,1.000000000000000000e+00
2.970220004615575261e-03,2.600872725359368656e-03,5.887109144691454743e-01,1.001720058900320343e+00,2.000000000000000000e+01,7.042781885680114706e-02,-4.761208541924898441e+01,5.584344607617500067e+00,-6.049568307471823658e+01,5.391893733618120521e+00,-3.490419072535169676e+01,4.179193387423189243e+00,6.000000000000000000e+00,1.088237151896855437e+02,8.000591579231516448e+01,3.253800000000000000e+06,1.491099999999999925e-01,-3.646530000000023506e+02,1.000000000000000000e+00
3.103285674051617371e-03,5.972197379370585563e-03,5.077215072922576233e-01,-2.236461210428934976e+00,2.000000000000000000e+01,7.474119824864561279e-02,-3.947119770629525703e+01,5.336479098964447054e+00,-5.193764981476314802e+01,5.103739803732563196e+00,-5.870523068411468870e+01,5.130385550413223861e+00,7.000000000000000000e+00,2.187809567155281627e+02,6.533917499322213018e+01,3.258100000000000000e+06,2.959800000000000209e-01,-1.646398740000174939e+03,1.000000000000000000e+00
2.743588165350892196e-03,5.307253757228016025e-03,5.383448608803271807e-01,-6.178866641135661864e-01,2.000000000000000000e+01,7.519533607277049947e-02,-4.082607975317888105e+01,5.309368604449719697e+00,-5.166181199897773979e+01,6.010969604321667603e+00,-5.033098237921166884e+01,4.897881062484596981e+00,8.000000000000000000e+00,3.281948249695471986e+02,6.416619679311914126e+01,3.367100000000000000e+06,1.866500000000000103e-01,-6.558183900000032054e+02,1.000000000000000000e+00
2.983618750398471606e-03,4.650836662944796487e-03,5.875387136346342798e-01,-1.053400164396206984e+00,2.000000000000000000e+01,7.579236425788181408e-02,-3.935263657616088295e+01,4.789376952045286018e+00,-4.789328611380138057e+01,5.150025709232069815e+00,-5.935982421921684704e+01,4.987009044925347467e+00,9.000000000000000000e+00,3.289996798183128703e+02,6.396804161165160707e+01,3.231400000000000000e+06,1.411499999999999977e-01,-3.871255640000168228e+02,1.000000000000000000e+00
3.162400775228652646e-03,4.758402482584746587e-03,5.824613820755623061e-01,-3.422088403536723611e+00,2.000000000000000000e+01,6.963228573328558713e-02,-4.746396583700631311e+01,5.268554066563850391e+00,-5.558468319453292139e+01,5.218973279827889833e+00,-4.168795323779782080e+01,4.779624299347540628e+00,1.000000000000000000e+01,1.297624671797769054e+02,7.015928875833498068e+01,3.248200000000000000e+06,1.227099999999999996e-01,-3.032785060000152839e+02,1.000000000000000000e+00
2.703626203554650338e-03,5.118429162603061085e-03,4.833749765207284721e-01,-2.778015119513885800e+00,2.000000000000000000e+01,7.556889508313119341e-02,-3.991262720945856302e+01,4.915069465526434200e+00,-5.739594257246021414e+01,5.482499455240067654e+00,-5.686837753731558820e+01,4.035193810834854844e+00,1.100000000000000000e+01,1.313469275292766554e+02,6.917918223317479942e+01,3.143600000000000000e+06,2.151299999999999879e-01,-9.155710140001267519e+02,1.000000000000000000e+00
2.802098513449396110e-03,4.899688445572011712e-03,5.696412162693222925e-01,-3.926531605145627601e+00,2.000000000000000000e+01,7.598774421225840126e-02,-4.041439097172477091e+01,5.349430895081091819e+00,-5.726364847952068260e+01,5.644533624752469336e+00,-4.780613449264733106e+01,4.236483759379671810e+00,1.200000000000000000e+01,1.327343189133472379e+02,6.893844308109237318e+01,3.263100000000000000e+06,1.350699999999999956e-01,-3.543595999999734545e+02,1.000000000000000000e+00
2.850116763615275373e-03,4.720926982925617924e-03,5.419429350953381963e-01,-2.944936624830327698e+00,2.000000000000000000e+01,7.664073463740841974e-02,-4.067641591563584313e+01,4.550657363034796177e+00,-5.723120738128319829e+01,4.998623387758402536e+00,-5.394846066189889910e+01,4.462293884448871317e+00,1.300000000000000000e+01,1.334946374145888512e+02,6.808892209062454981e+01,3.126900000000000000e+06,1.141199999999999992e-01,-2.957349999999973420e+02,1.000000000000000000e+00
2.938754474314120117e-03,4.668838029606115977e-03,5.835260304094540551e-01,-2.259973825595964048e+00,2.000000000000000000e+01,7.519359230554518991e-02,-3.898128911074770997e+01,4.637961388836093768e+00,-4.776220022384767105e+01,5.154271406737636063e+00,-6.515194661541711696e+01,5.459473963649350559e+00,1.400000000000000000e+01,1.864294185019531653e+02,6.562815720719675028e+01,3.193100000000000000e+06,1.959599999999999953e-01,-6.792052110000706762e+02,1.000000000000000000e+00
3.166549500089008672e-03,4.840365131095096703e-03,5.842451880004567721e-01,-2.402034529574982535e+00,2.000000000000000000e+01,7.630941707002047991e-02,-4.642475181963684605e+01,5.342128162284402570e+00,-5.531099833497875551e+01,5.288357492950060745e+00,-4.556693739410184207e+01,4.905739445985693337e+00,1.500000000000000000e+01,1.373978051973257379e+02,6.799520011714223244e+01,3.283100000000000000e+06,1.212700000000000028e-01,-3.217773600000172678e+02,1.000000000000000000e+00
2.841909444231920448e-03,4.732756933780139438e-03,6.639245907594044649e-01,-9.510301126063420707e-01,2.000000000000000000e+01,7.475492099191585749e-02,-4.337097768979751322e+01,4.853243944112351826e+00,-5.182378248599024317e+01,5.535646444845121472e+00,-5.475320226228476628e+01,4.486481340606990109e+00,1.600000000000000000e+01,1.821602879324563560e+02,6.655322994723182717e+01,3.214100000000000000e+06,1.721399999999999875e-01,-4.468555610000171896e+02,1.000000000000000000e+00
2.848192543386172254e-03,4.630599657030930530e-03,6.424404042110885005e-01,-6.500353261887058254e-02,2.000000000000000000e+01,7.013718574873629985e-02,-4.247400821470095167e+01,4.746677625349517982e+00,-5.012231003794942552e+01,5.756918844083653397e+00,-5.595999692731135866e+01,4.409834505545944694e+00,1.700000000000000000e+01,4.760636170224953503e+02,6.277354950709970183e+01,3.303400000000000000e+06,2.110700000000000076e-01,-8.005536099998788586e+02,1.000000000000000000e+00
3.061584564992972986e-03,4.821261430183694519e-03,6.130033534724386168e-01,2.848949167928731985e+00,2.000000000000000000e+01,7.412008123978806873e-02,-2.427197043307687352e+01,5.464351916108822316e+00,-3.509511421385893470e+01,5.883436685311113301e+00,-5.353032339813807994e+01,5.350487338908910928e+00,1.800000000000000000e+01,1.504160975121257479e+03,5.576129318776630583e+01,3.600300000000000000e+06,2.700600000000000223e-01,-1.094598680000206741e+03,1.000000000000000000e+00
3.066597891302298359e-03,4.787025211714923678e-03,5.877618066097722860e-01,-8.152325338253774145e-01,2.000000000000000000e+01,7.577473697161571375e-02,-3.909805619347690708e+01,4.805197125014257331e+00,-4.968681722380515708e+01,5.020196639371697245e+00,-5.576012644531203222e+01,5.094487280310199040e+00,1.900000000000000000e+01,3.719309928249846848e+02,6.363781861601472656e+01,3.248300000000000000e+06,1.426099999999999868e-01,-3.997192999999822405e+02,1.000000000000000000e+00
2.979163268100354801e-03,4.814781982409599599e-03,6.301307080845565123e-01,-1.439141941309030059e-01,2.000000000000000000e+01,7.515830423764051360e-02,-3.968752227926648146e+01,4.903053112153028081e+00,-4.833065477659688725e+01,5.116597718579853904e+00,-5.137512186054655672e+01,4.871424454905396217e+00,2.000000000000000000e+01,4.982802915871970981e+02,6.272049059781547697e+01,3.290000000000000000e+06,1.552699999999999914e-01,-4.202375999999716782e+02,1.000000000000000000e+00
2.943959215326157411e-03,5.010730834366019550e-03,6.044987034259121650e-01,2.873589250844720833e-01,2.000000000000000000e+01,7.471047989614597318e-02,-4.068255589446690834e+01,4.792712102387701734e+00,-4.976023124447252144e+01,5.237958786838646574e+00,-5.068809768437424879e+01,5.012428753103009171e+00,2.100000000000000000e+01,4.568867821047734878e+02,6.284200916526590674e+01,3.287400000000000000e+06,2.042400000000000049e-01,-6.973330980000387171e+02,1.000000000000000000e+00
2.996141355314759294e-03,4.862508403450821123e-03,6.278631877988052334e-01,-5.933281884649673765e-01,2.000000000000000000e+01,7.502337002010689426e-02,-3.811174219930099127e+01,4.866132479042315495e+00,-5.203340000252151043e+01,4.854050980806722926e+00,-5.160082375377523078e+01,5.150827252612433682e+00,2.200000000000000000e+01,4.252676114279634021e+02,6.323524874578849619e+01,3.267000000000000000e+06,1.723999999999999977e-01,-4.981365959999769757e+02,1.000000000000000000e+00
3.133728386573871125e-03,4.590352890472867986e-03,6.105387496178478202e-01,-1.083444051672335373e-01,2.000000000000000000e+01,7.549661156847181642e-02,-3.740453858885037164e+01,5.025627903895450999e+00,-4.976577870156680206e+01,5.681059364371423115e+00,-5.644501919012243718e+01,4.811217423929151416e+00,2.300000000000000000e+01,4.365904069470702780e+02,6.293958566734656301e+01,3.302800000000000000e+06,1.532999999999999918e-01,-4.333415599999621008e+02,1.000000000000000000e+00
3.077658108575784691e-03,4.732151961121687858e-03,6.270062492670305243e-01,-5.269590899344656076e-01,2.000000000000000000e+01,7.560884980286587675e-02,-4.131462694732896068e+01,4.938986407243113774e+00,-4.760514625795045163e+01,5.098080824293809599e+00,-5.283011895970971494e+01,4.933164191209757021e+00,2.400000000000000000e+01,4.248179105258175809e+02,6.336860786536981749e+01,3.280800000000000000e+06,1.355800000000000061e-01,-3.431970000000118262e+02,1.000000000000000000e+00
3.019556236724192828e-03,4.655248026436067596e-03,5.894732851613390112e-01,-8.622494796698803032e-01,2.000000000000000000e+01,7.613964412253376723e-02,-3.945913121154428893e+01,4.784665618812956822e+00,-4.786325456063983097e+01,5.150145822097656811e+00,-5.704724928532199613e+01,5.270832510948729066e+00,2.500000000000000000e+01,3.746413707020913080e+02,6.340898234971219694e+01,3.268100000000000000e+06,1.210200000000000026e-01,-3.067414899999963609e+02,1.000000000000000000e+00
2.939526315418521628e-03,4.888234646975752468e-03,5.996195384446891818e-01,2.223123138111809727e+00,2.000000000000000000e+01,7.495633744208532456e-02,-2.879444986205120927e+01,5.392607133874848913e+00,-3.924439717869225319e+01,5.610043129992265065e+00,-5.293843000757855322e+01,5.106322745503319993e+00,2.600000000000000000e+01,1.280831571203998237e+03,5.683662744156840319e+01,3.507600000000000000e+06,1.718699999999999950e-01,-5.135200000000650107e+02,1.000000000000000000e+00
2.930293969414840115e-03,4.704865609231447324e-03,6.413725658928078888e-01,-2.349611372838138035e+00,2.000000000000000000e+01,7.587089958468039297e-02,-4.607968449446978809e+01,4.622197880944289849e+00,-5.347065652403173885e+01,4.705088122441078546e+00,-4.988605855316932036e+01,4.622899513229954849e+00,2.700000000000000000e+01,1.439296678267123468e+02,6.760342227922450320e+01,3.150100000000000000e+06,1.185599999999999987e-01,-2.608685570000012603e+02,1.000000000000000000e+00
3.105292499723726757e-03,4.629039320285966742e-03,6.244551323271296805e-01,-4.017105376903540304e-02,2.000000000000000000e+01,7.421296550898623390e-02,-3.715168662055300786e+01,4.979589284248420178e+00,-4.798093311776511172e+01,5.500648334194115918e+00,-5.668080957001704689e+01,4.732558994550956299e+00,2.800000000000000000e+01,5.029595993098901090e+02,6.242366743956399233e+01,3.292900000000000000e+06,2.909800000000000164e-01,-1.272946499999628941e+03,1.000000000000000000e+00
3.134258923088633318e-03,5.112090285608494877e-03,6.366662188356020380e-01,-3.089515119407771238e+00,2.000000000000000000e+01,7.594916377346030978e-02,-4.250098574611197932e+01,4.408836406370476801e+00,-5.179814156737255360e+01,4.866513969816270269e+00,-5.700448078126306939e+01,4.839424582581152379e+00,2.900000000000000000e+01,1.447332414916289736e+02,6.705056015952590087e+01,3.139600000000000000e+06,1.182799999999999963e-01,-2.771589099999974906e+02,1.000000000000000000e+00
3.023760790214109762e-03,4.746802249642833801e-03,5.916152661812908997e-01,2.859452938222510454e+00,2.000000000000000000e+01,7.483823693237987018e-02,-2.994473934021351624e+01,4.738994858460840121e+00,-3.455812344911095835e+01,5.652077414824052681e+00,-5.227761702775861608e+01,5.422825107007523293e+00,3.000000000000000000e+01,1.392873127984152461e+03,5.648362522601404123e+01,3.498300000000000000e+06,1.935999999999999943e-01,-6.422976000000235217e+02,1.000000000000000000e+00
3.152859585479846939e-03,4.678211789463484864e-03,5.678851933447928158e-01,2.404313105031214093e+00,2.000000000000000000e+01,7.457712314364267625e-02,-3.143059478535778339e+01,5.153630625673065957e+00,-4.383508493758252200e+01,5.481159470261497191e+00,-5.081684385200382792e+01,4.707205781022308244e+00,3.100000000000000000e+01,1.047304323334577703e+03,5.801061126600611573e+01,3.413100000000000000e+06,2.634699999999999820e-01,-1.200031799999929717e+03,1.000000000000000000e+00
2.949990649331501319e-03,5.239648150332286078e-03,5.706521409463805039e-01,-2.648906804154340655e+00,2.000000000000000000e+01,7.592854073156468653e-02,-4.128903934751302529e+01,4.923051453671772215e+00,-5.408965276011760892e+01,4.976434446646045728e+00,-5.320894904518353030e+01,4.439237455900693519e+00,3.200000000000000000e+01,1.672120578137970313e+02,6.702704582082178320e+01,3.183100000000000000e+06,1.349799999999999889e-01,-3.685520839999868485e+02,1.000000000000000000e+00
3.142936807297885479e-03,5.146326976698285295e-03,4.879974808188283775e-01,2.868567965323215674e+00,2.000000000000000000e+01,7.526763835077249221e-02,-2.834355407667408144e+01,5.015060282777723089e+00,-3.622627780627146876e+01,5.507175040887735129e+00,-5.181891806315766047e+01,5.372212518384500868e+00,3.300000000000000000e+01,1.431257517512269942e+03,5.632434803468380125e+01,3.509000000000000000e+06,2.316600000000000048e-01,-1.133506630000030327e+03,1.000000000000000000e+00
3.178148159097490388e-03,4.795863549364922512e-03,6.007882582216652612e-01,2.850654246903316480e+00,2.000000000000000000e+01,7.445831597251947875e-02,-2.637286313206801580e+01,5.455552582156471431e+00,-3.590967910581584732e+01,5.637588181604764159e+00,-5.353143808052902841e+01,5.375462581591613720e+00,3.400000000000000000e+01,1.431663671284069096e+03,5.584158844097076724e+01,3.563400000000000000e+06,2.406200000000000006e-01,-9.495565199999753077e+02,1.000000000000000000e+00
3.146578574725284426e-03,5.008344717149670888e-03,6.422891383959856704e-01,-1.524382630443711140e+00,2.000000000000000000e+01,7.503719905481476271e-02,-4.704666131386152017e+01,5.096248289219204253e+00,-5.027954898696390273e+01,5.397629261397057121e+00,-5.079335774178385776e+01,4.734768353139536146e+00,3.500000000000000000e+01,1.708311262945292981e+02,6.690824710055620983e+01,3.257900000000000000e+06,1.724400000000000099e-01,-5.000582999999778053e+02,1.000000000000000000e+00
3.002399310361521852e-03,4.684261885672005681e-03,5.879848292398501819e-01,2.348326382787185640e+00,2.000000000000000000e+01,7.441681332773621149e-02,-2.883491869010136810e+01,4.640983761151515452e+00,-3.884753786014861987e+01,5.770220372364618378e+00,-4.973760139276329539e+01,5.521923173105591331e+00,3.600000000000000000e+01,1.242307774605847726e+03,5.695782718780869658e+01,3.504900000000000000e+06,2.543400000000000105e-01,-1.031021209999940083e+03,1.000000000000000000e+00
3.067896359330938780e-03,4.950873539994632075e-03,6.088369055529736507e-01,1.887514311186041738e+00,2.000000000000000000e+01,7.383461499278218265e-02,-3.075948699440088774e+01,5.310764219311383982e+00,-3.940438267354480217e+01,5.126660141435030127e+00,-5.636335043430666758e+01,5.220839244636992227e+00,3.700000000000000000e+01,1.074637085374945627e+03,5.772704871094003920e+01,3.423700000000000000e+06,3.317100000000000048e-01,-1.590298500000466902e+03,1.000000000000000000e+00
2.735302814383328354e-03,4.361301096778793032e-03,6.146401059872427242e-01,5.420617088163719455e-01,2.000000000000000000e+01,7.685680872911851425e-02,-3.624775773419575842e+01,5.251703430054151411e+00,-5.016057590543384492e+01,5.583238650089269228e+00,-5.494051849520013775e+01,4.765641728383643638e+00,3.800000000000000000e+01,5.296765880462746736e+02,6.198838633407924448e+01,3.329200000000000000e+06,8.582900000000000251e-02,-1.455025320000059708e+02,1.000000000000000000e+00
2.952840733630620641e-03,4.633332288852152689e-03,6.022522387411247680e-01,1.047811590245727009e+00,2.000000000000000000e+01,7.456310539095040157e-02,-3.421308793090120304e+01,4.719668181033430443e+00,-4.572872836177305089e+01,5.226670425120905961e+00,-5.440333924572932744e+01,4.804912259718570056e+00,3.900000000000000000e+01,7.378169961510035364e+02,6.030742521105400300e+01,3.302900000000000000e+06,2.300999999999999990e-01,-8.647339050000581437e+02,1.000000000000000000e+00
2.931525729745755073e-03,4.514947707086880424e-03,5.971528777997441306e-01,9.300584269032249329e-01,2.000000000000000000e+01,7.444909829272008950e-02,-3.398912699001643034e+01,4.682658891142084556e+00,-4.494476807126130780e+01,5.242778992455118470e+00,-5.368760148533753807e+01,4.810179381243128383e+00,4.000000000000000000e+01,7.644108276987160480e+02,6.025799960979666281e+01,3.313600000000000000e+06,2.584099999999999731e-01,-1.034894737000069881e+03,1.000000000000000000e+00
3.029833663618783195e-03,4.771148833951868728e-03,5.682557188401864412e-01,2.174698545597383514e+00,2.000000000000000000e+01,7.399880379278356290e-02,-2.920872250675238035e+01,5.364225223070071102e+00,-3.723857493990753653e+01,5.408715899584674247e+00,-5.495028794318601228e+01,5.139764973845425189e+00,4.100000000000000000e+01,1.227378970582523607e+03,5.696812065200430908e+01,3.483300000000000000e+06,3.433200000000000141e-01,-1.800021999999567470e+03,1.000000000000000000e+00
3.151949552867574014e-03,4.927799324028200173e-03,5.850891330841754279e-01,2.653635036155785443e+00,2.000000000000000000e+01,7.397444922937398970e-02,-2.921515402031467801e+01,5.028964800206482622e+00,-3.720105791366553660e+01,5.496946658252969797e+00,-5.258195295235154276e+01,5.093650504958985081e+00,4.200000000000000000e+01,1.325149872565799797e+03,5.669728286071393342e+01,3.473700000000000000e+06,3.306700000000000195e-01,-1.672609329999629836e+03,1.000000000000000000e+00
3.193199901307729703e-03,4.797693650796571591e-03,5.382945199267452629e-01,2.418835253967631882e+00,2.000000000000000000e+01,7.508262931638598481e-02,-3.076547486527726250e+01,4.858191953546166175e+00,-3.907574872042751224e+01,5.356185100928161802e+00,-5.050772514583249517e+01,5.022034598928168947e+00,4.300000000000000000e+01,1.225697923661183268e+03,5.730982723966931758e+01,3.435900000000000000e+06,2.250399999999999900e-01,-9.780916999997932635e+02,1.000000000000000000e+00
3.040551891856343829e-03,4.957939099071035846e-03,5.784141111814384839e-01,2.000568254481268404e+00,2.000000000000000000e+01,7.485020093097319305e-02,-3.242085102888632520e+01,5.542576934844653636e+00,-4.104256461920927990e+01,4.928912511636632132e+00,-5.590337625851205416e+01,4.955688363481883130e+00,4.400000000000000000e+01,1.017852090297155655e+03,5.813879539007081831e+01,3.396500000000000000e+06,2.017299999999999927e-01,-7.334119500000214202e+02,1.000000000000000000e+00
2.971666750184071525e-03,5.020276210065923589e-03,6.132524350071253405e-01,1.906778020873314050e+00,2.000000000000000000e+01,7.375081728559043648e-02,-2.622785246927770686e+01,5.741186748221196012e+00,-4.169915153991212264e+01,5.385183355390833704e+00,-5.710670844768264232e+01,4.704376161065191297e+00,4.500000000000000000e+01,1.191276429476731664e+03,5.742218394703817097e+01,3.458300000000000000e+06,3.262399999999999745e-01,-1.511960554000447246e+03,1.000000000000000000e+00
3.222979383262853693e-03,5.435814933197224107e-03,4.519288084519964555e-01,7.862001826015381223e-01,2.000000000000000000e+01,7.665104192723126708e-02,-3.653639698990431839e+01,5.171256200162887673e+00,-4.676672287016591412e+01,5.730738181481057403e+00,-5.524472387398388662e+01,5.497083938130072234e+00,4.600000000000000000e+01,6.550212797078811491e+02,6.044722008954898484e+01,3.404300000000000000e+06,1.517300000000000038e-01,-6.360930299999905628e+02,1.000000000000000000e+00
2.809962910417395168e-03,4.361826502712054347e-03,6.228047896611683676e-01,2.052484503990137377e-01,2.000000000000000000e+01,7.392250560584338881e-02,-3.474388345049951710e+01,4.912667730412501932e+00,-4.739215935983038719e+01,5.089180967226925034e+00,-5.712436788688036415e+01,4.911285061842163735e+00,4.700000000000000000e+01,5.930717639050702701e+02,6.154698979350511934e+01,3.280700000000000000e+06,3.227099999999999969e-01,-1.404255663999889748e+03,1.000000000000000000e+00
2.976779159418033172e-03,4.868562432700610475e-03,5.963726288969831701e-01,1.362768563719920056e+00,2.000000000000000000e+01,7.490274492385878835e-02,-3.652968871914661975e+01,4.848928741219921790e+00,-4.398763777729534752e+01,5.268215582902276317e+00,-5.236666119200089042e+01,4.902961840628283774e+00,4.800000000000000000e+01,7.976156562021334366e+02,5.983392825123251413e+01,3.341400000000000000e+06,1.889699999999999991e-01,-6.195116189999213248e+02,1.000000000000000000e+00
2.692461611680046184e-03,4.518221095172811688e-03,5.627375300423302917e-01,3.361682226654156280e-01,2.000000000000000000e+01,7.704630471873376296e-02,-3.719608114718192837e+01,4.971058781075555544e+00,-4.565714798103883254e+01,5.823115716461483515e+00,-5.435591819245219369e+01,4.873158069549896609e+00,4.900000000000000000e+01,6.260244315223228568e+02,6.124494989640780318e+01,3.365600000000000000e+06,8.806700000000000639e-02,-1.728257579999962275e+02,1.000000000000000000e+00
2.727857288570460694e-03,4.372060664320635490e-03,6.127270131081886673e-01,3.479125010477234770e-01,2.000000000000000000e+01,7.623975777723714098e-02,-3.624970305385772917e+01,5.197376161906879233e+00,-4.866638228723121529e+01,5.126491067757198650e+00,-5.421528868985321026e+01,4.812094357326426319e+00,5.000000000000000000e+01,5.772196098746305779e+02,6.161078706225985968e+01,3.310100000000000000e+06,1.045900000000000024e-01,-2.096005649999973457e+02,1.000000000000000000e+00
2.978574614327097331e-03,4.527598523331687747e-03,6.079841888606534184e-01,1.271098343215412818e+00,2.000000000000000000e+01,7.385425763961159240e-02,-3.359548634933895528e+01,5.199129208285783399e+00,-4.699524219600087349e+01,4.838878231044480671e+00,-5.325822054767473190e+01,4.854831794768603714e+00,5.100000000000000000e+01,8.009532542245013929e+02,5.982466559370919157e+01,3.324200000000000000e+06,3.482899999999999885e-01,-1.698526500000382157e+03,1.000000000000000000e+00
2.977462497799878739e-03,4.506536284782968263e-03,6.031381004070939245e-01,7.686076534096365487e-01,2.000000000000000000e+01,7.500274686519438350e-02,-3.571635342897807419e+01,5.315818769305912461e+00,-5.008258817535129737e+01,5.227949119839851555e+00,-5.173742123183190245e+01,4.721651027389921040e+00,5.200000000000000000e+01,6.148707386866732350e+02,6.128882251098249867e+01,3.332700000000000000e+06,1.888700000000000101e-01,-6.154430659999222826e+02,1.000000000000000000e+00
2.963011085920555163e-03,4.976415614099350022e-03,5.686009921047843196e-01,1.039931534364983312e+00,2.000000000000000000e+01,7.597557479392999524e-02,-3.583826559974681913e+01,4.890466546911026668e+00,-4.641188398391656023e+01,5.766041533177345357e+00,-5.066337512707823976e+01,5.039739963057187744e+00,5.300000000000000000e+01,7.911137085488662706e+02,6.015342639800212510e+01,3.394800000000000000e+06,1.253199999999999870e-01,-3.301780809999902999e+02,1.000000000000000000e+00
2.993279741676479512e-03,4.705654724635256400e-03,6.045707833722804292e-01,1.682047106975936845e+00,2.000000000000000000e+01,7.442176660351509931e-02,-3.484493252550808506e+01,4.712871432750969092e+00,-4.010798860841350688e+01,5.723914132985148839e+00,-5.314508332618238740e+01,5.290512496742418413e+00,5.400000000000000000e+01,9.282230996640996636e+02,5.836607136739494450e+01,3.424900000000000000e+06,2.419600000000000084e-01,-9.354153920000950393e+02,1.000000000000000000e+00
3.068539473091046275e-03,5.169362581462695096e-03,5.730202442670445651e-01,1.068964404650657452e+00,2.000000000000000000e+01,7.433585296691888611e-02,-3.617788265343555310e+01,5.065944988694447204e+00,-4.326864854526940007e+01,5.814111805623332074e+00,-4.855717736504875148e+01,5.479229160936216481e+00,5.500000000000000000e+01,8.776078939619928860e+02,5.919336083689725569e+01,3.487000000000000000e+06,2.826299999999999923e-01,-1.311690599999725919e+03,1.000000000000000000e+00
3.131738385900775107e-03,4.863331033287582143e-03,5.713507653764979821e-01,1.659473714652387022e+00,2.000000000000000000e+01,7.467111959790109776e-02,-3.386867759308758252e+01,4.833305020201363433e+00,-4.496604337799359286e+01,5.314612602565865096e+00,-5.084242748549522872e+01,4.913762386713100838e+00,5.600000000000000000e+01,8.950271483547794560e+02,5.916429084908094893e+01,3.362800000000000000e+06,2.461099999999999954e-01,-1.057572000000191110e+03,1.000000000000000000e+00
3.025820617105317179e-03,4.281790657572324445e-03,6.051746771237014322e-01,1.349033486445208041e+00,2.000000000000000000e+01,7.488251355554931266e-02,-3.712299882363818426e+01,4.558247306847609259e+00,-4.319264079436433690e+01,5.371734674505274754e+00,-5.016377924232396168e+01,4.986284383088374739e+00,5.700000000000000000e+01,8.072546740334474862e+02,5.971733691545242806e+01,3.348600000000000000e+06,2.071099999999999886e-01,-7.139578600000929782e+02,1.000000000000000000e+00
3.100992941167547007e-03,4.841107710354303900e-03,6.296937062529988083e-01,1.928428178378054803e+00,2.000000000000000000e+01,7.400150125881763130e-02,-2.538361748224732395e+01,5.258685929343338117e+00,-4.332172925953392451e+01,6.095589846618016061e+00,-5.368745489168321683e+01,5.051186385895082509e+00,5.800000000000000000e+01,1.158403479678395342e+03,5.754448376692359801e+01,3.510700000000000000e+06,2.909399999999999764e-01,-1.223487320000208683e+03,1.000000000000000000e+00
3.000039294833991774e-03,4.575937222200779017e-03,6.135299783314374089e-01,1.482552199550819960e+00,2.000000000000000000e+01,7.522062225304203265e-02,-3.348444320730783375e+01,5.264255262214950548e+00,-4.598425101501455003e+01,4.940731951818820633e+00,-5.334531245182346026e+01,4.931168170408211537e+00,5.900000000000000000e+01,8.466012240830491464e+02,5.934881562646419439e+01,3.351000000000000000e+06,1.562900000000000122e-01,-4.346000000000096861e+02,1.000000000000000000e+00
3.114800474717282879e-03,4.846468121711194552e-03,5.715938028504843338e-01,1.721162307375796008e+00,2.000000000000000000e+01,7.495026612112175302e-02,-3.332766501839233797e+01,5.136113767493500681e+00,-4.593196439852907531e+01,5.624887296376201107e+00,-4.984948362984410863e+01,4.705844845132446608e+00,6.000000000000000000e+01,9.129434945403544361e+02,5.911081170802515317e+01,3.404300000000000000e+06,2.098099999999999965e-01,-7.999063200001007772e+02,1.000000000000000000e+00
3.128522067169033690e-03,4.694646948023059596e-03,5.675988247636190032e-01,2.420514168154858758e+00,2.000000000000000000e+01,7.421208421801533950e-02,-3.139735754828646463e+01,5.105612351083565592e+00,-4.233416066668955580e+01,5.675787754581538280e+00,-4.851372927063529517e+01,4.689224467908793770e+00,6.100000000000000000e+01,1.145152589631873752e+03,5.767475679368653374e+01,3.451600000000000000e+06,3.194100000000000272e-01,-1.643976600000076132e+03,1.000000000000000000e+00
2.811755316539077919e-03,4.932545700474386813e-03,6.520929053646586926e-01,-3.013547490181344379e+00,2.000000000000000000e+01,7.607912848411979567e-02,-4.829843822523630337e+01,5.606910458182650991e+00,-5.032120611531698273e+01,5.841394606477377849e+00,-4.658575816086811017e+01,4.547575248329327025e+00,6.200000000000000000e+01,1.357618770969646960e+02,6.848923592054191545e+01,3.336300000000000000e+06,1.037600000000000050e-01,-1.959957029999982581e+02,1.000000000000000000e+00
2.772183876811694977e-03,5.244444516843454335e-03,5.616001332092579457e-01,-2.311864674156119737e+00,2.000000000000000000e+01,7.761553764406411982e-02,-4.292028995222641186e+01,4.715494565219040979e+00,-5.225458703607642974e+01,5.234091244511615670e+00,-5.290705455558312309e+01,4.500427812465964017e+00,6.300000000000000000e+01,1.855925878034166487e+02,6.676225468812062047e+01,3.194900000000000000e+06,7.674599999999999478e-02,-1.365672000000011792e+02,1.000000000000000000e+00
3.054768107427090901e-03,5.340401193931652683e-03,5.675891812939770631e-01,-2.981076281909190051e+00,2.000000000000000000e+01,7.499254030185679987e-02,-4.477955953043029069e+01,5.072542272325307522e+00,-5.076176386645465755e+01,4.982389336621390719e+00,-5.126371883663001938e+01,4.871086562111179852e+00,6.400000000000000000e+01,1.753368747162413683e+02,6.694856300198473775e+01,3.243100000000000000e+06,2.244400000000000006e-01,-8.923362900000618083e+02,1.000000000000000000e+00
3.026430275071879429e-03,5.093126281868676740e-03,5.494781283414201800e-01,-2.536793990849635083e+00,2.000000000000000000e+01,7.644536194492929093e-02,-4.087399581726717912e+01,4.811361344123683992e+00,-5.435251784609888404e+01,5.243310405888438552e+00,-5.320493634396702731e+01,4.442774841395323193e+00,6.500000000000000000e+01,1.714738917846711104e+02,6.701346763210619883e+01,3.192700000000000000e+06,1.196300000000000002e-01,-3.279283699999887745e+02,1.000000000000000000e+00
2.910035727878740840e-03,4.434965544403776314e-03,5.927427933775373248e-01,-3.960099267568283121e+00,2.000000000000000000e+01,7.575829338760842191e-02,-4.305712835843570474e+01,5.829364353648937680e+00,-5.904767260554115182e+01,5.372340014960157895e+00,-4.293670610789988729e+01,4.607954828073983933e+00,6.600000000000000000e+01,1.333329032842432298e+02,6.920930173966011978e+01,3.312300000000000000e+06,1.540900000000000047e-01,-4.317470000000280379e+02,1.000000000000000000e+00
2.940493393662692474e-03,5.240155040965087038e-03,5.719071677621745398e-01,-2.668126677335628472e+00,2.000000000000000000e+01,7.604475981599456702e-02,-4.095407388652627390e+01,4.849677779034459846e+00,-5.531944101783853540e+01,4.980538870210137858e+00,-5.310248608827471628e+01,4.507994082417782877e+00,6.700000000000000000e+01,1.593337053884750674e+02,6.714878185714104575e+01,3.175100000000000000e+06,1.264099999999999946e-01,-3.365320000000196501e+02,1.000000000000000000e+00
3.030919607008991656e-03,5.123222769741121729e-03,6.586737588170014090e-01,-2.873350752829558985e+00,2.000000000000000000e+01,7.562799968641356618e-02,-4.507528871756789357e+01,4.888666271708496325e+00,-5.228622923841177084e+01,4.868287406762366487e+00,-5.460327870341611600e+01,4.802672878112798749e+00,6.800000000000000000e+01,1.454609408964983288e+02,6.753935321343954001e+01,3.176700000000000000e+06,1.233199999999999991e-01,-2.783376500000143778e+02,1.000000000000000000e+00
2.990302786228558191e-03,6.391961165044466632e-03,5.017247926042591732e-01,-2.643855814983193664e+00,2.000000000000000000e+01,7.414383513814100379e-02,-4.846025150139151094e+01,4.747932428851425968e+00,-4.866996957677555002e+01,6.008758556455138233e+00,-4.660847975317546599e+01,5.075067901950189864e+00,6.900000000000000000e+01,1.505464653243623729e+02,6.735188120925789690e+01,3.314600000000000000e+06,2.557800000000000074e-01,-1.150029651000006425e+03,1.000000000000000000e+00
2.887886295936022314e-03,5.257064082431329652e-03,5.819234062162799148e-01,-1.218238592248754859e+00,2.000000000000000000e+01,7.522563477689404865e-02,-4.316845898712582397e+01,4.299935181285370334e+00,-5.213451769153031989e+01,5.052132576300589761e+00,-5.144321585568997079e+01,5.046330758976820263e+00,7.000000000000000000e+01,2.427952680480635195e+02,6.531817222177875237e+01,3.195100000000000000e+06,1.692400000000000015e-01,-5.216708730000432297e+02,1.000000000000000000e+00
3.289522732690753140e-03,4.779680661643612855e-03,6.397798783779049536e-01,-9.865934762692381010e-01,2.000000000000000000e+01,6.789204959103711801e-02,-4.016085274349391909e+01,5.677800254013597225e+00,-5.274857361171012826e+01,5.074719803384327932e+00,-5.586410725328470050e+01,5.169914102467656036e+00,7.100000000000000000e+01,3.191038161716335821e+02,6.459058465731459364e+01,3.307900000000000000e+06,1.157299999999999995e-01,-2.094696999999914055e+02,1.000000000000000000e+00
3.098823896566467451e-03,3.438460100365119381e-03,5.474525615902164910e-01,-1.520585979056644055e+00,2.000000000000000000e+01,6.747009624785182957e-02,-5.366282070643718072e+01,5.668927401313189840e+00,-5.467791150562255353e+01,5.932918298388154987e+00,-3.005109469395269528e+01,4.535176859924441750e+00,7.200000000000000000e+01,1.316369616152279036e+02,7.816805842887796985e+01,3.297400000000000000e+06,6.092199999999999838e-01,-1.918419400000454971e+03,1.000000000000000000e+00
3.171780935833913313e-03,5.090811727958309725e-03,5.022442242578734062e-01,-1.412988827974173356e+00,2.000000000000000000e+01,8.125723639262415199e-02,-4.337569544562341406e+01,6.384416071852679231e+00,-5.812125904150077105e+01,5.596067075748258013e+00,-4.120776154955147774e+01,3.858023230142223259e+00,7.300000000000000000e+01,1.319226852759611290e+02,7.027097113237832104e+01,3.351200000000000000e+06,1.136999999999999955e-01,-3.130061899999949446e+02,1.000000000000000000e+00
2.876970259435189872e-03,4.793837459526465936e-03,7.018106314092321663e-01,-8.363702377108037656e-01,2.000000000000000000e+01,7.490229798012368323e-02,-4.205332128965054039e+01,4.847724615945342208e+00,-5.149237320379420169e+01,5.467169092515880457e+00,-5.725859633337307741e+01,4.576621274763929215e+00,7.400000000000000000e+01,1.901051574121155454e+02,6.609670981362427256e+01,3.207200000000000000e+06,1.446099999999999886e-01,-3.200182999999941558e+02,1.000000000000000000e+00
2.776526864018375590e-03,5.265415166733650176e-03,4.883603665267580718e-01,-2.885438117832453742e+00,2.000000000000000000e+01,7.591097362457602249e-02,-3.742211522079632147e+01,4.660316664072664317e+00,-5.797246292632394216e+01,5.504086804019534540e+00,-5.576112163477945671e+01,4.342680927277804415e+00,7.500000000000000000e+01,1.374778100162091334e+02,6.827577769153522524e+01,3.158500000000000000e+06,1.760799999999999865e-01,-6.828667590000885639e+02,1.000000000000000000e+00
2.893712601523965294e-03,5.224109547618768258e-03,5.649094050207976725e-01,-3.421282029146532011e+00,2.000000000000000000e+01,7.603444239921625103e-02,-4.229128243322213621e+01,5.156185381796610123e+00,-5.466067202293136518e+01,5.189867752772711285e+00,-5.189492582076682226e+01,4.232938195519428071e+00,7.600000000000000000e+01,1.420688313270399874e+02,6.825594501238015255e+01,3.200800000000000000e+06,1.310600000000000098e-01,-3.546126920000240830e+02,1.000000000000000000e+00
3.057810984622268916e-03,4.903620892942685966e-03,5.856968810601941300e-01,-1.518772519098630758e+00,2.000000000000000000e+01,7.454044504226364776e-02,-4.068717983679970018e+01,4.570003650058187539e+00,-4.922293157497973937e+01,5.099113401916849142e+00,-5.880602462015059473e+01,5.451104991099390062e+00,7.700000000000000000e+01,2.683864414165680046e+02,6.478072116830313121e+01,3.222200000000000000e+06,2.759099999999999886e-01,-1.231314399999999068e+03,1.000000000000000000e+00
2.930831689489299917e-03,5.228909018965329641e-03,5.830427607084863739e-01,-1.073983953290641669e+00,2.000000000000000000e+01,7.527064429938104539e-02,-4.299086823756922371e+01,5.201972959486052872e+00,-5.116142860859208952e+01,5.091001153252317835e+00,-5.145408847516787887e+01,5.035476064943622987e+00,7.800000000000000000e+01,2.623992412527992997e+02,6.488552450453438780e+01,3.282400000000000000e+06,1.677099999999999980e-01,-5.156605999999585492e+02,1.000000000000000000e+00
3.056323490505778468e-03,4.725267170117291790e-03,6.472755839467134731e-01,-5.232656762151858265e-01,2.000000000000000000e+01,7.559104923178373847e-02,-4.085547893886243287e+01,4.961851451135119717e+00,-4.768922202771611296e+01,5.060416742580713390e+00,-5.315274814426813776e+01,4.891489849526191591e+00,7.900000000000000000e+01,4.290831587861010803e+02,6.333475800452613669e+01,3.276700000000000000e+06,1.288400000000000101e-01,-3.042856900000182350e+02,1.000000000000000000e+00
2.928359726878115160e-03,5.098425136879966742e-03,5.401763053211986465e-01,3.841277206380625531e-01,2.000000000000000000e+01,7.507437356940287188e-02,-4.105618677369568559e+01,5.263904706164295177e+00,-4.866417854749671790e+01,5.989432235927830916e+00,-4.950121704502956987e+01,4.733428407585897446e+00,8.000000000000000000e+01,4.848722597609693707e+02,6.278962677810396542e+01,3.380300000000000000e+06,2.103700000000000014e-01,-8.379935999999768228e+02,1.000000000000000000e+00
3.025395142050361225e-03,4.713263445724105716e-03,5.973172247322240391e-01,-6.133412546945335442e-02,2.000000000000000000e+01,7.615685620629175645e-02,-4.076785204607299562e+01,4.778635962376783120e+00,-4.838548506482040068e+01,5.290102269448284211e+00,-5.210791952907396762e+01,5.024456371662305187e+00,8.100000000000000000e+01,4.617667406623558009e+02,6.286391450590419794e+01,3.291100000000000000e+06,1.159799999999999998e-01,-2.803073999999921284e+02,1.000000000000000000e+00
2.735961881390328639e-03,4.431943346976734491e-03,6.340149516353296155e-01,-1.325099901104769273e-01,2.000000000000000000e+01,7.232576161304965501e-02,-4.264180925232822972e+01,4.750199038834637122e+00,-4.452836715914580878e+01,5.344020549129822939e+00,-5.657394741233323288e+01,5.167427574163243165e+00,8.200000000000000000e+01,4.398993343410504622e+02,6.311334820762546371e+01,3.281600000000000000e+06,1.106100000000000000e-01,-2.579472000000075695e+02,1.000000000000000000e+00
2.990302786228558191e-03,6.391961165044466632e-03,5.017247926042591732e-01,-2.643855814983193664e+00,2.000000000000000000e+01,7.414383513814100379e-02,-4.846025150139151094e+01,4.747932428851425968e+00,-4.866996957677555002e+01,6.008758556455138233e+00,-4.660847975317546599e+01,5.075067901950189864e+00,8.300000000000000000e+01,2.340133305598123741e+02,6.663379514253686864e+01,3.337000000000000000e+06,3.657799999999999940e-01,-2.218388086000342355e+03,1.000000000000000000e+00
2.944997697536882834e-03,5.421348340731973331e-03,6.336619062989705675e-01,-6.917476900028469711e-01,2.000000000000000000e+01,7.738068366498175588e-02,-4.148989474384537601e+01,4.739290480830245400e+00,-4.977312541439097515e+01,5.632627382446353970e+00,-5.229724132466726161e+01,5.422157282573554227e+00,8.400000000000000000e+01,3.504324296898620332e+02,6.414072091970346889e+01,3.285000000000000000e+06,1.666499999999999926e-01,-4.930065000000482200e+02,1.000000000000000000e+00
3.031604447845556022e-03,4.436664468754958346e-03,6.039751540251776518e-01,3.177267022477366920e-01,2.000000000000000000e+01,7.656306366001873476e-02,-4.314043884746877211e+01,4.651392107852782232e+00,-4.949353013193179152e+01,5.270222396302434831e+00,-5.276418940046200134e+01,5.027455973391788291e+00,8.500000000000000000e+01,3.657824120348478232e+02,6.405490140155798429e+01,3.250200000000000000e+06,1.009400000000000019e-01,-2.204336700000075382e+02,1.000000000000000000e+00
3.233537240121524096e-03,4.308436294293943938e-03,6.267282613998859109e-01,3.406245734757623045e-01,2.000000000000000000e+01,6.959075108259650533e-02,-4.085399167601602954e+01,4.354023354521454614e+00,-4.949749222178940755e+01,4.704748830448880703e+00,-4.686711316734884747e+01,4.802089943391082194e+00,8.600000000000000000e+01,4.931811314312481613e+02,6.283150506935485424e+01,3.273000000000000000e+06,2.109499999999999986e-01,-7.095939999999105794e+02,1.000000000000000000e+00
2.864662427151133933e-03,4.688349596688562784e-03,5.521338569012452790e-01,5.018210699008547604e-02,2.000000000000000000e+01,7.492583955711684673e-02,-3.632548462564948011e+01,4.624415832206960175e+00,-4.900123727191523670e+01,5.305768932158058782e+00,-5.831888562671090881e+01,4.675854538790449766e+00,8.700000000000000000e+01,4.642631768935808054e+02,6.290561038450031361e+01,3.225500000000000000e+06,2.294799999999999895e-01,-9.253950000001624403e+02,1.000000000000000000e+00
3.236743900953783191e-03,5.147567050496229188e-03,5.535063267979382085e-01,2.938893135568306558e+00,2.000000000000000000e+01,6.519555359117476523e-02,-2.212059053734664360e+01,5.971467280621849838e+00,-3.434906957483345025e+01,5.664808920983708695e+00,-5.751595741871909695e+01,5.507114488147267117e+00,8.800000000000000000e+01,2.574974585255238253e+03,5.541884897923257824e+01,3.630000000000000000e+06,5.621799999999999714e-02,-9.991539999999952215e+01,1.000000000000000000e+00
3.154858737052102912e-03,4.381662278477086586e-03,6.044681188204175104e-01,-3.505578811684951779e-01,2.000000000000000000e+01,6.504610492564902313e-02,-4.402222680419200884e+01,4.524618613595929872e+00,-4.395928177886895583e+01,5.802811008997822206e+00,-5.558304417594402480e+01,4.959927668624408703e+00,8.900000000000000000e+01,4.487971598765386716e+02,6.314535636855170253e+01,3.294800000000000000e+06,5.510099999999999720e-02,-7.772062999999940303e+01,1.000000000000000000e+00
3.061375523502021974e-03,4.665058954597942065e-03,5.881884135765447219e-01,-4.621483523861394938e-01,2.000000000000000000e+01,7.585184933277316910e-02,-3.998026024041926973e+01,4.743603092204361715e+00,-4.965320631935816920e+01,5.003039889961224063e+00,-5.501858820537258055e+01,5.141097966773617856e+00,9.000000000000000000e+01,3.791616782264159724e+02,6.347980506017871960e+01,3.245800000000000000e+06,1.381900000000000073e-01,-3.784292700000217451e+02,1.000000000000000000e+00
2.944997697536882834e-03,5.421348340731973331e-03,6.336619062989705675e-01,-6.917476900028469711e-01,2.000000000000000000e+01,7.738068366498175588e-02,-4.148989474384537601e+01,4.739290480830245400e+00,-4.977312541439097515e+01,5.632627382446353970e+00,-5.229724132466726161e+01,5.422157282573554227e+00,9.100000000000000000e+01,3.759623761847121841e+02,6.352760184607002714e+01,3.326500000000000000e+06,7.347399999999999765e-02,-1.100452069999981433e+02,1.000000000000000000e+00
2.935419233886993849e-03,4.553651185290393845e-03,6.243583597894944992e-01,-3.434363276438132662e-01,2.000000000000000000e+01,6.406943115744191675e-02,-4.192736539889192215e+01,4.487064947011878857e+00,-4.753104486420168939e+01,5.696307459755620251e+00,-5.393156222243742093e+01,4.994771837637799194e+00,9.200000000000000000e+01,4.223169297711365857e+02,6.342925896101934313e+01,3.282000000000000000e+06,5.028099999999999931e-02,-5.781930300000050238e+01,1.000000000000000000e+00
3.022572462255452078e-03,4.651678319494717377e-03,6.224752043602228557e-01,-6.998104853132987024e-01,2.000000000000000000e+01,7.527812718703960626e-02,-3.808338979459107776e+01,4.864655606492398476e+00,-5.260456867159157213e+01,4.835775867817485363e+00,-5.159732463099750532e+01,5.143218896720170186e+00,9.300000000000000000e+01,4.134071558754589546e+02,6.345122838108981966e+01,3.261000000000000000e+06,1.594200000000000061e-01,-4.445972400000189850e+02,1.000000000000000000e+00
2.809962910417395168e-03,4.361826502712054347e-03,6.228047896611683676e-01,2.052484503990137377e-01,2.000000000000000000e+01,7.392250560584338881e-02,-3.474388345049951710e+01,4.912667730412501932e+00,-4.739215935983038719e+01,5.089180967226925034e+00,-5.712436788688036415e+01,4.911285061842163735e+00,9.400000000000000000e+01,5.161819841013070800e+02,6.260875261424406801e+01,3.242900000000000000e+06,1.004400000000000015e-01,-2.256319000000031849e+02,1.000000000000000000e+00
3.139205242961668960e-03,5.068072277827686926e-03,5.766287996464205534e-01,-2.878560445946704016e-01,2.000000000000000000e+01,7.627383582666978634e-02,-3.831457406992554127e+01,4.668217166281852570e+00,-4.759494876692782839e+01,4.932349181294215512e+00,-5.455151460312666245e+01,5.042326697967652649e+00,9.500000000000000000e+01,5.220719283067663810e+02,6.259707920123477720e+01,3.255400000000000000e+06,1.163799999999999973e-01,-3.034269999999793868e+02,1.000000000000000000e+00
3.274944884644690520e-03,4.532433698831822913e-03,5.595597181183701307e-01,-7.270245101010148758e-01,2.000000000000000000e+01,7.385532761163329796e-02,-3.887258911631413838e+01,4.979222213124937291e+00,-5.093222622354856099e+01,5.980695296311564491e+00,-6.950781617950649149e+01,5.051397895502336866e+00,9.600000000000000000e+01,2.094502339563914859e+02,6.788827173286141203e+01,3.200500000000000000e+06,4.807600000000000207e-01,-2.702394180000775123e+03,1.000000000000000000e+00
3.116523183927043250e-03,4.430290936882182867e-03,6.818924382286648544e-01,-5.427552353803011265e-01,2.000000000000000000e+01,7.531621448405532993e-02,-4.332625963638798794e+01,5.043781664849808166e+00,-4.780732962407520859e+01,4.852532724893349858e+00,-5.440616531492764807e+01,4.802310503094314953e+00,9.700000000000000000e+01,3.297410079750280829e+02,6.452802257858481028e+01,3.234500000000000000e+06,1.382500000000000118e-01,-3.238562999999892327e+02,1.000000000000000000e+00
3.075194104417343973e-03,4.961886023085036040e-03,5.738151778097247968e-01,-1.024197007364070933e+00,2.000000000000000000e+01,7.229186051876787533e-02,-3.489497255504676332e+01,5.293702303724757030e+00,-5.092209226036752057e+01,5.706086953361515945e+00,-6.598679482233330873e+01,5.280113315196440560e+00,9.800000000000000000e+01,3.442388894387226514e+02,6.426154638089155924e+01,3.279100000000000000e+06,6.265699999999999603e-01,-2.616107499999421634e+03,1.000000000000000000e+00
3.184242308520886244e-03,4.799820605955510376e-03,6.395203324012077584e-01,-1.851047525445423947e-01,2.000000000000000000e+01,7.684502101717050060e-02,-4.323734571928427073e+01,4.335892265217729857e+00,-4.758964443993153282e+01,5.074693423342091059e+00,-5.664468916848373681e+01,4.776526768949374002e+00,9.900000000000000000e+01,3.417533259264996559e+02,6.451010305303655912e+01,3.175700000000000000e+06,8.665000000000000480e-02,-1.590888700000018900e+02,1.000000000000000000e+00
3.160763748790358305e-03,4.817180823802162670e-03,6.019567225800981358e-01,-5.893511275072466082e-02,2.000000000000000000e+01,7.493733692984440309e-02,-3.859188802277304831e+01,4.949643729091135924e+00,-4.735654453590231583e+01,5.436244384652546557e+00,-5.243529066122457749e+01,4.815647583961011335e+00,1.000000000000000000e+02,5.419889407098457923e+02,6.229355005525970057e+01,3.320700000000000000e+06,2.054100000000000092e-01,-7.402242499999404117e+02,1.000000000000000000e+00
2.936068078173406128e-03,5.033854635892319636e-03,6.015216164243638586e-01,-4.677011921629731228e-02,2.000000000000000000e+01,7.529389445329165431e-02,-3.808698583938748072e+01,4.613807803608461988e+00,-4.923948648341763601e+01,5.100199005710175371e+00,-5.114060163159476957e+01,5.173144230345112504e+00,1.010000000000000000e+02,5.421833744430477964e+02,6.227937447484582378e+01,3.289100000000000000e+06,1.529699999999999949e-01,-4.256235830000121041e+02,1.000000000000000000e+00
3.074725557040108425e-03,5.133006999967033510e-03,5.412948710256325624e-01,3.327533465064753671e-01,2.000000000000000000e+01,7.547086777071194963e-02,-3.870720582125409948e+01,4.937584764705729157e+00,-4.885632281553844791e+01,5.332024610613612658e+00,-5.012611961539480632e+01,4.905669916905121219e+00,1.020000000000000000e+02,5.717674841190531652e+02,6.199476638534725481e+01,3.323000000000000000e+06,1.794900000000000106e-01,-6.651225000000289356e+02,1.000000000000000000e+00
2.997763587612073226e-03,4.960396031095613660e-03,5.832903786152709991e-01,-4.488567943993175546e-02,2.000000000000000000e+01,7.511235540730357152e-02,-3.676234036621819001e+01,4.939090146034518014e+00,-4.859591415085812827e+01,5.203485020315119058e+00,-5.232051586229501083e+01,4.749902500393103466e+00,1.030000000000000000e+02,5.682250660043042672e+02,6.223252940869342353e+01,3.298900000000000000e+06,1.856099999999999972e-01,-6.291781679999945709e+02,1.000000000000000000e+00
3.028089270537609977e-03,5.392062268778759215e-03,5.528915087014749652e-01,-9.942085842045496058e-01,2.000000000000000000e+01,7.731885279637769337e-02,-4.096632316063877255e+01,4.877447418045276706e+00,-4.978553030043737238e+01,5.714383779493990012e+00,-5.307431181010265675e+01,4.913602419347800954e+00,1.040000000000000000e+02,3.512574898965983721e+02,6.417211062006346367e+01,3.304900000000000000e+06,8.513900000000000634e-02,-1.823805099999995321e+02,1.000000000000000000e+00
2.996314703348852172e-03,4.948761340580521556e-03,5.830806675231654523e-01,-3.176871030427226850e-01,2.000000000000000000e+01,7.541582527767121125e-02,-3.779934385837636768e+01,4.933658374200719621e+00,-4.921841470861202339e+01,5.206332214726621110e+00,-5.198406219323314303e+01,4.746846854085298162e+00,1.050000000000000000e+02,5.142038150590072974e+02,6.277170351723863462e+01,3.290800000000000000e+06,1.610900000000000110e-01,-4.883496299999724215e+02,1.000000000000000000e+00
3.061132107324547082e-03,5.034263527671186886e-03,5.725502805493817293e-01,-1.864248823037341074e-01,2.000000000000000000e+01,7.521439659308426506e-02,-3.708109868811513365e+01,4.338400740389710464e+00,-4.823122294428167578e+01,4.845645779022254018e+00,-5.510448690889349166e+01,4.996048770071876532e+00,1.060000000000000000e+02,5.195482594571301433e+02,6.271352867049475321e+01,3.212500000000000000e+06,1.863900000000000001e-01,-6.601340999999924861e+02,1.000000000000000000e+00
3.172631969848890409e-03,4.899527176692390629e-03,4.896947255786059383e-01,8.066160106441510047e-01,2.000000000000000000e+01,7.915065469826523814e-02,-3.717110365869722699e+01,5.106873839907017931e+00,-4.618427169512766284e+01,5.400373196520026120e+00,-5.869571368930907340e+01,5.232149189397885536e+00,1.070000000000000000e+02,6.319667045453378478e+02,6.125829699821398577e+01,3.326700000000000000e+06,6.282799999999999496e-02,-1.299913300000004597e+02,1.000000000000000000e+00
2.954240983329583028e-03,5.054910853894147363e-03,6.095043756280345004e-01,-4.773663216278288268e-01,2.000000000000000000e+01,7.529274771325043802e-02,-3.885131829049653618e+01,4.521929049638261588e+00,-4.964584011701802524e+01,5.102555025020977908e+00,-5.095331670780198152e+01,5.192844048744774454e+00,1.080000000000000000e+02,4.825037885630815708e+02,6.292641985130303084e+01,3.276600000000000000e+06,1.511000000000000121e-01,-4.172046790000086958e+02,1.000000000000000000e+00
3.152536497656860219e-03,5.133488632991497179e-03,5.407084825709461695e-01,2.924415887168541506e+00,2.000000000000000000e+01,6.618583402463817933e-02,-2.216580304469276186e+01,6.083607029388955922e+00,-3.403054072205696912e+01,5.467574144506316181e+00,-5.752725663994263527e+01,5.341026044503758285e+00,1.090000000000000000e+02,2.630169104187759785e+03,5.555325783218857083e+01,3.615500000000000000e+06,6.755200000000000093e-02,-1.330565999999968483e+02,1.000000000000000000e+00
3.094393552370859092e-03,5.139867972242037966e-03,5.959048317871518119e-01,2.901221377828451686e+00,2.000000000000000000e+01,6.614873170664389845e-02,-2.193777500024096483e+01,5.811633741463563929e+00,-3.408543655146280571e+01,5.728730725806190804e+00,-5.571092817801697095e+01,5.415290295815495369e+00,1.100000000000000000e+02,2.628465257979736180e+03,5.564197195706825738e+01,3.632900000000000000e+06,7.114700000000000191e-02,-1.241685200000019762e+02,1.000000000000000000e+00
3.083564360952406429e-03,4.636711189308946081e-03,5.969339060398605179e-01,3.999188898574576601e-01,2.000000000000000000e+01,7.626705714164926098e-02,-3.936096358478805968e+01,4.625490721937674188e+00,-4.682182479098175065e+01,5.029220630097206879e+00,-5.246056641543557930e+01,4.984517355975441433e+00,1.110000000000000000e+02,5.893673168375775049e+02,6.191291447452780972e+01,3.271500000000000000e+06,1.135000000000000037e-01,-2.721116000000025110e+02,1.000000000000000000e+00
3.030589781098495111e-03,4.558339888929536544e-03,6.134256440123773135e-01,6.469638719014272343e-01,2.000000000000000000e+01,7.541523274079714456e-02,-3.937330462777232754e+01,4.635500234366208616e+00,-4.777940809322348770e+01,4.885195208987069826e+00,-5.135908999662127883e+01,4.932536550562717892e+00,1.120000000000000000e+02,5.873998251233982728e+02,6.192856853344011370e+01,3.258800000000000000e+06,1.494600000000000095e-01,-4.062416300000228944e+02,1.000000000000000000e+00
3.245895603121073426e-03,5.066329834035087146e-03,6.033471591401128320e-01,-5.612927214777701374e-02,2.000000000000000000e+01,8.109193053650932959e-02,-3.848747961326488820e+01,5.295808069438779242e+00,-4.998177492917290721e+01,5.033268438857128046e+00,-5.697600388291113660e+01,4.257819866847699863e+00,1.130000000000000000e+02,4.214212949417019445e+02,6.350177924330304080e+01,3.256300000000000000e+06,8.463299999999999990e-02,-1.502207999999989738e+02,1.000000000000000000e+00
3.038309407542686552e-03,5.024511472609356766e-03,6.058765522416420524e-01,-3.745407436012939129e-01,2.000000000000000000e+01,7.510846269533742736e-02,-3.807439659635270601e+01,4.828970499417445161e+00,-4.934495758922654574e+01,5.165894976143878381e+00,-5.043025432866239299e+01,5.038294765196766889e+00,1.140000000000000000e+02,5.255410964051638985e+02,6.261119544756289912e+01,3.308100000000000000e+06,1.755599999999999938e-01,-5.393640200000355662e+02,1.000000000000000000e+00
3.278771072546148545e-03,4.467822111829716260e-03,6.020803632103486347e-01,7.059518049864114131e-01,2.000000000000000000e+01,7.509788379321620522e-02,-3.389579485743515619e+01,4.768254909653554918e+00,-4.398751702138844166e+01,5.454831121663583637e+00,-5.441425343763383893e+01,4.913085104045939566e+00,1.150000000000000000e+02,7.852311703502443834e+02,6.029894410986071307e+01,3.348400000000000000e+06,2.020099999999999951e-01,-7.328564999998947087e+02,1.000000000000000000e+00
3.024787419831837833e-03,4.958078649999708015e-03,5.685894591028987088e-01,1.342643213676316005e+00,2.000000000000000000e+01,7.496986206000116892e-02,-3.654133439412483142e+01,4.760169210302249709e+00,-4.551731674608502942e+01,5.470910777721300633e+00,-5.049852495849680167e+01,4.665678155523888648e+00,1.160000000000000000e+02,7.887471936676786299e+02,6.026803660243520255e+01,3.335000000000000000e+06,2.014100000000000057e-01,-7.459403399999586100e+02,1.000000000000000000e+00
3.108924883409212858e-03,4.630904546766080251e-03,5.868504544563666325e-01,-4.570175974168588784e-02,2.000000000000000000e+01,7.429436447228165985e-02,-3.545526027505857769e+01,4.929159769748101994e+00,-4.824034380037983283e+01,5.663668726748888993e+00,-5.744152761885926850e+01,4.702001271469312016e+00,1.170000000000000000e+02,5.531014626756124244e+02,6.228600012779300954e+01,3.300800000000000000e+06,3.209500000000000131e-01,-1.581704690000394066e+03,1.000000000000000000e+00
3.125445440285603248e-03,5.242596888120941781e-03,5.828932102922200764e-01,-4.570493364384085044e-01,2.000000000000000000e+01,7.396020764652956603e-02,-3.537900611320064570e+01,5.022820316726073209e+00,-4.888932608100828503e+01,5.502574405217757203e+00,-6.513125403065444630e+01,4.752522450356095440e+00,1.180000000000000000e+02,3.941911308984268203e+02,6.358531204065514686e+01,3.232100000000000000e+06,3.550400000000000222e-01,-1.921623990000710364e+03,1.000000000000000000e+00
2.752788489403236623e-03,4.801873081043421011e-03,6.141055221574613920e-01,7.399981861503182080e-03,2.000000000000000000e+01,7.255323439684838172e-02,-3.558050052498662552e+01,4.857545159320139305e+00,-5.050553610525014392e+01,5.639892776513248940e+00,-5.520582750044130194e+01,4.718763083115018020e+00,1.190000000000000000e+02,4.037662509954151915e+02,6.354560517669916919e+01,3.194400000000000000e+06,2.233400000000000107e-01,-8.632528590001237490e+02,1.000000000000000000e+00
3.070162430182050983e-03,4.548463273370179777e-03,5.902533391261228779e-01,2.413916328871138217e-01,2.000000000000000000e+01,7.708614126212522122e-02,-3.839113659709647663e+01,4.978796567160432396e+00,-5.011709196818358691e+01,4.924123127416071277e+00,-5.197269003053402514e+01,4.784480255984426833e+00,1.200000000000000000e+02,5.391045251849296847e+02,6.254911796387062850e+01,3.266400000000000000e+06,8.754099999999999382e-02,-1.783611899999964692e+02,1.000000000000000000e+00
2.863318923255084910e-03,4.436634601774085487e-03,5.704962570982828884e-01,1.164992031596309374e+00,2.000000000000000000e+01,7.609381816096835727e-02,-3.366675873381466744e+01,5.097553100715328966e+00,-4.220979918192089997e+01,5.530836532239833403e+00,-5.356025579831304384e+01,4.954137476549835384e+00,1.210000000000000000e+02,9.057223832170031983e+02,5.917629279542766341e+01,3.410800000000000000e+06,1.229999999999999982e-01,-3.090120539999984999e+02,1.000000000000000000e+00
2.977265779754346801e-03,5.150471202992746959e-03,5.561272816681485098e-01,1.338371825081577260e+00,2.000000000000000000e+01,7.387596880059311977e-02,-3.250632762856265146e+01,4.990312374686280528e+00,-4.679317664190747195e+01,5.541813147334823775e+00,-5.519047158154864974e+01,4.832148139543852139e+00,1.220000000000000000e+02,8.310568478006523492e+02,5.974321063976530866e+01,3.350300000000000000e+06,3.598000000000000087e-01,-1.999148018000621505e+03,1.000000000000000000e+00
3.074174213921601617e-03,5.172334024192287716e-03,5.661965992236546175e-01,2.841976619001864712e+00,2.000000000000000000e+01,6.690966209136527121e-02,-2.260947540076304918e+01,5.930087001749773101e+00,-3.361601869704620071e+01,5.561401321758557614e+00,-5.632026024166748357e+01,5.343443788283284590e+00,1.230000000000000000e+02,2.672017755757383838e+03,5.572673340089495753e+01,3.620300000000000000e+06,8.376100000000000212e-02,-1.679483299999986343e+02,1.000000000000000000e+00
3.120136529428454986e-03,4.732741543266289104e-03,6.248045877541723581e-01,1.939727311537038812e+00,2.000000000000000000e+01,7.355046104330575929e-02,-2.599146336135473945e+01,5.277317202840151822e+00,-4.209313788609442497e+01,6.081183545137474944e+00,-5.226677053601601131e+01,4.988853948133778360e+00,1.240000000000000000e+02,1.223451676907729734e+03,5.746981170453520349e+01,3.525700000000000000e+06,3.867200000000000082e-01,-2.000543999999132893e+03,1.000000000000000000e+00
3.436471358588272761e-03,4.699073422301380289e-03,5.314893462931356005e-01,2.083582865692694686e+00,2.000000000000000000e+01,7.523842831808356946e-02,-3.315464463832653053e+01,5.010837687253184569e+00,-3.817484594439011403e+01,5.378684506894382267e+00,-4.723005476222046894e+01,5.279046042704630182e+00,1.250000000000000000e+02,1.193213628584617481e+03,5.751284198963232797e+01,3.491700000000000000e+06,2.451800000000000090e-01,-1.181147889999830795e+03,1.000000000000000000e+00
3.149068335290568406e-03,4.526606555793844834e-03,5.843676362920019463e-01,8.724309154441109992e-01,2.000000000000000000e+01,7.487745797415924776e-02,-3.512165602157350008e+01,4.751020189708828667e+00,-4.611303946632075679e+01,5.380381543583023785e+00,-5.279950480774526511e+01,4.824996678214118262e+00,1.260000000000000000e+02,7.253852761161826948e+02,6.053814037064350373e+01,3.324800000000000000e+06,2.298900000000000110e-01,-9.192222900001322614e+02,1.000000000000000000e+00
3.025609870002459682e-03,4.692647561335142742e-03,5.550062794908353636e-01,9.594345529876675549e-01,2.000000000000000000e+01,7.483173418230755491e-02,-3.632176218763996900e+01,4.837294612341811906e+00,-4.762927418438795257e+01,5.381409555045701509e+00,-5.012537248409665835e+01,4.755947794797468653e+00,1.270000000000000000e+02,7.005345627281230918e+02,6.085822386353576974e+01,3.329200000000000000e+06,2.463599999999999957e-01,-1.073761150000270391e+03,1.000000000000000000e+00
3.032458258186233706e-03,4.944752075627924237e-03,5.896639722465051303e-01,7.853300220249007646e-01,2.000000000000000000e+01,7.457534001295011705e-02,-3.289907439169051884e+01,4.877766374039764763e+00,-4.713752627611042811e+01,5.662630589499205058e+00,-5.566013167852699439e+01,4.795557978325533099e+00,1.280000000000000000e+02,7.050100096306844080e+02,6.060729600367324110e+01,3.338000000000000000e+06,2.365599999999999925e-01,-9.438927300000756304e+02,1.000000000000000000e+00
3.222979383262853693e-03,5.435814933197224107e-03,4.519288084519964555e-01,7.862001826015381223e-01,2.000000000000000000e+01,7.665104192723126708e-02,-3.653639698990431839e+01,5.171256200162887673e+00,-4.676672287016591412e+01,5.730738181481057403e+00,-5.524472387398388662e+01,5.497083938130072234e+00,1.290000000000000000e+02,6.709846091762682363e+02,6.103377372512039045e+01,3.255400000000000000e+06,2.028200000000000003e-01,-9.026404099998721904e+02,1.000000000000000000e+00
3.143808890497359985e-03,4.519842382277403786e-03,5.841400104848117891e-01,6.145858482747297291e-01,2.000000000000000000e+01,7.506698529888386484e-02,-3.515352185132704221e+01,4.719610812760491214e+00,-4.645917753168572517e+01,5.374879428933921233e+00,-5.376442327139417898e+01,4.879310363364168346e+00,1.300000000000000000e+02,6.822554446628189453e+02,6.092266918550392063e+01,3.314800000000000000e+06,2.100100000000000022e-01,-7.849519999999279207e+02,1.000000000000000000e+00
3.225121696590616850e-03,4.872577701022612687e-03,5.722595408249790960e-01,1.556081210811478321e+00,2.000000000000000000e+01,7.435291330660710740e-02,-3.614939513760580780e+01,4.767884872164740884e+00,-4.396975028687813847e+01,5.290323373560419817e+00,-5.035100698792932405e+01,4.857794698260733846e+00,1.310000000000000000e+02,8.754134683233091891e+02,5.956538934951566233e+01,3.349600000000000000e+06,3.050899999999999723e-01,-1.543270000000158461e+03,1.000000000000000000e+00
2.979128364124708842e-03,4.657270792925185393e-03,5.972523255338089143e-01,1.125003887972351402e+00,2.000000000000000000e+01,7.627312260273506894e-02,-3.275167654257293748e+01,4.575153048204144035e+00,-4.585201088161628036e+01,5.198087926457983343e+00,-5.321036540962747097e+01,5.505632093729335708e+00,1.320000000000000000e+02,8.575211122682618452e+02,5.966399731434487563e+01,3.352300000000000000e+06,1.091499999999999970e-01,-2.454696000000058973e+02,1.000000000000000000e+00
3.134080601061075937e-03,4.732723362650491546e-03,5.950195292663195135e-01,1.182409490976862543e+00,2.000000000000000000e+01,7.460760382001881130e-02,-3.332815930393743287e+01,4.843240604353467482e+00,-4.732250279188302500e+01,5.635756001321023945e+00,-4.674015156711155328e+01,5.147352988076614011e+00,1.330000000000000000e+02,8.647905644213026335e+02,5.962521673702850222e+01,3.423000000000000000e+06,2.429300000000000070e-01,-9.831671699998375971e+02,1.000000000000000000e+00
2.995362093053424452e-03,4.709154444635557657e-03,6.149948291216309482e-01,9.321566252615445247e-01,2.000000000000000000e+01,7.499619850919821140e-02,-3.178623603239416440e+01,4.724601755732292574e+00,-4.490882975716552039e+01,5.851737042404664635e+00,-5.315717440597213539e+01,5.214347791822545375e+00,1.340000000000000000e+02,8.492162681074869397e+02,5.971239031569277245e+01,3.411100000000000000e+06,1.766000000000000070e-01,-5.274177390000264722e+02,1.000000000000000000e+00
3.111035805361655679e-03,4.265892463550517710e-03,5.635871174476146939e-01,-9.889888885258505402e-01,2.000000000000000000e+01,7.019214075115273732e-02,-4.537749359405360394e+01,5.267224459065490194e+00,-5.108330000436994567e+01,5.709637594645597503e+00,-4.774349378285432977e+01,4.673406926065377220e+00,1.350000000000000000e+02,3.319977103689788578e+02,6.605364044930604450e+01,3.323500000000000000e+06,3.420199999999999907e-01,-6.873236000000639478e+02,1.000000000000000000e+00
3.455743272541419824e-03,4.544474806816464069e-03,5.319474811859293828e-01,2.298590705339933038e+00,2.000000000000000000e+01,7.520722791891076842e-02,-3.625221477983219387e+01,5.004100349013798521e+00,-3.526501962819646252e+01,5.289205437417164646e+00,-4.729979892610082715e+01,5.410881449846847602e+00,1.360000000000000000e+02,1.173116042003729717e+03,5.757364058931402440e+01,3.493700000000000000e+06,2.542499999999999760e-01,-1.265702400000209082e+03,1.000000000000000000e+00
2.986320696785337535e-03,5.017506492173108394e-03,6.024350286091332274e-01,-9.291584183202500347e-01,2.000000000000000000e+01,7.326173186192186382e-02,-3.602559152031349754e+01,4.097489541289895953e+00,-5.084312462808203037e+01,4.674433277814008747e+00,-5.606525202444722566e+01,4.899203482655781094e+00,1.370000000000000000e+02,4.477909546680990616e+02,6.341470708023257430e+01,3.253500000000000000e+06,1.691300000000000026e-01,-5.387859099999914179e+02,1.000000000000000000e+00
3.274944884644690520e-03,4.532433698831822913e-03,5.595597181183701307e-01,-7.270245101010148758e-01,2.000000000000000000e+01,7.385532761163329796e-02,-3.887258911631413838e+01,4.979222213124937291e+00,-5.093222622354856099e+01,5.980695296311564491e+00,-6.950781617950649149e+01,5.051397895502336866e+00,1.380000000000000000e+02,3.762640372949355765e+02,6.407678833174065858e+01,3.278900000000000000e+06,6.084699999999999553e-01,-2.405296529999549421e+03,1.000000000000000000e+00
3.142009475684116090e-03,5.515286334852172352e-03,5.464277223878329925e-01,-7.613663625402558033e-01,2.000000000000000000e+01,7.462805480378442713e-02,-3.836192751077336283e+01,4.727505116996490564e+00,-4.877124018119913273e+01,5.072459766229291844e+00,-5.739200454535644980e+01,4.908455512066996818e+00,1.390000000000000000e+02,4.106387333019375774e+02,6.358828285574962536e+01,3.229800000000000000e+06,2.777800000000000269e-01,-1.381388700000225526e+03,1.000000000000000000e+00
3.100285234342095575e-03,4.621624099661286560e-03,6.259493783606053796e-01,-3.863784988379061897e-02,2.000000000000000000e+01,7.616773271425333891e-02,-3.886961928676807076e+01,4.776867159665465934e+00,-4.991462785760975862e+01,5.477582293614505105e+00,-5.598054428393750470e+01,4.646755768395479436e+00,1.400000000000000000e+02,4.075404112775906924e+02,6.362009365382243686e+01,3.248500000000000000e+06,1.110700000000000021e-01,-2.497486100000073179e+02,1.000000000000000000e+00
3.206259453872583112e-03,4.828115162212077982e-03,5.646103788903069631e-01,5.391677375814083462e-01,2.000000000000000000e+01,7.549591301265742849e-02,-3.805123636284681510e+01,4.648004473489737443e+00,-4.606471312222019776e+01,5.074635097137614181e+00,-5.351756362546304757e+01,4.870372448316263814e+00,1.410000000000000000e+02,6.294859480352452010e+02,6.151923418062045812e+01,3.273000000000000000e+06,1.767499999999999905e-01,-6.203803500000096847e+02,1.000000000000000000e+00
2.907054150012011555e-03,4.877174520052447032e-03,6.020233588162526850e-01,-7.810481110410467664e-01,2.000000000000000000e+01,7.455093722739744577e-02,-3.613935510259661044e+01,5.116638019736042153e+00,-5.478159722283089650e+01,4.744468444020285780e+00,-5.350427686736047406e+01,4.639542261775893017e+00,1.420000000000000000e+02,3.877408224285387632e+02,6.399461303821222913e+01,3.222000000000000000e+06,2.359300000000000008e-01,-8.915768999998401796e+02,1.000000000000000000e+00
3.064420512808544318e-03,4.637246659774748106e-03,5.934859683865192359e-01,3.443241815298766495e-01,2.000000000000000000e+01,7.673841607487039140e-02,-3.983047867695746191e+01,4.936081182022149960e+00,-4.799434045059354048e+01,5.145900124592090563e+00,-5.125512688912172621e+01,4.798367592224725087e+00,1.430000000000000000e+02,5.582962091970094889e+02,6.232631183678664399e+01,3.293000000000000000e+06,9.615899999999999448e-02,-2.075281600000039646e+02,1.000000000000000000e+00
3.181066852076797763e-03,5.250788326259402464e-03,5.861244404034000599e-01,4.096566514825252803e-01,2.000000000000000000e+01,7.471266130862080912e-02,-3.805404303044784342e+01,4.789965951865172045e+00,-4.848019854064453682e+01,5.236910311863876899e+00,-5.091133533629924557e+01,4.999329566573558203e+00,1.440000000000000000e+02,5.964869605551691620e+02,6.170958166963190195e+01,3.309400000000000000e+06,2.285999999999999976e-01,-9.234152700000818186e+02,1.000000000000000000e+00
3.228916879422238668e-03,5.446790079364544415e-03,5.679059158262587115e-01,6.808221393000103427e-01,2.000000000000000000e+01,7.485193763636338593e-02,-3.917630401655004846e+01,4.795678386594415699e+00,-4.719175019634776902e+01,5.227627965516944641e+00,-5.217588847767032689e+01,4.918988068878618947e+00,1.450000000000000000e+02,6.023448763297652704e+02,6.170850654643775357e+01,3.297100000000000000e+06,2.213299999999999990e-01,-9.168999700000998700e+02,1.000000000000000000e+00
3.108343049986677514e-03,5.231496569358136568e-03,5.961240223429604690e-01,4.189418030294065343e-01,2.000000000000000000e+01,7.467025659395565285e-02,-3.794216455625431195e+01,4.787243140687957421e+00,-4.823771781805039893e+01,5.238019577241871616e+00,-5.093585817510991376e+01,4.989469441896801527e+00,1.460000000000000000e+02,6.029233503445376527e+02,6.163893552069308157e+01,3.311100000000000000e+06,2.196799999999999864e-01,-8.340835999999137584e+02,1.000000000000000000e+00
3.128421198323749070e-03,5.091922483332003355e-03,5.464893192909460184e-01,2.931094582372827162e+00,2.000000000000000000e+01,6.717360268385830224e-02,-2.204877824641224748e+01,5.867662856783347536e+00,-3.277249778893877163e+01,5.546500797213634648e+00,-5.529325209212926495e+01,5.406155093642063036e+00,1.470000000000000000e+02,2.795287377610719886e+03,5.574991974113368798e+01,3.633100000000000000e+06,8.855999999999999983e-02,-1.906055599999955632e+02,1.000000000000000000e+00
3.113233531490415019e-03,4.415164524935543018e-03,5.667586544348218736e-01,-9.886464269692020190e-01,2.000000000000000000e+01,7.123816314322867216e-02,-4.366433322558421537e+01,5.424523258973772855e+00,-5.248393758226090711e+01,5.725855108960313800e+00,-4.743885494175280826e+01,4.614292384215159970e+00,1.480000000000000000e+02,3.507460081402675769e+02,6.591136310135426868e+01,3.333300000000000000e+06,4.956300000000000150e-01,-1.409715449999623615e+03,1.000000000000000000e+00
3.017458415154519909e-03,5.027128194356796781e-03,5.923893949850791429e-01,-5.074695307693503077e-01,2.000000000000000000e+01,7.588368455059428530e-02,-3.884384624980340561e+01,4.857056193528425325e+00,-4.748703866159135600e+01,5.305964841981171354e+00,-5.157670178905020464e+01,5.022343537641633660e+00,1.490000000000000000e+02,5.335163548881663473e+02,6.269145856803505978e+01,3.322000000000000000e+06,1.276599999999999957e-01,-3.288639000000051169e+02,1.000000000000000000e+00
3.164901308610214986e-03,4.689265514577557400e-03,5.371061942353971830e-01,2.094693543385547585e+00,2.000000000000000000e+01,7.537767732363609419e-02,-3.207900676998058032e+01,4.833989275450337075e+00,-4.084184035026068216e+01,5.298563212216146567e+00,-4.967102782206160327e+01,5.179591461229500204e+00,1.500000000000000000e+02,1.122265595685324115e+03,5.774662406208707210e+01,3.428900000000000000e+06,1.986199999999999910e-01,-7.868189999999062820e+02,1.000000000000000000e+00
3.038613637899770237e-03,5.022699222249502049e-03,5.992874530385809972e-01,-3.231198362629503218e-01,2.000000000000000000e+01,7.515959315116811645e-02,-3.799165908964510407e+01,4.824661355055158474e+00,-4.872787880634117386e+01,5.249096577120093698e+00,-5.049431889333339996e+01,5.031157147232427462e+00,1.510000000000000000e+02,5.456748493318746114e+02,6.246526276678860512e+01,3.318500000000000000e+06,1.745099999999999985e-01,-5.439810000000188666e+02,1.000000000000000000e+00
3.025413843112067375e-03,4.951225060117647042e-03,5.968779380624427144e-01,-5.123922804119234592e-02,2.000000000000000000e+01,7.450994431304061583e-02,-3.630609234156759868e+01,4.895916466288755764e+00,-5.044652596291537350e+01,5.106401742469987681e+00,-5.079381891804379734e+01,4.779522332939118101e+00,1.520000000000000000e+02,5.644862591112599830e+02,6.239616743570827850e+01,3.289400000000000000e+06,2.496599999999999930e-01,-1.007493359999939685e+03,1.000000000000000000e+00
3.010670662982274995e-03,4.950886617703753427e-03,5.898783233860587227e-01,5.944927232994265398e-03,2.000000000000000000e+01,7.451892311725116791e-02,-3.663395506941796498e+01,4.916351521362234855e+00,-5.046656196893977864e+01,5.106477361873382748e+00,-5.128192878137974731e+01,4.741991858685210559e+00,1.530000000000000000e+02,5.502062043549458394e+02,6.243915487910011564e+01,3.282900000000000000e+06,2.528799999999999937e-01,-1.042041339999958836e+03,1.000000000000000000e+00
3.174524931578969096e-03,4.594774365254222087e-03,5.976550996628258172e-01,5.576997331971301763e-01,2.000000000000000000e+01,7.550453917121638381e-02,-3.868897813897152105e+01,4.617965084625447858e+00,-4.672423873892036994e+01,5.414890600963649270e+00,-5.391313348025227015e+01,4.666375468675174609e+00,1.540000000000000000e+02,5.798136569913729090e+02,6.201538274197842782e+01,3.272200000000000000e+06,1.592099999999999904e-01,-4.797273900000283788e+02,1.000000000000000000e+00
2.976619875806405489e-03,4.882029177319338435e-03,5.739816511533574195e-01,1.448967482866958534e-01,2.000000000000000000e+01,7.464449613438051134e-02,-3.571783797479115208e+01,5.015692326706812310e+00,-5.032729019787879565e+01,5.103852393060568815e+00,-5.272787626647795634e+01,4.474405816836767968e+00,1.550000000000000000e+02,5.679502260310149495e+02,6.237531724800313526e+01,3.268600000000000000e+06,2.500100000000000100e-01,-1.042244198999896071e+03,1.000000000000000000e+00
3.181535064092614121e-03,4.522798249595043167e-03,5.913076551856111251e-01,2.418139192923751235e+00,2.000000000000000000e+01,7.390547164526486967e-02,-3.220435259005376594e+01,4.879687809351857197e+00,-3.749942573765515164e+01,5.235137266279464185e+00,-4.906320553240942672e+01,5.213340025613005579e+00,1.560000000000000000e+02,1.234370767861208378e+03,5.726122009662861245e+01,3.455600000000000000e+06,3.653500000000000081e-01,-1.945854150000671552e+03,1.000000000000000000e+00
3.010422303500574943e-03,4.659690772456285754e-03,5.784114848443012713e-01,1.685414198674681785e+00,2.000000000000000000e+01,7.533074752657788198e-02,-3.540179964848947236e+01,5.220944624348158314e+00,-4.286814317424652643e+01,5.892543649586629684e+00,-4.795139696606031521e+01,4.613252887146752634e+00,1.570000000000000000e+02,9.610429081977714532e+02,5.896833266707988486e+01,3.453900000000000000e+06,1.663699999999999901e-01,-5.200103899999883197e+02,1.000000000000000000e+00
3.342539104087341884e-03,4.466807799606204755e-03,5.606254433703274920e-01,1.700523689170131858e+00,2.000000000000000000e+01,7.409943635370074000e-02,-3.934630520626619443e+01,4.868805619916948046e+00,-3.880874380488587860e+01,5.382374794112415373e+00,-4.908125460037759069e+01,5.420219190148214850e+00,1.580000000000000000e+02,9.852209612722491556e+02,5.882754445298032664e+01,3.436300000000000000e+06,4.021700000000000275e-01,-2.424048219999971479e+03,1.000000000000000000e+00
3.067592883543072968e-03,4.622651461004023341e-03,6.058670565685722043e-01,1.586252206650453633e+00,2.000000000000000000e+01,7.457373752168526548e-02,-3.345981259842199051e+01,5.603421322866445564e+00,-4.328898379155344145e+01,5.229344685481704502e+00,-4.861552467005686395e+01,4.617582019824565620e+00,1.590000000000000000e+02,9.753660045666359792e+02,5.886342993683395264e+01,3.438200000000000000e+06,2.318900000000000128e-01,-8.784992999999203676e+02,1.000000000000000000e+00
3.102680707866661142e-03,4.926637183289016113e-03,5.724929245727113925e-01,2.128277216051015497e+00,2.000000000000000000e+01,7.413868899601382123e-02,-3.345473839379415182e+01,5.157544937179122435e+00,-4.593603650243572645e+01,5.601013130360839476e+00,-5.069382134926728867e+01,4.692049850949077339e+00,1.600000000000000000e+02,9.348087629786925845e+02,5.898186836994273108e+01,3.396200000000000000e+06,3.141399999999999748e-01,-1.589408810000168387e+03,1.000000000000000000e+00
3.141662400383053028e-03,4.673935771172909974e-03,5.894577093729012063e-01,1.566391374089000310e+00,2.000000000000000000e+01,7.475655641303960430e-02,-2.916758198324060203e+01,4.937918612363807469e+00,-4.461936049550480021e+01,5.653680738432372621e+00,-5.257714096575147522e+01,5.016711531524263634e+00,1.610000000000000000e+02,9.920320851402824474e+02,5.856212159326122446e+01,3.420600000000000000e+06,2.266299999999999981e-01,-8.848637700001230542e+02,1.000000000000000000e+00
3.144271662739203058e-03,4.522690636013274382e-03,5.847330141377018453e-01,5.425360297580598123e-01,2.000000000000000000e+01,7.472941002339850147e-02,-3.527421575949055921e+01,4.755250042454257198e+00,-4.641510631821908817e+01,5.454330475648909271e+00,-5.245551760906980121e+01,4.807394342849584667e+00,1.620000000000000000e+02,6.967912025658866924e+02,6.099656028894393955e+01,3.329000000000000000e+06,2.548000000000000265e-01,-1.088347999999808508e+03,1.000000000000000000e+00
2.905177437520295707e-03,4.335560485730665346e-03,6.185769665063480804e-01,7.993088974854160034e-01,2.000000000000000000e+01,7.379574873367267251e-02,-3.818749171824273247e+01,4.495833388148986920e+00,-4.336088451920272746e+01,5.283441713046798327e+00,-5.490690895535377081e+01,4.785472783735198909e+00,1.630000000000000000e+02,6.923632547843548082e+02,6.099839100496722466e+01,3.278200000000000000e+06,3.546300000000000008e-01,-1.689735849999590073e+03,1.000000000000000000e+00
2.846174868140873351e-03,4.995695732024239485e-03,5.475433357468311169e-01,8.714240850076314659e-01,2.000000000000000000e+01,7.483595483409496985e-02,-3.092587345287873291e+01,4.618956538441939763e+00,-4.780027790750267513e+01,5.841251497823916949e+00,-5.346703304479179053e+01,5.084650442591942543e+00,1.640000000000000000e+02,7.701497412613657616e+02,6.042026893468802484e+01,3.367900000000000000e+06,2.224500000000000088e-01,-8.889986569999066433e+02,1.000000000000000000e+00
3.113507470841414635e-03,4.684582006071399962e-03,5.871965866364652342e-01,1.298348625412286017e+00,2.000000000000000000e+01,7.663030824371237781e-02,-3.644916717917721627e+01,4.846191439441041027e+00,-4.701464686249663316e+01,5.242843840195797966e+00,-5.126263540342852565e+01,4.909525533620593407e+00,1.650000000000000000e+02,7.738162541786817883e+02,6.041849274946235226e+01,3.326800000000000000e+06,1.002500000000000058e-01,-2.269067999999948597e+02,1.000000000000000000e+00
3.311149473897070233e-03,4.790677388539502785e-03,5.547424200358325175e-01,9.798576157018523691e-01,2.000000000000000000e+01,7.559836255905655333e-02,-3.476643336672632500e+01,4.579924199171637511e+00,-4.487822996713234147e+01,5.133996332803233642e+00,-5.456382078580003991e+01,4.965918208183030202e+00,1.660000000000000000e+02,7.754124691988304221e+02,6.033726141439607460e+01,3.295400000000000000e+06,1.780500000000000138e-01,-6.590192700000270634e+02,1.000000000000000000e+00
2.980268194257033095e-03,5.252874057598580677e-03,5.879128235566586369e-01,-3.154458601115625593e-01,2.000000000000000000e+01,7.493847713410087263e-02,-3.757896516411017274e+01,4.458653245903855478e+00,-4.783766439112856972e+01,5.198081527297399695e+00,-5.233813917390696702e+01,5.027265686794430088e+00,1.670000000000000000e+02,5.485831086928693594e+02,6.254648231739596298e+01,3.275600000000000000e+06,1.924500000000000099e-01,-6.574851270000591512e+02,1.000000000000000000e+00
3.031329093582922803e-03,5.400806108360379013e-03,5.358755377782185025e-01,2.332194324621648107e-01,2.000000000000000000e+01,7.510085890465333092e-02,-3.917094682706233755e+01,5.086597254989476014e+00,-5.008123677653842520e+01,5.579112291566947768e+00,-4.777174889718487805e+01,4.831011136953227592e+00,1.680000000000000000e+02,5.505293180202686472e+02,6.244029419659315749e+01,3.353400000000000000e+06,2.108299999999999896e-01,-8.664332799998506971e+02,1.000000000000000000e+00
3.059464630287936880e-03,5.020082500502062034e-03,6.127746102951439067e-01,-1.901910490948939270e-01,2.000000000000000000e+01,7.438437129591125851e-02,-3.722220943619440447e+01,4.796575660944178310e+00,-5.058579773397635648e+01,5.109026711282801614e+00,-4.934787143294558831e+01,5.047108374787561580e+00,1.690000000000000000e+02,5.503854992491797020e+02,6.245871638947186000e+01,3.304900000000000000e+06,2.571300000000000252e-01,-1.026226079999924195e+03,1.000000000000000000e+00
3.118169198135707122e-03,4.615310191950397489e-03,5.834725047633630979e-01,2.492609179071584968e+00,2.000000000000000000e+01,7.363520535590534211e-02,-2.712288002741223281e+01,5.008166757699399341e+00,-3.813769224976537942e+01,5.554056024355224608e+00,-5.325654274614998229e+01,5.136108017019139993e+00,1.700000000000000000e+02,1.344724794089536999e+03,5.675263494627719041e+01,3.478200000000000000e+06,4.062600000000000100e-01,-2.298619810000164307e+03,1.000000000000000000e+00
3.098459829114827598e-03,4.589949316843658367e-03,5.812197453578775708e-01,2.777665609111368283e+00,2.000000000000000000e+01,7.435482881173458014e-02,-2.905868733346783017e+01,4.708709489726488506e+00,-3.672262825518934903e+01,5.561947283647556972e+00,-4.800137967191074040e+01,5.195546205746465418e+00,1.710000000000000000e+02,1.364965742294828715e+03,5.673324845392946258e+01,3.495300000000000000e+06,2.822500000000000009e-01,-1.260203810000009526e+03,1.000000000000000000e+00
2.987532163728990643e-03,4.749846839727574210e-03,6.053674339404873095e-01,5.209159513806032038e-01,2.000000000000000000e+01,7.560110031513067597e-02,-3.747142785985418101e+01,4.692120431349012577e+00,-4.877759958290501174e+01,5.410041937815667445e+00,-5.139305952540351541e+01,4.935943308290132059e+00,1.720000000000000000e+02,5.984854567665753393e+02,6.173435227668622360e+01,3.307600000000000000e+06,1.363499999999999990e-01,-3.549743999999751054e+02,1.000000000000000000e+00
3.233694844328838247e-03,5.354365342337373546e-03,5.699339502079872055e-01,7.196762232362631240e-01,2.000000000000000000e+01,7.488972752379921549e-02,-3.897434810669339811e+01,4.805192559516469508e+00,-4.763429822528829050e+01,5.254806494529706384e+00,-5.172145997929581540e+01,4.920938498814789064e+00,1.730000000000000000e+02,6.038101389494789828e+02,6.168076531501169057e+01,3.301400000000000000e+06,2.187099999999999878e-01,-8.913982000000456765e+02,1.000000000000000000e+00
3.125894879490314499e-03,4.514280539870818912e-03,6.090456864184470298e-01,6.013612016663170134e-01,2.000000000000000000e+01,7.616372781523322866e-02,-3.714130496177008922e+01,4.753916802707530920e+00,-4.686731614719540318e+01,5.296564787549908004e+00,-5.348080997986897955e+01,4.759083855987836564e+00,1.740000000000000000e+02,6.449145070256313375e+02,6.144143643690296130e+01,3.292500000000000000e+06,1.160100000000000020e-01,-2.791518000000046982e+02,1.000000000000000000e+00
3.180670193692055042e-03,4.587158725170861762e-03,6.139927167506562533e-01,8.898629019959993780e-01,2.000000000000000000e+01,7.502066472549676068e-02,-3.845469448266571533e+01,4.680389629070388580e+00,-4.586280550070741668e+01,5.426556031612405739e+00,-5.233813321755809511e+01,4.668439322763738630e+00,1.750000000000000000e+02,6.496107287687407279e+02,6.131898470208367513e+01,3.298200000000000000e+06,1.909399999999999986e-01,-6.314086499999957596e+02,1.000000000000000000e+00
2.896668974945957979e-03,4.808490024947865288e-03,5.646142388713093485e-01,5.842783119273511350e-01,2.000000000000000000e+01,7.437503652610999438e-02,-3.649027437460475909e+01,5.105572549550113415e+00,-4.773943498835888732e+01,5.286241554601641468e+00,-5.162168316377929500e+01,4.675941861465759075e+00,1.760000000000000000e+02,6.540551413216456922e+02,6.129064838560150008e+01,3.328200000000000000e+06,2.871299999999999963e-01,-1.329148187999667471e+03,1.000000000000000000e+00
2.908053671682464276e-03,5.361833782358412306e-03,5.543412954103753565e-01,1.189053056217300730e+00,2.000000000000000000e+01,7.402463840087632196e-02,-3.753591450533851770e+01,5.020622269285622608e+00,-4.590495873137174243e+01,5.323268543524076968e+00,-5.342622470558838188e+01,4.869676070835153858e+00,1.770000000000000000e+02,7.068017460259068230e+02,6.068956183388274894e+01,3.330600000000000000e+06,3.237599999999999922e-01,-1.659299093999444949e+03,1.000000000000000000e+00
3.164626484772295901e-03,4.505323011319327733e-03,6.033680346268873729e-01,1.389168598009839162e+00,2.000000000000000000e+01,7.602230924815898960e-02,-3.205139810286306812e+01,4.862383177301399684e+00,-4.601460352865085923e+01,5.553932556196009784e+00,-5.216518434217481115e+01,5.079035591368116442e+00,1.780000000000000000e+02,9.110811603380666384e+02,5.918287187765876212e+01,3.389300000000000000e+06,1.223299999999999943e-01,-3.051059999999947081e+02,1.000000000000000000e+00
3.084729538003517200e-03,4.262928733600955186e-03,5.413177716115614713e-01,-8.514135073221049121e-02,2.000000000000000000e+01,6.713687039175293692e-02,-4.013990816031927267e+01,4.692527277291535626e+00,-4.613256515763156074e+01,5.343599372738269793e+00,-5.558101998398296928e+01,5.449374253794392331e+00,1.790000000000000000e+02,5.807505255632755734e+02,6.226201508600524193e+01,3.312800000000000000e+06,8.026700000000000501e-02,-1.492063299999967967e+02,1.000000000000000000e+00
3.235442603512696247e-03,5.103881766719202233e-03,5.650766070454067425e-01,1.576812754524638649e+00,2.000000000000000000e+01,7.455652161112612253e-02,-3.288350324929864144e+01,4.913073488164814151e+00,-4.563902208767042623e+01,5.394165546146796331e+00,-5.213223790934922874e+01,4.816635936487768888e+00,1.800000000000000000e+02,8.997994670845570226e+02,5.926449740190354731e+01,3.360100000000000000e+06,2.685699999999999754e-01,-1.275305409999939002e+03,1.000000000000000000e+00
3.065140647803350944e-03,5.130204251603605325e-03,5.649016483091842122e-01,9.090385122542939955e-01,2.000000000000000000e+01,7.539308067141536895e-02,-3.758331998639220473e+01,4.768985468582449094e+00,-4.778539528603747755e+01,5.306272922702094164e+00,-4.991927579055884223e+01,4.844422897288183094e+00,1.810000000000000000e+02,6.920933355855618174e+02,6.114566229131880704e+01,3.317400000000000000e+06,1.665699999999999958e-01,-5.459964799999931984e+02,1.000000000000000000e+00
2.910388458169753736e-03,4.887432060414664305e-03,5.738139845280916251e-01,5.687896859467270749e-01,2.000000000000000000e+01,8.163522766267379549e-02,-3.709977633286089826e+01,4.387984140579258785e+00,-4.539563232218222311e+01,5.896114172820706045e+00,-5.352538333259357017e+01,4.942586086444748616e+00,1.820000000000000000e+02,6.854886480390048291e+02,6.116156318854977769e+01,3.356900000000000000e+06,6.513599999999999945e-02,-9.674300000000152977e+01,1.000000000000000000e+00
3.141797305079426991e-03,4.996390391127928515e-03,5.832439428609967891e-01,1.624162612860080124e+00,2.000000000000000000e+01,7.477854629156893695e-02,-3.238615560153520789e+01,5.052595439239832231e+00,-4.932147568445759589e+01,5.462370914022594448e+00,-5.220373837599372280e+01,4.800478495196861317e+00,1.830000000000000000e+02,8.058929283309406628e+02,5.989474023968728744e+01,3.350800000000000000e+06,2.158899999999999986e-01,-8.342791800001126603e+02,1.000000000000000000e+00
3.068345403358976528e-03,5.173056046268378547e-03,5.436145419457298900e-01,3.283478241499943606e-01,2.000000000000000000e+01,7.536352926968678534e-02,-3.864350266263323164e+01,4.888214539981216689e+00,-4.914042052505101310e+01,5.224788896148075068e+00,-4.906291640190526238e+01,4.874429018570314298e+00,1.840000000000000000e+02,5.885052993597180375e+02,6.203617873861077925e+01,3.313900000000000000e+06,1.861399999999999999e-01,-6.981972899999467472e+02,1.000000000000000000e+00
3.063354031364273495e-03,4.646163402366980041e-03,5.924591358243835870e-01,3.725474839269496408e-01,2.000000000000000000e+01,7.675578999903373556e-02,-3.931345661478027864e+01,4.928135361633781741e+00,-4.762688765656093892e+01,5.160257532144504111e+00,-5.132498427400180674e+01,4.807327578232623466e+00,1.850000000000000000e+02,5.878261517592100063e+02,6.206576512779740540e+01,3.299400000000000000e+06,9.531900000000000095e-02,-2.052209999999894592e+02,1.000000000000000000e+00
3.146288980501663057e-03,4.984401820104717058e-03,5.837710996288322240e-01,1.573695431525952149e+00,2.000000000000000000e+01,7.604761438915237648e-02,-3.107906435204303364e+01,5.135588400923344565e+00,-4.801018965798938609e+01,5.469004905578145781e+00,-5.549662712446613000e+01,4.775025690623028396e+00,1.860000000000000000e+02,8.862657332713083633e+02,5.954516073610223970e+01,3.350900000000000000e+06,1.194500000000000006e-01,-3.104152000000095768e+02,1.000000000000000000e+00
2.735961881390328639e-03,4.431943346976734491e-03,6.340149516353296155e-01,-1.325099901104769273e-01,2.000000000000000000e+01,7.232576161304965501e-02,-4.264180925232822972e+01,4.750199038834637122e+00,-4.452836715914580878e+01,5.344020549129822939e+00,-5.657394741233323288e+01,5.167427574163243165e+00,1.870000000000000000e+02,5.227333331379076071e+02,6.290873303927989468e+01,3.284100000000000000e+06,6.357000000000000428e-01,-2.618625599999941187e+03,1.000000000000000000e+00
3.060493022641236176e-03,5.035494816252995484e-03,6.143425469201020395e-01,1.477763152119214718e-01,2.000000000000000000e+01,7.453098026621306216e-02,-3.681990357015210691e+01,4.781530705958713767e+00,-4.952616616234717384e+01,5.247301923588802985e+00,-4.967130503373882533e+01,5.069810939591740784e+00,1.880000000000000000e+02,5.985838623446362590e+02,6.183686091386643113e+01,3.323600000000000000e+06,2.277599999999999902e-01,-8.456819999998845105e+02,1.000000000000000000e+00
3.070542268584354299e-03,4.535332732501196409e-03,5.970526101614030967e-01,6.987611955058311564e-01,2.000000000000000000e+01,7.633304020916209520e-02,-3.975386793910384853e+01,4.655725474147459408e+00,-4.623413356475207792e+01,5.034961492045949782e+00,-5.268691512287850287e+01,4.996668394111114964e+00,1.890000000000000000e+02,6.067620751905627685e+02,6.170394520338543742e+01,3.275600000000000000e+06,1.110300000000000037e-01,-2.618624599999966449e+02,1.000000000000000000e+00
3.114097422988846339e-03,4.890837445358444877e-03,5.818150517166523761e-01,-1.215952486413568456e-02,2.000000000000000000e+01,7.655713340674299983e-02,-3.786245692381551464e+01,4.684438777884277982e+00,-4.660400378184900205e+01,5.073318573058640091e+00,-5.425453940170970668e+01,5.069833491780443069e+00,1.900000000000000000e+02,5.909395506264087317e+02,6.202717004640464182e+01,3.282100000000000000e+06,1.059200000000000003e-01,-2.532719999999941649e+02,1.000000000000000000e+00
2.943959215326157411e-03,5.010730834366019550e-03,6.044987034259121650e-01,2.873589250844720833e-01,2.000000000000000000e+01,7.471047989614597318e-02,-4.068255589446690834e+01,4.792712102387701734e+00,-4.976023124447252144e+01,5.237958786838646574e+00,-5.068809768437424879e+01,5.012428753103009171e+00,1.910000000000000000e+02,6.881040433775474412e+02,6.121002945700741549e+01,3.325800000000000000e+06,2.081600000000000117e-01,-6.681308760000270013e+02,1.000000000000000000e+00
3.458415792392296149e-03,5.480882258277060617e-03,5.357396842327918352e-01,8.391792227349266220e-01,2.000000000000000000e+01,7.570556688846316606e-02,-3.448359638009536354e+01,4.635937879260468186e+00,-4.510914629224326688e+01,5.100713304245853230e+00,-6.015996256128192954e+01,4.946096996933592393e+00,1.920000000000000000e+02,6.945044550450357974e+02,6.103431999489893656e+01,3.250100000000000000e+06,1.725500000000000089e-01,-6.782486799998979450e+02,1.000000000000000000e+00
3.119995445121502998e-03,4.943559728694535416e-03,5.719024499723652788e-01,1.592674140534567240e+00,2.000000000000000000e+01,7.477366024484485840e-02,-3.355935536994105206e+01,4.827739660425640622e+00,-4.459498831696909349e+01,5.325312294573240735e+00,-4.999525076780501820e+01,4.900156481007660325e+00,1.930000000000000000e+02,9.360042968466658522e+02,5.908474462830064056e+01,3.372900000000000000e+06,2.281400000000000095e-01,-9.296560000000849868e+02,1.000000000000000000e+00
3.059474238632985729e-03,4.757547251763553572e-03,5.939551956826644163e-01,1.626607572661434409e+00,2.000000000000000000e+01,7.557218353953201739e-02,-3.384055997155448381e+01,4.795814684797585770e+00,-4.582235523198433924e+01,5.273833398813670748e+00,-4.998587013022681447e+01,5.104914773426388663e+00,1.940000000000000000e+02,9.292039917141867136e+02,5.915446569548461753e+01,3.371100000000000000e+06,1.405200000000000060e-01,-3.863643299999794749e+02,1.000000000000000000e+00
3.071702935575897943e-03,4.834991511442798123e-03,5.369609139865159086e-01,2.880305915436434105e+00,2.000000000000000000e+01,7.446995632042816005e-02,-2.822281163233892443e+01,5.095200704216487964e+00,-3.616567402801644704e+01,5.788161756715076045e+00,-4.869887469166903315e+01,5.471517556669715177e+00,1.950000000000000000e+02,1.441982476582994877e+03,5.601458142524717942e+01,3.577900000000000000e+06,2.932699999999999751e-01,-1.479884800000098721e+03,1.000000000000000000e+00
3.137159866004502959e-03,4.688437516794435531e-03,5.889375633736222415e-01,1.425587273949082023e+00,2.000000000000000000e+01,7.453499636742155765e-02,-2.986993709564347199e+01,4.941504227926403203e+00,-4.276338105393288913e+01,5.657542989591245686e+00,-5.283616741294881081e+01,5.058089942714975251e+00,1.960000000000000000e+02,9.978805749105822542e+02,5.856345621070799012e+01,3.433400000000000000e+06,2.623900000000000121e-01,-1.123813790000097015e+03,1.000000000000000000e+00
2.848192543386172254e-03,4.630599657030930530e-03,6.424404042110885005e-01,-6.500353261887058254e-02,2.000000000000000000e+01,7.013718574873629985e-02,-4.247400821470095167e+01,4.746677625349517982e+00,-5.012231003794942552e+01,5.756918844083653397e+00,-5.595999692731135866e+01,4.409834505545944694e+00,1.970000000000000000e+02,3.793620931555032030e+02,6.559562356350035373e+01,3.235200000000000000e+06,3.766399999999999748e-01,-8.598081810000513769e+02,1.000000000000000000e+00
3.139012217945994637e-03,4.515926462496833334e-03,5.845053883305116882e-01,2.846909625886785977e-01,2.000000000000000000e+01,7.491893734812310468e-02,-3.530608158924410134e+01,4.723840665505919745e+00,-4.676124438358405655e+01,5.448828360999807607e+00,-5.342043607271872929e+01,4.861708027999634751e+00,1.980000000000000000e+02,6.541630989498902409e+02,6.137896810296953021e+01,3.319700000000000000e+06,2.296799999999999953e-01,-9.173958399999061157e+02,1.000000000000000000e+00
3.125554474174356036e-03,4.923762774235498560e-03,5.654464297882306756e-01,4.545663440450302684e-01,2.000000000000000000e+01,7.676640963262024164e-02,-3.842395499000227233e+01,4.680586322413999412e+00,-4.627445179269616204e+01,5.202075236180008666e+00,-5.274707163467900273e+01,4.963700807054124198e+00,1.990000000000000000e+02,6.489812818996153965e+02,6.152030814344205822e+01,3.295800000000000000e+06,1.014100000000000001e-01,-2.449741999999964435e+02,1.000000000000000000e+00
