3.116139261233930296e-03,4.875470074385939920e-03,5.725885154681207290e-01,3.436326663413833415e+00,2.000000000000000000e+01,6.991102141108526680e-02,-2.102671679270370930e+01,6.430215131492831304e+00,-3.456968234853756883e+01,6.071059846494872403e+00,-5.692240426084200777e+01,5.865413136183553533e+00,0.000000000000000000e+00,3.012442691022380586e+03,5.444164742880426644e+01,3.756000000000000000e+06,3.152099999999999902e-01,-8.514223899999213927e+02,1.000000000000000000e+00
3.091757859609458800e-03,5.291336096062623784e-03,6.372215578868134500e-01,3.277069452146371020e+00,2.000000000000000000e+01,7.307598643105309155e-02,-2.234235558013404699e+01,6.692917608864512147e+00,-3.423907245676516453e+01,5.704239071547899442e+00,-6.383656668787038058e+01,5.842152713391674190e+00,1.000000000000000000e+00,1.616758829034958126e+03,5.466581359335669532e+01,3.657300000000000000e+06,4.144900000000000251e-01,-2.177044539999833887e+03,1.000000000000000000e+00
2.857379438142278703e-03,4.923081202693285925e-03,5.941716101523808469e-01,2.951622178345385983e+00,2.000000000000000000e+01,7.490107283093055957e-02,-2.442906749051056181e+01,6.035445134791695310e+00,-3.598937607208482348e+01,6.047497265203249484e+00,-5.774658387710350382e+01,5.733031792562394813e+00,2.000000000000000000e+00,1.530395697182629419e+03,5.498317798934257894e+01,3.655200000000000000e+06,1.695099999999999940e-01,-4.918784450000511015e+02,1.000000000000000000e+00
3.003891438212943649e-03,4.942898195194232562e-03,5.965842652734334450e-01,2.721360874764452653e+00,2.000000000000000000e+01,7.418348895450915803e-02,-2.730778039843737304e+01,5.930799063134613469e+00,-3.290228320103307169e+01,5.561270094267644737e+00,-6.188161962363842150e+01,5.969427328449194547e+00,3.000000000000000000e+00,1.296947682607615207e+03,5.579310787287980133e+01,3.575400000000000000e+06,2.651399999999999868e-01,-1.100128309999878866e+03,1.000000000000000000e+00
2.898530790016699919e-03,5.278013682718114483e-03,5.965608632154668634e-01,2.498254082409069987e+00,2.000000000000000000e+01,7.451434800195912145e-02,-2.772866931905534926e+01,5.889813719418430793e+00,-3.855352199694900861e+01,6.045359899156061090e+00,-5.865912061403284383e+01,5.515199803970306291e+00,4.000000000000000000e+00,1.290996803981318862e+03,5.585060467260868933e+01,3.583000000000000000e+06,2.026999999999999913e-01,-6.831953099999600454e+02,1.000000000000000000e+00
3.120415878115764645e-03,4.907159312323977791e-03,6.065646501394933443e-01,2.326052483499249313e+00,2.000000000000000000e+01,7.449639362382393104e-02,-2.847374059760654319e+01,5.748700626391986646e+00,-4.034726726449063960e+01,5.713078666732286592e+00,-5.842024958589341566e+01,5.485993497516989947e+00,5.000000000000000000e+00,1.129648313516436247e+03,5.649477505184347592e+01,3.522700000000000000e+06,2.263499999999999956e-01,-8.480160000000761329e+02,1.000000000000000000e+00
3.072468517192159833e-03,4.300728244292030371e-03,6.102382601914992932e-01,2.488491570046778456e+00,2.000000000000000000e+01,7.397519731788931852e-02,-2.707908933518644545e+01,6.539001678260411232e+00,-3.620876466665318816e+01,5.413373814145506557e+00,-6.385937651461873088e+01,5.636377842671084437e+00,6.000000000000000000e+00,1.130862388170424765e+03,5.589506522257406118e+01,3.567300000000000000e+06,3.272800000000000153e-01,-1.552588800000104357e+03,1.000000000000000000e+00
2.866823966180592678e-03,4.535278619808551064e-03,6.183847669915605305e-01,2.639477382827859486e+00,2.000000000000000000e+01,7.594760386604973434e-02,-2.650174429409160837e+01,6.259546529905971823e+00,-3.874028636462796982e+01,5.747403211053651262e+00,-5.968132954148019564e+01,5.502956118495625937e+00,7.000000000000000000e+00,1.336572036913287548e+03,5.557016630577316363e+01,3.590500000000000000e+06,1.097599999999999965e-01,-2.269716249999904392e+02,1.000000000000000000e+00
3.098560506456629442e-03,4.817745458795986459e-03,6.008693048687280269e-01,2.102880356713678012e+00,2.000000000000000000e+01,7.437441446148471136e-02,-2.865540613189786256e+01,5.742556082083416058e+00,-3.994026826049305612e+01,5.819423872868995318e+00,-5.805822219980328214e+01,5.455538586871755413e+00,8.000000000000000000e+00,1.092339018427029487e+03,5.662457372822375845e+01,3.535100000000000000e+06,2.527800000000000047e-01,-1.038681499999973084e+03,1.000000000000000000e+00
3.006393120221579653e-03,4.808338798236147862e-03,6.173469743338919624e-01,2.888425425004447433e+00,2.000000000000000000e+01,7.373356510471000547e-02,-2.577570657505028606e+01,5.803080776455323608e+00,-3.639837525738842317e+01,5.936471037873210399e+00,-5.736677880924547424e+01,5.117575262483638809e+00,9.000000000000000000e+00,1.386021576173670383e+03,5.555902114476188558e+01,3.576300000000000000e+06,3.243199999999999972e-01,-1.490474999999637703e+03,1.000000000000000000e+00
3.006369417465394774e-03,4.915535435917960105e-03,5.573560936020650614e-01,2.119461693529366197e+00,2.000000000000000000e+01,7.403552792587334008e-02,-3.011053355284822430e+01,5.887799924703025489e+00,-4.011389106218889822e+01,5.586026596367514863e+00,-5.690743100544449362e+01,5.632254548289664875e+00,1.000000000000000000e+01,1.090310776988852922e+03,5.667096442888033891e+01,3.541300000000000000e+06,3.383099999999999996e-01,-1.789972799999362678e+03,1.000000000000000000e+00
3.048971312355108938e-03,4.927685773040937911e-03,6.371461844164186816e-01,2.234132593125111921e+00,2.000000000000000000e+01,7.424883224521462710e-02,-3.032734806863334853e+01,6.303493331909508335e+00,-4.040043887292316072e+01,5.819099678240737816e+00,-6.129215984923858684e+01,5.016216130490488645e+00,1.100000000000000000e+01,1.040268985183142149e+03,5.683573970499659822e+01,3.522800000000000000e+06,2.283799999999999997e-01,-8.075519800001303565e+02,1.000000000000000000e+00
3.183811146750564758e-03,4.953607769334188865e-03,6.025740217153126022e-01,2.705127081622088703e+00,2.000000000000000000e+01,7.484440913461483380e-02,-2.573250723197487844e+01,5.964547596733334345e+00,-3.663955440051562107e+01,5.926573832697960675e+00,-5.690842592649201492e+01,5.655385320708114172e+00,1.200000000000000000e+01,1.434155708312832303e+03,5.536162535521198436e+01,3.629000000000000000e+06,1.908499999999999919e-01,-6.408129399999744464e+02,1.000000000000000000e+00
2.988544453844927881e-03,5.223661708619035081e-03,5.781920926568040464e-01,2.606609279537821955e+00,2.000000000000000000e+01,7.382680361142482384e-02,-2.645548213862725007e+01,5.750850883732051777e+00,-3.611656197087940967e+01,6.141300412860489999e+00,-5.651308063586516539e+01,5.672522539687849807e+00,1.300000000000000000e+01,1.409221187335348532e+03,5.550367928555725427e+01,3.631500000000000000e+06,3.308300000000000129e-01,-1.636073493000081726e+03,1.000000000000000000e+00
3.015581345930177116e-03,4.998511620321900370e-03,5.717613209486627213e-01,2.190584386324409216e+00,2.000000000000000000e+01,7.448474455007868256e-02,-3.176279951375286004e+01,5.389479745717038028e+00,-3.992412834278869127e+01,5.952791754397091850e+00,-5.746391890768415323e+01,5.761901958638569354e+00,1.400000000000000000e+01,1.005354319765185323e+03,5.698898796868995476e+01,3.519300000000000000e+06,2.499300000000000133e-01,-1.051845390000069301e+03,1.000000000000000000e+00
2.995401259023601579e-03,4.878789994038195202e-03,5.703098752384394565e-01,2.977492080661257923e+00,2.000000000000000000e+01,7.487532608077830665e-02,-2.457110322058935736e+01,6.080474060046451967e+00,-3.703363470863358486e+01,6.141915214493087305e+00,-5.899899122936861318e+01,5.539139016755500577e+00,1.500000000000000000e+01,1.439614202892854337e+03,5.502035234082008941e+01,3.636900000000000000e+06,1.952000000000000124e-01,-6.907445269999692528e+02,1.000000000000000000e+00
2.946268782127262412e-03,4.988622011935403902e-03,6.205854422157606187e-01,1.276682058457723201e+00,2.000000000000000000e+01,7.346429216644888294e-02,-3.258465103544013175e+01,6.314045932783861836e+00,-4.652885878708740108e+01,5.884503019773076105e+00,-5.800767734125905406e+01,5.670468035150776132e+00,1.600000000000000000e+01,7.687025438756587619e+02,5.846158165824979847e+01,3.536000000000000000e+06,3.825100000000000167e-01,-1.918533400000796519e+03,1.000000000000000000e+00
3.269815318097680709e-03,4.795320994161723048e-03,6.644532677349483940e-01,2.252647893549323932e+00,2.000000000000000000e+01,7.382396062758946054e-02,-2.784623308867776359e+01,6.014466827139188787e+00,-3.885213861870629160e+01,5.680048811723053426e+00,-6.534410863677963732e+01,5.280618405622909073e+00,1.700000000000000000e+01,1.046924680432581681e+03,5.671439453641087880e+01,3.483600000000000000e+06,3.012000000000000233e-01,-1.282167000000135204e+03,1.000000000000000000e+00
2.953975061823362579e-03,5.241289817384205997e-03,5.780363485479524943e-01,2.778867643542302979e+00,2.000000000000000000e+01,7.368659871860219757e-02,-2.614081736525136535e+01,5.768834438997159531e+00,-3.662381396933531619e+01,6.139502790581416569e+00,-5.699250139688845707e+01,5.603347210459343586e+00,1.800000000000000000e+01,1.428117544115567171e+03,5.536676688464399376e+01,3.622000000000000000e+06,3.476699999999999791e-01,-1.760196091999176588e+03,1.000000000000000000e+00
3.202236951994005126e-03,4.983410080105707407e-03,6.130421029580049863e-01,2.659930067655218444e+00,2.000000000000000000e+01,7.452758940770279339e-02,-2.533817629400324023e+01,5.951516447588341308e+00,-3.716394083377927160e+01,5.832699477843208413e+00,-5.658132152509692503e+01,5.715433500865670702e+00,1.900000000000000000e+01,1.421633772372037129e+03,5.543950173782654645e+01,3.624400000000000000e+06,2.179099999999999926e-01,-7.898020000001451990e+02,1.000000000000000000e+00
3.068107914894398561e-03,4.373482031253855123e-03,6.213204780693940554e-01,2.331059369450420693e+00,2.000000000000000000e+01,7.597864628662108488e-02,-2.923994802638880230e+01,6.551489056750362749e+00,-4.085958939279188940e+01,5.331026050094965996e+00,-6.552441081625335073e+01,5.694246742471082534e+00,2.000000000000000000e+01,9.898115957342180309e+02,5.704666156368189434e+01,3.504600000000000000e+06,1.150299999999999934e-01,-2.609930400000106374e+02,1.000000000000000000e+00
2.936607281453128965e-03,4.961291482812199560e-03,6.071448696944790058e-01,3.394535022518465062e-01,2.000000000000000000e+01,7.469886989086557683e-02,-3.688344532972401879e+01,5.269691337936909470e+00,-4.639932667129126287e+01,5.824275895027497540e+00,-5.851894749993906686e+01,5.182644699831048030e+00,2.100000000000000000e+01,5.168995485626548998e+02,6.129533096558465388e+01,3.373000000000000000e+06,2.052400000000000058e-01,-6.917613999999502994e+02,1.000000000000000000e+00
2.971055138348093622e-03,4.683678601421985277e-03,5.848953002435117732e-01,4.085388769584594737e-01,2.000000000000000000e+01,7.451503491984037830e-02,-3.597818157894059254e+01,5.225134687524423782e+00,-4.712192333497635843e+01,5.830212647261097558e+00,-5.896548615836180574e+01,5.308099185831716582e+00,2.200000000000000000e+01,5.172751827476836297e+02,6.122462968503926817e+01,3.371700000000000000e+06,2.617200000000000082e-01,-1.103920851000141283e+03,1.000000000000000000e+00
3.277686946768125845e-03,4.789338740293242261e-03,5.968712113403347175e-01,1.790077192569122566e+00,2.000000000000000000e+01,7.489298494069152046e-02,-2.989018397702960073e+01,5.986724737030815646e+00,-4.125880090558074187e+01,5.516983107654246155e+00,-6.054644421343881788e+01,5.275809945983677807e+00,2.300000000000000000e+01,9.877481458844455346e+02,5.743243643329363124e+01,3.484100000000000000e+06,2.079499999999999960e-01,-7.751613799999217918e+02,1.000000000000000000e+00
2.865519861630081051e-03,4.588712583952131441e-03,6.541859425273121031e-01,3.467124982797251675e-01,2.000000000000000000e+01,7.418132788538775446e-02,-3.679695395780258593e+01,5.591524479447874896e+00,-4.489044126606307827e+01,5.568421018389609678e+00,-5.994257533486664613e+01,5.166526379808184188e+00,2.400000000000000000e+01,5.239543751300800523e+02,6.101115838160063731e+01,3.380400000000000000e+06,2.408800000000000108e-01,-8.278889780000904466e+02,1.000000000000000000e+00
2.934149535874814620e-03,4.965069635221128208e-03,6.062577636043974261e-01,3.612041037929134557e-01,2.000000000000000000e+01,7.451181491443285843e-02,-3.716818617385382595e+01,5.270500081965247219e+00,-4.640003406071591030e+01,5.827546720296128413e+00,-5.852059518214640121e+01,5.185290206043328354e+00,2.500000000000000000e+01,5.035190592900460160e+02,6.135263387573731109e+01,3.370900000000000000e+06,2.261799999999999922e-01,-8.290505999998896414e+02,1.000000000000000000e+00
2.844417788344185630e-03,4.879458985969291167e-03,6.198106969431526059e-01,3.785291573530835674e-01,2.000000000000000000e+01,7.546407231273226379e-02,-3.609626467405641392e+01,5.603927485658706686e+00,-4.748022212654182539e+01,5.480610859323208572e+00,-5.797374754180457046e+01,5.436074567556625325e+00,2.600000000000000000e+01,5.424508501548790491e+02,6.097706026484204500e+01,3.393800000000000000e+06,1.327200000000000046e-01,-3.205188000000054558e+02,1.000000000000000000e+00
2.794492168532716845e-03,4.790467566299650044e-03,6.521093968876320313e-01,1.203549148325099072e+00,2.000000000000000000e+01,7.362248729183801244e-02,-3.065183592848483585e+01,5.873062437489601884e+00,-4.285000478087228259e+01,5.969030810831106315e+00,-6.651950631125660607e+01,4.975583906345462992e+00,2.700000000000000000e+01,7.450413396058545459e+02,5.885720706256701362e+01,3.424500000000000000e+06,3.124299999999999855e-01,-1.271451715999681483e+03,1.000000000000000000e+00
3.076103803120644811e-03,4.740852153122457682e-03,6.392901406008539844e-01,1.686598554814768613e+00,2.000000000000000000e+01,7.394076732713897315e-02,-3.254887714751053807e+01,5.768024039894038779e+00,-4.387200715942601903e+01,5.784466665802401764e+00,-6.340597493176258581e+01,5.182738253001977213e+00,2.800000000000000000e+01,7.270385768978304668e+02,5.894817346147133463e+01,3.417800000000000000e+06,2.928600000000000092e-01,-1.242048419999892303e+03,1.000000000000000000e+00
3.432120341729344784e-03,4.810652206908447304e-03,5.867110830394958176e-01,1.725964005046103589e+00,2.000000000000000000e+01,7.435295930345343918e-02,-3.226704711949699345e+01,6.190370987505262157e+00,-4.180113739259152794e+01,6.480264629148720701e+00,-6.173057049117629447e+01,5.466019999913321215e+00,2.900000000000000000e+01,8.659975495782093731e+02,5.749343266263926466e+01,3.567300000000000000e+06,3.104799999999999782e-01,-1.618759999999761249e+03,1.000000000000000000e+00
3.016631838419429890e-03,4.030538124515989709e-03,5.414775411677218431e-01,1.775537257099135457e+00,2.000000000000000000e+01,7.481762823031806731e-02,-3.685915812804732639e+01,6.140466312591656539e+00,-4.233112631915057023e+01,5.735899223825286164e+00,-5.789612760213594100e+01,5.158357151572177557e+00,3.000000000000000000e+01,7.257615167323579044e+02,5.918330717529413221e+01,3.481200000000000000e+06,2.841899999999999982e-01,-1.404862329999528811e+03,1.000000000000000000e+00
3.201469201425173605e-03,4.965936037769267536e-03,6.215109425645678476e-01,1.727268026852344152e+00,2.000000000000000000e+01,7.361191695384371181e-02,-3.413307885961383192e+01,6.184039608443475444e+00,-4.443946589977291239e+01,5.869565801149795092e+00,-5.605616142044232220e+01,5.582169018891040224e+00,3.100000000000000000e+01,8.431564858218910103e+02,5.809844050659322079e+01,3.541500000000000000e+06,3.764700000000000268e-01,-1.982165899999418798e+03,1.000000000000000000e+00
2.831790811275844075e-03,4.752892524506450306e-03,6.210749330407961954e-01,-1.842372607794240391e-02,2.000000000000000000e+01,7.544300263250354466e-02,-3.875176670097304310e+01,5.377594802937594842e+00,-4.745522299910497566e+01,5.401312994937532252e+00,-5.664291225266165952e+01,5.439829146644553859e+00,3.200000000000000000e+01,4.425063484033811392e+02,6.201299228752933601e+01,3.362500000000000000e+06,1.355200000000000016e-01,-3.306831999999797631e+02,1.000000000000000000e+00
2.988724460700417813e-03,4.706810860573415120e-03,6.137425971896344201e-01,-6.021821854721420841e-02,2.000000000000000000e+01,7.561349858551608127e-02,-3.715602277702324585e+01,5.321547854722782134e+00,-4.870747387645447901e+01,5.643685604960195334e+00,-5.884498157210843061e+01,5.281755800652585542e+00,3.300000000000000000e+01,4.218466663991060841e+02,6.227616528861429401e+01,3.346600000000000000e+06,1.360300000000000120e-01,-3.470217390000142927e+02,1.000000000000000000e+00
2.997121343830382728e-03,4.635701724787447825e-03,6.120546042074164195e-01,-8.979362922518263623e-02,2.000000000000000000e+01,7.474657018244855455e-02,-3.780041686250562805e+01,5.575065005103670757e+00,-4.681057446525117882e+01,5.606925824493440125e+00,-5.922966943064436407e+01,5.194258568009965771e+00,3.400000000000000000e+01,4.428240399298577472e+02,6.198169594341243283e+01,3.368800000000000000e+06,2.132999999999999896e-01,-7.461531000001053826e+02,1.000000000000000000e+00
3.039745488153409135e-03,4.848909257737710719e-03,6.023708483906189404e-01,5.852478522655073512e-01,2.000000000000000000e+01,7.524701365568520206e-02,-3.645357538662059937e+01,5.485315505101791445e+00,-4.625470499280250181e+01,5.557175402970806033e+00,-5.903022145156860745e+01,5.297873513278254620e+00,3.500000000000000000e+01,5.538755002543867931e+02,6.090960810632508071e+01,3.377600000000000000e+06,1.630900000000000127e-01,-4.813175000000028376e+02,1.000000000000000000e+00
2.844473099847822858e-03,4.218415453955605410e-03,5.928212363879719060e-01,1.249405495578857217e-01,2.000000000000000000e+01,6.800889487829087088e-02,-3.727150656826405850e+01,5.772658657223594503e+00,-4.991882486304919553e+01,5.947736633172481469e+00,-6.743370943174583942e+01,5.049094989672787470e+00,3.600000000000000000e+01,4.086560063567293355e+02,6.230450954069546299e+01,3.336000000000000000e+06,1.834000000000000075e-01,-6.363180999999322012e+02,1.000000000000000000e+00
3.135641647796567032e-03,4.681498463610932713e-03,5.696584884022374284e-01,1.391698972308554882e-01,2.000000000000000000e+01,7.556046465730056894e-02,-3.530184674137873202e+01,5.577018110154219777e+00,-4.870656344337452737e+01,5.706944421176675775e+00,-6.024676520445338923e+01,5.246479771398739445e+00,3.700000000000000000e+01,4.742133863467304877e+02,6.163099892663893797e+01,3.371000000000000000e+06,1.703000000000000069e-01,-5.720926899999863053e+02,1.000000000000000000e+00
2.961358280204635842e-03,4.861440989902465412e-03,6.023022095573791201e-01,7.574229730717901843e-02,2.000000000000000000e+01,7.494300869916180330e-02,-3.731562649609121252e+01,5.144223545675133735e+00,-4.751946741775962124e+01,5.602628110139692197e+00,-5.912177346002027889e+01,5.278671762484239416e+00,3.800000000000000000e+01,4.394310978646282138e+02,6.205721850685343099e+01,3.332200000000000000e+06,1.886500000000000121e-01,-6.164802000000379394e+02,1.000000000000000000e+00
2.999981443729804725e-03,4.743922408659009653e-03,5.893893201113930003e-01,5.630813781816649266e-01,2.000000000000000000e+01,7.504794749071271032e-02,-3.422621495927863577e+01,5.455500015879209741e+00,-4.823563526122448053e+01,5.616760104776227003e+00,-6.247676587775640655e+01,5.244906315046129919e+00,3.900000000000000000e+01,4.916787260517038476e+02,6.139538198168058614e+01,3.342800000000000000e+06,1.883599999999999997e-01,-6.411999999999318334e+02,1.000000000000000000e+00
3.035309734639043966e-03,4.753828168431718099e-03,6.096292618933506491e-01,-8.907700640020556337e-02,2.000000000000000000e+01,7.502542358178587723e-02,-3.803381966781995516e+01,5.340497297777440977e+00,-4.881972995050232100e+01,5.706231913834832525e+00,-5.870343536651535743e+01,5.262232851837319814e+00,4.000000000000000000e+01,3.859951074526119896e+02,6.259235481744800467e+01,3.345800000000000000e+06,1.856399999999999995e-01,-5.929573700000092913e+02,1.000000000000000000e+00
2.858531604272032678e-03,4.633898271155618802e-03,6.499617495690601654e-01,8.648563408004869557e-02,2.000000000000000000e+01,7.821890158975951246e-02,-3.657938774580874508e+01,5.424699034169584877e+00,-5.164070839472229579e+01,6.091376541431239744e+00,-6.467234059170793614e+01,4.772782005321621668e+00,4.100000000000000000e+01,4.439129388783236436e+02,6.196692913194397079e+01,3.344200000000000000e+06,1.914200000000000068e-01,-6.322455939999498469e+02,1.000000000000000000e+00
3.014106081788603571e-03,4.701170557632860202e-03,5.905639752091208505e-01,-1.149127023312975504e-01,2.000000000000000000e+01,7.505368467376073716e-02,-3.590064821581745491e+01,5.286933913552090303e+00,-4.869004623599469994e+01,5.785757196961789361e+00,-6.147788891455797966e+01,5.360366183415132824e+00,4.200000000000000000e+01,3.989593276284821286e+02,6.235595386110003346e+01,3.341500000000000000e+06,1.946599999999999997e-01,-6.778710900000847914e+02,1.000000000000000000e+00
3.129551802093035601e-03,4.792458553701498154e-03,5.714996540715832074e-01,-1.217931824788625744e-01,2.000000000000000000e+01,8.049933380815736672e-02,-3.685646406534550579e+01,5.009060084489527220e+00,-5.238776534878908109e+01,5.446184952929803202e+00,-6.646305774304819636e+01,5.413322160274093520e+00,4.300000000000000000e+01,3.724586724456481761e+02,6.267310541641402466e+01,3.324800000000000000e+06,1.290800000000000003e-01,-3.420133800000030533e+02,1.000000000000000000e+00
2.832237789859399276e-03,5.170295059061463284e-03,6.450037078129928769e-01,-5.413367035141276595e-01,2.000000000000000000e+01,7.331745838865028064e-02,-3.830235922919749925e+01,5.574097204151628127e+00,-4.558656354495241914e+01,4.816538868200438195e+00,-7.058216799145124298e+01,5.754559257782250192e+00,4.400000000000000000e+01,3.764944666272336917e+02,6.259729343222316800e+01,3.329300000000000000e+06,1.299500000000000099e-01,-3.446871999999870013e+02,1.000000000000000000e+00
2.966915719882665288e-03,4.382161598915087532e-03,6.054995461204408791e-01,1.620707364816553531e+00,2.000000000000000000e+01,7.459324111194456930e-02,-3.327480055206639520e+01,6.137511017667938162e+00,-4.321700755043202236e+01,5.384057905646729481e+00,-5.744011684100553339e+01,5.119393017537129609e+00,4.500000000000000000e+01,8.138027474301442226e+02,5.838374611881576470e+01,3.470600000000000000e+06,2.295099999999999918e-01,-8.478697000000456683e+02,1.000000000000000000e+00
2.995579497091096534e-03,4.742112611261590539e-03,5.899388562973107986e-01,2.850026408015164381e-01,2.000000000000000000e+01,7.505146773022516871e-02,-3.415910396222540157e+01,5.468332730897424554e+00,-4.843745242940037343e+01,5.611973670570931105e+00,-6.202559495846007565e+01,5.237052787789568065e+00,4.600000000000000000e+01,4.816836997965137925e+02,6.150402537243171253e+01,3.346000000000000000e+06,1.900499999999999967e-01,-6.482366970000460924e+02,1.000000000000000000e+00
2.794492168532716845e-03,4.790467566299650044e-03,6.521093968876320313e-01,1.203549148325099072e+00,2.000000000000000000e+01,7.362248729183801244e-02,-3.065183592848483585e+01,5.873062437489601884e+00,-4.285000478087228259e+01,5.969030810831106315e+00,-6.651950631125660607e+01,4.975583906345462992e+00,4.700000000000000000e+01,6.704207539174146859e+02,5.942898881742016926e+01,3.428700000000000000e+06,2.618099999999999872e-01,-9.946382249998491716e+02,1.000000000000000000e+00
3.030606475829242252e-03,4.679759596064992852e-03,6.097523323693462283e-01,1.643960815949732535e+00,2.000000000000000000e+01,7.426134807077122701e-02,-3.150663332989639898e+01,5.637887795338219377e+00,-4.259002964032498539e+01,5.435630322938967751e+00,-6.047118545494608099e+01,5.402962455040535517e+00,4.800000000000000000e+01,8.315730599887335757e+02,5.825053365318401433e+01,3.431300000000000000e+06,2.671499999999999986e-01,-1.106581589999877224e+03,1.000000000000000000e+00
2.895760383328219688e-03,5.117603284231865557e-03,6.021432024268876804e-01,-4.117405228730675049e-02,2.000000000000000000e+01,7.472983884197823001e-02,-3.805458371089720515e+01,5.119630830827357926e+00,-4.720490484560156119e+01,5.664277860018312793e+00,-5.831982375401378960e+01,5.408982086446217252e+00,4.900000000000000000e+01,4.326006181397807495e+02,6.207452200613793281e+01,3.348400000000000000e+06,2.000000000000000111e-01,-6.684910250000140195e+02,1.000000000000000000e+00
2.972757635881605534e-03,4.768905028730146232e-03,6.223587191698767285e-01,-9.972103419119281165e-02,2.000000000000000000e+01,7.481679357099518812e-02,-3.785832217194311511e+01,5.257412114822317406e+00,-4.757362946298356121e+01,5.800260837630073496e+00,-5.850381989976819597e+01,5.170604730341089805e+00,5.000000000000000000e+01,4.251983871110685982e+02,6.223040558529507393e+01,3.353600000000000000e+06,1.927699999999999969e-01,-6.130325999999977284e+02,1.000000000000000000e+00
2.847191002959441938e-03,4.825035028362189421e-03,5.795741079604248558e-01,3.035558383560097440e-01,2.000000000000000000e+01,7.467282885852549734e-02,-3.618154774094340098e+01,5.114996283673810318e+00,-4.679949362269267255e+01,5.533490767834845059e+00,-6.315731917274901264e+01,5.186632017609596801e+00,5.100000000000000000e+01,4.307126234169816144e+02,6.217482948582154023e+01,3.294500000000000000e+06,2.257399999999999962e-01,-8.593195000001949211e+02,1.000000000000000000e+00
2.962320013725869457e-03,5.552941307860718295e-03,6.594645298486331297e-01,4.251152716978688628e-02,2.000000000000000000e+01,7.439261641715907980e-02,-4.075337568614013151e+01,5.552873450659912002e+00,-4.742652276374445819e+01,5.003561872067960437e+00,-5.257863298434302379e+01,5.533039362569303954e+00,5.200000000000000000e+01,4.539792539450830304e+02,6.190631108542323346e+01,3.360500000000000000e+06,1.759999999999999898e-01,-5.341385009999570457e+02,1.000000000000000000e+00
2.863802404014689253e-03,5.093676835280818577e-03,5.903955622081640264e-01,1.134730006055712170e+00,2.000000000000000000e+01,7.439576419492900661e-02,-3.466729868624243238e+01,5.454509532737758626e+00,-4.660459552169745479e+01,5.700699251801410128e+00,-5.775936645942407921e+01,5.222437133980247559e+00,5.300000000000000000e+01,6.517020307746823846e+02,5.998651587742349989e+01,3.400100000000000000e+06,2.361900000000000110e-01,-9.053135609998367954e+02,1.000000000000000000e+00
3.023918356734918954e-03,4.715441505467722269e-03,5.994852795558104352e-01,-6.213931425156648397e-02,2.000000000000000000e+01,7.613129308717803134e-02,-3.692021810135764071e+01,5.038974201438101375e+00,-4.840890223525313729e+01,5.590252042004156152e+00,-6.097355105036060507e+01,5.702468089586202993e+00,5.400000000000000000e+01,3.825791937336431374e+02,6.259559896558655367e+01,3.324700000000000000e+06,1.162399999999999961e-01,-2.809296000000085201e+02,1.000000000000000000e+00
3.041358804710194395e-03,4.651947037394193671e-03,6.159136341076247856e-01,2.453754128826892700e-01,2.000000000000000000e+01,7.491087860052912661e-02,-3.598658775230791207e+01,5.370596906258073844e+00,-4.876117184307117469e+01,5.604102147110674004e+00,-6.005178366621046848e+01,5.224725199462087133e+00,5.500000000000000000e+01,4.474679888391093527e+02,6.193084336038612037e+01,3.340000000000000000e+06,1.927699999999999969e-01,-6.319405800000180307e+02,1.000000000000000000e+00
3.059105368511075718e-03,4.616847437582776749e-03,6.430240823221401447e-01,-2.373561875466177057e-02,2.000000000000000000e+01,7.921539675065068786e-02,-3.155614016113940679e+01,5.047175845932030391e+00,-3.964722544568351026e+01,6.277165435741533628e+00,-5.401129331611833351e+01,4.675793660866089496e+00,5.600000000000000000e+01,4.549481524090896869e+02,6.163210779896779457e+01,3.417400000000000000e+06,1.460500000000000131e-01,-3.542972370000216529e+02,1.000000000000000000e+00
2.924591019282556711e-03,4.869822376227023707e-03,6.048377052656095376e-01,9.397397997016820881e-01,2.000000000000000000e+01,7.481293874713422498e-02,-3.403024121798732438e+01,5.468712976083057953e+00,-4.594385186282006828e+01,5.658432917783046356e+00,-5.871764249445642747e+01,5.315875313231243737e+00,5.700000000000000000e+01,6.559635324224989290e+02,5.986375302338500148e+01,3.404700000000000000e+06,1.917200000000000015e-01,-6.196124999999826741e+02,1.000000000000000000e+00
3.008152864807055443e-03,4.955713517228550399e-03,5.928782309689875074e-01,-3.874593478128641189e-01,2.000000000000000000e+01,7.482911749776127719e-02,-3.933247307140622695e+01,4.954510167650545860e+00,-4.774547135779308604e+01,5.714720209057244205e+00,-5.828040567072669376e+01,5.453592209891027665e+00,5.800000000000000000e+01,3.641845471044253486e+02,6.284510752189483185e+01,3.328300000000000000e+06,2.114999999999999936e-01,-7.683690099998955247e+02,1.000000000000000000e+00
3.229287463225714687e-03,2.435752888862829924e-03,5.561934931733377718e-01,9.410802723041846729e-01,2.000000000000000000e+01,6.702563702272575086e-02,-5.155143539143048770e+01,5.080372671658937023e+00,-5.672476289204557531e+01,5.018106325439165794e+00,-3.313486906587848324e+01,3.956950707684491420e+00,5.900000000000000000e+01,1.088237151896855437e+02,8.000591579231516448e+01,3.253800000000000000e+06,1.491099999999999925e-01,-3.646530000000023506e+02,1.000000000000000000e+00
3.015767445556737265e-03,4.655725647486550801e-03,5.906983008687179959e-01,-1.470135292431051233e-01,2.000000000000000000e+01,7.505177501603238488e-02,-3.668565063834358142e+01,5.212590419155882060e+00,-4.906237262958853762e+01,5.730286709554638591e+00,-6.338394935748257097e+01,5.352357610072559169e+00,6.000000000000000000e+01,3.271827425889034657e+02,6.325935234743386104e+01,3.304300000000000000e+06,1.963000000000000023e-01,-6.869214899999923318e+02,1.000000000000000000e+00
2.866628941656980661e-03,4.985673530816815344e-03,6.375277811737409817e-01,1.336063877550133006e+00,2.000000000000000000e+01,7.446042931346380511e-02,-3.303275540920714093e+01,5.406166323391568440e+00,-4.355502683262832875e+01,6.248879883408358538e+00,-6.324837768517041070e+01,5.294949993235265495e+00,6.100000000000000000e+01,7.024427494816069384e+02,5.927630159673756083e+01,3.429200000000000000e+06,1.976499999999999924e-01,-6.019765329999478354e+02,1.000000000000000000e+00
2.852250986107060775e-03,4.752207745323561161e-03,6.252307980763688322e-01,-5.739859165923335560e-01,2.000000000000000000e+01,7.542927598040592707e-02,-4.012113903165211326e+01,5.537302500980395337e+00,-4.805189506109071829e+01,5.346580353321224166e+00,-5.604823158381916670e+01,5.453917685654030123e+00,6.200000000000000000e+01,3.623363115033732242e+02,6.287125933388806232e+01,3.364700000000000000e+06,1.376999999999999891e-01,-3.364421129999898881e+02,1.000000000000000000e+00
3.103161025386367601e-03,4.564599543324602236e-03,5.883923082878687039e-01,4.235591616287333605e-01,2.000000000000000000e+01,7.491796892095564653e-02,-3.761772402920975367e+01,5.230044342347476949e+00,-4.565793645368241016e+01,5.615666123449045699e+00,-5.619071075938111193e+01,5.511483749222302109e+00,6.300000000000000000e+01,5.612588271705443503e+02,6.084040435176111572e+01,3.395500000000000000e+06,2.204500000000000071e-01,-8.386104400000813257e+02,1.000000000000000000e+00
2.875101699328093396e-03,4.872944448541036491e-03,5.923157632575413167e-01,6.580122603911420232e-01,2.000000000000000000e+01,7.499187576072929851e-02,-3.725342493661271703e+01,5.449375257911603043e+00,-4.537790840112894131e+01,5.617182652002981946e+00,-5.792496727072006024e+01,5.345605211025052483e+00,6.400000000000000000e+01,5.614676502224668866e+02,6.072762458447954970e+01,3.393800000000000000e+06,1.810299999999999965e-01,-5.721230100000460652e+02,1.000000000000000000e+00
2.947412555415025552e-03,4.914374034304623377e-03,5.864290678364214582e-01,1.297809386561473266e+00,2.000000000000000000e+01,7.452067333221869261e-02,-3.491260568554171329e+01,5.300519762589411599e+00,-4.374170426654245603e+01,5.749886625152964115e+00,-5.918683258203121511e+01,5.427865167364052112e+00,6.500000000000000000e+01,6.916413450194260122e+02,5.942299503622366075e+01,3.410400000000000000e+06,2.344499999999999917e-01,-9.254530929998552438e+02,1.000000000000000000e+00
3.106253794765000131e-03,4.898398396937940838e-03,6.019317192951736395e-01,1.088292142650951977e+00,2.000000000000000000e+01,7.407198932811812075e-02,-3.521240169635611750e+01,6.101481083869665589e+00,-4.745489954301282154e+01,5.918854473005485950e+00,-5.904802725197903612e+01,5.366122692382623960e+00,6.600000000000000000e+01,6.030273245669794733e+02,6.005611115994469884e+01,3.464900000000000000e+06,3.099100000000000188e-01,-1.483377840000416882e+03,1.000000000000000000e+00
2.829944952457142705e-03,4.809342964115247143e-03,6.022824392406673777e-01,-5.576592455405209314e-01,2.000000000000000000e+01,7.615156983635165688e-02,-3.687104367750926315e+01,5.374138633682622235e+00,-4.997867405728178625e+01,5.625864021875459642e+00,-5.953752408048534051e+01,5.248822267545058651e+00,6.700000000000000000e+01,3.548281003916373493e+02,6.295997804040701595e+01,3.333100000000000000e+06,1.107899999999999996e-01,-2.434734729999834997e+02,1.000000000000000000e+00
2.878130969547179098e-03,4.813948381964382184e-03,6.031130882289181816e-01,-6.903170921257655301e-01,2.000000000000000000e+01,7.567100526079689748e-02,-3.724831020558919903e+01,5.342031488595696764e+00,-4.910049900158367109e+01,5.613476430443450127e+00,-5.964745666448361305e+01,5.221750755518849374e+00,6.800000000000000000e+01,3.546640537527057404e+02,6.298324778054005435e+01,3.331300000000000000e+06,1.330999999999999961e-01,-3.340387059999803228e+02,1.000000000000000000e+00
2.912718463020397101e-03,4.864653315239897587e-03,5.952073874971735012e-01,-2.745072925588862844e-01,2.000000000000000000e+01,7.488331362906484878e-02,-3.855130559672262791e+01,5.132065288499179978e+00,-4.899750774136233389e+01,5.617293141447994742e+00,-5.835641746142484010e+01,5.385216321625614810e+00,6.900000000000000000e+01,3.556209394113266740e+02,6.289117656933282063e+01,3.326500000000000000e+06,1.987200000000000077e-01,-6.756218000000461643e+02,1.000000000000000000e+00
2.869013371473252451e-03,4.923148621331741720e-03,6.166405228480831280e-01,-6.774234206889059307e-01,2.000000000000000000e+01,7.470587162664865666e-02,-3.980468915268043162e+01,5.269759583184248086e+00,-4.822270798760278865e+01,5.631129462901715677e+00,-5.736550605873271991e+01,5.291278652207026312e+00,7.000000000000000000e+01,3.352636941847475782e+02,6.315801533040222893e+01,3.341400000000000000e+06,2.011100000000000110e-01,-6.483917400000699445e+02,1.000000000000000000e+00
2.635187546523927449e-03,5.126425617196233783e-03,6.719871358043879583e-01,-1.918601075231452513e-01,2.000000000000000000e+01,6.998809764382599163e-02,-4.075088614011654897e+01,5.320311638728493442e+00,-4.883728755435475222e+01,5.839506358341176373e+00,-6.154571401094989369e+01,4.767475522642065755e+00,7.100000000000000000e+01,3.353772467863336715e+02,6.307051986068708516e+01,3.347500000000000000e+06,1.827799999999999980e-01,-5.582538270000245575e+02,1.000000000000000000e+00
3.007320566385143605e-03,4.702809571324922770e-03,5.944723711876467309e-01,5.602422857229301112e-01,2.000000000000000000e+01,7.503518096137551385e-02,-3.585296712990213308e+01,5.167631795320210664e+00,-4.493013752816418815e+01,5.807857865357422433e+00,-5.963114389726169406e+01,5.414220480168516758e+00,7.200000000000000000e+01,5.741520102941768755e+02,6.062106610892751490e+01,3.383600000000000000e+06,1.885799999999999976e-01,-6.304467000000279313e+02,1.000000000000000000e+00
2.841488326409350590e-03,4.914870946367038557e-03,6.133327537020061282e-01,1.023591439076533716e+00,2.000000000000000000e+01,7.451644462724944795e-02,-3.920165311776503358e+01,5.809963370558249629e+00,-4.346458937388787547e+01,5.424349972664132657e+00,-5.722268879586597734e+01,5.602437440440268368e+00,7.300000000000000000e+01,5.743276677597232265e+02,6.056082887008867743e+01,3.434000000000000000e+06,2.084999999999999909e-01,-6.920675999999366468e+02,1.000000000000000000e+00
2.843337246619555107e-03,4.887901723361724737e-03,6.267358221303767074e-01,-3.826126078063691871e-01,2.000000000000000000e+01,7.544055628442131178e-02,-3.896026950873656602e+01,5.078034670185492594e+00,-4.890911455839277266e+01,5.574862133421952137e+00,-5.811154492383769821e+01,5.455874883465027025e+00,7.400000000000000000e+01,3.405161582852412039e+02,6.299470850642460817e+01,3.323300000000000000e+06,1.341799999999999937e-01,-3.208810619999744631e+02,1.000000000000000000e+00
3.186840555533815376e-03,5.089621024750926905e-03,6.605408354784506608e-01,-8.867456429983138627e-03,2.000000000000000000e+01,7.927766786545981104e-02,-3.436592872550125577e+01,5.428887987922036196e+00,-5.269844279520872732e+01,5.569420927195809057e+00,-5.841384338683126032e+01,5.274509106526380720e+00,7.500000000000000000e+01,3.379172748942231692e+02,6.302105771886758845e+01,3.351600000000000000e+06,1.257600000000000107e-01,-2.872226000000019894e+02,1.000000000000000000e+00
2.912796073418970604e-03,4.764367770101998051e-03,6.152771156707711464e-01,-6.445713123781685594e-01,2.000000000000000000e+01,7.464426848580216212e-02,-3.537362850295158267e+01,6.253513847137988968e+00,-5.167551368436102166e+01,5.615058250492515057e+00,-6.555439263798066918e+01,5.245145888703187431e+00,7.600000000000000000e+01,2.705545021180896015e+02,6.344648488938812392e+01,3.352600000000000000e+06,2.176800000000000124e-01,-7.533018000000810162e+02,1.000000000000000000e+00
3.022522532112833539e-03,4.875726218565297303e-03,6.069074735041245505e-01,4.030268889970172186e-01,2.000000000000000000e+01,7.376708467198961339e-02,-3.521383123642817026e+01,5.854946478265443233e+00,-4.721574315375706021e+01,5.771658819585647748e+00,-5.884056962751750319e+01,5.454486617085900768e+00,7.700000000000000000e+01,5.841475370139543202e+02,6.054086716234586163e+01,3.440000000000000000e+06,3.612099999999999755e-01,-1.842478680000235954e+03,1.000000000000000000e+00
2.900401720607508060e-03,4.965777331062905600e-03,5.985148029786384605e-01,5.397763707717888604e-01,2.000000000000000000e+01,7.433885491808542301e-02,-3.224153994480078467e+01,5.608138432714879329e+00,-4.684751895337818439e+01,5.629670715199535103e+00,-6.230990246745668770e+01,5.400691382564737353e+00,7.800000000000000000e+01,5.945569517616780786e+02,6.031841241456748293e+01,3.390800000000000000e+06,2.523799999999999932e-01,-1.006303470000150014e+03,1.000000000000000000e+00
2.828402031819325646e-03,4.796811572097774319e-03,5.972474626164403499e-01,-9.857899931065918775e-01,2.000000000000000000e+01,7.571632882974649315e-02,-3.968215526922026015e+01,5.258276841954808489e+00,-5.011352313348798759e+01,5.462349145788660820e+00,-5.966275403062326887e+01,5.093557640945855169e+00,7.900000000000000000e+01,2.411965919096303423e+02,6.437565133512070759e+01,3.281000000000000000e+06,1.319700000000000040e-01,-3.298402329999940434e+02,1.000000000000000000e+00
2.766521733498938755e-03,4.960579033827337316e-03,5.860239667281406106e-01,-7.666834082292794950e-01,2.000000000000000000e+01,7.590074303508122233e-02,-4.000739761208302525e+01,5.186848628557235941e+00,-5.084359136412177094e+01,5.474969097983914068e+00,-5.768556804068358446e+01,5.460059222124552747e+00,8.000000000000000000e+01,2.495571110755614086e+02,6.407475089418294090e+01,3.307100000000000000e+06,1.211200000000000054e-01,-2.926553089999927693e+02,1.000000000000000000e+00
2.726032814777378573e-03,4.643107610599036227e-03,5.999492548315329410e-01,-9.738847279182716310e-01,2.000000000000000000e+01,7.703231187867574936e-02,-3.554125099642287466e+01,5.443055041155796303e+00,-5.235158802585863214e+01,5.252880070936083001e+00,-6.196188001254208189e+01,5.432556551929035749e+00,8.100000000000000000e+01,2.696841963429840234e+02,6.377630799626069802e+01,3.289300000000000000e+06,8.344899999999999540e-02,-1.451145990000022721e+02,1.000000000000000000e+00
2.875310089654999415e-03,4.930212910845563692e-03,6.420981768892378705e-01,-1.121333505156302923e+00,2.000000000000000000e+01,7.491055052774781009e-02,-4.280851881932507297e+01,5.300458493491381873e+00,-4.890795570694723438e+01,5.517084906687423462e+00,-5.530437926638008861e+01,5.429312472508160070e+00,8.200000000000000000e+01,2.432895760189115038e+02,6.422756524393118127e+01,3.336900000000000000e+06,1.671999999999999875e-01,-4.495526030000327751e+02,1.000000000000000000e+00
3.108889447785694905e-03,5.233699571439665195e-03,6.632799152017491151e-01,-1.123380142316843466e+00,2.000000000000000000e+01,7.916352815647742514e-02,-4.404284244584025032e+01,5.103105839049667303e+00,-4.572927131153227265e+01,5.780767236792098807e+00,-5.491353567228698296e+01,5.580494054954712624e+00,8.300000000000000000e+01,2.428808870665592963e+02,6.424343662509163266e+01,3.327600000000000000e+06,1.601100000000000023e-01,-4.192842999999534186e+02,1.000000000000000000e+00
2.928835645181227312e-03,4.840203381523945636e-03,6.131570041358189727e-01,-6.675257311455667919e-01,2.000000000000000000e+01,7.500138737617044471e-02,-3.937641422020980286e+01,5.443670634899349992e+00,-5.004034915340230327e+01,5.543158075821389197e+00,-5.977603519000729193e+01,5.352603330815079552e+00,8.400000000000000000e+01,2.615908304720530282e+02,6.387643668569985067e+01,3.319800000000000000e+06,1.806399999999999950e-01,-5.492832579999198970e+02,1.000000000000000000e+00
2.956130507299377375e-03,5.043155875931275116e-03,5.458205814383726429e-01,5.164509484148659402e-01,2.000000000000000000e+01,7.489378880720207188e-02,-3.583157357841760415e+01,6.019171813112508929e+00,-4.269903285365587919e+01,5.695551653070282327e+00,-6.380168109041228774e+01,5.155653245208484670e+00,8.500000000000000000e+01,5.883439825511683239e+02,6.041683404766191501e+01,3.418400000000000000e+06,2.295699999999999963e-01,-9.666087299998172284e+02,1.000000000000000000e+00
2.923362389433049706e-03,4.868726112819765986e-03,6.363546434715824374e-01,-9.815604304837778349e-01,2.000000000000000000e+01,7.456922117144752782e-02,-4.022763187286163600e+01,5.172197136930781980e+00,-4.978850177613908556e+01,6.007226261387591748e+00,-6.265899427650199982e+01,5.184109130901594753e+00,8.600000000000000000e+01,1.815215361907403349e+02,6.520470004369144590e+01,3.291000000000000000e+06,2.099699999999999900e-01,-6.821284330000466980e+02,1.000000000000000000e+00
2.853991553282783037e-03,4.810110365492574827e-03,5.884711198923955333e-01,-1.469061837863218756e+00,2.000000000000000000e+01,7.649250866480256095e-02,-3.784674173726302371e+01,5.314804513090086502e+00,-5.328378153837410736e+01,5.580332264304836087e+00,-6.156281791981767526e+01,5.095261853734633029e+00,8.700000000000000000e+01,1.709597917292456088e+02,6.545055147209426138e+01,3.262700000000000000e+06,1.037700000000000011e-01,-2.298413279999889198e+02,1.000000000000000000e+00
2.668172119803111347e-03,4.606175351585316963e-03,6.235973704526632799e-01,-1.672720650546035470e+00,2.000000000000000000e+01,8.305804022931519148e-02,-3.951742994339349480e+01,4.916893896323108137e+00,-5.572893436808743672e+01,5.342264803758780545e+00,-5.615261924567573715e+01,5.643177536510764369e+00,8.800000000000000000e+01,1.778125857083438177e+02,6.538546958087260919e+01,3.304200000000000000e+06,1.123200000000000032e-01,-2.535359999999875242e+02,1.000000000000000000e+00
2.837669823767114546e-03,4.601920565403540622e-03,5.829926012097809140e-01,-1.860614771451531535e+00,2.000000000000000000e+01,7.803232374185545273e-02,-4.176241047399419415e+01,5.594062747784018796e+00,-5.152425977536971402e+01,5.268981500633924675e+00,-5.683183352000057198e+01,5.393780152695502039e+00,8.900000000000000000e+01,1.781394167261574921e+02,6.525466439110131489e+01,3.314800000000000000e+06,6.954799999999999871e-02,-1.110604000000015219e+02,1.000000000000000000e+00
3.111457541835662907e-03,4.442982839692109082e-03,6.290495906560602535e-01,-1.279712756464244316e+00,2.000000000000000000e+01,7.461181065173771998e-02,-4.051667447649450082e+01,4.803556646036733824e+00,-5.828154339492540004e+01,5.693352024994114302e+00,-5.897314254442571269e+01,5.159098412258138033e+00,9.000000000000000000e+01,1.172358364710675005e+02,6.983753951840418495e+01,3.188000000000000000e+06,2.473799999999999888e-01,-9.374480000001057078e+02,1.000000000000000000e+00
2.625863585874509045e-03,4.963842406972465704e-03,6.439117144100990897e-01,-1.014471391062552463e+00,2.000000000000000000e+01,7.390871717358503401e-02,-4.090368688858921331e+01,4.908156740634392001e+00,-4.993419338023118570e+01,5.693239309328359532e+00,-5.947807738447726678e+01,5.473699985337811214e+00,9.100000000000000000e+01,2.004538777339902822e+02,6.473762058669898067e+01,3.284700000000000000e+06,2.685799999999999854e-01,-9.523590399999895908e+02,1.000000000000000000e+00
2.793133992598071172e-03,4.632443876768091266e-03,5.971277783705395414e-01,-9.080239926721976884e-01,2.000000000000000000e+01,7.714054840876904962e-02,-3.640899309722527732e+01,5.355533640800703488e+00,-5.247039728358426203e+01,5.298082670839354691e+00,-6.352604784591275688e+01,5.477081662773706228e+00,9.200000000000000000e+01,2.138176389574685459e+02,6.459965564555889728e+01,3.265400000000000000e+06,8.251500000000000501e-02,-1.456083999999985110e+02,1.000000000000000000e+00
2.771444099959972669e-03,4.221736157352129828e-03,5.989386022479743499e-01,-2.277367582353186481e+00,2.000000000000000000e+01,7.730174948616183594e-02,-3.979648611681218995e+01,5.571303384946991955e+00,-6.182988506867408063e+01,5.407028095218128882e+00,-5.868155277586178897e+01,4.409983827783933386e+00,9.300000000000000000e+01,1.179843441204718033e+02,6.896190531697946824e+01,3.217300000000000000e+06,2.549699999999999744e-01,-1.004204400000084092e+03,1.000000000000000000e+00
2.846859344371964300e-03,4.911700941779178695e-03,6.056159840234014435e-01,-1.040439278772473441e+00,2.000000000000000000e+01,7.601158822696496564e-02,-4.082536352792069323e+01,5.179845511926380652e+00,-5.221683874292629213e+01,5.590470596234255574e+00,-5.727733976882824862e+01,5.357947545365981057e+00,9.400000000000000000e+01,1.906556864980415753e+02,6.504455184355769859e+01,3.295700000000000000e+06,1.151299999999999962e-01,-2.615443999999954485e+02,1.000000000000000000e+00
2.712328001513830255e-03,5.344203739689904441e-03,6.393651249975600415e-01,-1.634632016144757394e+00,2.000000000000000000e+01,6.799617741836347373e-02,-3.991828086053653379e+01,4.889884791698303701e+00,-5.295875944587707096e+01,4.710444106202605674e+00,-4.595860545442752709e+01,4.649445455022319429e+00,9.500000000000000000e+01,1.198175476484206285e+02,6.861626482977050046e+01,3.224400000000000000e+06,2.414699999999999902e-01,-9.462374999998589828e+02,1.000000000000000000e+00
2.744661692703753535e-03,4.890462377966169581e-03,6.075613729210009861e-01,-1.127726029465658808e+00,2.000000000000000000e+01,7.630803279295683694e-02,-4.006416757440706533e+01,5.281813598265997278e+00,-5.172280358624276175e+01,5.639440464430455435e+00,-5.697155580240124095e+01,5.357474502190731513e+00,9.600000000000000000e+01,2.224770633203434613e+02,6.444368117158832376e+01,3.320400000000000000e+06,1.013499999999999956e-01,-2.039535000000057039e+02,1.000000000000000000e+00
2.528514880395769243e-03,5.458517827568226156e-03,6.134291394415676280e-01,-1.949139600050452170e+00,2.000000000000000000e+01,6.861393492936991578e-02,-4.502808896539259820e+01,4.853601834783321856e+00,-4.988928659240627184e+01,5.971560050401809150e+00,-5.301081265525423447e+01,6.059127067891632912e+00,9.700000000000000000e+01,1.416227348797333434e+02,6.624995165137897857e+01,3.308500000000000000e+06,1.140499999999999986e-01,-2.486310000000006823e+02,1.000000000000000000e+00
2.847940729214324534e-03,4.742000190000861086e-03,5.994860271162341103e-01,-1.645662972753236142e+00,2.000000000000000000e+01,7.701321986874429260e-02,-4.123235695955844449e+01,5.181242892376317855e+00,-5.339414231196241190e+01,5.534434356200203631e+00,-5.710279554016187831e+01,5.274163518768489212e+00,9.800000000000000000e+01,1.533175672023758125e+02,6.591709799123246682e+01,3.275200000000000000e+06,8.612000000000000210e-02,-1.590127750000025628e+02,1.000000000000000000e+00
2.730822320835477914e-03,4.825360217436565173e-03,6.129738494166854235e-01,-1.592770445024566328e+00,2.000000000000000000e+01,7.690822225198259976e-02,-4.278763934494942589e+01,5.218084789187383166e+00,-5.109549687499203685e+01,5.595505354484629379e+00,-5.739547927654413684e+01,5.070699869645752145e+00,9.900000000000000000e+01,1.587046046620370419e+02,6.589163355748740969e+01,3.277100000000000000e+06,8.466600000000000514e-02,-1.438321399999998960e+02,1.000000000000000000e+00
2.635689087927084538e-03,4.979336588135873341e-03,5.443768312406654930e-01,-2.753210799158754440e+00,2.000000000000000000e+01,6.955629845546131007e-02,-4.292552780517112154e+01,4.966379841750063306e+00,-5.032060275249973103e+01,5.831627832513956555e+00,-5.917402765987628044e+01,4.990931672468889246e+00,1.000000000000000000e+02,1.213715591724580634e+02,6.809073347029593037e+01,3.233800000000000000e+06,1.686100000000000099e-01,-5.011199999999712418e+02,1.000000000000000000e+00
2.751875628156343762e-03,4.839646403324866959e-03,6.539071351437968360e-01,-1.325021271587623062e+00,2.000000000000000000e+01,7.445367682505008022e-02,-4.303865084645119055e+01,5.103483449213816137e+00,-5.131918881044281022e+01,5.415500230146683691e+00,-5.883578308896146325e+01,5.146879326366669893e+00,1.010000000000000000e+02,1.376201394891072880e+02,6.634365758447516725e+01,3.242100000000000000e+06,2.040599999999999914e-01,-5.968148980000737538e+02,1.000000000000000000e+00
2.916530767224123286e-03,5.255835476617123740e-03,6.760144739517808254e-01,-1.888959111077008535e+00,2.000000000000000000e+01,7.448151098596263175e-02,-3.683028685263477087e+01,5.645228449753952660e+00,-5.612196209613948383e+01,4.483948729655260479e+00,-5.458375012131953952e+01,4.527655865142032887e+00,1.020000000000000000e+02,1.437919181845630305e+02,6.621617519734044777e+01,3.292900000000000000e+06,1.356799999999999951e-01,-3.292603680000024724e+02,1.000000000000000000e+00
2.606553686145223706e-03,4.919864081082686059e-03,6.474827162757265109e-01,-1.558803635142116173e+00,2.000000000000000000e+01,7.821851183226112558e-02,-4.137544496591808496e+01,4.661296776965925481e+00,-4.648476294015592458e+01,5.777862326277633187e+00,-5.319915672219210023e+01,4.697251783141162207e+00,1.030000000000000000e+02,1.606781458655578945e+02,6.565454858548520178e+01,3.266600000000000000e+06,2.326799999999999979e-01,-7.821205139999541416e+02,1.000000000000000000e+00
2.794755470549777424e-03,4.876773536637053416e-03,6.083480681773489884e-01,-1.525941472379078956e+00,2.000000000000000000e+01,7.523175750006808049e-02,-4.333992560067191135e+01,5.149511567645495447e+00,-5.094208075332011276e+01,5.482019317242974310e+00,-5.730767773801144926e+01,5.086695719833457474e+00,1.040000000000000000e+02,1.500498979619717943e+02,6.605148984130795498e+01,3.261400000000000000e+06,1.579000000000000126e-01,-4.284750329999801011e+02,1.000000000000000000e+00
2.899550191178332584e-03,4.740429912593961334e-03,6.036710148661420527e-01,-2.196371756750156390e+00,2.000000000000000000e+01,7.514570669686472526e-02,-4.359732283526278707e+01,5.246030256120517876e+00,-5.408977702336241578e+01,5.512120085851057283e+00,-5.269818643932967461e+01,5.215470988187746570e+00,1.050000000000000000e+02,1.366923880865123238e+02,6.658726660456775903e+01,3.289800000000000000e+06,1.821699999999999986e-01,-5.628919410000046355e+02,1.000000000000000000e+00
2.661830157113979391e-03,5.325835821330959959e-03,5.711159751481118541e-01,-1.277120487830929463e+00,2.000000000000000000e+01,6.845452903015801505e-02,-4.355332641914862535e+01,5.388903640632165981e+00,-5.592217532716941264e+01,5.160636326110290106e+00,-5.214097461223627050e+01,5.134637283638464389e+00,1.060000000000000000e+02,1.366855924897525654e+02,6.660749890325075739e+01,3.254300000000000000e+06,2.438299999999999912e-01,-8.871659110001552335e+02,1.000000000000000000e+00
2.790772582908509179e-03,4.823286889554845996e-03,5.920041837978734511e-01,-1.905333266864433828e+00,2.000000000000000000e+01,8.276710569574720344e-02,-4.217001987961603504e+01,4.688732509267822479e+00,-5.231076576438885439e+01,5.745830436255569218e+00,-5.629181604776267989e+01,4.774498764370264325e+00,1.070000000000000000e+02,1.315157201538098377e+02,6.680760093142838230e+01,3.246800000000000000e+06,1.190299999999999969e-01,-3.010646129999832397e+02,1.000000000000000000e+00
2.890330212179115840e-03,4.539818234615752325e-03,6.028195591065593772e-01,-2.221177339215083535e+00,2.000000000000000000e+01,7.595457551236786675e-02,-4.336597176299760292e+01,5.309997686101284309e+00,-5.497443479711380121e+01,5.584461121999191313e+00,-5.398549600342181520e+01,4.618695930673062833e+00,1.080000000000000000e+02,1.230911079795858285e+02,6.800535403744001428e+01,3.242900000000000000e+06,1.266100000000000003e-01,-3.110592570000041519e+02,1.000000000000000000e+00
2.868517597900717767e-03,4.722804626279806378e-03,5.984441038374777033e-01,-1.873922624630230072e+00,2.000000000000000000e+01,7.606741346272576088e-02,-4.355934111851832569e+01,5.485693769554135457e+00,-5.203391702647848405e+01,5.319330698260969825e+00,-5.735199581712511474e+01,4.869948837093334149e+00,1.090000000000000000e+02,1.307186399807034718e+02,6.695856576074633892e+01,3.253900000000000000e+06,1.172600000000000031e-01,-2.808741209999928401e+02,1.000000000000000000e+00
2.961140509500496606e-03,4.243543093075260834e-03,6.189522754408546268e-01,-2.286358513850664131e+00,2.000000000000000000e+01,7.837063755637410645e-02,-3.956736234385666506e+01,5.420125282384176124e+00,-5.157751071292566536e+01,4.923872344916154553e+00,-5.745909116248858339e+01,5.054549845090847704e+00,1.100000000000000000e+02,1.286910703455332623e+02,6.727812049060632660e+01,3.249600000000000000e+06,1.184199999999999975e-01,-2.889232689999989248e+02,1.000000000000000000e+00
2.554473344627795298e-03,4.521517303102708801e-03,5.103251316755711420e-01,-2.303673756098431724e+00,2.000000000000000000e+01,7.235499989852141323e-02,-4.984360116417502695e+01,5.702595052023958111e+00,-5.329660309358470727e+01,5.390943949909955180e+00,-4.434492645031174618e+01,4.511391242623078668e+00,1.110000000000000000e+02,1.235686755016245257e+02,6.795992705223193298e+01,3.248200000000000000e+06,1.675999999999999990e-01,-5.166456820000352081e+02,1.000000000000000000e+00
3.007734578042558886e-03,4.650190736373604680e-03,6.367035341707577567e-01,-2.166901928952193135e+00,2.000000000000000000e+01,7.596031594441458867e-02,-4.336697628602553323e+01,5.336313374412175570e+00,-5.352418277897395171e+01,5.654541206496887185e+00,-5.410705449547673140e+01,4.779726939173110090e+00,1.120000000000000000e+02,1.302474980362500503e+02,6.712786703712545489e+01,3.272700000000000000e+06,1.181200000000000028e-01,-2.675203600000081678e+02,1.000000000000000000e+00
3.181651747262686375e-03,4.685548024851098926e-03,5.857848679192144692e-01,-2.016386987439878542e+00,2.000000000000000000e+01,7.060304146613428922e-02,-4.387093978903076419e+01,5.022891072609325214e+00,-5.224356920122372117e+01,5.947940624769009865e+00,-5.561691591233096688e+01,5.492867826092446393e+00,1.130000000000000000e+02,1.251628095464582486e+02,6.729810633699179334e+01,3.261100000000000000e+06,2.399499999999999966e-01,-9.198283000001556502e+02,1.000000000000000000e+00
3.076999287576907133e-03,4.588928416415876538e-03,5.877255590363381632e-01,-2.408862310230215797e+00,2.000000000000000000e+01,7.685191391757265067e-02,-3.937373893433296956e+01,5.066840993871066345e+00,-5.448832245891519221e+01,6.476368491479422396e+00,-5.177285844006490834e+01,4.195568188290202727e+00,1.140000000000000000e+02,1.238497488735083039e+02,6.786101130617130650e+01,3.233400000000000000e+06,1.773399999999999976e-01,-5.371439650000422716e+02,1.000000000000000000e+00
2.879514682782248394e-03,4.732758097811786552e-03,5.932366769443047083e-01,-2.521273102811331768e+00,2.000000000000000000e+01,7.548222714371638498e-02,-4.445803065337217674e+01,5.237430398748918137e+00,-5.322951460915066235e+01,5.532609586301958871e+00,-5.435198133683153543e+01,4.761337479893498426e+00,1.150000000000000000e+02,1.240179864568677033e+02,6.766556933609214752e+01,3.247800000000000000e+06,1.597300000000000109e-01,-4.580159999999740421e+02,1.000000000000000000e+00
2.823991540289777849e-03,4.444760650081718348e-03,6.324715031682672794e-01,-1.739547106326980508e+00,2.000000000000000000e+01,7.601088898306665453e-02,-4.291831681518581121e+01,5.235203916392061174e+00,-5.473071677678977665e+01,5.690893832005572861e+00,-5.436678937955088742e+01,4.696246568115146403e+00,1.160000000000000000e+02,1.248783799392475515e+02,6.760775373439793157e+01,3.251600000000000000e+06,1.142600000000000005e-01,-2.423924749999998483e+02,1.000000000000000000e+00
3.231118176800194114e-03,4.779585337181818314e-03,5.896157594571268534e-01,-1.983289830657002373e+00,2.000000000000000000e+01,8.163858904557443064e-02,-4.347544092596832144e+01,5.362958343032329545e+00,-6.132839601636791116e+01,5.277371320980504876e+00,-5.343005653801795773e+01,4.567403587639221385e+00,1.170000000000000000e+02,1.196302641875955857e+02,6.914625672477380647e+01,3.201600000000000000e+06,2.031100000000000128e-01,-7.055209100000497529e+02,1.000000000000000000e+00
2.876479025556461823e-03,4.506346584412262990e-03,5.909236189700766140e-01,-2.490387960977651360e+00,2.000000000000000000e+01,7.538530955584810123e-02,-4.415348481522114099e+01,5.422123478654061302e+00,-5.472579946626721892e+01,5.594554321156943288e+00,-5.636646533605315312e+01,4.631074885339232949e+00,1.180000000000000000e+02,1.205633872088217515e+02,6.892593061686027056e+01,3.231700000000000000e+06,1.753500000000000059e-01,-5.387725399999595766e+02,1.000000000000000000e+00
3.229990745619732481e-03,4.501212774140095005e-03,6.509414996111539953e-01,5.245015620962870800e-02,2.000000000000000000e+01,7.144411560766196490e-02,-3.473815024826775755e+01,5.812855738546277351e+00,-4.823806065310022007e+01,5.898463977217376808e+00,-6.190938596294687812e+01,4.749127302128304251e+00,1.190000000000000000e+02,4.171682959440870491e+02,6.233795462615660909e+01,3.366100000000000000e+06,1.967000000000000137e-01,-6.416698499999314436e+02,1.000000000000000000e+00
2.796026683222391056e-03,4.596159235370632541e-03,6.012546636300348801e-01,-1.212659289531986956e-01,2.000000000000000000e+01,7.916834286272456112e-02,-4.104163358863265643e+01,5.097709580395771489e+00,-4.926425733801223572e+01,5.202638671134080184e+00,-5.644443785950159054e+01,5.451150847827810786e+00,1.200000000000000000e+02,3.561196136626852535e+02,6.292187968542757659e+01,3.303500000000000000e+06,2.052599999999999980e-01,-7.419174259999366541e+02,1.000000000000000000e+00
3.165423070433233139e-03,4.707713056498795748e-03,6.065788595549197471e-01,-2.710735252269946827e-01,2.000000000000000000e+01,7.524878414354548017e-02,-3.749411708853514114e+01,5.353606537703759827e+00,-4.741451124787315052e+01,5.836442171198868323e+00,-5.945797532016686660e+01,5.174320748241049372e+00,1.210000000000000000e+02,4.292241160758603655e+02,6.225300172529060205e+01,3.360700000000000000e+06,1.774000000000000021e-01,-5.679064999999465044e+02,1.000000000000000000e+00
2.874100798874064215e-03,5.243387742448918712e-03,6.088379546207297599e-01,-1.773056109613471432e-01,2.000000000000000000e+01,7.903632651610914550e-02,-3.985779213239109708e+01,5.136192833614593667e+00,-5.049473908199079375e+01,5.175493011463487392e+00,-5.569664490073050445e+01,5.684222179456464019e+00,1.220000000000000000e+02,4.290563860232979891e+02,6.226084003643613585e+01,3.349300000000000000e+06,2.134000000000000064e-01,-7.575859620000645691e+02,1.000000000000000000e+00
2.879435579995219020e-03,4.707378888272318457e-03,6.260342774883428385e-01,2.306209563874586921e-01,2.000000000000000000e+01,6.988435145646716695e-02,-4.448110399843966434e+01,4.645465324653460293e+00,-4.935290362768796513e+01,5.544494584098653256e+00,-5.221525716090287972e+01,5.918949907993531490e+00,1.230000000000000000e+02,3.290891975013481101e+02,6.336209048777013919e+01,3.371200000000000000e+06,2.464999999999999969e-01,-9.220684179998714853e+02,1.000000000000000000e+00
3.132217679623605731e-03,4.514550081738242029e-03,5.846679764079649733e-01,-2.008187892027727184e+00,2.000000000000000000e+01,6.833731688411082139e-02,-4.704068108223734868e+01,5.462497408899982254e+00,-5.803578683786195569e+01,5.665586264779911119e+00,-5.391063196737761132e+01,5.156484897468248008e+00,1.240000000000000000e+02,1.214041545546544256e+02,6.854487996123035032e+01,3.231500000000000000e+06,1.940999999999999948e-01,-6.952152240000752954e+02,1.000000000000000000e+00
2.580488329157552049e-03,4.930140214570712283e-03,5.396017659541936240e-01,-2.638092674934777726e+00,2.000000000000000000e+01,7.733405604286078261e-02,-4.409535410984757675e+01,6.184295225658240192e+00,-5.032956307543874885e+01,5.380873714455622014e+00,-4.525862368806520664e+01,3.847136981636018582e+00,1.250000000000000000e+02,1.224905813535104642e+02,6.847086149224807627e+01,3.232100000000000000e+06,1.487100000000000088e-01,-4.223642000000259031e+02,1.000000000000000000e+00
2.959718432345378319e-03,4.746746957372915791e-03,5.671765724062911573e-01,-1.883904614114964848e-01,2.000000000000000000e+01,7.498293865340330266e-02,-3.693333461539305773e+01,4.963028692278543375e+00,-4.860389624837536360e+01,5.441672263748539962e+00,-5.907549159837307684e+01,5.629987652770161333e+00,1.260000000000000000e+02,4.064825663710980734e+02,6.242542058472471211e+01,3.318100000000000000e+06,2.177300000000000069e-01,-8.368934939998949858e+02,1.000000000000000000e+00
2.961414656247041838e-03,4.864624965182616674e-03,6.023681711954010920e-01,-2.603910694292299599e-01,2.000000000000000000e+01,7.469170062697104429e-02,-3.725446586831577633e+01,5.268615233054995350e+00,-4.853379809138439072e+01,5.668169010770032656e+00,-5.882311453052864181e+01,5.199772724493242571e+00,1.270000000000000000e+02,4.062526021974977652e+02,6.244625366840651282e+01,3.338900000000000000e+06,2.186099999999999988e-01,-7.916727000001214947e+02,1.000000000000000000e+00
3.031601625571716911e-03,4.851862029726432442e-03,6.305868812929509293e-01,6.091945037643258648e-02,2.000000000000000000e+01,7.465420843589008759e-02,-3.821271555675774323e+01,5.405063170338205936e+00,-4.832414504306633773e+01,5.816036314956837927e+00,-5.853915008300813128e+01,5.116109560017559232e+00,1.280000000000000000e+02,4.059672910692187884e+02,6.244822363170605684e+01,3.355900000000000000e+06,2.059199999999999919e-01,-6.815150100000510065e+02,1.000000000000000000e+00
3.031601625571716911e-03,4.851862029726432442e-03,6.305868812929509293e-01,6.091945037643258648e-02,2.000000000000000000e+01,7.465420843589008759e-02,-3.821271555675774323e+01,5.405063170338205936e+00,-4.832414504306633773e+01,5.816036314956837927e+00,-5.853915008300813128e+01,5.116109560017559232e+00,1.290000000000000000e+02,4.059672910692187884e+02,6.244822363170605684e+01,3.355900000000000000e+06,2.059199999999999919e-01,-6.815150100000510065e+02,1.000000000000000000e+00
3.031601625571716911e-03,4.851862029726432442e-03,6.305868812929509293e-01,6.091945037643258648e-02,2.000000000000000000e+01,7.465420843589008759e-02,-3.821271555675774323e+01,5.405063170338205936e+00,-4.832414504306633773e+01,5.816036314956837927e+00,-5.853915008300813128e+01,5.116109560017559232e+00,1.300000000000000000e+02,4.059672910692187884e+02,6.244822363170605684e+01,3.355900000000000000e+06,2.059199999999999919e-01,-6.815150100000510065e+02,1.000000000000000000e+00
3.144780578989283832e-03,4.923006695977209628e-03,5.758616837287116041e-01,-3.031671251510996146e-01,2.000000000000000000e+01,7.989294703988437940e-02,-3.466197630445498845e+01,4.877829023245616291e+00,-4.914311342403885874e+01,5.549210670167276760e+00,-6.196403699358030792e+01,4.866307588477767787e+00,1.310000000000000000e+02,4.023304790149167047e+02,6.246490485225618272e+01,3.330500000000000000e+06,2.285200000000000009e-01,-8.373258000000474794e+02,1.000000000000000000e+00
3.135319024135712219e-03,4.630614115309376541e-03,6.621822326059750852e-01,-2.246399379562297877e-02,2.000000000000000000e+01,7.522314814775724057e-02,-3.280018477984662439e+01,5.522834384942473918e+00,-4.807634795134752892e+01,5.533807455136693143e+00,-5.695368013474489999e+01,5.333123978185131620e+00,1.320000000000000000e+02,4.343232424534545544e+02,6.208662225961444392e+01,3.347600000000000000e+06,2.432999999999999885e-01,-8.855609069998156428e+02,1.000000000000000000e+00
3.060086393138395158e-03,4.843316224314441441e-03,6.631361082429486631e-01,2.356302970227389659e-01,2.000000000000000000e+01,7.778273629454049432e-02,-4.020659478083786809e+01,5.091027768337136550e+00,-4.923590483326102429e+01,5.285983645584564350e+00,-5.811536530346611329e+01,5.987968225364342700e+00,1.330000000000000000e+02,4.396542203542630318e+02,6.205728137797169097e+01,3.336300000000000000e+06,1.459100000000000119e-01,-3.678885000000254308e+02,1.000000000000000000e+00
3.270991802314156954e-03,5.044353041955258396e-03,6.649883685752008278e-01,2.821686651655884059e+00,2.000000000000000000e+01,7.643825621840082130e-02,-2.327739258778407461e+01,6.813916945842629858e+00,-3.509623233865639946e+01,5.630394104249761611e+00,-6.483821755665235287e+01,5.510048938955547371e+00,1.340000000000000000e+02,1.772034814832188886e+03,5.477497672613649371e+01,3.672800000000000000e+06,9.338499999999999579e-02,-1.597668799999997589e+02,1.000000000000000000e+00
2.905509457607637677e-03,3.889833498631950492e-03,6.357479972777557720e-01,3.557245548435578719e+00,2.000000000000000000e+01,7.759833896762294292e-02,-2.296565476275757334e+01,6.725513456620489272e+00,-3.390565349265472150e+01,5.278609912757625366e+00,-6.134120901886598176e+01,6.022385700104828210e+00,1.350000000000000000e+02,1.665772036259329070e+03,5.481740362733768990e+01,3.657400000000000000e+06,1.197399999999999992e-01,-2.733159000000093783e+02,1.000000000000000000e+00
2.905509457607637677e-03,3.889833498631950492e-03,6.357479972777557720e-01,3.557245548435578719e+00,2.000000000000000000e+01,7.759833896762294292e-02,-2.296565476275757334e+01,6.725513456620489272e+00,-3.390565349265472150e+01,5.278609912757625366e+00,-6.134120901886598176e+01,6.022385700104828210e+00,1.360000000000000000e+02,1.618262241601864162e+03,5.485966521765386261e+01,3.658600000000000000e+06,6.908599999999999464e-02,-9.522026099999898463e+01,1.000000000000000000e+00
3.338982076652700567e-03,4.733498975042930990e-03,5.912051596038885304e-01,2.830476546987222175e+00,2.000000000000000000e+01,7.943323246712447050e-02,-2.275761945323568725e+01,5.513089320767260659e+00,-3.449874142267704258e+01,6.086084152909636558e+00,-5.499200868399386621e+01,6.021033485950177067e+00,1.370000000000000000e+02,1.590359108175742222e+03,5.501087975745694791e+01,3.693700000000000000e+06,3.208599999999999786e-01,-1.560956019999786122e+03,1.000000000000000000e+00
3.276240200014840769e-03,5.086687438556094544e-03,5.610382074956893339e-01,-2.440674280310806132e+00,2.000000000000000000e+01,6.845514894782468718e-02,-3.755575086186359357e+01,5.161530537863677104e+00,-5.305870699843170968e+01,6.075894145003040592e+00,-5.014703564920644396e+01,5.276206138044588378e+00,1.380000000000000000e+02,1.287091018731724432e+02,6.729018694466546435e+01,3.279100000000000000e+06,1.665000000000000091e-01,-4.852078449999677900e+02,1.000000000000000000e+00
2.615415918507838638e-03,5.387825627808260839e-03,6.064812810172570678e-01,-1.352541533276263142e+00,2.000000000000000000e+01,7.356504342124907392e-02,-4.240779395749037661e+01,4.486063127447867949e+00,-5.423346287178347325e+01,5.750271032406419458e+00,-5.236414378792576940e+01,5.406043564497259091e+00,1.390000000000000000e+02,1.713243849212509531e+02,6.547690138050812436e+01,3.272900000000000000e+06,2.108700000000000019e-01,-6.830624000000346996e+02,1.000000000000000000e+00
2.865944992776608361e-03,4.769436222707148891e-03,6.113496096374095856e-01,-1.864588596884857896e+00,2.000000000000000000e+01,7.599375721796251815e-02,-4.409471012378629950e+01,5.247107162188235030e+00,-5.362017300427594790e+01,5.490158680482410958e+00,-5.386975748800266217e+01,5.004450149514618751e+00,1.400000000000000000e+02,1.310314160721496251e+02,6.703091537862111693e+01,3.265000000000000000e+06,1.180400000000000060e-01,-2.716958519999940904e+02,1.000000000000000000e+00
3.039011037846830153e-03,4.665116851231182298e-03,6.026624157233371193e-01,-1.898911192303875950e-01,2.000000000000000000e+01,7.552595206552271956e-02,-3.789444311791501718e+01,5.075243882312874710e+00,-4.918174324502462724e+01,5.582594789265051816e+00,-5.902603968543649415e+01,5.374181246067947448e+00,1.410000000000000000e+02,3.715080844729021692e+02,6.289036705045120357e+01,3.314600000000000000e+06,1.491500000000000048e-01,-4.160391000000334429e+02,1.000000000000000000e+00
2.836708992734298263e-03,4.837043189168138690e-03,6.216564643291396797e-01,-4.984912136997635690e-01,2.000000000000000000e+01,7.545300328390189271e-02,-4.107112466896188607e+01,5.127466943388729881e+00,-5.016027605506489806e+01,5.476485592625895293e+00,-5.719580466320351775e+01,5.261242533757264361e+00,1.420000000000000000e+02,2.592535887653589270e+02,6.421793295129806722e+01,3.293100000000000000e+06,1.356100000000000083e-01,-3.309844999999767197e+02,1.000000000000000000e+00
2.882097083637717109e-03,4.728633210573748857e-03,6.056619806035044018e-01,-1.820064104511760039e+00,2.000000000000000000e+01,7.565920274305899806e-02,-4.341492250678575715e+01,5.258416669102279783e+00,-5.237261269639239458e+01,5.441422341159853460e+00,-5.651758629288863034e+01,4.872016639996993526e+00,1.430000000000000000e+02,1.362091982958519907e+02,6.680936240725846176e+01,3.248400000000000000e+06,1.384700000000000097e-01,-3.517012869999900886e+02,1.000000000000000000e+00
2.866357399641968756e-03,4.716290645360710770e-03,6.058545726228824480e-01,-1.670239134581244844e+00,2.000000000000000000e+01,7.605979455544570333e-02,-4.350831237235951932e+01,5.368439433309939446e+00,-5.202478510826865943e+01,5.332066834185011928e+00,-5.719350077663821708e+01,4.881840547053444723e+00,1.440000000000000000e+02,1.350999725539941494e+02,6.682240262597767355e+01,3.247200000000000000e+06,1.166500000000000037e-01,-2.700717909999937660e+02,1.000000000000000000e+00
2.847230002156313829e-03,5.080984924449420854e-03,6.180605668020069388e-01,-2.687131078422764219e+00,2.000000000000000000e+01,6.902017896866473323e-02,-4.037291917418151144e+01,4.787431628951925866e+00,-5.170288193687019884e+01,5.098983015791016982e+00,-5.451974768253644044e+01,4.818243920629016408e+00,1.450000000000000000e+02,1.271872726157537983e+02,6.749032154447276355e+01,3.282500000000000000e+06,1.185299999999999965e-01,-2.807185000000042123e+02,1.000000000000000000e+00
2.787486867820754104e-03,4.745106166744931901e-03,5.771616462428695860e-01,-2.510236308707146424e+00,2.000000000000000000e+01,7.822517874586369657e-02,-3.811690838543616877e+01,5.350388613598298981e+00,-5.707261445968722313e+01,5.442259500133705963e+00,-6.379110491876143385e+01,4.995239292169120660e+00,1.460000000000000000e+02,1.281398188020314137e+02,6.747423139510090095e+01,3.247300000000000000e+06,1.066399999999999987e-01,-2.402426729999979216e+02,1.000000000000000000e+00
2.636228191212414401e-03,4.525168835358632513e-03,6.666550470582802701e-01,-2.720026611442596831e+00,2.000000000000000000e+01,7.042451623317844134e-02,-4.895049810980201954e+01,4.823874112114589607e+00,-5.604383616595427497e+01,6.387473966022065852e+00,-4.570104672535534007e+01,5.226414235245073314e+00,1.470000000000000000e+02,1.261045778233319226e+02,6.749978780137162460e+01,3.317900000000000000e+06,1.819000000000000061e-01,-5.617303000000380280e+02,1.000000000000000000e+00
2.927841082381453693e-03,5.286196519552416664e-03,6.375531184833900245e-01,2.453860582378344812e+00,2.000000000000000000e+01,7.488560399145857693e-02,-2.728081167599804502e+01,6.026976970596094496e+00,-3.922613683811785279e+01,6.045915438020893262e+00,-5.861338629387846311e+01,5.630145747703631187e+00,1.480000000000000000e+02,1.365304945256173369e+03,5.575947469444046334e+01,3.602500000000000000e+06,1.493099999999999983e-01,-3.756623999999901571e+02,1.000000000000000000e+00
3.030325075731036405e-03,4.929024673773654656e-03,6.983543087447418030e-01,2.553594337017903282e+00,2.000000000000000000e+01,6.931490920371154163e-02,-2.894718932874846118e+01,6.676931704582652394e+00,-4.073376427285271006e+01,5.422423678819955128e+00,-5.947036482567687443e+01,5.464607035387123446e+00,1.490000000000000000e+02,1.332738445342951536e+03,5.581133050004822849e+01,3.576700000000000000e+06,1.291499999999999870e-01,-2.947746000000095705e+02,1.000000000000000000e+00
3.007818991594095673e-03,4.795001660702532739e-03,6.189721097118330295e-01,2.886623156421481262e+00,2.000000000000000000e+01,7.374187209797454512e-02,-2.572664152844335916e+01,5.780142690475269518e+00,-3.651185535840766505e+01,5.873676928269660813e+00,-5.754806905228121394e+01,5.134130410689357049e+00,1.500000000000000000e+02,1.375150756532094192e+03,5.560808438901413098e+01,3.567000000000000000e+06,3.212599999999999900e-01,-1.468454150000103255e+03,1.000000000000000000e+00
2.898644187378450129e-03,4.887612009932469290e-03,6.142620100888959156e-01,2.554488431005910165e+00,2.000000000000000000e+01,7.590731642655039468e-02,-2.780584477673898647e+01,6.313557163939965022e+00,-3.846967882973977737e+01,5.893575350964331605e+00,-6.028945441171067898e+01,5.265596982468089493e+00,1.510000000000000000e+02,1.354067874403159067e+03,5.576349242713315135e+01,3.583900000000000000e+06,1.092400000000000038e-01,-2.317259340000123871e+02,1.000000000000000000e+00
2.909436612175558129e-03,4.623393247539681408e-03,6.385119671240004902e-01,-2.052491075518123154e+00,2.000000000000000000e+01,7.959225517294737928e-02,-4.232838315320273637e+01,5.225353194208734564e+00,-5.444357064605413399e+01,5.409205900545287271e+00,-5.331793222972358848e+01,5.404275834974015424e+00,1.520000000000000000e+02,1.562103825337289038e+02,6.596078917660341290e+01,3.297500000000000000e+06,4.993399999999999922e-02,-5.207127899999964882e+01,1.000000000000000000e+00
2.805296401674153665e-03,4.673531998413119407e-03,5.234881549006926704e-01,-2.123604931656460248e+00,2.000000000000000000e+01,7.187532124112147591e-02,-4.369895642115076839e+01,5.799710570398027620e+00,-5.585593193478124618e+01,5.126295596339318195e+00,-5.514070767383179827e+01,5.283166449119410579e+00,1.530000000000000000e+02,1.547397089715049106e+02,6.597410262212092391e+01,3.291300000000000000e+06,5.512299999999999839e-02,-7.089801399999922182e+01,1.000000000000000000e+00
2.668251773794744815e-03,4.609611007051180390e-03,5.553378456092612492e-01,-1.933317156961917416e+00,2.000000000000000000e+01,7.492022805326094270e-02,-4.388009577920393411e+01,4.850858082180293351e+00,-5.481130845060182821e+01,5.592163989769119326e+00,-6.017548303950896127e+01,5.004458889375824171e+00,1.540000000000000000e+02,1.547397089715049106e+02,6.597410262212092391e+01,3.291300000000000000e+06,5.512299999999999839e-02,-7.089801399999922182e+01,1.000000000000000000e+00
2.806004182881393152e-03,4.769083222886672142e-03,5.858117858665382593e-01,-1.900525989283851969e+00,2.000000000000000000e+01,7.910941756535588842e-02,-4.058940421465154458e+01,5.114325086114769547e+00,-5.456617014202984706e+01,5.651005946078027975e+00,-5.640088571542244722e+01,5.468103221156962235e+00,1.550000000000000000e+02,1.547397089715049106e+02,6.597410262212092391e+01,3.291300000000000000e+06,5.512299999999999839e-02,-7.089801399999922182e+01,1.000000000000000000e+00
2.965164084160787882e-03,4.664185525617104908e-03,6.368037020394550218e-01,-1.748767994036273254e+00,2.000000000000000000e+01,7.599803480356823182e-02,-4.102360565648682211e+01,5.335976916503323508e+00,-5.234321561528865629e+01,5.643289284713807419e+00,-5.801599525513483258e+01,4.901673302411468924e+00,1.560000000000000000e+02,1.576300228890599158e+02,6.592172389845889313e+01,3.275500000000000000e+06,1.147100000000000064e-01,-2.518264840000056779e+02,1.000000000000000000e+00
2.786003272854235303e-03,4.836669288166801223e-03,6.087145839933927327e-01,-1.695620924723455492e+00,2.000000000000000000e+01,7.534277531342573053e-02,-4.329247613521166471e+01,5.217670032109065659e+00,-5.126463671166040115e+01,5.541546047474078307e+00,-5.728095189614911931e+01,5.010365255438180121e+00,1.570000000000000000e+02,1.433468437496698584e+02,6.625728891654968322e+01,3.264700000000000000e+06,1.501800000000000079e-01,-3.931988779999720123e+02,1.000000000000000000e+00
2.718544093892701595e-03,4.978920884927580393e-03,6.085624374452641705e-01,-2.267944568155730867e+00,2.000000000000000000e+01,7.288852093404009358e-02,-3.954790408843405913e+01,4.855338801673815041e+00,-5.893784402673684752e+01,5.677511596458702847e+00,-5.295438787377209877e+01,5.757776084502664204e+00,1.580000000000000000e+02,1.529448320259409400e+02,6.608189918214014824e+01,3.320900000000000000e+06,8.885500000000000342e-02,-1.697753070000029538e+02,1.000000000000000000e+00
2.614805663566594895e-03,4.671438740407999647e-03,6.804837052545278375e-01,-1.706692305503841656e+00,2.000000000000000000e+01,8.534589110319633354e-02,-4.135412282821905450e+01,5.040429697525306452e+00,-4.510627238053545085e+01,5.640100168262041080e+00,-5.821919137952909296e+01,5.250561472096111792e+00,1.590000000000000000e+02,1.525332531348162490e+02,6.609784727565782703e+01,3.270600000000000000e+06,1.330399999999999916e-01,-3.301734659999877977e+02,1.000000000000000000e+00
2.954282454963858169e-03,4.894861618331856554e-03,6.228344899164778292e-01,-1.848932152604438661e+00,2.000000000000000000e+01,7.504706738872582439e-02,-4.343652191609113800e+01,5.147729866724120029e+00,-5.270294195146549043e+01,5.621923509741145963e+00,-5.376689983739625234e+01,5.101450092101783795e+00,1.600000000000000000e+02,1.519382769109154765e+02,6.620108891383121374e+01,3.286100000000000000e+06,1.768599999999999894e-01,-5.198072930000109864e+02,1.000000000000000000e+00
2.733050309294305768e-03,5.072843139994220700e-03,5.973171171239272104e-01,-4.451871274574744075e-01,2.000000000000000000e+01,7.804824543299541950e-02,-4.117613783586217835e+01,4.964042691366348237e+00,-5.031135353474294902e+01,5.453895661818461527e+00,-6.208006081614158944e+01,5.447746024030065470e+00,1.610000000000000000e+02,3.330174066924307681e+02,6.341106513914069609e+01,3.305200000000000000e+06,1.066600000000000048e-01,-2.363759009999920124e+02,1.000000000000000000e+00
2.858298928821942104e-03,4.849426933023005641e-03,5.841095609033946090e-01,-1.026655721416063205e+00,2.000000000000000000e+01,7.635326336329947838e-02,-3.703544087029435161e+01,5.267843086591758706e+00,-5.109921848949036871e+01,5.568979864865388762e+00,-6.109951882207916896e+01,5.185638359716053358e+00,1.620000000000000000e+02,2.646572780298178600e+02,6.399770048297730085e+01,3.290600000000000000e+06,1.086199999999999943e-01,-2.493137389999910738e+02,1.000000000000000000e+00
2.733913688095853008e-03,4.937437306198074957e-03,6.184788222773168753e-01,-1.109773169766917533e+00,2.000000000000000000e+01,7.392477830947309647e-02,-4.210978283425197333e+01,5.054198643436345506e+00,-4.973190329064105697e+01,5.658310076484854179e+00,-5.516747373023738987e+01,5.616561292051790666e+00,1.630000000000000000e+02,2.643867232503354217e+02,6.406294742256746133e+01,3.337800000000000000e+06,3.011400000000000188e-01,-1.263559044999898560e+03,1.000000000000000000e+00
2.881820244565423249e-03,4.729306427466453688e-03,5.971809189756626113e-01,-1.964382297528146193e+00,2.000000000000000000e+01,7.563385881244800990e-02,-4.331468160802745615e+01,5.251106796143021782e+00,-5.222099692635071477e+01,5.462011725991059663e+00,-5.584432462501364114e+01,4.931950173841809892e+00,1.640000000000000000e+02,1.404526498152684439e+02,6.653107023231741834e+01,3.260200000000000000e+06,1.443399999999999961e-01,-3.828269949999890969e+02,1.000000000000000000e+00
3.087862798248779822e-03,5.270150817784330192e-03,5.955167476289561224e-01,-1.790558010187341509e+00,2.000000000000000000e+01,7.454063574819398685e-02,-4.753464805550779460e+01,4.510526262410974319e+00,-5.042044722661887590e+01,5.065646881445949212e+00,-5.267406692322321504e+01,4.429555140633540944e+00,1.650000000000000000e+02,1.397863113116361831e+02,6.657219955305625092e+01,3.252200000000000000e+06,1.900199999999999945e-01,-5.936088570000467826e+02,1.000000000000000000e+00
2.818414632362367320e-03,4.826066315407057626e-03,6.075127538207751865e-01,-1.446854068391888681e+00,2.000000000000000000e+01,7.536243001083550719e-02,-4.209896053945490735e+01,5.046104085837161080e+00,-5.097244689537558315e+01,5.481482129984508234e+00,-5.651324761228859472e+01,5.207539987197776554e+00,1.660000000000000000e+02,1.878570723752660570e+02,6.523846881894064609e+01,3.275300000000000000e+06,1.501599999999999879e-01,-3.966790590000375119e+02,1.000000000000000000e+00
2.791074166285695008e-03,5.053063216428888699e-03,6.425413677710816174e-01,-1.114814688208124460e-01,2.000000000000000000e+01,7.508880674310436376e-02,-3.709875120378355717e+01,5.667453685683456754e+00,-4.797086458843821788e+01,5.400713450813628747e+00,-5.611884534438235761e+01,5.564280119219066734e+00,1.670000000000000000e+02,4.961082228392644424e+02,6.150048320563119830e+01,3.408100000000000000e+06,1.434199999999999919e-01,-3.436639019999833522e+02,1.000000000000000000e+00
3.010144492850010990e-03,4.815313060932032742e-03,5.807985806351194658e-01,1.991791170137796330e-01,2.000000000000000000e+01,7.487660596413198144e-02,-3.561265614322691420e+01,5.399817354958344140e+00,-4.798906808333012464e+01,5.714494594814670592e+00,-5.970712659796377864e+01,5.281617442160872145e+00,1.680000000000000000e+02,4.837749380125836751e+02,6.151162034994996475e+01,3.365700000000000000e+06,2.160299999999999998e-01,-8.144789400001030799e+02,1.000000000000000000e+00
2.889563471785837768e-03,4.824907667450596335e-03,6.270915869714442925e-01,-1.132409218284483599e+00,2.000000000000000000e+01,7.507201157053991492e-02,-4.181472782452466674e+01,5.174414837364563979e+00,-5.031291899723385086e+01,5.683245411083271748e+00,-5.919510254508193725e+01,5.113105003807913107e+00,1.690000000000000000e+02,1.802282393915488967e+02,6.534022369524369367e+01,3.279300000000000000e+06,1.660099999999999909e-01,-4.572927510000319558e+02,1.000000000000000000e+00
2.802245180496630746e-03,4.973297166353312856e-03,6.476332232647235010e-01,-4.722549267340416801e-01,2.000000000000000000e+01,7.416960540418213177e-02,-3.902242710863308162e+01,5.273867629353576447e+00,-5.160915621026376243e+01,5.619129051703560584e+00,-6.399399054688265664e+01,5.450332286966469653e+00,1.700000000000000000e+02,1.638435596690554519e+02,6.573218422266683092e+01,3.264100000000000000e+06,2.353000000000000091e-01,-7.951141999998527581e+02,1.000000000000000000e+00
2.877068339564467243e-03,4.725555632258892150e-03,6.104487132930345172e-01,-1.457070267503971284e+00,2.000000000000000000e+01,7.579263770925137589e-02,-4.235288373288196340e+01,5.249886730505130217e+00,-5.132597211114530467e+01,5.368059001482643922e+00,-5.773960367738195032e+01,5.014104689901605738e+00,1.710000000000000000e+02,1.637437784061120283e+02,6.584877700058329708e+01,3.257600000000000000e+06,1.271500000000000130e-01,-3.088938999999925841e+02,1.000000000000000000e+00
2.818558422507340400e-03,4.426001665399548549e-03,6.335231962565359698e-01,1.977513763112775269e+00,2.000000000000000000e+01,7.602331958054744931e-02,-3.100909841515782972e+01,5.822339520250702449e+00,-3.927481570215655893e+01,5.991678977904751235e+00,-5.941690148471896293e+01,5.768752092199346926e+00,1.720000000000000000e+02,1.048809510760114108e+03,5.680928331841695211e+01,3.557500000000000000e+06,1.051399999999999973e-01,-2.038144230000100379e+02,1.000000000000000000e+00
2.983673470362778295e-03,5.154801895350970969e-03,5.950582742331215202e-01,2.082613086327794072e+00,2.000000000000000000e+01,7.429284402023028644e-02,-3.037618849186001313e+01,5.609637859298131524e+00,-4.057617025888468731e+01,5.951036773880685971e+00,-5.721415142823977362e+01,5.642380042986813393e+00,1.730000000000000000e+02,1.057991418388892498e+03,5.680655311209191183e+01,3.538300000000000000e+06,2.464000000000000079e-01,-9.800483510001240575e+02,1.000000000000000000e+00
2.921161629273696762e-03,4.921039882613954461e-03,5.919942922685574871e-01,2.318661917375485493e-01,2.000000000000000000e+01,7.428850094482096489e-02,-3.609938485155264942e+01,5.217389639893674769e+00,-4.698838241029496032e+01,5.722718414130477882e+00,-5.916709617783666886e+01,5.312586139476696445e+00,1.740000000000000000e+02,5.050034798710851192e+02,6.138999398513551853e+01,3.361200000000000000e+06,2.738599999999999923e-01,-1.176874928999692429e+03,1.000000000000000000e+00
2.923159726442028754e-03,4.910804488202687862e-03,5.879956901457039642e-01,2.088674780541591169e-01,2.000000000000000000e+01,7.426219692287663876e-02,-3.571412258366833470e+01,5.215988798859225284e+00,-4.690840408931681793e+01,5.654046877297712825e+00,-5.979243567244398605e+01,5.362671769486471618e+00,1.750000000000000000e+02,5.107885335899642314e+02,6.136999406664778434e+01,3.356200000000000000e+06,2.836099999999999732e-01,-1.260783019999813177e+03,1.000000000000000000e+00
2.781687807854627513e-03,4.692120248662345200e-03,6.442930576533885123e-01,-1.396050853704570160e+00,2.000000000000000000e+01,7.571072475538551116e-02,-4.271083764864012267e+01,5.751478518986889554e+00,-4.932636675550521943e+01,5.180844112651026734e+00,-5.459485236254945306e+01,5.570019477004796826e+00,1.760000000000000000e+02,2.337712545200331817e+02,6.444720918683215416e+01,3.362900000000000000e+06,1.196399999999999963e-01,-2.506572990000095444e+02,1.000000000000000000e+00
3.054283941685693917e-03,4.625812295871041188e-03,5.453773987893816289e-01,-7.560235974444021734e-01,2.000000000000000000e+01,6.792459456225634351e-02,-4.227464232460634008e+01,4.802155809421845944e+00,-5.156209161523642592e+01,5.719715080560829001e+00,-6.353029845765033912e+01,5.509714603779086062e+00,1.770000000000000000e+02,2.283003356604352234e+02,6.455445190321239579e+01,3.282300000000000000e+06,1.913700000000000123e-01,-6.500794629999742256e+02,1.000000000000000000e+00
2.850349568272508762e-03,4.816719116335880721e-03,5.850463776080325751e-01,-1.251714395553534809e+00,2.000000000000000000e+01,7.616041632738518308e-02,-3.718085236669446658e+01,5.299935166900215044e+00,-5.296177838049181474e+01,5.595998049398794194e+00,-6.185868227451892665e+01,5.122187071929763746e+00,1.780000000000000000e+02,1.943972848992226261e+02,6.504642431669464031e+01,3.268400000000000000e+06,1.151599999999999985e-01,-2.766400000000017485e+02,1.000000000000000000e+00
3.040286527846011808e-03,4.839503563616361255e-03,6.042001504910358145e-01,-1.507006386293033184e+00,2.000000000000000000e+01,7.537436844270854752e-02,-4.395295488185195865e+01,5.197717233872165110e+00,-5.610609585573041613e+01,5.543239408584365258e+00,-5.724191536402264546e+01,4.751074660959615059e+00,1.790000000000000000e+02,1.924777490692319191e+02,6.508088973250517029e+01,3.291000000000000000e+06,1.267500000000000016e-01,-3.018747999999938543e+02,1.000000000000000000e+00
3.088953110795151016e-03,4.749835324586259774e-03,6.297056070133149053e-01,8.317308561151879331e-01,2.000000000000000000e+01,7.483929172449804712e-02,-3.721466532332286192e+01,5.890274141916971296e+00,-5.141118702145956121e+01,5.751834414405216478e+00,-5.537608184066419170e+01,5.567072779984255426e+00,1.800000000000000000e+02,4.585457824122303236e+02,6.165209993598161020e+01,3.431600000000000000e+06,1.872199999999999975e-01,-5.868260300000272309e+02,1.000000000000000000e+00
2.903370299365352989e-03,4.826805902662533246e-03,5.976054947718451027e-01,-5.336466519141300768e-01,2.000000000000000000e+01,7.501441147966346479e-02,-3.864790806877002183e+01,5.184046819376053605e+00,-4.828658671589641926e+01,5.505093112129275212e+00,-5.904869864025890536e+01,5.269532786319887308e+00,1.810000000000000000e+02,3.472527025275791175e+02,6.303157353040275979e+01,3.314100000000000000e+06,1.862999999999999934e-01,-6.007295359999988023e+02,1.000000000000000000e+00
2.805781680637543102e-03,4.743224107811167857e-03,6.215823307312136059e-01,-1.281701154418677824e+00,2.000000000000000000e+01,7.655381793195872864e-02,-3.938691132280222007e+01,5.356432698539979498e+00,-5.143229697892583374e+01,5.484490413797210806e+00,-5.905891702570116308e+01,5.139436159804315452e+00,1.820000000000000000e+02,2.142119825387581784e+02,6.465847256226844308e+01,3.290600000000000000e+06,9.315900000000000569e-02,-1.736907810000051597e+02,1.000000000000000000e+00
2.710975204872333958e-03,4.787021743176951213e-03,6.735536736875614716e-01,-1.311434712133574099e+00,2.000000000000000000e+01,7.509984211572755253e-02,-4.132104735638708348e+01,5.004020791523315026e+00,-4.747285966802562029e+01,5.599255371182002783e+00,-5.873224493212207165e+01,4.889673100032158715e+00,1.830000000000000000e+02,2.161803893301481025e+02,6.465006865691111670e+01,3.306600000000000000e+06,7.362599999999999700e-02,-1.099142720000011622e+02,1.000000000000000000e+00
2.802921675300488157e-03,4.735170268962578255e-03,6.206298539006191994e-01,-1.331139299670108134e+00,2.000000000000000000e+01,7.617145075197809256e-02,-3.934243747202769725e+01,5.292826622127437375e+00,-5.134832645797613537e+01,5.507755579701477444e+00,-5.887701186418464516e+01,5.175903514281152695e+00,1.840000000000000000e+02,2.162993549875841097e+02,6.462237194009892960e+01,3.291400000000000000e+06,1.069200000000000012e-01,-2.201281480000080535e+02,1.000000000000000000e+00
3.236226934583708633e-03,4.616513704214340527e-03,5.597349946302915269e-01,4.840093222946487694e-01,2.000000000000000000e+01,8.180487883612712341e-02,-3.748576035701688625e+01,5.737053055651267996e+00,-4.789500606345077927e+01,5.500534265048416138e+00,-5.666808794900853030e+01,5.752295228533276017e+00,1.850000000000000000e+02,5.555982141733786648e+02,6.096082974031617852e+01,3.342400000000000000e+06,1.999199999999999866e-01,-7.398039989999934960e+02,1.000000000000000000e+00
3.002028500632305912e-03,4.965746985918137110e-03,6.209963832578732079e-01,2.888909510929039914e+00,2.000000000000000000e+01,7.529385501469249009e-02,-2.529915570192679297e+01,6.095627298353022638e+00,-3.685539444116715657e+01,5.949260645968259986e+00,-5.855692045886490860e+01,5.690841596909761435e+00,1.860000000000000000e+02,1.522945996277688209e+03,5.512025978912453184e+01,3.632300000000000000e+06,1.362899999999999945e-01,-3.383366699999830871e+02,1.000000000000000000e+00
2.987119084427556845e-03,5.223923856826404206e-03,5.781603917543118865e-01,2.809034226680534374e+00,2.000000000000000000e+01,7.371958144868548390e-02,-2.550845739121804456e+01,5.745701038652193837e+00,-3.607922291347336596e+01,6.136578125183263843e+00,-5.656764171054771850e+01,5.602518737640604485e+00,1.870000000000000000e+02,1.471720236717521857e+03,5.532362082231900757e+01,3.630200000000000000e+06,3.464599999999999902e-01,-1.760842395000656097e+03,1.000000000000000000e+00
3.139963823690300818e-03,4.545793553113618504e-03,6.134179071404348704e-01,2.734860963924677701e+00,2.000000000000000000e+01,7.601652490640610493e-02,-2.594160281466120210e+01,6.207033327811380730e+00,-3.570801990802272741e+01,5.631040501232785545e+00,-5.885128765079245028e+01,5.772666251622071698e+00,1.880000000000000000e+02,1.456975275989610964e+03,5.534822720738709734e+01,3.621700000000000000e+06,1.153700000000000003e-01,-2.657571299999881944e+02,1.000000000000000000e+00
2.785766777212484759e-03,4.704705049374336215e-03,6.085918228883759884e-01,-7.051486869345497954e-01,2.000000000000000000e+01,7.778970853821139120e-02,-3.819048321494400966e+01,5.456108186454566855e+00,-5.315076015552055821e+01,5.572103093619880099e+00,-6.071123577561007778e+01,5.207185415781268922e+00,1.890000000000000000e+02,2.096526518001607542e+02,6.493113049583833174e+01,3.288900000000000000e+06,6.974299999999999944e-02,-1.022465670000005389e+02,1.000000000000000000e+00
2.895113585343390451e-03,4.734446527126597373e-03,6.142003633050143740e-01,-1.050004432151300682e+00,2.000000000000000000e+01,7.554367756559629554e-02,-4.111614482196348064e+01,5.153540363691574200e+00,-5.066528201646909224e+01,5.406816648146586246e+00,-5.855603248181448350e+01,5.174893476793466007e+00,1.900000000000000000e+02,2.074100153787613863e+02,6.496295301303860015e+01,3.268800000000000000e+06,1.397100000000000009e-01,-3.532865000000053328e+02,1.000000000000000000e+00
2.768619550689860407e-03,4.145748404584982151e-03,6.335481178354289700e-01,3.059984212806332149e+00,2.000000000000000000e+01,7.783494460157268369e-02,-2.320604810922650429e+01,6.158620281473021763e+00,-2.929815937835622819e+01,6.079948774189757543e+00,-6.108073292010345767e+01,6.287264555218609274e+00,1.910000000000000000e+02,1.626918216420280942e+03,5.493525929191980595e+01,3.673400000000000000e+06,1.281200000000000117e-01,-3.260397000000038474e+02,1.000000000000000000e+00
3.402455377890311033e-03,4.997116622843037793e-03,6.976039194755481176e-01,7.391572082166845137e-01,2.000000000000000000e+01,6.765215896048429323e-02,-3.573278339244355806e+01,5.610411653133935417e+00,-4.471958616102774187e+01,5.413226182772594264e+00,-6.072805601553414334e+01,5.277040440249328057e+00,1.920000000000000000e+02,5.446191215954939935e+02,6.098396812128724065e+01,3.373100000000000000e+06,1.883599999999999997e-01,-5.873192600000294306e+02,1.000000000000000000e+00
2.774116031324526388e-03,4.351813381003217206e-03,5.332501731709479165e-01,-1.911146685525238476e-01,2.000000000000000000e+01,6.698238260656030896e-02,-3.436513781583262528e+01,5.921240494152743672e+00,-4.495416899619578288e+01,5.714361701359662149e+00,-6.751303041404418082e+01,5.527952899242377427e+00,1.930000000000000000e+02,2.974085398413549228e+02,6.347871181161588083e+01,3.304000000000000000e+06,1.906100000000000017e-01,-6.404352000000042153e+02,1.000000000000000000e+00
3.218426532133792685e-03,4.765408755039350977e-03,6.725241242954771437e-01,8.535083438827403834e-02,2.000000000000000000e+01,7.540197138147911038e-02,-3.756108398612552435e+01,5.202216532142530880e+00,-4.916794419604012489e+01,5.726799925488095688e+00,-6.349522162738028896e+01,5.741324119581252106e+00,1.940000000000000000e+02,2.943313739170738472e+02,6.361920501107174175e+01,3.316500000000000000e+06,1.323300000000000032e-01,-3.169828500000157874e+02,1.000000000000000000e+00
2.522163736390204032e-03,5.122501234078483817e-03,6.401752631758166334e-01,-5.746850868970859727e-01,2.000000000000000000e+01,7.651775384509756917e-02,-4.396503799947274871e+01,5.086626623282938020e+00,-5.306558152302508802e+01,5.653269018421770653e+00,-6.298446398861742068e+01,4.955875183493534841e+00,1.950000000000000000e+02,2.910403353558239132e+02,6.365102396026510689e+01,3.292300000000000000e+06,1.494300000000000073e-01,-3.893852760000354465e+02,1.000000000000000000e+00
2.876422018004716648e-03,4.672895291441502702e-03,6.854845006623494497e-01,-5.219319395254522487e-01,2.000000000000000000e+01,6.995898535507463767e-02,-3.573126717091025029e+01,5.547670202258763616e+00,-5.314620948026203706e+01,5.771084050110169450e+00,-6.505186905595802216e+01,5.452718395997591116e+00,1.960000000000000000e+02,2.724086516132616680e+02,6.370277586872148134e+01,3.313600000000000000e+06,1.714299999999999990e-01,-4.901906730000013681e+02,1.000000000000000000e+00
2.822748476485265230e-03,4.833318550229218601e-03,5.384341881366706550e-01,5.028348607828420080e-01,2.000000000000000000e+01,7.429770103404108317e-02,-3.405209748913200940e+01,5.131257802436355320e+00,-5.147056372840864924e+01,5.493297435245008131e+00,-5.658033102125494196e+01,4.749387243746314269e+00,1.970000000000000000e+02,5.658258774542597394e+02,6.079107374442619260e+01,3.374300000000000000e+06,1.922599999999999865e-01,-6.382923619999626226e+02,1.000000000000000000e+00
3.104315626829856969e-03,5.264943004604166234e-03,6.207090864237951866e-01,2.516493645021311565e+00,2.000000000000000000e+01,7.384165977803031078e-02,-2.776970541640678647e+01,6.049397831085330246e+00,-3.822572484145350558e+01,5.557853347395363741e+00,-5.986216220026396684e+01,5.875196545693740724e+00,1.980000000000000000e+02,1.221671950895602549e+03,5.595176028577956373e+01,3.566400000000000000e+06,2.974899999999999767e-01,-1.317483510000062779e+03,1.000000000000000000e+00
3.379489445016801465e-03,4.832861686414445176e-03,6.168629022635128134e-01,2.188086936159111762e+00,2.000000000000000000e+01,7.427289934377911962e-02,-2.718857640342708493e+01,6.538352329005581609e+00,-3.817138797715122678e+01,5.422754700915867865e+00,-6.167834744326151508e+01,5.332787643781555786e+00,1.990000000000000000e+02,1.171598334577252444e+03,5.623056267761709393e+01,3.560100000000000000e+06,2.797100000000000142e-01,-1.256275019999784035e+03,1.000000000000000000e+00
