3.133869195599998068e-03,4.575683593136858733e-03,6.137023721901923023e-01,3.267145359978681274e+00,2.000000000000000000e+01,7.386868824313644333e-02,-2.438281495343363758e+01,6.234454312005992094e+00,-3.291461654099882139e+01,7.008722478232562558e+00,-5.469790342336679601e+01,6.151721613746157225e+00,0.000000000000000000e+00,1.552729412544153547e+03,5.403162366376927395e+01,3.846500000000000000e+06,3.290399999999999991e-01,-1.522859189999715227e+03,1.000000000000000000e+00
3.176836764536015382e-03,4.861534046417930952e-03,6.380345494220356350e-01,3.311619520661353455e+00,2.000000000000000000e+01,8.259512172845960565e-02,-2.690704517094317438e+01,6.663560539099567137e+00,-3.683346561303421396e+01,6.694825824967606920e+00,-6.432444812890459218e+01,6.597161957480226491e+00,1.000000000000000000e+00,1.420665016993681093e+03,5.408192990141130707e+01,3.795900000000000000e+06,1.690099999999999936e-01,-5.164074000000564411e+02,1.000000000000000000e+00
2.711464180379195323e-03,4.702978520860680127e-03,5.683914721578956497e-01,3.272788659914282139e+00,2.000000000000000000e+01,7.358030273089211093e-02,-2.337433884301758269e+01,7.056438412237562297e+00,-4.307150522727773279e+01,5.272210060475472027e+00,-5.736477296746924992e+01,6.247682153769754443e+00,2.000000000000000000e+00,1.351903876454432748e+03,5.456403435875549235e+01,3.683700000000000000e+06,3.603000000000000091e-01,-1.814840460999297420e+03,1.000000000000000000e+00
2.990637597251987433e-03,4.219774943242746851e-03,6.152142642988336352e-01,2.904574403813169337e+00,2.000000000000000000e+01,7.577591736780597831e-02,-2.639514541869133879e+01,6.014713326055201037e+00,-3.624047607496812873e+01,7.270207162632743803e+00,-6.163387489642262551e+01,6.177822488788835997e+00,3.000000000000000000e+00,1.305865262652976071e+03,5.459752162817061105e+01,3.742200000000000000e+06,1.244200000000000028e-01,-2.860393000000112806e+02,1.000000000000000000e+00
2.958596989487623750e-03,4.143391396607897306e-03,6.400854559971231872e-01,3.201653199939070049e+00,2.000000000000000000e+01,7.417838778715382664e-02,-2.429570479174777375e+01,6.279074577498284349e+00,-3.455784808421898902e+01,6.139535333630099068e+00,-6.181635684187787660e+01,6.146224984034054373e+00,4.000000000000000000e+00,1.292610242370637252e+03,5.464147704804707928e+01,3.681800000000000000e+06,2.484500000000000042e-01,-8.862175049999212888e+02,1.000000000000000000e+00
2.935831958542606691e-03,4.542872701824154230e-03,6.670505226463145920e-01,3.366643189167070283e+00,2.000000000000000000e+01,7.146693065986015059e-02,-2.534187449158632077e+01,6.639734207408706901e+00,-3.161109634642097177e+01,5.594916217225739175e+00,-6.171228293292599432e+01,6.310702762659184728e+00,5.000000000000000000e+00,1.290943060159776905e+03,5.466329397994355332e+01,3.684400000000000000e+06,2.321799999999999975e-01,-7.829574990000816115e+02,1.000000000000000000e+00
2.883307639349442196e-03,4.094517202295866465e-03,6.369858369737848580e-01,3.227192688485438943e+00,2.000000000000000000e+01,7.400926027700759080e-02,-2.385207274512300302e+01,6.340354112772574879e+00,-3.486094603467587660e+01,5.975373180816371033e+00,-6.181548007201911332e+01,6.123896390258230404e+00,6.000000000000000000e+00,1.280662545770782117e+03,5.469092446608107849e+01,3.671800000000000000e+06,2.744800000000000018e-01,-1.032114000000091437e+03,1.000000000000000000e+00
2.931788691716610482e-03,4.210794068231615145e-03,6.099534812515723381e-01,2.881317487711400283e+00,2.000000000000000000e+01,7.476257558628780775e-02,-2.518279775053822789e+01,5.663459328994102648e+00,-3.660442688164875591e+01,7.191969734540721859e+00,-5.965159863239053095e+01,5.950232797717136535e+00,7.000000000000000000e+00,1.267184739928456565e+03,5.491584971122338033e+01,3.708900000000000000e+06,1.998800000000000021e-01,-6.357531650000380523e+02,1.000000000000000000e+00
2.846214059037110826e-03,3.944178835639511153e-03,6.461561141606309011e-01,2.742092993396556988e+00,2.000000000000000000e+01,7.105001038741838582e-02,-2.672746072060379063e+01,6.834788722529171245e+00,-3.543395721279836863e+01,5.532342357404431255e+00,-6.354036826499938684e+01,5.708208114266638766e+00,8.000000000000000000e+00,1.197704275558390009e+03,5.506028091309180894e+01,3.653800000000000000e+06,2.258100000000000107e-01,-7.507669999999017136e+02,1.000000000000000000e+00
3.006191189254711800e-03,3.941991248121614992e-03,6.508869018393868000e-01,2.600840241636301009e+00,2.000000000000000000e+01,7.433445045000226792e-02,-2.820886366512733190e+01,5.758143400504851073e+00,-3.740227862650422708e+01,5.552516791194516799e+00,-5.985570367982935380e+01,6.374256320380483842e+00,9.000000000000000000e+00,1.203397465604852414e+03,5.502606042443665046e+01,3.653200000000000000e+06,2.157799999999999996e-01,-6.925814000000223132e+02,1.000000000000000000e+00
2.959393167636379871e-03,4.165431752648472014e-03,6.390017554523115262e-01,2.824575280274602029e+00,2.000000000000000000e+01,7.438456516878008684e-02,-2.640488416571060171e+01,6.246460403210157608e+00,-3.587796664181598061e+01,6.067031320656249171e+00,-6.144981724855981042e+01,6.093776541003345315e+00,1.000000000000000000e+01,1.191680989960875877e+03,5.506711333641546702e+01,3.653400000000000000e+06,2.258900000000000075e-01,-7.536547529999353401e+02,1.000000000000000000e+00
2.919639420694703381e-03,4.173941257350526762e-03,6.373029909920333580e-01,2.754603900136621597e+00,2.000000000000000000e+01,7.443882310121491264e-02,-2.630647427078966416e+01,6.267163309838569063e+00,-3.684691542172907219e+01,6.036967589293212200e+00,-6.108048715662127393e+01,6.048444442701135237e+00,1.100000000000000000e+01,1.179090453534102835e+03,5.513995671600554971e+01,3.648200000000000000e+06,2.162900000000000100e-01,-6.979749429999108088e+02,1.000000000000000000e+00
3.036730027167649278e-03,3.759797849972657414e-03,6.242814833114667117e-01,2.540609508924877247e+00,2.000000000000000000e+01,6.926188960821606788e-02,-2.422917865157149819e+01,6.286643873849370401e+00,-3.841457648202818831e+01,6.268747100489730606e+00,-6.224839740037837998e+01,5.697036262533574202e+00,1.200000000000000000e+01,1.168574097108507431e+03,5.517379058143283999e+01,3.650200000000000000e+06,2.245499999999999996e-01,-7.460524709999699553e+02,1.000000000000000000e+00
2.953612764473714791e-03,4.175670044761543680e-03,6.389601100473887296e-01,2.711833838246932693e+00,2.000000000000000000e+01,7.439398541166940271e-02,-2.665102980892533679e+01,6.266668485789285370e+00,-3.651697054642446716e+01,6.066904747883283378e+00,-6.145095198509777390e+01,6.086501693752936148e+00,1.300000000000000000e+01,1.162820593264310901e+03,5.518048693698459317e+01,3.649700000000000000e+06,2.246299999999999963e-01,-7.486446010000162232e+02,1.000000000000000000e+00
2.821801071975495526e-03,4.170967792973947173e-03,7.002887923878539089e-01,2.532718874195006187e+00,2.000000000000000000e+01,8.052405143825347444e-02,-2.816165523519247316e+01,5.950617678918665554e+00,-3.909902703273972691e+01,5.828181447949773109e+00,-5.804725988986326257e+01,5.933053087385764535e+00,1.400000000000000000e+01,1.097040508265839435e+03,5.529044703947051431e+01,3.649500000000000000e+06,2.087299999999999989e-01,-6.527921890000087615e+02,1.000000000000000000e+00
2.894673011372587285e-03,4.227042918764063392e-03,6.245605308545385537e-01,2.088679648503902087e+00,2.000000000000000000e+01,7.425888707786632015e-02,-2.956085254260881001e+01,6.008651320929050854e+00,-4.107937057697807859e+01,6.012457980452760253e+00,-6.213912188603366360e+01,5.912555089127089936e+00,1.500000000000000000e+01,8.834587773699630588e+02,5.679631370242011457e+01,3.551600000000000000e+06,2.545299999999999785e-01,-9.534199999997534860e+02,1.000000000000000000e+00
2.396070459258152485e-03,4.870504025102921804e-03,5.819032211621181228e-01,1.758257668996391354e+00,2.000000000000000000e+01,7.229190553046388468e-02,-2.793888911366749639e+01,7.280423649219620152e+00,-4.678389919758387094e+01,7.083956179586873070e+00,-6.900704282809576284e+01,5.971546419533569683e+00,1.600000000000000000e+01,8.856859083630816940e+02,5.641564515667445079e+01,3.744500000000000000e+06,1.712899999999999978e-01,-5.064875999999771352e+02,1.000000000000000000e+00
2.970629239290849093e-03,4.504112919822888216e-03,6.481674733506708197e-01,2.604943594088091618e+00,2.000000000000000000e+01,7.403665009089571702e-02,-2.889660910836069618e+01,6.415661905473360349e+00,-3.921509168218648966e+01,6.227186297069236431e+00,-5.975020407965759262e+01,5.820648805320008279e+00,1.700000000000000000e+01,1.084356541466807130e+03,5.546821586340734456e+01,3.648200000000000000e+06,2.556700000000000084e-01,-9.300189030001105266e+02,1.000000000000000000e+00
2.345060678447828673e-03,4.284216056889705165e-03,6.232573307373735494e-01,1.888011575158758726e+00,2.000000000000000000e+01,7.096326470560553046e-02,-3.190934147954221345e+01,6.816983179828569384e+00,-4.426879460551974432e+01,5.621159667207634492e+00,-6.238436965370469522e+01,6.595711113007364901e+00,1.800000000000000000e+01,8.613537206439294778e+02,5.685193434051620898e+01,3.607100000000000000e+06,2.324499999999999900e-01,-7.460652679998527219e+02,1.000000000000000000e+00
2.859327857019279811e-03,4.222912623633426690e-03,6.162418288816590151e-01,2.389867968219163252e+00,2.000000000000000000e+01,7.492922971410020949e-02,-2.944962864180631712e+01,6.624809997203417566e+00,-4.423834153486708232e+01,5.797610706798842273e+00,-5.963963283607185417e+01,6.683746078248329781e+00,1.900000000000000000e+01,9.059622978076109803e+02,5.625654835914333773e+01,3.641900000000000000e+06,1.760400000000000020e-01,-5.046135000000591617e+02,1.000000000000000000e+00
2.929043035195119053e-03,4.384615954105935444e-03,6.161235507734694750e-01,1.915716723154403001e+00,2.000000000000000000e+01,7.456525796223650859e-02,-3.075309435436695082e+01,5.932794492879128967e+00,-4.264341716400048199e+01,6.219521075941099042e+00,-6.084453683315453532e+01,5.932314623402506371e+00,2.000000000000000000e+01,8.409203624393672953e+02,5.722473497316806856e+01,3.557500000000000000e+06,2.173100000000000032e-01,-7.465995509998668922e+02,1.000000000000000000e+00
3.028893753660829875e-03,3.926363157505111806e-03,6.199591983937774442e-01,2.090899809485802674e+00,2.000000000000000000e+01,7.979967425789238900e-02,-3.006384432353976877e+01,6.555528771439215419e+00,-4.410515871085244299e+01,5.621577449775009505e+00,-6.532621187848229738e+01,6.414690859229559727e+00,2.100000000000000000e+01,8.422942351278218212e+02,5.716208473834734605e+01,3.525600000000000000e+06,2.605999999999999983e-01,-9.568399999998437124e+02,1.000000000000000000e+00
2.520569268251332887e-03,4.794006479611188400e-03,6.036240132308202666e-01,1.945611062156665572e+00,2.000000000000000000e+01,7.364461776054205544e-02,-3.063314695246514319e+01,6.900703004715257549e+00,-4.529358361622671225e+01,5.040758336432639375e+00,-5.769258782416174824e+01,5.923082897188322704e+00,2.200000000000000000e+01,8.426292011204412802e+02,5.703554993601605361e+01,3.559300000000000000e+06,2.762600000000000056e-01,-1.072599671000330090e+03,1.000000000000000000e+00
2.772556972909673637e-03,4.580130053066380248e-03,5.422978491480218155e-01,1.656659650916052051e+00,2.000000000000000000e+01,6.531568543034539653e-02,-2.885462247928468571e+01,7.264261094888739834e+00,-3.709153396907277056e+01,6.101635782926088325e+00,-6.449639939329647120e+01,4.893036542307974912e+00,2.300000000000000000e+01,8.357412777571460083e+02,5.724622370855946230e+01,3.549100000000000000e+06,2.173599999999999977e-01,-6.961517999999757649e+02,1.000000000000000000e+00
2.692725355748969325e-03,4.376019627096994213e-03,6.073808294412681441e-01,2.312310259899636122e+00,2.000000000000000000e+01,7.422636522358455613e-02,-2.999844159389703080e+01,6.330824431570396982e+00,-4.071112287470842261e+01,5.806384726517221040e+00,-5.836745329948440997e+01,6.027248967760250764e+00,2.400000000000000000e+01,9.788809796597015520e+02,5.613218455838438103e+01,3.611600000000000000e+06,2.442999999999999894e-01,-8.764849879998733968e+02,1.000000000000000000e+00
2.712246157155740432e-03,4.454528280308637546e-03,6.079496606990828500e-01,2.412208888841164800e+00,2.000000000000000000e+01,7.413244299008689420e-02,-3.009437717131744705e+01,6.329325539132884870e+00,-4.205360025760522547e+01,5.892386836662611316e+00,-5.855824562801848288e+01,6.037542576297783015e+00,2.500000000000000000e+01,9.510616647125452801e+02,5.622550588989633980e+01,3.606500000000000000e+06,2.573300000000000032e-01,-9.540816000001414068e+02,1.000000000000000000e+00
2.866938540533525356e-03,4.291238859923107718e-03,5.942572541538065911e-01,1.902127725650788692e+00,2.000000000000000000e+01,7.408368306785752255e-02,-3.500941185109167009e+01,6.411722666873682641e+00,-4.203284384908286597e+01,6.590397822798067295e+00,-5.890067456467731688e+01,6.447388857022462894e+00,2.600000000000000000e+01,7.580769850443286941e+02,5.725507794153212160e+01,3.663600000000000000e+06,3.123000000000000220e-01,-1.412575826999855735e+03,1.000000000000000000e+00
2.902690970864396126e-03,4.249563581191328175e-03,6.399429108651490949e-01,2.694851492205521559e+00,2.000000000000000000e+01,7.461459325643315932e-02,-2.846163586109161869e+01,6.222008022421557705e+00,-3.836016908390621438e+01,6.259574231198300254e+00,-6.292569211269976392e+01,6.107459947275520662e+00,2.700000000000000000e+01,1.051672798692944298e+03,5.563447745538624645e+01,3.624200000000000000e+06,1.920000000000000040e-01,-5.644419110000120554e+02,1.000000000000000000e+00
2.644130811194969882e-03,4.730929283319034936e-03,5.666297941096301027e-01,2.551192308349436111e+00,2.000000000000000000e+01,7.434908734867494429e-02,-3.291696881291620969e+01,7.045054641414453478e+00,-4.031355854863812738e+01,5.839251318552468817e+00,-5.668336555645609565e+01,6.350790321488021029e+00,2.800000000000000000e+01,9.851824361894234698e+02,5.604260251641734669e+01,3.704900000000000000e+06,2.413599999999999912e-01,-9.259252979998798310e+02,1.000000000000000000e+00
2.930057947801120808e-03,3.718021699600650154e-03,6.064658636020292537e-01,2.730399697992385466e+00,2.000000000000000000e+01,7.451087690065028024e-02,-2.882934138526071521e+01,6.314336729308180018e+00,-3.411207444755552842e+01,6.023889012689076949e+00,-5.598584821637557951e+01,4.748935265435824782e+00,2.900000000000000000e+01,1.048566185742745347e+03,5.582994447610968791e+01,3.614300000000000000e+06,2.605600000000000138e-01,-9.624949750001137545e+02,1.000000000000000000e+00
2.644130811194969882e-03,4.730929283319034936e-03,5.666297941096301027e-01,2.551192308349436111e+00,2.000000000000000000e+01,7.434908734867494429e-02,-3.291696881291620969e+01,7.045054641414453478e+00,-4.031355854863812738e+01,5.839251318552468817e+00,-5.668336555645609565e+01,6.350790321488021029e+00,3.000000000000000000e+01,1.023767018749173872e+03,5.602669951491445488e+01,3.605600000000000000e+06,2.954499999999999904e-01,-1.199380241000257001e+03,1.000000000000000000e+00
2.855980271954976051e-03,5.229332334865439795e-03,7.279203892197669834e-01,2.385787078986052911e+00,2.000000000000000000e+01,6.841395746442957559e-02,-3.364268409566645346e+01,7.110164217336500947e+00,-3.734890459055733203e+01,5.447513579910628678e+00,-6.514584570357320104e+01,6.784749229237875490e+00,3.100000000000000000e+01,1.038376893464166415e+03,5.600307830098849848e+01,3.617800000000000000e+06,1.655200000000000005e-01,-4.275217470000325761e+02,1.000000000000000000e+00
2.603355121291642867e-03,3.558309533952783415e-03,6.599927446438484946e-01,1.988525138876003240e+00,2.000000000000000000e+01,7.164538921264229643e-02,-3.564618557243121444e+01,6.668284921672058552e+00,-5.268561438574072753e+01,5.687395303629751098e+00,-5.344803868204291319e+01,7.656203631661797182e+00,3.200000000000000000e+01,7.158611722607913634e+02,5.742332254155323312e+01,3.717700000000000000e+06,1.819199999999999984e-01,-4.169828000000157431e+02,1.000000000000000000e+00
2.852638976468204260e-03,4.451255605743711583e-03,6.106074977510461688e-01,1.706936623244519335e+00,2.000000000000000000e+01,7.451689487677554125e-02,-3.114362340702805909e+01,6.271804339557554897e+00,-4.454951306514275444e+01,6.257726898192080611e+00,-6.375545599504327754e+01,6.087592270036465081e+00,3.300000000000000000e+01,7.112616776285469768e+02,5.795635253889433613e+01,3.552900000000000000e+06,2.207000000000000073e-01,-7.679325000000799264e+02,1.000000000000000000e+00
2.590480144272531027e-03,4.533763453378003225e-03,6.223305274259876008e-01,1.462581933193133565e+00,2.000000000000000000e+01,7.400899706080069085e-02,-3.176889303567100598e+01,6.293943679442278949e+00,-4.486913609698368077e+01,5.777767065383603295e+00,-6.076979626441454485e+01,6.266814457033183849e+00,3.400000000000000000e+01,7.078335369807811048e+02,5.799561481635037552e+01,3.551100000000000000e+06,2.579099999999999726e-01,-9.141801370001755913e+02,1.000000000000000000e+00
2.700819871300063051e-03,4.485828515296758252e-03,6.566314159855393129e-01,1.497100035026920767e-02,2.000000000000000000e+01,8.077198164970671168e-02,-3.337899883778222687e+01,6.651602575628780656e+00,-4.577313627567915688e+01,6.185029741307884521e+00,-6.338128593158364765e+01,6.115167420939740417e+00,3.500000000000000000e+01,3.792920638350852869e+02,6.095202086480814074e+01,3.546100000000000000e+06,2.904800000000000160e-01,-1.027251833999746623e+03,1.000000000000000000e+00
2.676156019154708483e-03,3.934472389885726624e-03,7.049003237710126379e-01,-4.587381476041124118e-01,2.000000000000000000e+01,7.787215922179391292e-02,-3.672464050675139902e+01,7.311081267896295088e+00,-5.122742045511758135e+01,5.901399471718078438e+00,-6.877765436954862821e+01,7.155880990924299745e+00,3.600000000000000000e+01,3.942369367073395665e+02,6.071268980962009465e+01,3.655800000000000000e+06,1.165699999999999931e-01,-2.191728000000126997e+02,1.000000000000000000e+00
2.576603563774694256e-03,4.429220500387903194e-03,6.562500724761968218e-01,-1.601327267560782586e-01,2.000000000000000000e+01,7.445023536363137850e-02,-3.548695781187767295e+01,6.176124828782128873e+00,-4.690808605335271864e+01,6.168059448972509351e+00,-6.289927630437340156e+01,6.644855375189613333e+00,3.700000000000000000e+01,3.938873872215555707e+02,6.091565675845428984e+01,3.527800000000000000e+06,1.944599999999999940e-01,-5.200386000000523836e+02,1.000000000000000000e+00
2.674139030111918891e-03,4.209106866312017567e-03,6.589788665374503029e-01,7.449823447660314235e-02,2.000000000000000000e+01,7.499265282921646625e-02,-3.516049133108343483e+01,6.503187467305281189e+00,-4.689453495073075828e+01,5.987019705194393637e+00,-6.494630910508450938e+01,6.651597625766108024e+00,3.800000000000000000e+01,3.937653396061098761e+02,6.091931559337515978e+01,3.522500000000000000e+06,1.522900000000000087e-01,-3.526992810000090230e+02,1.000000000000000000e+00
2.909662852729858439e-03,4.253218433657037813e-03,6.014566705379398304e-01,1.760056887781538570e+00,2.000000000000000000e+01,7.973250798091205405e-02,-3.006586305762387212e+01,6.055545164715007367e+00,-4.930182066305608402e+01,5.784679088766556454e+00,-5.706290514215434229e+01,6.932616161965406754e+00,3.900000000000000000e+01,6.875445732511794859e+02,5.806423095270772450e+01,3.604400000000000000e+06,1.994199999999999862e-01,-6.736009310000092682e+02,1.000000000000000000e+00
3.000928938053086092e-03,4.353134966267082663e-03,6.151174232703243705e-01,3.048117798090033692e-01,2.000000000000000000e+01,7.720569593681374243e-02,-4.307134733944170790e+01,6.634324633854991937e+00,-4.384571611251660528e+01,6.585162588050687660e+00,-6.234248387510053391e+01,6.630614115025952771e+00,4.000000000000000000e+01,3.930671926713135917e+02,6.093331779075029431e+01,3.504700000000000000e+06,2.076900000000000135e-01,-6.030708999999583284e+02,1.000000000000000000e+00
2.350758967048459207e-03,4.618340263505206662e-03,6.548717376820969438e-01,1.281439038841614697e-01,2.000000000000000000e+01,7.432762465940692675e-02,-3.539473822540789172e+01,6.252793610998427454e+00,-4.733486017802320589e+01,6.103618476287400618e+00,-6.234107620487178991e+01,6.738195661898677358e+00,4.100000000000000000e+01,4.048119467274445356e+02,6.063784564773898467e+01,3.537700000000000000e+06,1.853400000000000047e-01,-4.477106709999566192e+02,1.000000000000000000e+00
2.448123605091959577e-03,4.548548484481865564e-03,6.641256248586416833e-01,-2.262393194311723699e-02,2.000000000000000000e+01,7.366206191572660655e-02,-3.742606542225570365e+01,6.235663581255062482e+00,-4.722310795669517347e+01,6.372010503563137362e+00,-6.191340830108316595e+01,6.585537924175268287e+00,4.200000000000000000e+01,3.546464029259695963e+02,6.119958894193243992e+01,3.540600000000000000e+06,2.817299999999999804e-01,-9.539039999998191206e+02,1.000000000000000000e+00
2.759463214180432264e-03,4.512731103383150859e-03,6.445829231547205440e-01,1.382813750933812535e+00,2.000000000000000000e+01,7.401170971856049774e-02,-3.144065551273492787e+01,6.381749557428792130e+00,-4.589877567766406230e+01,5.774468319174354214e+00,-6.180858547896427524e+01,6.132342880006398822e+00,4.300000000000000000e+01,6.811550903120535168e+02,5.828222562642350368e+01,3.534800000000000000e+06,2.575399999999999912e-01,-9.101973989998200523e+02,1.000000000000000000e+00
2.782795633172528531e-03,4.339883580510395071e-03,6.290772411341227777e-01,1.439577179889531600e+00,2.000000000000000000e+01,7.450196973655176524e-02,-3.452780955764666970e+01,6.288180705214131194e+00,-4.164809490799073899e+01,6.043147183235794806e+00,-6.300357225680440365e+01,6.374887239459630983e+00,4.400000000000000000e+01,6.600259544936292286e+02,5.838495618462683723e+01,3.562300000000000000e+06,2.114399999999999891e-01,-6.660670600000578361e+02,1.000000000000000000e+00
2.445929014024904400e-03,4.467270275412445202e-03,6.587897885830491518e-01,4.044010786098567456e-02,2.000000000000000000e+01,7.440004178259693179e-02,-3.647746662596612310e+01,6.315282944487755401e+00,-4.920265549464777166e+01,6.293686492096940199e+00,-6.052069586167677073e+01,6.350263187187176861e+00,4.500000000000000000e+01,3.651390407414412493e+02,6.116748689222714574e+01,3.533200000000000000e+06,1.867900000000000116e-01,-4.641673690000535544e+02,1.000000000000000000e+00
2.657705014653430602e-03,4.113010201266316390e-03,6.804764242054845980e-01,1.614669927819059492e+00,2.000000000000000000e+01,7.903665727897943305e-02,-3.562762504922059748e+01,6.873814933022647899e+00,-4.750381446227441273e+01,6.465922277053270051e+00,-5.482392427214284680e+01,6.275646747887020815e+00,4.600000000000000000e+01,6.633007985695403477e+02,5.833067825108207671e+01,3.586400000000000000e+06,1.870100000000000096e-01,-5.458176000000015620e+02,1.000000000000000000e+00
2.486862960360007938e-03,4.573971389990631395e-03,6.496859350470296501e-01,1.261531961935121515e+00,2.000000000000000000e+01,7.405903543499847697e-02,-3.314317604799121852e+01,6.304408442090610798e+00,-4.633006253027977550e+01,6.240140518973253059e+00,-6.076046836633575765e+01,6.577217147445036716e+00,4.700000000000000000e+01,6.101586042081098640e+02,5.857147929455056357e+01,3.586400000000000000e+06,2.185999999999999888e-01,-6.436356000000200765e+02,1.000000000000000000e+00
2.618562595214669712e-03,4.374815171440780623e-03,6.205109000470393488e-01,9.601068457072066131e-01,2.000000000000000000e+01,7.411376696629670691e-02,-3.277919455424210327e+01,6.539827629010697585e+00,-4.750836143274020174e+01,6.078359475674126600e+00,-5.730811585128088836e+01,6.239022473656266499e+00,4.800000000000000000e+01,6.499923890145196310e+02,5.850228623094378122e+01,3.606100000000000000e+06,2.605000000000000093e-01,-9.374273999997975579e+02,1.000000000000000000e+00
2.269362654005530749e-03,4.393320535215711198e-03,6.767132230031928097e-01,5.404522712179348209e-01,2.000000000000000000e+01,7.388518443064823193e-02,-3.633211675920512107e+01,6.345397100009543934e+00,-4.267659814357310211e+01,5.845425326676545907e+00,-6.581672854852033083e+01,6.691110609810953846e+00,4.900000000000000000e+01,4.265357813062682908e+02,6.049600429827510339e+01,3.513300000000000000e+06,2.183400000000000063e-01,-5.664911699999784105e+02,1.000000000000000000e+00
2.533988092054348124e-03,4.343893502452414457e-03,6.603186729205031691e-01,3.408400702521641734e-01,2.000000000000000000e+01,7.414207366550287781e-02,-3.564934462305760121e+01,6.357697643024265766e+00,-4.508725265204463284e+01,5.921114049954531389e+00,-6.406174480206043143e+01,6.391240383419746429e+00,5.000000000000000000e+01,4.406560917380818978e+02,6.042324215458764769e+01,3.512000000000000000e+06,2.211100000000000010e-01,-6.486220929999900591e+02,1.000000000000000000e+00
2.614772432933827693e-03,4.487029244502073119e-03,6.216440588991771765e-01,1.274573638211377258e+00,2.000000000000000000e+01,7.439249461544295006e-02,-3.150362731958839291e+01,6.322420739673065171e+00,-4.763372559772333403e+01,5.854284233292800010e+00,-6.059072897656412948e+01,6.674873509527763815e+00,5.100000000000000000e+01,6.341502135844646091e+02,5.850454509295433070e+01,3.564500000000000000e+06,2.112999999999999878e-01,-6.568033450000892799e+02,1.000000000000000000e+00
2.458662390689802905e-03,4.568980584080477823e-03,6.344392183692328935e-01,1.433899729063262463e+00,2.000000000000000000e+01,7.396559505145197666e-02,-3.327094965229152024e+01,6.200823002825913477e+00,-4.631622518231156960e+01,5.869491113536135174e+00,-6.075987435279930793e+01,6.588176179154142886e+00,5.200000000000000000e+01,6.033633501437783480e+02,5.875038799513950494e+01,3.546300000000000000e+06,2.386300000000000088e-01,-7.556537730001043656e+02,1.000000000000000000e+00
2.668216731764694143e-03,4.145097622013108052e-03,6.511824415060316618e-01,4.620905532653108994e-01,2.000000000000000000e+01,7.454390326921923882e-02,-3.558169506293101847e+01,6.280473068932373337e+00,-4.554644979609045663e+01,6.027453392616362038e+00,-6.402410455778512244e+01,6.640825118858375120e+00,5.300000000000000000e+01,4.343595861010954877e+02,6.042336272916989515e+01,3.523200000000000000e+06,1.983499999999999985e-01,-5.577877759999881846e+02,1.000000000000000000e+00
2.499649781288191749e-03,4.353014731849643923e-03,6.646858766822867359e-01,3.848224543879056325e-01,2.000000000000000000e+01,7.404821158422940364e-02,-3.569009398384794451e+01,6.268709043262044922e+00,-4.560385379156873142e+01,6.037102433476709606e+00,-6.451554464793164811e+01,6.428054010881894875e+00,5.400000000000000000e+01,4.137539141233837086e+02,6.062809274520146374e+01,3.505100000000000000e+06,2.275500000000000023e-01,-6.660806689998883030e+02,1.000000000000000000e+00
2.382727559707202743e-03,4.487858905288228013e-03,6.492108929876249102e-01,5.356294652829487468e-01,2.000000000000000000e+01,7.338415981027271440e-02,-3.604437031133625169e+01,6.235209776393450198e+00,-4.908577352937450655e+01,5.848092938046438150e+00,-5.883530642696332080e+01,6.701768978140565380e+00,5.500000000000000000e+01,4.427165868961477599e+02,6.041263590780580728e+01,3.535000000000000000e+06,3.312700000000000089e-01,-1.274661350999895149e+03,1.000000000000000000e+00
2.448996553422328089e-03,4.563756953111188473e-03,6.571561466018679409e-01,5.266537324654145813e-01,2.000000000000000000e+01,7.450182765060850421e-02,-3.425871414023270489e+01,6.279643722328952293e+00,-4.805952144481679511e+01,5.954694361944014247e+00,-6.278295911908243454e+01,6.649073992346423267e+00,5.600000000000000000e+01,4.441711160333483122e+02,6.037088141385733309e+01,3.520300000000000000e+06,1.716000000000000025e-01,-4.022057909999800245e+02,1.000000000000000000e+00
2.484121441192279484e-03,4.332535676352162850e-03,6.724628457088270839e-01,2.433067833323683260e-01,2.000000000000000000e+01,7.392625088203648442e-02,-3.527455580778787692e+01,6.283367061992177760e+00,-4.604578856516951646e+01,5.998856821380195825e+00,-6.375484014627525653e+01,6.402559450270460140e+00,5.700000000000000000e+01,4.234784536335345138e+02,6.054136147182208560e+01,3.510000000000000000e+06,2.398099999999999954e-01,-7.127424000000918340e+02,1.000000000000000000e+00
2.604429738418838347e-03,4.450034195003127642e-03,6.498285773988002889e-01,3.456965869610261199e-01,2.000000000000000000e+01,7.434489236668728740e-02,-3.387045821741008922e+01,6.442807157411936103e+00,-4.641767523114609162e+01,6.173941145604990410e+00,-6.521318160606652725e+01,6.496360119560546487e+00,5.800000000000000000e+01,4.485142996347927351e+02,6.020768925483717027e+01,3.533700000000000000e+06,2.075799999999999867e-01,-5.988332000000040125e+02,1.000000000000000000e+00
2.446508458725554953e-03,4.591173369381663753e-03,6.583962763576663990e-01,3.572935126481655010e-01,2.000000000000000000e+01,7.449279726963961568e-02,-3.459265916407399288e+01,6.292047825725459731e+00,-4.695678118981485483e+01,5.944160450145131946e+00,-6.308164514154471192e+01,6.651564413053275615e+00,5.900000000000000000e+01,4.475615317912213413e+02,6.034132641356930549e+01,3.524800000000000000e+06,1.719400000000000095e-01,-4.040013509999894268e+02,1.000000000000000000e+00
2.174747523909051003e-03,4.206007295043549810e-03,6.189603767581095539e-01,-4.321195677501463162e-01,2.000000000000000000e+01,7.478023105697177708e-02,-3.463931521900470045e+01,6.799572709547597960e+00,-5.038805900666356763e+01,7.085940780395395322e+00,-6.272877669797424716e+01,6.247708803576639269e+00,6.000000000000000000e+01,3.370953714598218198e+02,6.121276466827686846e+01,3.609400000000000000e+06,1.628100000000000103e-01,-3.648925000000143086e+02,1.000000000000000000e+00
2.390103510684281080e-03,4.672687009538952982e-03,6.220719877022815592e-01,-5.139233722150773342e-01,2.000000000000000000e+01,7.465960889702154268e-02,-3.620434483895887467e+01,6.148456164031184557e+00,-5.082073161110581339e+01,5.926135299127700762e+00,-6.012108633760952614e+01,7.139409537087665569e+00,6.100000000000000000e+01,3.028304064722275939e+02,6.179533185921573590e+01,3.527800000000000000e+06,1.754000000000000004e-01,-4.438248569999543633e+02,1.000000000000000000e+00
2.365293411199996879e-03,4.944171523355838510e-03,6.132338749886380169e-01,-3.842077469749510255e-01,2.000000000000000000e+01,7.441736391158447483e-02,-3.535177347828437178e+01,6.384076584021690870e+00,-5.333416172004066169e+01,5.690481676785799081e+00,-5.967045981418207390e+01,7.315939526594493536e+00,6.200000000000000000e+01,2.981328156758886507e+02,6.181123406084362415e+01,3.532300000000000000e+06,1.948999999999999899e-01,-5.430805369999944787e+02,1.000000000000000000e+00
2.414183980989859524e-03,4.477469946364177542e-03,6.584045437980234894e-01,5.903193905240506911e-01,2.000000000000000000e+01,7.383156287254286076e-02,-3.581581427697940967e+01,6.267053915093800498e+00,-4.903713087178978469e+01,6.264487969659162658e+00,-6.011145722770234556e+01,6.285345965921367295e+00,6.300000000000000000e+01,4.184681583488743399e+02,6.055066829859201505e+01,3.532500000000000000e+06,2.483799999999999897e-01,-7.707129260001100874e+02,1.000000000000000000e+00
2.448634623272058844e-03,4.519481450673396711e-03,6.151015721848319684e-01,-2.353916524645729147e-01,2.000000000000000000e+01,7.492299494975507290e-02,-3.801688634981797321e+01,5.869781234229651368e+00,-4.656641482203314553e+01,6.147888389101375139e+00,-6.133038537806487511e+01,7.283245250858074726e+00,6.400000000000000000e+01,3.350075705000975290e+02,6.147292429856370433e+01,3.537200000000000000e+06,1.615499999999999992e-01,-3.973078109999804610e+02,1.000000000000000000e+00
2.449550642933846778e-03,4.307762118864378979e-03,6.572665682154372746e-01,-3.126905909742485612e-01,2.000000000000000000e+01,7.373836041156980881e-02,-3.596443342378376684e+01,6.181126477272270492e+00,-5.024330064799776352e+01,6.437972399630439213e+00,-6.106824823632275923e+01,6.935548528048601113e+00,6.500000000000000000e+01,3.227007430036508140e+02,6.153512909809436593e+01,3.551700000000000000e+06,2.867899999999999894e-01,-9.969907360001736834e+02,1.000000000000000000e+00
2.298915072282834999e-03,3.849419192152381437e-03,5.662526772338831726e-01,8.182412107410006463e-01,2.000000000000000000e+01,7.141567758133048061e-02,-3.707862291961254897e+01,5.903577591338849295e+00,-4.824492364012135681e+01,6.220154668514914498e+00,-5.964974048683368579e+01,7.327162002156239140e+00,6.600000000000000000e+01,4.646821645587726834e+02,5.990595896991662528e+01,3.558700000000000000e+06,1.659700000000000064e-01,-4.081110000000238074e+02,1.000000000000000000e+00
2.542746564316341728e-03,4.475233818759109458e-03,6.495541241520972342e-01,-1.225637640469278977e-01,2.000000000000000000e+01,7.439069485255571379e-02,-3.587500558441973908e+01,6.195997839671628427e+00,-4.933816127744506730e+01,6.121428872720052539e+00,-6.315537175174886642e+01,6.670279763645089233e+00,6.700000000000000000e+01,3.119711019227997895e+02,6.176658180888815508e+01,3.499200000000000000e+06,2.008900000000000130e-01,-5.543761799999659843e+02,1.000000000000000000e+00
2.598389522686845622e-03,4.211873487605817361e-03,6.491803084966794035e-01,5.327421857495517887e-01,2.000000000000000000e+01,7.493800567880164187e-02,-3.474817685244277499e+01,6.453314263071200152e+00,-4.680296071387731160e+01,6.108337784139841631e+00,-6.331725349300815253e+01,6.628638138368324384e+00,6.800000000000000000e+01,4.620139198628436930e+02,6.008732475987208943e+01,3.549100000000000000e+06,1.539300000000000113e-01,-3.586971999999635727e+02,1.000000000000000000e+00
2.622491716625312708e-03,4.767730089017175113e-03,6.064434930353882480e-01,-1.273717400252578069e-01,2.000000000000000000e+01,7.316610429246689362e-02,-3.926802220308128000e+01,6.650248824987328611e+00,-5.200869711093926639e+01,6.606207348728156958e+00,-6.654083580029177369e+01,6.164076015569997402e+00,6.900000000000000000e+01,3.123997389564210039e+02,6.175046024289298430e+01,3.502300000000000000e+06,2.174000000000000099e-01,-6.100731180000019549e+02,1.000000000000000000e+00
2.665830729657607881e-03,4.393480559422662662e-03,6.502966116349124803e-01,5.445818118703563693e-01,2.000000000000000000e+01,7.407497234566300104e-02,-3.433460103336938118e+01,6.370452113171232611e+00,-4.729967356217402141e+01,6.170383981799318462e+00,-6.196701661390153504e+01,6.614003416831016224e+00,7.000000000000000000e+01,4.812527586938975332e+02,5.984514200579373266e+01,3.559100000000000000e+06,2.487999999999999934e-01,-8.290402429998849811e+02,1.000000000000000000e+00
2.356573961850845327e-03,4.628693474881792440e-03,6.614143405337498116e-01,-3.891869993771609471e-01,2.000000000000000000e+01,7.410601385146013687e-02,-3.838432238857662782e+01,6.228044392264086682e+00,-4.673821624979505884e+01,6.244497274995211455e+00,-6.203937619995170394e+01,6.463577680856047891e+00,7.100000000000000000e+01,3.125324653476764070e+02,6.169202319466958784e+01,3.519100000000000000e+06,2.089100000000000124e-01,-5.497332990000057862e+02,1.000000000000000000e+00
2.620710025952333218e-03,4.496551795555805801e-03,6.075258365981026643e-01,8.736026658485664953e-01,2.000000000000000000e+01,7.426456673859495317e-02,-3.388826043617763872e+01,6.756821075781745733e+00,-4.848183080079758867e+01,5.853026732629738049e+00,-6.245677510477931094e+01,6.666153901247565017e+00,7.200000000000000000e+01,4.886585335685975906e+02,5.970971798010922527e+01,3.560600000000000000e+06,2.442799999999999971e-01,-8.651080340000986553e+02,1.000000000000000000e+00
2.430187825304986563e-03,4.486703863454073737e-03,6.606462591144552920e-01,-9.855886896318727386e-02,2.000000000000000000e+01,7.405435881385380448e-02,-3.652755234486568270e+01,6.201093162721102559e+00,-4.899199059717862781e+01,6.242383684890573825e+00,-6.166283718226121380e+01,6.485318025218202109e+00,7.300000000000000000e+01,3.327418049384408505e+02,6.150130048943352534e+01,3.514900000000000000e+06,2.222000000000000086e-01,-6.379559999998791682e+02,1.000000000000000000e+00
2.800395666465018817e-03,4.169818732493838637e-03,6.436028650071836665e-01,1.253489053506519291e+00,2.000000000000000000e+01,7.403476338561328085e-02,-3.458663216882972335e+01,6.980324057748654276e+00,-4.980532812746018578e+01,5.745530709363105615e+00,-5.750310668968117511e+01,7.062938809450002964e+00,7.400000000000000000e+01,5.563807417539105700e+02,5.883390580838292294e+01,3.638600000000000000e+06,2.792399999999999882e-01,-1.051582911000214835e+03,1.000000000000000000e+00
2.807134739189435981e-03,4.697135867448207734e-03,5.676380002712515527e-01,7.961000394554295090e-01,2.000000000000000000e+01,6.929987198132291082e-02,-3.370673723972323899e+01,7.166547711379690710e+00,-4.599468470099446904e+01,7.040556932845509763e+00,-5.935002934907449657e+01,6.841307097679421467e+00,7.500000000000000000e+01,4.962479527885753328e+02,5.960281435525830318e+01,3.580000000000000000e+06,1.979200000000000126e-01,-5.842919999999808169e+02,1.000000000000000000e+00
2.549094603317795908e-03,4.394244037922079814e-03,6.536012585246606665e-01,7.186960733635648912e-01,2.000000000000000000e+01,7.421160915868216246e-02,-3.361291905686046277e+01,6.319333426497012240e+00,-4.516725721896349910e+01,6.127191394161358495e+00,-6.260302607452447887e+01,6.590152787367447473e+00,7.600000000000000000e+01,5.502470299399590203e+02,5.921214067102014411e+01,3.565500000000000000e+06,2.138599999999999945e-01,-6.183048589999597198e+02,1.000000000000000000e+00
2.485598192950255053e-03,4.527898467552748940e-03,6.375743566258545991e-01,9.971612000004217435e-01,2.000000000000000000e+01,7.454994141996734713e-02,-3.489040959712938417e+01,6.287419270190254039e+00,-4.669965996391353258e+01,5.964367576288461592e+00,-6.126035962075977181e+01,6.725795326692534104e+00,7.700000000000000000e+01,5.150268763888905141e+02,5.958358044767091144e+01,3.551100000000000000e+06,1.777299999999999991e-01,-4.483933369999778620e+02,1.000000000000000000e+00
2.328792116792279075e-03,4.340618617468412418e-03,6.363143110209606990e-01,-5.475582600615661599e-01,2.000000000000000000e+01,7.530157676370069497e-02,-3.648930971173366800e+01,6.515352524591459193e+00,-5.013620055247027096e+01,6.826192876352401129e+00,-6.260312913335536678e+01,6.675659627860572876e+00,7.800000000000000000e+01,2.777518251152158086e+02,6.187308397556068940e+01,3.577200000000000000e+06,1.289599999999999913e-01,-2.527730480000131763e+02,1.000000000000000000e+00
2.738435810572349260e-03,4.643319957681898112e-03,6.060918193414104316e-01,7.239788221949723379e-01,2.000000000000000000e+01,7.440770450239470035e-02,-3.492687023919967260e+01,6.798865924677053307e+00,-4.938501760373455340e+01,5.813990468990631655e+00,-5.737156401155613139e+01,7.054220395702244240e+00,7.900000000000000000e+01,5.395429347653799823e+02,5.925454898778971824e+01,3.628800000000000000e+06,2.315399999999999958e-01,-8.157444460000916706e+02,1.000000000000000000e+00
2.588301118935048759e-03,4.222371494429777439e-03,6.167790188639764581e-01,7.964014699188428636e-01,2.000000000000000000e+01,7.451305719111819825e-02,-3.517762500722287200e+01,5.924845010938907919e+00,-4.566518555789704692e+01,6.045943558367879334e+00,-5.974148117595683516e+01,6.564571738025179570e+00,8.000000000000000000e+01,5.370283195784368218e+02,5.948948363762588798e+01,3.538800000000000000e+06,2.112600000000000033e-01,-6.601150839999570508e+02,1.000000000000000000e+00
2.593370152029186339e-03,4.501172193746082011e-03,6.245540756886152067e-01,1.039929675881600346e+00,2.000000000000000000e+01,7.419448837229861149e-02,-3.387340042705461940e+01,6.405839476234348240e+00,-4.667820285325105800e+01,5.853564059558584276e+00,-6.189033335855255302e+01,6.722444768809927140e+00,8.100000000000000000e+01,5.373551468172714749e+02,5.932661596771517765e+01,3.552400000000000000e+06,2.341100000000000125e-01,-7.767733709998482254e+02,1.000000000000000000e+00
2.519777751537141501e-03,4.338025819550331806e-03,6.433864730799885301e-01,1.158162140258993889e+00,2.000000000000000000e+01,7.432431043552453764e-02,-3.382976098824708799e+01,6.131817744165097395e+00,-4.649935927725173457e+01,6.107657828322568427e+00,-6.267856508828997164e+01,6.425022113839343518e+00,8.200000000000000000e+01,5.228608029934075603e+02,5.952233714772207662e+01,3.523600000000000000e+06,2.054300000000000015e-01,-5.763240000000737382e+02,1.000000000000000000e+00
2.642771857934172412e-03,4.430585191730868934e-03,6.389623122606091776e-01,8.043829848428377671e-01,2.000000000000000000e+01,7.431884746796649233e-02,-3.371404707956607183e+01,6.223812667637721674e+00,-4.618312015971397955e+01,6.103430032946879358e+00,-6.259461794115487976e+01,6.421520494217348940e+00,8.300000000000000000e+01,5.330616758248156657e+02,5.949513041900270593e+01,3.536200000000000000e+06,2.156700000000000006e-01,-6.631287000000592116e+02,1.000000000000000000e+00
2.483474020581880656e-03,4.540909998489189858e-03,6.137256951226192081e-01,1.140304636821128259e+00,2.000000000000000000e+01,7.411006224907476514e-02,-3.419821994311907787e+01,6.157406973710315867e+00,-4.835698669891840495e+01,5.931548089617988850e+00,-5.963209911608342395e+01,6.537316010646602393e+00,8.400000000000000000e+01,5.280162898947203303e+02,5.951935497368329209e+01,3.533800000000000000e+06,2.415100000000000025e-01,-8.090474249998782170e+02,1.000000000000000000e+00
2.429382016703748523e-03,4.625565318654999841e-03,6.639538573882344252e-01,-1.687452578394697533e-01,2.000000000000000000e+01,7.436966011565011858e-02,-3.690769637039471007e+01,6.320555046137696031e+00,-4.878093093779607159e+01,6.325645791843067300e+00,-6.500525942869063556e+01,6.704414142064647919e+00,8.500000000000000000e+01,2.555857565556937629e+02,6.234949849321185411e+01,3.504000000000000000e+06,1.829500000000000015e-01,-4.405414469999888638e+02,1.000000000000000000e+00
2.391286511622654678e-03,4.569685063853261633e-03,6.298292421226757698e-01,-5.094593917784679959e-01,2.000000000000000000e+01,7.460404917583912665e-02,-3.751502726876766047e+01,6.109880584382297641e+00,-5.183915193514854991e+01,5.944518985936918298e+00,-6.007554663292037844e+01,7.178516763923218136e+00,8.600000000000000000e+01,2.366283090198785146e+02,6.257076619130985762e+01,3.509600000000000000e+06,1.794600000000000084e-01,-4.541306000000405447e+02,1.000000000000000000e+00
2.487851718857815413e-03,4.099907732956421108e-03,6.554492423516451449e-01,-8.275505567084212588e-02,2.000000000000000000e+01,7.469976889067667103e-02,-3.695491236165418059e+01,6.375121804740466303e+00,-4.921530825946064880e+01,6.308360915874451358e+00,-6.445771010321621475e+01,6.847591948584296873e+00,8.700000000000000000e+01,2.610129179418939884e+02,6.231058266664137335e+01,3.517100000000000000e+06,1.719499999999999917e-01,-4.069522310000111247e+02,1.000000000000000000e+00
2.473003282869873018e-03,4.501030228057629687e-03,6.634629729782475227e-01,-4.736053850589541647e-01,2.000000000000000000e+01,7.433400353314198461e-02,-3.710064965318984775e+01,6.121697544302756810e+00,-4.894858649749244961e+01,6.218411415962798117e+00,-6.338394849425318966e+01,6.810611604776374506e+00,8.800000000000000000e+01,2.581262464090405047e+02,6.233256628077785422e+01,3.499800000000000000e+06,1.965099999999999902e-01,-5.052318569999717397e+02,1.000000000000000000e+00
2.543530027198606224e-03,4.345953321089471473e-03,6.687743570641343505e-01,-7.750535702009933026e-01,2.000000000000000000e+01,7.449594052123054144e-02,-3.683782970868179518e+01,6.393857887023135511e+00,-5.207115478964610134e+01,6.328868775862198426e+00,-6.030258074898262066e+01,6.620381081902712239e+00,8.900000000000000000e+01,2.549133429006327560e+02,6.243138262521753745e+01,3.531100000000000000e+06,1.852999999999999925e-01,-4.636016000000530539e+02,1.000000000000000000e+00
2.347202716872617747e-03,4.655651198708187291e-03,6.143176043367303274e-01,-2.765776687112114218e-01,2.000000000000000000e+01,8.136815092686632001e-02,-3.480461382583134622e+01,6.580896675879611024e+00,-4.678296421024992924e+01,6.770885322921190941e+00,-5.776678493454005547e+01,6.639189018352309901e+00,9.000000000000000000e+01,2.548890591708140789e+02,6.245250305934956714e+01,3.488700000000000000e+06,2.256199999999999872e-01,-6.656335520000210408e+02,1.000000000000000000e+00
2.366710776294950365e-03,4.564812583498870438e-03,6.366076109604639210e-01,-5.674863230139284287e-01,2.000000000000000000e+01,7.449048372226660386e-02,-3.740261857644836141e+01,6.307226853109778375e+00,-4.950302669155608015e+01,6.250314233324090196e+00,-6.361680123906235451e+01,6.547537520894859853e+00,9.100000000000000000e+01,2.350990416107909198e+02,6.260734837609746251e+01,3.495500000000000000e+06,1.852800000000000002e-01,-4.700073000000353431e+02,1.000000000000000000e+00
3.022725882439774876e-03,3.701067019624830565e-03,6.526550727643022354e-01,-4.398114463976371402e-01,2.000000000000000000e+01,7.897261505182627539e-02,-3.391891766306764566e+01,6.396696981500693546e+00,-4.700670831951306639e+01,6.730768689741640998e+00,-5.810197449368214251e+01,8.218384768477031699e+00,9.200000000000000000e+01,2.415531421125016891e+02,6.250852149918283374e+01,3.528500000000000000e+06,2.479699999999999960e-01,-7.618141219998791485e+02,1.000000000000000000e+00
2.388038341731519697e-03,4.571378115529750770e-03,6.816656571359336336e-01,-6.047218884106579928e-01,2.000000000000000000e+01,7.385681393079304713e-02,-3.877172176254961755e+01,6.196126866789835930e+00,-4.757145718218676933e+01,6.119010313017810176e+00,-6.382856397725335285e+01,6.577299278747939404e+00,9.300000000000000000e+01,2.332660298397355803e+02,6.272652596129185554e+01,3.481700000000000000e+06,2.333099999999999896e-01,-6.527996000000500771e+02,1.000000000000000000e+00
2.414157081541164988e-03,4.895000652390186190e-03,6.742358385109455954e-01,-3.875523914816840221e-01,2.000000000000000000e+01,7.414749366956387144e-02,-3.488846127362990046e+01,5.734139697135106850e+00,-5.006816933732162056e+01,6.016352300908047290e+00,-6.046140943035240412e+01,6.600241517702559513e+00,9.400000000000000000e+01,2.597247927347219729e+02,6.232285129856481376e+01,3.501000000000000000e+06,1.846500000000000086e-01,-4.568567669999800387e+02,1.000000000000000000e+00
2.255859926204932010e-03,4.358717451380120581e-03,6.169978077774448399e-01,-8.060821591692634014e-01,2.000000000000000000e+01,7.407134545739975373e-02,-3.313851700075899487e+01,6.196311061151602573e+00,-4.622571049415034850e+01,6.176283984337688437e+00,-6.706810627030381511e+01,6.915670374689211641e+00,9.500000000000000000e+01,2.637595481166827085e+02,6.221875029593294926e+01,3.537600000000000000e+06,6.228500000000000009e-02,-6.474005499999940128e+01,1.000000000000000000e+00
2.264318391158925969e-03,4.340482912088370650e-03,6.476216144110329420e-01,-5.457139070480414578e-01,2.000000000000000000e+01,7.455000319901898542e-02,-3.640942489241960800e+01,6.332501634552500036e+00,-5.110547845191049277e+01,6.551865607787117796e+00,-6.377552572944848208e+01,6.485133606369515746e+00,9.600000000000000000e+01,2.204898325217864397e+02,6.277899144217348493e+01,3.507000000000000000e+06,1.721000000000000030e-01,-3.883531820000296193e+02,1.000000000000000000e+00
2.507446950033663698e-03,4.366256474218935604e-03,6.653837012737715551e-01,-7.820146930976699107e-01,2.000000000000000000e+01,7.679761758880024325e-02,-3.882964189512192377e+01,6.277668260900008512e+00,-4.940705931816123808e+01,6.271792817636333339e+00,-6.134058448030833688e+01,7.085213872778502342e+00,9.700000000000000000e+01,2.386023709929205836e+02,6.253954164572144236e+01,3.542300000000000000e+06,8.190400000000000458e-02,-1.067986260000007093e+02,1.000000000000000000e+00
2.353566408541467661e-03,3.875347401862595624e-03,7.042128175717548011e-01,-8.863018424884486768e-01,2.000000000000000000e+01,6.604487038931158849e-02,-3.625621565500188126e+01,6.455699769603727489e+00,-4.831503481552109491e+01,6.302976434996522492e+00,-6.411825046183504639e+01,7.329578181401933179e+00,9.800000000000000000e+01,2.659144268390404591e+02,6.194982040001480073e+01,3.568100000000000000e+06,7.160999999999999310e-02,-7.352357899999937274e+01,1.000000000000000000e+00
2.307107025151834689e-03,4.186486274165911875e-03,5.773304185441666680e-01,-5.993333317734901300e-01,2.000000000000000000e+01,7.146985699947877579e-02,-3.824881337982061069e+01,6.340422007259337356e+00,-4.858884191616254355e+01,5.536041336990030537e+00,-5.685364350725041760e+01,7.029803010702711852e+00,9.900000000000000000e+01,2.227431986542822244e+02,6.274222046831152966e+01,3.490500000000000000e+06,1.132399999999999934e-01,-1.924858000000071456e+02,1.000000000000000000e+00
2.417373179394797199e-03,4.347132336306436771e-03,6.346272148951807024e-01,-5.620816626078863898e-01,2.000000000000000000e+01,7.476990663053445507e-02,-3.830702658236232594e+01,5.911355200768631413e+00,-4.973177538395206909e+01,6.183182937664085443e+00,-6.059225395433568195e+01,6.978618740932482467e+00,1.000000000000000000e+02,2.504286263789678628e+02,6.247915496152661774e+01,3.505300000000000000e+06,1.686100000000000099e-01,-4.037212370000393094e+02,1.000000000000000000e+00
2.370617227739685827e-03,4.253044765116818088e-03,6.479665420031091028e-01,-7.544285498415679303e-01,2.000000000000000000e+01,7.611609016897272206e-02,-3.777316951049215277e+01,6.377663480940030993e+00,-5.115641642769099207e+01,6.303735619202592844e+00,-6.335734825335881482e+01,6.972165877782943610e+00,1.010000000000000000e+02,1.849329054878037653e+02,6.328208232730018068e+01,3.513600000000000000e+06,9.689799999999999802e-02,-1.499256010000012509e+02,1.000000000000000000e+00
2.355207702265799553e-03,4.384273855249390568e-03,6.380265125535917736e-01,-7.385069144119291717e-01,2.000000000000000000e+01,7.455817424624736067e-02,-3.702050386712478769e+01,6.556422783473297322e+00,-5.109469322970715410e+01,6.713230710325079009e+00,-6.363518913857173231e+01,6.579654305655072477e+00,1.020000000000000000e+02,2.100652543697808881e+02,6.281054006244666255e+01,3.541200000000000000e+06,1.827699999999999880e-01,-4.538869999999571974e+02,1.000000000000000000e+00
3.082185106825743436e-03,4.933640775948621750e-03,6.775800216385040597e-01,-1.155867557015826774e+00,2.000000000000000000e+01,7.516716346727388143e-02,-4.211616644664242415e+01,7.383928830486601314e+00,-5.656640125046025247e+01,7.573550815469996422e+00,-7.712019895904086297e+01,6.035096046946433646e+00,1.030000000000000000e+02,1.842891867316900800e+02,6.340453522406240694e+01,3.504900000000000000e+06,8.112900000000000666e-02,-1.046068589999979679e+02,1.000000000000000000e+00
2.206386612505421667e-03,4.293170397776850319e-03,6.583012929284154380e-01,-5.955622892181484662e-01,2.000000000000000000e+01,7.423079870229559729e-02,-3.686501498368321705e+01,6.501847010364176782e+00,-5.002673872837959834e+01,6.443697047325793292e+00,-6.525338670043105083e+01,6.534242017272950953e+00,1.040000000000000000e+02,2.074878633444705542e+02,6.282498136440891301e+01,3.506900000000000000e+06,1.972299999999999887e-01,-4.738466519999749949e+02,1.000000000000000000e+00
2.171572092321669058e-03,4.150847479225189957e-03,7.470716516531351603e-01,-8.672654257204307493e-01,2.000000000000000000e+01,7.339711971062112816e-02,-4.333930135488160573e+01,6.246684566394264948e+00,-4.156607765087149886e+01,5.843463469732797400e+00,-7.191804867341002705e+01,6.726754222846963671e+00,1.050000000000000000e+02,1.014122684832194210e+02,6.654202200705327641e+01,3.384900000000000000e+06,2.587999999999999745e-01,-6.497176000000005160e+02,1.000000000000000000e+00
2.530132926119630678e-03,4.324766057160311060e-03,6.446458028388373229e-01,-1.027735115543235267e+00,2.000000000000000000e+01,7.438858069615182644e-02,-4.186850667679681237e+01,6.166333563147388119e+00,-5.468947514185103387e+01,5.791564389169282734e+00,-5.989117872656263586e+01,7.445570674148834556e+00,1.060000000000000000e+02,1.017945268349853052e+02,6.617765328051861218e+01,3.462700000000000000e+06,2.108399999999999996e-01,-6.161368979999565454e+02,1.000000000000000000e+00
2.526883971203598180e-03,4.385915448177478415e-03,6.590761571991985424e-01,-8.951562734515134956e-01,2.000000000000000000e+01,7.654738487991055718e-02,-3.951556851094279921e+01,6.335700568139056799e+00,-5.050334972032724323e+01,6.227863307327909936e+00,-6.144668471221317674e+01,7.108335305188226094e+00,1.070000000000000000e+02,1.903533896115142454e+02,6.327160268143004629e+01,3.528500000000000000e+06,8.746299999999999908e-02,-1.238225099999984451e+02,1.000000000000000000e+00
2.387151113771932096e-03,4.565318608107312402e-03,6.978341846751247024e-01,-9.498882939549100346e-01,2.000000000000000000e+01,7.715606954430553888e-02,-3.909336660628179061e+01,6.259027605977712128e+00,-4.983805035166017205e+01,6.209363496304099783e+00,-6.388908673326133680e+01,7.113345041260303425e+00,1.080000000000000000e+02,1.658300663245645978e+02,6.376710028146352016e+01,3.500200000000000000e+06,7.017500000000000127e-02,-7.184900100000010070e+01,1.000000000000000000e+00
2.526536565575915327e-03,4.602089816256401192e-03,6.845891363569549526e-01,-7.267874035627153173e-01,2.000000000000000000e+01,7.485937972516121253e-02,-3.948723703802694018e+01,6.458826309751829697e+00,-5.160639120506976241e+01,6.044045749103460707e+00,-5.987875918838006584e+01,7.177240925057898124e+00,1.090000000000000000e+02,1.986451130436673225e+02,6.310084116115653075e+01,3.538900000000000000e+06,1.435099999999999987e-01,-2.919515780000226073e+02,1.000000000000000000e+00
2.530622948114846782e-03,4.328289242228089070e-03,6.735229636949248144e-01,-7.775413627086003032e-01,2.000000000000000000e+01,7.432278054722449290e-02,-3.817815980740100201e+01,6.501448179455437959e+00,-5.188008460829026092e+01,6.352540137816770738e+00,-6.128084284459411890e+01,6.801198206430969506e+00,1.100000000000000000e+02,2.046785166832330560e+02,6.301400640972265421e+01,3.533300000000000000e+06,2.028000000000000080e-01,-5.337056420000261596e+02,1.000000000000000000e+00
2.229184204790927645e-03,4.393717142591500348e-03,7.534379568916228509e-01,-6.903573751711856721e-01,2.000000000000000000e+01,7.707004000879963401e-02,-4.170380007195278438e+01,6.432200441625636422e+00,-5.282797593541607029e+01,5.441396671317464850e+00,-6.215603804836019464e+01,7.027562948737012150e+00,1.110000000000000000e+02,1.964996593935966871e+02,6.314707524812921235e+01,3.504900000000000000e+06,1.897199999999999998e-01,-4.514726610000225833e+02,1.000000000000000000e+00
2.213621798315385403e-03,4.279363054749640155e-03,6.485834717575235109e-01,-6.143014220290904381e-01,2.000000000000000000e+01,7.410078629522820481e-02,-3.827455672387022645e+01,6.414513719356172317e+00,-4.991033908276938291e+01,6.772852321388532104e+00,-6.517285380748745638e+01,6.592473377021236480e+00,1.120000000000000000e+02,1.723286685539885639e+02,6.342972293731541811e+01,3.517000000000000000e+06,2.150700000000000112e-01,-5.780016000000774739e+02,1.000000000000000000e+00
2.525739925037943749e-03,4.556586738808158371e-03,6.729337472212482130e-01,-8.600775697852527379e-01,2.000000000000000000e+01,7.463777185824697902e-02,-3.988500961723261895e+01,6.436025845261718281e+00,-5.164998441618994462e+01,5.874943452319680404e+00,-6.063910458193217323e+01,7.207239223478930867e+00,1.130000000000000000e+02,1.665209868088343512e+02,6.368695656724552379e+01,3.513100000000000000e+06,1.626799999999999913e-01,-3.684591999999818768e+02,1.000000000000000000e+00
2.475435777552651394e-03,4.692226005465493371e-03,6.925951834549847197e-01,-8.756052281110811020e-01,2.000000000000000000e+01,7.559881694880639380e-02,-3.734600830168039920e+01,6.507151018095963302e+00,-4.920788888597638788e+01,6.399662102516889384e+00,-6.757052344758923823e+01,6.820893050835350913e+00,1.140000000000000000e+02,1.720622522801313607e+02,6.359542944555142441e+01,3.495100000000000000e+06,1.049500000000000016e-01,-1.642574999999968668e+02,1.000000000000000000e+00
2.526767525765048327e-03,4.404062758720921414e-03,6.623028297612840731e-01,-8.936868430898741167e-01,2.000000000000000000e+01,7.606139186114890816e-02,-3.983449653095431842e+01,6.332374713017232537e+00,-5.056625637871324130e+01,6.210773387592379180e+00,-6.128837622448037337e+01,7.125364194230233039e+00,1.150000000000000000e+02,1.796355705363563970e+02,6.341024709086359223e+01,3.526800000000000000e+06,9.889199999999999380e-02,-1.580211080000033519e+02,1.000000000000000000e+00
2.386821170937005777e-03,4.085499020748436204e-03,6.645529081070696842e-01,-9.563720412562315421e-01,2.000000000000000000e+01,7.413565115010331552e-02,-3.794109727426413059e+01,6.118543648837230897e+00,-5.297453410720369504e+01,6.424507525567651811e+00,-6.162603682937296412e+01,7.422798420282440190e+00,1.160000000000000000e+02,1.607354106967796099e+02,6.380915780320210473e+01,3.524100000000000000e+06,2.251199999999999868e-01,-6.332737529999508297e+02,1.000000000000000000e+00
2.506453512299436012e-03,4.369013119263966474e-03,6.616868646624427530e-01,-7.753708897708024850e-01,2.000000000000000000e+01,7.515552441592093791e-02,-3.871183151142972889e+01,6.283514683281532065e+00,-4.954454180318069945e+01,6.242685257108050223e+00,-6.295347564990329658e+01,7.050329278646433551e+00,1.170000000000000000e+02,2.005849336918424797e+02,6.303991702556054122e+01,3.517200000000000000e+06,1.350399999999999934e-01,-2.751577019999839422e+02,1.000000000000000000e+00
2.417206612518280756e-03,4.315449200558764756e-03,6.547352691763657084e-01,-6.957168842098777617e-01,2.000000000000000000e+01,7.788826514420149616e-02,-3.815068289958725956e+01,6.498020771487599490e+00,-5.082955097878559059e+01,6.365389877982000399e+00,-6.353189812482033716e+01,6.948713650995155255e+00,1.180000000000000000e+02,1.933355245780638825e+02,6.324832390720298037e+01,3.527900000000000000e+06,6.338399999999999590e-02,-6.727344499999867367e+01,1.000000000000000000e+00
2.309116799326657327e-03,4.377251595255362768e-03,6.745265167707347187e-01,-8.841896854366115832e-01,2.000000000000000000e+01,7.398070370371800930e-02,-4.077336460646677807e+01,6.266856793628029720e+00,-4.923261853653292519e+01,6.045195234544181062e+00,-6.732260810240487103e+01,6.880269268810567773e+00,1.190000000000000000e+02,1.055925410370049065e+02,6.609320657583489833e+01,3.424000000000000000e+06,2.212399999999999922e-01,-5.939543390000097816e+02,1.000000000000000000e+00
2.539347763313185187e-03,4.787405744278970705e-03,6.544335681044919362e-01,-8.054130926972170590e-01,2.000000000000000000e+01,7.499035091155099864e-02,-3.581482330034070571e+01,6.059366556674794069e+00,-4.828083243509251332e+01,6.492975780572853850e+00,-6.892570386643988911e+01,6.910344127825635674e+00,1.200000000000000000e+02,1.363729996540937179e+02,6.446250380483657239e+01,3.459000000000000000e+06,1.957599999999999896e-01,-4.874442000000391317e+02,1.000000000000000000e+00
2.409649269677264713e-03,4.422819129959081400e-03,6.595590205258889949e-01,-9.121352068797283774e-01,2.000000000000000000e+01,7.397821388768249795e-02,-4.004777562389429590e+01,6.059880790837262055e+00,-5.162356955601787689e+01,6.152513526404002064e+00,-6.199828005960418409e+01,6.932304618924971962e+00,1.210000000000000000e+02,1.352246364861141501e+02,6.453026624032145264e+01,3.465700000000000000e+06,2.399499999999999966e-01,-7.229970000000705568e+02,1.000000000000000000e+00
2.429586647260273229e-03,4.444907697361137264e-03,6.554021527272997361e-01,-8.763367128453906085e-01,2.000000000000000000e+01,7.549819985530918653e-02,-3.897605998603853550e+01,6.200063353664204691e+00,-5.182689855499603482e+01,6.298350898120388841e+00,-6.286390936872496837e+01,7.167965039251696702e+00,1.220000000000000000e+02,1.399313184467627025e+02,6.421028118178013244e+01,3.497800000000000000e+06,1.177600000000000036e-01,-2.145690000000034559e+02,1.000000000000000000e+00
2.342758343888058561e-03,4.520758454061057571e-03,6.642747760000078383e-01,-7.534907166002196011e-01,2.000000000000000000e+01,7.433540278803540957e-02,-3.856022036993782365e+01,6.061644885260388804e+00,-5.197377393864816497e+01,6.235144354103977271e+00,-6.355626383745607910e+01,6.910716971732101754e+00,1.230000000000000000e+02,1.329547301293340524e+02,6.454239759830113599e+01,3.459900000000000000e+06,1.857800000000000007e-01,-4.417336000000225340e+02,1.000000000000000000e+00
2.753138374210351968e-03,4.573433457271434271e-03,5.780354665152895866e-01,-8.790482066352026669e-01,2.000000000000000000e+01,6.746227395740170274e-02,-3.662396408580992357e+01,5.802171207918513041e+00,-5.221972347809970927e+01,5.271556130621246616e+00,-6.413481066358676230e+01,6.622964716376677607e+00,1.240000000000000000e+02,1.481557386612665539e+02,6.413468074512556427e+01,3.469500000000000000e+06,2.180300000000000016e-01,-5.841900999999560327e+02,1.000000000000000000e+00
2.537493656640890573e-03,4.473144210427364847e-03,6.504900268544159259e-01,-9.481494890600181691e-01,2.000000000000000000e+01,7.446070433796922461e-02,-3.921671293169418959e+01,6.411897898408744467e+00,-5.172284241485519374e+01,6.174021069831905351e+00,-6.531937142612473224e+01,7.002362644910549605e+00,1.250000000000000000e+02,1.136008351907669010e+02,6.521748007885841503e+01,3.466800000000000000e+06,1.975999999999999979e-01,-5.371695839999687223e+02,1.000000000000000000e+00
2.423338902328832888e-03,4.421308605863493585e-03,6.519169732593270705e-01,-7.099759914253378490e-01,2.000000000000000000e+01,7.504849607317633231e-02,-3.932353714720211713e+01,6.195159959333000010e+00,-5.182146189860277730e+01,6.213429737823858545e+00,-6.283748748137655582e+01,7.087462929351350027e+00,1.260000000000000000e+02,1.383724175179278291e+02,6.440026413457242427e+01,3.484800000000000000e+06,1.404799999999999938e-01,-2.914073360000041362e+02,1.000000000000000000e+00
2.540515419500915910e-03,4.597179356943129416e-03,6.693197707310050149e-01,-9.165961621237926904e-01,2.000000000000000000e+01,7.451089581490119573e-02,-3.712086091642046881e+01,6.488221116929718590e+00,-4.984201361601627411e+01,6.358216592998132022e+00,-6.814131203608883425e+01,6.745078618126917114e+00,1.270000000000000000e+02,1.509757298486900936e+02,6.400413356851088054e+01,3.473800000000000000e+06,1.777400000000000091e-01,-4.295983999999636467e+02,1.000000000000000000e+00
2.561718783459753825e-03,4.442789912426792047e-03,6.429885019075655128e-01,-6.892775962922315092e-01,2.000000000000000000e+01,7.450257061559373284e-02,-3.918043046627076365e+01,6.761228771082363309e+00,-5.117077592945032194e+01,6.097388726597263719e+00,-6.422333345271178473e+01,7.091289954192529166e+00,1.280000000000000000e+02,1.495404565978400910e+02,6.410804412091179927e+01,3.516700000000000000e+06,1.994100000000000039e-01,-5.545876000000114345e+02,1.000000000000000000e+00
2.351132394711457664e-03,4.410887451519125528e-03,6.797301883519746291e-01,-8.083281920083580374e-01,2.000000000000000000e+01,7.545003359172219870e-02,-3.988460772570999779e+01,6.178913211824274221e+00,-4.989020112635651572e+01,6.170924424344460313e+00,-6.298395906581238535e+01,7.075993708787247094e+00,1.290000000000000000e+02,1.524978071703778255e+02,6.389532331298128298e+01,3.492500000000000000e+06,1.125099999999999989e-01,-1.827518440000080773e+02,1.000000000000000000e+00
2.289044782847638772e-03,4.393376055850717332e-03,6.552763098600176139e-01,-6.968749035173361639e-01,2.000000000000000000e+01,7.420416589133141394e-02,-3.877666336283635218e+01,6.214949776928559544e+00,-5.043862531228987223e+01,6.457708585631376508e+00,-6.480144315566563762e+01,6.755727364977856197e+00,1.300000000000000000e+02,1.456489598628361648e+02,6.413623824770000681e+01,3.479800000000000000e+06,2.047299999999999953e-01,-5.271566999999865857e+02,1.000000000000000000e+00
2.387255443430959505e-03,4.421904088048546691e-03,6.767577549058207964e-01,-8.312798928666870202e-01,2.000000000000000000e+01,7.389840993678645220e-02,-3.979360519332404067e+01,6.164612583492181663e+00,-5.061749892877799084e+01,6.123964247341996625e+00,-6.653918566443921634e+01,6.868708190937996783e+00,1.310000000000000000e+02,1.069908304113234010e+02,6.587713847790040234e+01,3.425000000000000000e+06,2.358200000000000018e-01,-6.795817469999241212e+02,1.000000000000000000e+00
2.519911774269589528e-03,4.331283934614459617e-03,6.436025810031373862e-01,-1.107569137756381883e+00,2.000000000000000000e+01,6.856344358530970517e-02,-3.675040940766469078e+01,7.029067036395236556e+00,-5.572416728198588487e+01,5.266581707760196629e+00,-6.323133741459946577e+01,7.672708327536397199e+00,1.320000000000000000e+02,1.127666179887816753e+02,6.536673597027123606e+01,3.492900000000000000e+06,1.240900000000000059e-01,-2.548205879999922274e+02,1.000000000000000000e+00
2.510163611455468007e-03,4.462817887022766869e-03,6.370296675198756642e-01,-9.952971528926238820e-01,2.000000000000000000e+01,7.448104830246127239e-02,-3.986623987715987028e+01,6.865840221531605891e+00,-5.212329764019681022e+01,6.137797224013018749e+00,-6.519307482649080043e+01,7.166417004444923577e+00,1.330000000000000000e+02,1.085936903678947516e+02,6.538498100465299956e+01,3.504900000000000000e+06,2.005200000000000038e-01,-5.691866010000326241e+02,1.000000000000000000e+00
2.378510272781015136e-03,4.616190371751260901e-03,6.771886042863957123e-01,-8.324206600201500272e-01,2.000000000000000000e+01,7.474385038434197548e-02,-3.788551882309135976e+01,6.226990914167888747e+00,-5.023939133805227897e+01,6.361881709794539042e+00,-6.595421193327999276e+01,6.850874500668682643e+00,1.340000000000000000e+02,1.501806981649560555e+02,6.406800931409443933e+01,3.473500000000000000e+06,1.466500000000000026e-01,-2.951545999999829064e+02,1.000000000000000000e+00
2.362394423396159144e-03,4.572476969765340744e-03,6.674171016367892451e-01,-7.885074683642507853e-01,2.000000000000000000e+01,7.425451108817214541e-02,-3.846557000242901836e+01,6.115219238687902958e+00,-5.176246757232997453e+01,6.251566191505680159e+00,-6.366029567612585538e+01,6.865078392907681071e+00,1.350000000000000000e+02,1.391958558450891132e+02,6.434097383693871564e+01,3.464400000000000000e+06,1.936100000000000043e-01,-4.782242419999450362e+02,1.000000000000000000e+00
2.511466780902967683e-03,4.469366720633589918e-03,6.557992067956485149e-01,-9.748104954543246325e-01,2.000000000000000000e+01,7.443783725891799097e-02,-3.955278834520503750e+01,6.316011812016291138e+00,-5.183859659931280817e+01,6.197094437356712504e+00,-6.537412320342113503e+01,6.998073420526239374e+00,1.360000000000000000e+02,1.082605014679788411e+02,6.563652362000404139e+01,3.455200000000000000e+06,1.948499999999999954e-01,-5.151734999999331421e+02,1.000000000000000000e+00
2.459204565699333288e-03,4.347061631013792588e-03,6.739269165542769446e-01,-9.172778348002198490e-01,2.000000000000000000e+01,7.404406065308671847e-02,-4.031682532701031363e+01,6.271436369597752858e+00,-4.956702344982100783e+01,6.055722246043018231e+00,-6.713144543655769780e+01,6.873246584022198569e+00,1.370000000000000000e+02,1.073830351687817171e+02,6.584474903892434838e+01,3.428100000000000000e+06,2.287700000000000011e-01,-6.558999340000879101e+02,1.000000000000000000e+00
2.493283029817230934e-03,4.391128650761093669e-03,6.776950705831880084e-01,-9.029132419955270272e-01,2.000000000000000000e+01,7.513275260932059108e-02,-3.945256624625064745e+01,6.224765143486481023e+00,-5.101405082823973203e+01,5.953932385848746733e+00,-6.387851611904090277e+01,6.945424104565685930e+00,1.380000000000000000e+02,1.313079518546898043e+02,6.460820022175806798e+01,3.454400000000000000e+06,1.323100000000000109e-01,-2.547846000000159563e+02,1.000000000000000000e+00
2.331607401230721254e-03,4.381679564510845490e-03,6.844433275266136318e-01,-8.688545086084230595e-01,2.000000000000000000e+01,7.386281668543626111e-02,-3.993936412566905858e+01,6.185998333110202196e+00,-4.880944359381170017e+01,6.059221244248281124e+00,-6.698180192285376222e+01,6.789661642419001275e+00,1.390000000000000000e+02,1.167270455908097802e+02,6.517706852032675613e+01,3.428600000000000000e+06,2.343600000000000128e-01,-6.454170990000828851e+02,1.000000000000000000e+00
2.282351058418120773e-03,4.442848862754607449e-03,6.777381500844975593e-01,-7.517380833853819500e-01,2.000000000000000000e+01,7.379482487433952631e-02,-3.954249240718918657e+01,6.103043128989900978e+00,-5.105043114640552204e+01,6.183739300638326775e+00,-6.483669903378326183e+01,6.848686888745636914e+00,1.400000000000000000e+02,1.173738735677272302e+02,6.515150033830929033e+01,3.442200000000000000e+06,2.407499999999999918e-01,-6.763877639999149096e+02,1.000000000000000000e+00
2.343505735066050630e-03,4.382712709979634524e-03,6.786341363537711224e-01,-7.878715740307609128e-01,2.000000000000000000e+01,7.420992392347663946e-02,-4.007294509335927302e+01,6.143244056686807397e+00,-4.878499203854789812e+01,6.088383813940711597e+00,-6.558267810024857170e+01,6.815221076275630452e+00,1.410000000000000000e+02,1.307768507513698637e+02,6.461340395355547628e+01,3.444800000000000000e+06,1.962599999999999900e-01,-4.723139849999676017e+02,1.000000000000000000e+00
2.303454399311010391e-03,4.325876018750486607e-03,6.528432189440531719e-01,-6.753510682299596057e-01,2.000000000000000000e+01,7.400338636920421320e-02,-3.956395130915595360e+01,6.552013693444367348e+00,-5.301252683007591315e+01,6.226721627559099304e+00,-6.339222778848645845e+01,6.647839298279297537e+00,1.420000000000000000e+02,1.171315518610111468e+02,6.515613803572144036e+01,3.472900000000000000e+06,2.328999999999999959e-01,-6.746283959998655746e+02,1.000000000000000000e+00
2.322758338559222611e-03,4.298046696334766568e-03,6.865533063071360687e-01,-9.236940904155224175e-01,2.000000000000000000e+01,7.486615838422895630e-02,-4.036089423214399119e+01,6.167292633188017348e+00,-4.674888354145342362e+01,6.111719649729439929e+00,-6.759950676101277622e+01,6.768089531371581202e+00,1.430000000000000000e+02,1.293600399407443717e+02,6.464774130515827721e+01,3.438200000000000000e+06,1.391199999999999937e-01,-2.597102819999973349e+02,1.000000000000000000e+00
2.442506630211279100e-03,4.156644787653629089e-03,7.261190265086128193e-01,-7.943378659806938913e-01,2.000000000000000000e+01,7.853306787461782068e-02,-4.148640692658401008e+01,6.230352726239233085e+00,-5.319521872387080208e+01,6.066633119505069338e+00,-6.248450009586338183e+01,6.708242710200884140e+00,1.440000000000000000e+02,1.200385619205756456e+02,6.501777975662812992e+01,3.457100000000000000e+06,2.073899999999999910e-01,-5.250048800000023448e+02,1.000000000000000000e+00
2.505177338688788311e-03,4.184386549774855857e-03,6.927446518753781479e-01,-6.618831062551182587e-01,2.000000000000000000e+01,7.557778113855037616e-02,-3.785542538988134709e+01,6.535753477415269685e+00,-5.190162283402652577e+01,6.117052159560650182e+00,-6.682249282483758179e+01,7.061733763509549178e+00,1.450000000000000000e+02,1.197240045840537874e+02,6.506867785724587350e+01,3.467300000000000000e+06,1.103100000000000053e-01,-1.814454999999906306e+02,1.000000000000000000e+00
2.339200139817118867e-03,4.490243969777801131e-03,6.691429709283578386e-01,-7.889222322791247244e-01,2.000000000000000000e+01,7.418310989151555290e-02,-3.902280515994075927e+01,6.069430446712326344e+00,-5.167371390896978767e+01,6.225776240135962425e+00,-6.465182578409289249e+01,6.890514544383222528e+00,1.460000000000000000e+02,1.194316415664968218e+02,6.513597956121641630e+01,3.444400000000000000e+06,2.024900000000000033e-01,-5.079550050000129318e+02,1.000000000000000000e+00
2.773342089434825686e-03,5.134132799779881663e-03,6.984699773441532811e-01,-9.615091372155073479e-01,2.000000000000000000e+01,7.345411029284282245e-02,-4.157890048634170910e+01,5.270821262777087846e+00,-4.820372876347482105e+01,6.284729076989077790e+00,-7.239473413572461880e+01,6.457083755256880053e+00,1.470000000000000000e+02,1.227030817971451739e+02,6.495946062420182443e+01,3.442000000000000000e+06,1.930499999999999994e-01,-4.855200000000349405e+02,1.000000000000000000e+00
2.403752826064569498e-03,4.503526256722326440e-03,6.650844133825228877e-01,-8.238643121641914258e-01,2.000000000000000000e+01,7.432114424065322522e-02,-3.931037788109521358e+01,6.059897860691585869e+00,-5.123122699813421121e+01,6.178253007827495757e+00,-6.450832065771322732e+01,6.854133260478739942e+00,1.480000000000000000e+02,1.225004396786314516e+02,6.498262078387563179e+01,3.442500000000000000e+06,1.930800000000000016e-01,-4.811185320000620891e+02,1.000000000000000000e+00
2.348857782788171724e-03,4.524748149636872649e-03,6.683944749027987964e-01,-7.850340757847915629e-01,2.000000000000000000e+01,7.419639995005516964e-02,-3.899901461297527305e+01,6.073025214454823129e+00,-5.140378098326094403e+01,6.198070047638166713e+00,-6.472093582903436015e+01,6.893490875663012218e+00,1.490000000000000000e+02,1.221715672169603835e+02,6.498980749956378133e+01,3.444900000000000000e+06,2.002299999999999913e-01,-5.009633999999334719e+02,1.000000000000000000e+00
2.489279023717266056e-03,4.055627742625426448e-03,6.449051975795394576e-01,-9.090866439476908978e-01,2.000000000000000000e+01,8.785805222272262405e-02,-3.809491853457579680e+01,6.740895843906502094e+00,-5.014143527327011896e+01,6.202287454089220553e+00,-5.309254409936788477e+01,7.528520503343487213e+00,1.500000000000000000e+02,1.276253667195040009e+02,6.470919463130493909e+01,3.473400000000000000e+06,1.265900000000000081e-01,-2.501700000000059276e+02,1.000000000000000000e+00
2.405479678790376635e-03,4.453548794812895936e-03,6.604664127885427893e-01,-8.421245263071708287e-01,2.000000000000000000e+01,7.474417706947447670e-02,-3.915882979443563272e+01,6.152349215234681701e+00,-5.131831480645631416e+01,6.217339278615853004e+00,-6.410309136658452189e+01,7.013698739472130406e+00,1.510000000000000000e+02,1.278428207367032314e+02,6.468473578365555454e+01,3.467100000000000000e+06,1.550199999999999911e-01,-3.395874119999870686e+02,1.000000000000000000e+00
2.228839915199570462e-03,4.335565687792151783e-03,6.727913399796069394e-01,-7.341057207338261836e-01,2.000000000000000000e+01,7.386383322947756569e-02,-3.926599150077372968e+01,6.257531002684707744e+00,-4.977421143766302691e+01,6.432025154063225614e+00,-6.647718516890157048e+01,6.756842271940517008e+00,1.520000000000000000e+02,1.230632783835958293e+02,6.474094600240965747e+01,3.463700000000000000e+06,2.326100000000000112e-01,-6.316242999999872154e+02,1.000000000000000000e+00
2.565296115276176955e-03,4.928865177322601203e-03,5.652385946122108207e-01,2.972208019635732779e+00,2.000000000000000000e+01,7.595337974549182247e-02,-2.173991712198927573e+01,6.604028437417705177e+00,-4.375975947082599760e+01,5.581200453662102490e+00,-5.716280635320202919e+01,6.394097313160055585e+00,1.530000000000000000e+02,1.430206701791474416e+03,5.429277708813964409e+01,3.740800000000000000e+06,3.899500000000000188e-01,-2.019424009999515192e+03,1.000000000000000000e+00
2.807864223842277372e-03,5.055063194189035776e-03,6.409831232465142969e-01,2.143113923362590434e+00,2.000000000000000000e+01,5.911231359523743539e-02,-3.546529454354443800e+01,5.101700974872634298e+00,-3.558642024851782537e+01,7.078981887992130240e+00,-6.724842027619868645e+01,5.519544398370616278e+00,1.540000000000000000e+02,1.045159461987399027e+03,5.602133101327937936e+01,3.615300000000000000e+06,3.052799999999999958e-01,-1.360635329999928672e+03,1.000000000000000000e+00
2.430994324230607330e-03,5.948751233364573711e-03,5.773165693901538553e-01,1.941881889091129576e+00,2.000000000000000000e+01,8.072871086600474921e-02,-2.860909293871687353e+01,6.407370903923473193e+00,-4.994958740305274603e+01,4.372748464381075451e+00,-5.785853134321213531e+01,5.699119912167443402e+00,1.550000000000000000e+02,1.032405208570915875e+03,5.603329820573989650e+01,3.608300000000000000e+06,2.747700000000000142e-01,-1.085269761999855973e+03,1.000000000000000000e+00
2.867360122540167471e-03,4.625088749805694385e-03,5.941825095362149867e-01,2.302954911405101779e+00,2.000000000000000000e+01,7.497196438520806194e-02,-2.988915799191821066e+01,6.662725978214410816e+00,-4.470890708688951776e+01,5.816028704412905093e+00,-6.046149182317974180e+01,6.629016990214193328e+00,1.560000000000000000e+02,8.943495110589101387e+02,5.659102658536473740e+01,3.627900000000000000e+06,1.749100000000000099e-01,-5.316392209999557963e+02,1.000000000000000000e+00
2.539347861248848672e-03,4.611786128517568646e-03,6.174419964980542019e-01,2.219573555128294906e+00,2.000000000000000000e+01,7.425528823777483023e-02,-3.077534105197271685e+01,6.366805667823191683e+00,-4.383308096351020566e+01,5.712481768787615266e+00,-5.938007758595401242e+01,6.283953785902368416e+00,1.570000000000000000e+02,8.667933554409924000e+02,5.687487539323311125e+01,3.583100000000000000e+06,2.106999999999999984e-01,-6.449034599999511101e+02,1.000000000000000000e+00
2.759523252446143254e-03,4.191869229505389496e-03,6.294173811734489199e-01,2.112453965826301072e+00,2.000000000000000000e+01,7.427406366959304895e-02,-2.939533671249199642e+01,6.480034068060575692e+00,-4.098345785273919262e+01,5.885766156320306308e+00,-6.117921056074034425e+01,5.920076782944867055e+00,1.580000000000000000e+02,9.191078703500509164e+02,5.634121196561955713e+01,3.599700000000000000e+06,2.350099999999999967e-01,-8.057360000001089020e+02,1.000000000000000000e+00
2.962047911155789477e-03,4.185334323387843170e-03,5.927256231739309600e-01,1.989958666856912473e+00,2.000000000000000000e+01,7.816053390596980344e-02,-3.257082753929618235e+01,6.620508492120220190e+00,-3.998745692098668769e+01,6.416201855825063305e+00,-6.215167973362735410e+01,5.642537923467699557e+00,1.590000000000000000e+02,9.447413101210601099e+02,5.627496844624459271e+01,3.617200000000000000e+06,2.041000000000000036e-01,-6.348955999999863025e+02,1.000000000000000000e+00
2.494629974142515728e-03,4.328237124949960504e-03,6.729606607184939193e-01,9.255978534644504485e-02,2.000000000000000000e+01,7.401767861841329621e-02,-3.678329319451501078e+01,6.152946232639552093e+00,-4.491619586612256398e+01,6.028509189318778105e+00,-6.493087979702883672e+01,6.557668147192959651e+00,1.600000000000000000e+02,3.666104402511144826e+02,6.119716545857970402e+01,3.493200000000000000e+06,2.282399999999999984e-01,-6.602628129999317252e+02,1.000000000000000000e+00
2.482959337167427519e-03,4.464935459685360694e-03,6.485525295280483160e-01,-4.498590169356816437e-01,2.000000000000000000e+01,7.522478276617738935e-02,-3.625858256301309268e+01,6.101723632531000696e+00,-4.996422847862982763e+01,6.291977745743512429e+00,-6.379912815775637114e+01,6.809195049355815321e+00,1.610000000000000000e+02,2.535849322829807022e+02,6.249456825479552435e+01,3.495100000000000000e+06,1.327399999999999969e-01,-2.729655659999894510e+02,1.000000000000000000e+00
2.365293411199996879e-03,4.944171523355838510e-03,6.132338749886380169e-01,-3.842077469749510255e-01,2.000000000000000000e+01,7.441736391158447483e-02,-3.535177347828437178e+01,6.384076584021690870e+00,-5.333416172004066169e+01,5.690481676785799081e+00,-5.967045981418207390e+01,7.315939526594493536e+00,1.620000000000000000e+02,2.520865334284242749e+02,6.249895879155646128e+01,3.492300000000000000e+06,1.863299999999999956e-01,-4.687932100000545574e+02,1.000000000000000000e+00
2.353566408541467661e-03,3.875347401862595624e-03,7.042128175717548011e-01,-8.863018424884486768e-01,2.000000000000000000e+01,6.604487038931158849e-02,-3.625621565500188126e+01,6.455699769603727489e+00,-4.831503481552109491e+01,6.302976434996522492e+00,-6.411825046183504639e+01,7.329578181401933179e+00,1.630000000000000000e+02,2.357178411292582609e+02,6.270619287938649933e+01,3.500900000000000000e+06,8.790100000000000691e-02,-1.122765000000011355e+02,1.000000000000000000e+00
2.500904936217769950e-03,4.303451263043949274e-03,6.769672068725640646e-01,-7.916781298239237152e-01,2.000000000000000000e+01,7.439588203534139299e-02,-3.737010660186564337e+01,6.432782975963112548e+00,-5.131393311169826177e+01,6.173923175369849581e+00,-6.111616690440425970e+01,6.657688849642370954e+00,1.640000000000000000e+02,2.412664010608922922e+02,6.255488966920110272e+01,3.519600000000000000e+06,1.896200000000000108e-01,-4.686059070000157476e+02,1.000000000000000000e+00
2.486514018433185966e-03,4.425563777875235125e-03,6.528703986794350822e-01,-5.254246677666671861e-01,2.000000000000000000e+01,7.489815161717794378e-02,-3.665170196323738594e+01,6.166258016688271226e+00,-4.940359539545833911e+01,6.242924990444622679e+00,-6.475446189285584353e+01,6.823706893591428013e+00,1.650000000000000000e+02,2.353850765738816619e+02,6.271308937404744910e+01,3.488900000000000000e+06,1.511200000000000043e-01,-3.338383000000247876e+02,1.000000000000000000e+00
2.486193277377436381e-03,4.419054487315133076e-03,6.521161575748165573e-01,-5.238432053598138793e-01,2.000000000000000000e+01,7.465688889180482901e-02,-3.663823372235938791e+01,6.188631395893128939e+00,-4.937788628466405783e+01,6.256075881085310542e+00,-6.430493740336019926e+01,6.823011041531177767e+00,1.660000000000000000e+02,2.438841948507780728e+02,6.252796740165169354e+01,3.497200000000000000e+06,1.714100000000000068e-01,-4.098601819999801137e+02,1.000000000000000000e+00
2.603605129486050510e-03,4.604640178277960225e-03,5.916656384530725177e-01,2.603439831913249680e+00,2.000000000000000000e+01,7.376472776967968326e-02,-2.984061680893649537e+01,6.318223171954759465e+00,-4.288119157778825752e+01,5.598652959838792853e+00,-5.625806673476598974e+01,6.082428804365584085e+00,1.670000000000000000e+02,1.014701255405352867e+03,5.610911818867042200e+01,3.601100000000000000e+06,3.080999999999999850e-01,-1.325088799999573666e+03,1.000000000000000000e+00
2.603605129486050510e-03,4.604640178277960225e-03,5.916656384530725177e-01,2.603439831913249680e+00,2.000000000000000000e+01,7.376472776967968326e-02,-2.984061680893649537e+01,6.318223171954759465e+00,-4.288119157778825752e+01,5.598652959838792853e+00,-5.625806673476598974e+01,6.082428804365584085e+00,1.680000000000000000e+02,1.014701255405352867e+03,5.610911818867042200e+01,3.601100000000000000e+06,3.080999999999999850e-01,-1.325088799999573666e+03,1.000000000000000000e+00
2.603605129486050510e-03,4.604640178277960225e-03,5.916656384530725177e-01,2.603439831913249680e+00,2.000000000000000000e+01,7.376472776967968326e-02,-2.984061680893649537e+01,6.318223171954759465e+00,-4.288119157778825752e+01,5.598652959838792853e+00,-5.625806673476598974e+01,6.082428804365584085e+00,1.690000000000000000e+02,1.014701255405352867e+03,5.610911818867042200e+01,3.601100000000000000e+06,3.080999999999999850e-01,-1.325088799999573666e+03,1.000000000000000000e+00
2.439537246073470063e-03,4.594117975057172149e-03,6.131260265407938448e-01,2.682954498184728198e+00,2.000000000000000000e+01,7.344425501351024843e-02,-2.437126878397585372e+01,5.377874195032528171e+00,-3.498841719548817508e+01,6.075162647312297715e+00,-6.119286219360329682e+01,5.709756614914487827e+00,1.700000000000000000e+02,1.014701255405352867e+03,5.610911818867042200e+01,3.601100000000000000e+06,3.080999999999999850e-01,-1.325088799999573666e+03,1.000000000000000000e+00
2.768787438869146737e-03,4.912631771960703463e-03,6.398967702835600679e-01,2.575127854255509607e+00,2.000000000000000000e+01,8.034462927886698580e-02,-2.922820776580583768e+01,6.442798646105341476e+00,-4.051641348522779396e+01,5.219940676463030726e+00,-5.304344865995723524e+01,6.653165726833817573e+00,1.710000000000000000e+02,1.014701255405352867e+03,5.610911818867042200e+01,3.601100000000000000e+06,3.080999999999999850e-01,-1.325088799999573666e+03,1.000000000000000000e+00
2.603605129486050510e-03,4.604640178277960225e-03,5.916656384530725177e-01,2.603439831913249680e+00,2.000000000000000000e+01,7.376472776967968326e-02,-2.984061680893649537e+01,6.318223171954759465e+00,-4.288119157778825752e+01,5.598652959838792853e+00,-5.625806673476598974e+01,6.082428804365584085e+00,1.720000000000000000e+02,1.014701255405352867e+03,5.610911818867042200e+01,3.601100000000000000e+06,3.080999999999999850e-01,-1.325088799999573666e+03,1.000000000000000000e+00
2.791122480530492615e-03,4.911745969760845758e-03,5.333824437611076608e-01,2.359154280515073587e+00,2.000000000000000000e+01,6.899931269311937454e-02,-3.169675393050433243e+01,5.787172621299341735e+00,-4.680794398664635736e+01,5.770926265887235118e+00,-5.997147713275889203e+01,6.081707740698615972e+00,1.730000000000000000e+02,1.014701255405352867e+03,5.610911818867042200e+01,3.601100000000000000e+06,3.080999999999999850e-01,-1.325088799999573666e+03,1.000000000000000000e+00
2.575079214154345382e-03,4.264398820712842278e-03,6.674173652116293098e-01,3.599382055532451830e-03,2.000000000000000000e+01,7.430433294918950549e-02,-3.556664129457999479e+01,6.472090308764097522e+00,-4.909724506932974464e+01,6.319766233456022064e+00,-6.085022428306584885e+01,6.405117285944787575e+00,1.740000000000000000e+02,3.944602347877409443e+02,6.078302226850952650e+01,3.556200000000000000e+06,2.093500000000000083e-01,-5.726777759999920363e+02,1.000000000000000000e+00
2.491011405898746478e-03,4.568866963965403580e-03,6.396042192067427079e-01,-2.977154635056252774e-01,2.000000000000000000e+01,7.439777906700592580e-02,-3.724080076988403221e+01,6.125981489719750428e+00,-4.827135910143486797e+01,6.130465895228752515e+00,-6.176425743184906736e+01,6.499510414153666815e+00,1.750000000000000000e+02,3.203443775296029798e+02,6.173129336557548186e+01,3.500800000000000000e+06,2.003999999999999948e-01,-5.556568359999456561e+02,1.000000000000000000e+00
2.762380575053130592e-03,4.174244094746515886e-03,6.295970026980819423e-01,2.124201805678434862e+00,2.000000000000000000e+01,7.437419568890077382e-02,-2.897541290061685260e+01,6.238550475221035896e+00,-3.949776980468570287e+01,5.938883714851030504e+00,-6.124232921262809271e+01,5.931899364553186338e+00,1.760000000000000000e+02,9.630837905162585457e+02,5.625678799430847477e+01,3.594100000000000000e+06,2.237599999999999867e-01,-7.349708609999230475e+02,1.000000000000000000e+00
2.531565208406898887e-03,4.385471135979366816e-03,6.654595313481528329e-01,-6.450520284772033319e-01,2.000000000000000000e+01,7.455180665315672139e-02,-3.665397546224362202e+01,6.515519069423567622e+00,-5.137402617006625860e+01,6.313496858273417445e+00,-5.980313872992427093e+01,6.529494367760019458e+00,1.770000000000000000e+02,2.967443637003979688e+02,6.192904485436167050e+01,3.549600000000000000e+06,1.797999999999999876e-01,-4.369387999999798353e+02,1.000000000000000000e+00
2.472019332747277427e-03,4.532178880333224275e-03,6.588153490543841029e-01,-5.431170319081576325e-01,2.000000000000000000e+01,7.450339283925616618e-02,-3.754294371236322547e+01,6.147110157375862194e+00,-4.986547834563162951e+01,6.148770017152093814e+00,-6.293252999159795991e+01,6.713988011947462198e+00,1.780000000000000000e+02,2.322561042635910269e+02,6.275201560555392177e+01,3.485600000000000000e+06,1.801300000000000123e-01,-4.379560000000316791e+02,1.000000000000000000e+00
2.489747958643194828e-03,4.379682805505007506e-03,6.564340267262032125e-01,-5.994088561907995327e-01,2.000000000000000000e+01,7.433025774280536957e-02,-3.703135312258368117e+01,6.253165780050398581e+00,-4.881725320149256220e+01,6.207023125786421680e+00,-6.526027113845965744e+01,6.837522885766789571e+00,1.790000000000000000e+02,2.286831536312123205e+02,6.276489325311100487e+01,3.491000000000000000e+06,2.039900000000000047e-01,-5.593370000000344362e+02,1.000000000000000000e+00
2.174747523909051003e-03,4.206007295043549810e-03,6.189603767581095539e-01,-4.321195677501463162e-01,2.000000000000000000e+01,7.478023105697177708e-02,-3.463931521900470045e+01,6.799572709547597960e+00,-5.038805900666356763e+01,7.085940780395395322e+00,-6.272877669797424716e+01,6.247708803576639269e+00,1.800000000000000000e+02,2.579530678958257681e+02,6.241435191704002250e+01,3.488100000000000000e+06,1.403999999999999970e-01,-2.994212000000154603e+02,1.000000000000000000e+00
2.416096611106938880e-03,4.298200550036375238e-03,6.386673548363194231e-01,-6.391750170185942492e-01,2.000000000000000000e+01,7.484629416127619450e-02,-3.836759862944215627e+01,5.874260164391792216e+00,-4.932572182621370871e+01,6.180172608278820867e+00,-6.052617315634783068e+01,7.001986774416389281e+00,1.810000000000000000e+02,2.573327213606473265e+02,6.241980130552578032e+01,3.507200000000000000e+06,1.603499999999999925e-01,-3.665056829999886077e+02,1.000000000000000000e+00
2.326730319642194168e-03,4.440799123114497378e-03,6.894463535027516299e-01,-7.002184475938160180e-01,2.000000000000000000e+01,7.236577379001639387e-02,-4.456231674984155688e+01,6.674204472343753025e+00,-5.842583498644785323e+01,5.712197711225330821e+00,-5.377353402851432662e+01,6.288225658942028673e+00,1.820000000000000000e+02,2.580985526051106262e+02,6.241071903866237847e+01,3.519300000000000000e+06,3.005300000000000193e-01,-9.696235229999980447e+02,1.000000000000000000e+00
2.588077338298321040e-03,4.297767956937768689e-03,6.527509682304457606e-01,-4.830293069659610805e-01,2.000000000000000000e+01,7.466944417510323895e-02,-3.677583084460978569e+01,6.466801273908615144e+00,-4.875547552698778020e+01,6.048151944839801786e+00,-6.513902728959659783e+01,6.814020827873613406e+00,1.830000000000000000e+02,2.563849033354044877e+02,6.242800433024311246e+01,3.501500000000000000e+06,1.801300000000000123e-01,-4.579915030000271372e+02,1.000000000000000000e+00
2.468922901729972939e-03,4.474748405970852168e-03,6.381107519442934528e-01,1.560834576796052087e+00,2.000000000000000000e+01,7.390933898327130269e-02,-3.123409241821654092e+01,5.672164203836809193e+00,-4.086657563617691835e+01,6.135576374110124576e+00,-6.340651080217603663e+01,6.252247361978853668e+00,1.840000000000000000e+02,7.541613222262857334e+02,5.787224292880488008e+01,3.526100000000000000e+06,2.480600000000000027e-01,-8.026718999999047810e+02,1.000000000000000000e+00
2.316407865784398962e-03,4.673631746227404661e-03,6.988679643141135767e-01,-8.640687150321135768e-01,2.000000000000000000e+01,7.619427156836271198e-02,-3.810054298063892020e+01,6.143274152354903705e+00,-4.847632985150738705e+01,6.241790941367938217e+00,-6.469580748069182619e+01,6.815396696905727580e+00,1.850000000000000000e+02,2.037334521623839407e+02,6.308599241841519500e+01,3.486500000000000000e+06,8.743299999999999683e-02,-1.056868000000037426e+02,1.000000000000000000e+00
2.378761763045165317e-03,4.352534735988837500e-03,6.492149866208576370e-01,-7.655990729633369574e-01,2.000000000000000000e+01,7.691038621289544852e-02,-3.710771450005110950e+01,6.308958231561920371e+00,-5.117436645461518196e+01,6.272183159961484122e+00,-6.347777451153381634e+01,6.951540725651920383e+00,1.860000000000000000e+02,1.994078030139823454e+02,6.311310066234094762e+01,3.507300000000000000e+06,7.976300000000000057e-02,-1.015833000000015574e+02,1.000000000000000000e+00
2.494298651369231817e-03,4.681845315323791834e-03,6.771832245886448831e-01,-7.702194100101364960e-01,2.000000000000000000e+01,7.475257771923002337e-02,-3.658338299300821461e+01,6.464200156137268394e+00,-4.939766842945023484e+01,6.345455370748018353e+00,-6.693990849587450498e+01,6.702245775395359928e+00,1.870000000000000000e+02,2.005450024696810942e+02,6.310735587828558124e+01,3.492400000000000000e+06,1.491500000000000048e-01,-3.156560010000016518e+02,1.000000000000000000e+00
2.464506056463948089e-03,4.467277239387511083e-03,6.593724827617148954e-01,-7.397675201293896219e-01,2.000000000000000000e+01,7.432903810834193270e-02,-3.805169866250447797e+01,6.173261818411566182e+00,-5.020697934098456017e+01,6.191145015717365752e+00,-6.500494444639564051e+01,6.827362047608955820e+00,1.880000000000000000e+02,1.642359941796599969e+02,6.387586718715499501e+01,3.464800000000000000e+06,2.010099999999999942e-01,-5.297306489999083396e+02,1.000000000000000000e+00
2.404298545107662159e-03,4.377079103735487947e-03,6.911178454854840503e-01,-5.863266581817960788e-01,2.000000000000000000e+01,7.436977306443613711e-02,-3.980379276199895600e+01,6.127614986981737566e+00,-4.725907485147958909e+01,6.193625204018808006e+00,-6.605443808326718624e+01,6.815220777750050196e+00,1.890000000000000000e+02,1.643036180296496696e+02,6.386504851679943329e+01,3.461400000000000000e+06,1.752299999999999969e-01,-3.831960060000334352e+02,1.000000000000000000e+00
2.446864381107398227e-03,4.464497873634869739e-03,6.650472943594198938e-01,-7.443031400061232983e-01,2.000000000000000000e+01,7.497968485661807292e-02,-3.834948050919622631e+01,6.150589596972174888e+00,-5.078851578117954091e+01,6.210319541895112039e+00,-6.365537512136667431e+01,6.890003124543056856e+00,1.900000000000000000e+02,1.665147541683990369e+02,6.378678193483323611e+01,3.477000000000000000e+06,1.408500000000000030e-01,-2.871974070000101165e+02,1.000000000000000000e+00
2.465897212404018733e-03,4.344930839972531086e-03,5.894967327294186044e-01,2.522708226483904248e+00,2.000000000000000000e+01,7.353440705198505123e-02,-2.867621076655745682e+01,6.092001831502512843e+00,-4.060212008806269068e+01,5.548703046747252898e+00,-5.555925705736019893e+01,5.730534240704196591e+00,1.910000000000000000e+02,1.098431517255548442e+03,5.596083549881587516e+01,3.582500000000000000e+06,3.474599999999999911e-01,-1.548894600000128094e+03,1.000000000000000000e+00
2.601982516151552134e-03,4.438431645726599421e-03,6.532583873190357382e-01,3.928789506357909245e-01,2.000000000000000000e+01,7.444567159632578535e-02,-3.438036320739522012e+01,6.190160427877568594e+00,-4.694145387962841198e+01,6.101659099010094067e+00,-6.337422197134857527e+01,6.494595465043498272e+00,1.920000000000000000e+02,4.490312973977467550e+02,6.032601439334620608e+01,3.517100000000000000e+06,1.947800000000000087e-01,-5.241275190000070552e+02,1.000000000000000000e+00
2.265997234571113465e-03,4.400438566358810984e-03,6.301372486134885209e-01,-6.562120452558075634e-01,2.000000000000000000e+01,7.824305442418155732e-02,-3.742505999662130023e+01,6.387432962394793634e+00,-5.034237768882621111e+01,6.372081755809778869e+00,-6.096419194430858823e+01,6.970930125740167682e+00,1.930000000000000000e+02,2.762933266798569321e+02,6.205943775859013556e+01,3.560700000000000000e+06,5.916600000000000331e-02,-5.959553699999985099e+01,1.000000000000000000e+00
2.597684658191529768e-03,4.428213724951416894e-03,6.509596613384860397e-01,6.908795115963881628e-01,2.000000000000000000e+01,7.441532686562123133e-02,-3.373492495627970555e+01,6.066753003220782148e+00,-4.547897768707858290e+01,6.194784816535420902e+00,-6.254848888338649715e+01,6.512802606072442657e+00,1.940000000000000000e+02,5.360135372248637395e+02,5.951074869006903612e+01,3.540100000000000000e+06,1.981799999999999951e-01,-5.396045999999677178e+02,1.000000000000000000e+00
2.433109732135830400e-03,4.629446852532333526e-03,6.652324701425025300e-01,-5.153451563680588876e-01,2.000000000000000000e+01,7.441937661980559116e-02,-3.623017878635319278e+01,6.340363276969461559e+00,-4.833237101935918645e+01,6.188698489790429136e+00,-6.517745650898493182e+01,6.713449999593453121e+00,1.950000000000000000e+02,2.715377969551042270e+02,6.214105362044478653e+01,3.503100000000000000e+06,1.794900000000000106e-01,-4.248018000000284928e+02,1.000000000000000000e+00
2.422387449880928321e-03,4.183379898506730914e-03,5.585366850641017011e-01,-4.505692351524382411e-01,2.000000000000000000e+01,7.799138551376813555e-02,-3.838312486851139482e+01,6.476825865014019357e+00,-5.104742173711944986e+01,7.037465597461467937e+00,-7.150817247451172420e+01,6.735803004531848437e+00,1.960000000000000000e+02,2.542208604630824880e+02,6.249512063292188202e+01,3.497800000000000000e+06,6.250600000000000600e-02,-6.838410599999960482e+01,1.000000000000000000e+00
2.395999098774656208e-03,4.347550782036259040e-03,6.570599587776511097e-01,-8.011741642165046695e-01,2.000000000000000000e+01,7.581317580832906688e-02,-3.663281757197150768e+01,6.261469521450289122e+00,-5.104322114076665429e+01,6.264872731084016877e+00,-6.421641446810242826e+01,6.837841924223821977e+00,1.970000000000000000e+02,1.984559759503886767e+02,6.316852283187373729e+01,3.492300000000000000e+06,1.047799999999999981e-01,-1.719536510000035605e+02,1.000000000000000000e+00
2.487663182172088813e-03,4.380758070468493241e-03,6.671863341531498737e-01,-7.804308222383390392e-01,2.000000000000000000e+01,7.445094067179666708e-02,-3.719541734224272034e+01,6.379270615064434047e+00,-5.214090026149212065e+01,6.370153299071995789e+00,-6.252843526091486837e+01,6.621591702797648082e+00,1.980000000000000000e+02,1.967204958644706494e+02,6.321383557099043315e+01,3.503400000000000000e+06,1.867499999999999993e-01,-4.639272020000128691e+02,1.000000000000000000e+00
2.489862856127260902e-03,4.601460326857032684e-03,6.689891960425000672e-01,-9.290098032352667179e-01,2.000000000000000000e+01,7.577910187091545235e-02,-3.693219005036412739e+01,6.243918893555892247e+00,-4.945644845041976367e+01,6.356673513108177076e+00,-6.574359954209526791e+01,6.817300035970927929e+00,1.990000000000000000e+02,1.979666211431249963e+02,6.318130415298286806e+01,3.490200000000000000e+06,1.040699999999999958e-01,-1.708970000000072105e+02,1.000000000000000000e+00
