3.098459829114827598e-03,4.589949316843658367e-03,5.812197453578775708e-01,2.777665609111368283e+00,2.000000000000000000e+01,7.435482881173458014e-02,-2.905868733346783017e+01,4.708709489726488506e+00,-3.672262825518934903e+01,5.561947283647556972e+00,-4.800137967191074040e+01,5.195546205746465418e+00,0.000000000000000000e+00,1.364965742294828715e+03,5.673324845392946258e+01,3.495300000000000000e+06,2.822500000000000009e-01,-1.260203810000009526e+03,1.000000000000000000e+00
3.125178316721541512e-03,4.541821929718938694e-03,5.772202293988891730e-01,2.743481427691063956e+00,2.000000000000000000e+01,7.412485393763115771e-02,-2.820908766206225948e+01,4.691982437746587742e+00,-3.784351190157020284e+01,5.547713956700162541e+00,-4.817646505137684443e+01,5.192170791913497396e+00,1.000000000000000000e+00,1.362982981947471899e+03,5.679709097964257580e+01,3.486800000000000000e+06,3.310299999999999909e-01,-1.669949270000490969e+03,1.000000000000000000e+00
3.023760790214109762e-03,4.746802249642833801e-03,5.916152661812908997e-01,2.859452938222510454e+00,2.000000000000000000e+01,7.483823693237987018e-02,-2.994473934021351624e+01,4.738994858460840121e+00,-3.455812344911095835e+01,5.652077414824052681e+00,-5.227761702775861608e+01,5.422825107007523293e+00,2.000000000000000000e+00,1.392873127984152461e+03,5.648362522601404123e+01,3.498300000000000000e+06,1.935999999999999943e-01,-6.422976000000235217e+02,1.000000000000000000e+00
3.178148159097490388e-03,4.795863549364922512e-03,6.007882582216652612e-01,2.850654246903316480e+00,2.000000000000000000e+01,7.445831597251947875e-02,-2.637286313206801580e+01,5.455552582156471431e+00,-3.590967910581584732e+01,5.637588181604764159e+00,-5.353143808052902841e+01,5.375462581591613720e+00,3.000000000000000000e+00,1.431663671284069096e+03,5.584158844097076724e+01,3.563400000000000000e+06,2.406200000000000006e-01,-9.495565199999753077e+02,1.000000000000000000e+00
3.142936807297885479e-03,5.146326976698285295e-03,4.879974808188283775e-01,2.868567965323215674e+00,2.000000000000000000e+01,7.526763835077249221e-02,-2.834355407667408144e+01,5.015060282777723089e+00,-3.622627780627146876e+01,5.507175040887735129e+00,-5.181891806315766047e+01,5.372212518384500868e+00,4.000000000000000000e+00,1.431257517512269942e+03,5.632434803468380125e+01,3.509000000000000000e+06,2.316600000000000048e-01,-1.133506630000030327e+03,1.000000000000000000e+00
3.222192781935565367e-03,4.646825251442001162e-03,5.550324976277354327e-01,2.535289124923090665e+00,2.000000000000000000e+01,7.423709648792803373e-02,-2.943950924119750567e+01,4.983817872575414754e+00,-3.943382785569005478e+01,5.369382262138330475e+00,-4.626358867880340853e+01,4.889981556689837916e+00,5.000000000000000000e+00,1.342428554490694523e+03,5.715908127013297246e+01,3.474800000000000000e+06,3.450900000000000079e-01,-1.899261599999668988e+03,1.000000000000000000e+00
3.222592176597753599e-03,4.472025365894096403e-03,5.546943398278858517e-01,2.549631196172461145e+00,2.000000000000000000e+01,7.456114739623960486e-02,-2.949958637380562010e+01,4.876510106446330539e+00,-3.963345489329712734e+01,5.375065774713771560e+00,-4.643371468295797655e+01,4.963873193152856800e+00,6.000000000000000000e+00,1.289044142552369976e+03,5.717305218605211792e+01,3.467100000000000000e+06,2.984399999999999831e-01,-1.522175670000265200e+03,1.000000000000000000e+00
3.181535064092614121e-03,4.522798249595043167e-03,5.913076551856111251e-01,2.418139192923751235e+00,2.000000000000000000e+01,7.390547164526486967e-02,-3.220435259005376594e+01,4.879687809351857197e+00,-3.749942573765515164e+01,5.235137266279464185e+00,-4.906320553240942672e+01,5.213340025613005579e+00,7.000000000000000000e+00,1.234370767861208378e+03,5.726122009662861245e+01,3.455600000000000000e+06,3.653500000000000081e-01,-1.945854150000671552e+03,1.000000000000000000e+00
3.455743272541419824e-03,4.544474806816464069e-03,5.319474811859293828e-01,2.298590705339933038e+00,2.000000000000000000e+01,7.520722791891076842e-02,-3.625221477983219387e+01,5.004100349013798521e+00,-3.526501962819646252e+01,5.289205437417164646e+00,-4.729979892610082715e+01,5.410881449846847602e+00,8.000000000000000000e+00,1.173116042003729717e+03,5.757364058931402440e+01,3.493700000000000000e+06,2.542499999999999760e-01,-1.265702400000209082e+03,1.000000000000000000e+00
3.128522067169033690e-03,4.694646948023059596e-03,5.675988247636190032e-01,2.420514168154858758e+00,2.000000000000000000e+01,7.421208421801533950e-02,-3.139735754828646463e+01,5.105612351083565592e+00,-4.233416066668955580e+01,5.675787754581538280e+00,-4.851372927063529517e+01,4.689224467908793770e+00,9.000000000000000000e+00,1.145152589631873752e+03,5.767475679368653374e+01,3.451600000000000000e+06,3.194100000000000272e-01,-1.643976600000076132e+03,1.000000000000000000e+00
2.971452226877398239e-03,4.535858871118056412e-03,5.747061360501405369e-01,2.153193012468343159e+00,2.000000000000000000e+01,7.457565306338180544e-02,-3.415058898007693244e+01,4.694876119587345187e+00,-3.810458259137267589e+01,5.238833250334029579e+00,-4.726062283306052336e+01,5.159026244997477306e+00,1.000000000000000000e+01,1.130956066802414398e+03,5.783602489671881841e+01,3.434300000000000000e+06,2.503299999999999970e-01,-1.025684781000127487e+03,1.000000000000000000e+00
3.436471358588272761e-03,4.699073422301380289e-03,5.314893462931356005e-01,2.083582865692694686e+00,2.000000000000000000e+01,7.523842831808356946e-02,-3.315464463832653053e+01,5.010837687253184569e+00,-3.817484594439011403e+01,5.378684506894382267e+00,-4.723005476222046894e+01,5.279046042704630182e+00,1.100000000000000000e+01,1.193213628584617481e+03,5.751284198963232797e+01,3.491700000000000000e+06,2.451800000000000090e-01,-1.181147889999830795e+03,1.000000000000000000e+00
3.152859585479846939e-03,4.678211789463484864e-03,5.678851933447928158e-01,2.404313105031214093e+00,2.000000000000000000e+01,7.457712314364267625e-02,-3.143059478535778339e+01,5.153630625673065957e+00,-4.383508493758252200e+01,5.481159470261497191e+00,-5.081684385200382792e+01,4.707205781022308244e+00,1.200000000000000000e+01,1.047304323334577703e+03,5.801061126600611573e+01,3.413100000000000000e+06,2.634699999999999820e-01,-1.200031799999929717e+03,1.000000000000000000e+00
2.915050304358142615e-03,4.465183344734169335e-03,6.176297132883028507e-01,1.609328494082740146e+00,2.000000000000000000e+01,7.903020926363767129e-02,-3.299257334749086823e+01,4.708666182093772079e+00,-4.259781462427804399e+01,5.927724544637759330e+00,-5.352060808492851152e+01,5.302710548352944642e+00,1.300000000000000000e+01,1.036305149292103806e+03,5.854516869794665723e+01,3.433900000000000000e+06,5.443900000000000128e-02,-6.442172099999989143e+01,1.000000000000000000e+00
3.207142262547715839e-03,4.519572749125225740e-03,5.733800892511670133e-01,1.892589297742213184e+00,2.000000000000000000e+01,7.451386451823147072e-02,-3.426448811545830608e+01,4.701507552553838565e+00,-4.230509492914663383e+01,5.424692456700300980e+00,-4.757537564180225331e+01,4.916586108644579234e+00,1.400000000000000000e+01,1.015897726529523879e+03,5.856580407328605986e+01,3.401200000000000000e+06,2.898000000000000020e-01,-1.398572700000257328e+03,1.000000000000000000e+00
3.134080601061075937e-03,4.732723362650491546e-03,5.950195292663195135e-01,1.182409490976862543e+00,2.000000000000000000e+01,7.460760382001881130e-02,-3.332815930393743287e+01,4.843240604353467482e+00,-4.732250279188302500e+01,5.635756001321023945e+00,-4.674015156711155328e+01,5.147352988076614011e+00,1.500000000000000000e+01,8.647905644213026335e+02,5.962521673702850222e+01,3.423000000000000000e+06,2.429300000000000070e-01,-9.831671699998375971e+02,1.000000000000000000e+00
3.068539473091046275e-03,5.169362581462695096e-03,5.730202442670445651e-01,1.068964404650657452e+00,2.000000000000000000e+01,7.433585296691888611e-02,-3.617788265343555310e+01,5.065944988694447204e+00,-4.326864854526940007e+01,5.814111805623332074e+00,-4.855717736504875148e+01,5.479229160936216481e+00,1.600000000000000000e+01,8.776078939619928860e+02,5.919336083689725569e+01,3.487000000000000000e+06,2.826299999999999923e-01,-1.311690599999725919e+03,1.000000000000000000e+00
3.121147478821526162e-03,4.387309895583738940e-03,5.834247654110311654e-01,1.834528487094034155e+00,2.000000000000000000e+01,7.496758906929329447e-02,-3.209280166813778834e+01,4.545049477914327340e+00,-4.272501718885293798e+01,4.887327224572559636e+00,-5.074979463383683509e+01,5.110034699749217424e+00,1.700000000000000000e+01,1.003014781234047973e+03,5.865781414079832246e+01,3.339100000000000000e+06,2.143500000000000127e-01,-8.023833899999981440e+02,1.000000000000000000e+00
2.863318923255084910e-03,4.436634601774085487e-03,5.704962570982828884e-01,1.164992031596309374e+00,2.000000000000000000e+01,7.609381816096835727e-02,-3.366675873381466744e+01,5.097553100715328966e+00,-4.220979918192089997e+01,5.530836532239833403e+00,-5.356025579831304384e+01,4.954137476549835384e+00,1.800000000000000000e+01,9.057223832170031983e+02,5.917629279542766341e+01,3.410800000000000000e+06,1.229999999999999982e-01,-3.090120539999984999e+02,1.000000000000000000e+00
3.024787419831837833e-03,4.958078649999708015e-03,5.685894591028987088e-01,1.342643213676316005e+00,2.000000000000000000e+01,7.496986206000116892e-02,-3.654133439412483142e+01,4.760169210302249709e+00,-4.551731674608502942e+01,5.470910777721300633e+00,-5.049852495849680167e+01,4.665678155523888648e+00,1.900000000000000000e+01,7.887471936676786299e+02,6.026803660243520255e+01,3.335000000000000000e+06,2.014100000000000057e-01,-7.459403399999586100e+02,1.000000000000000000e+00
3.067592883543072968e-03,4.622651461004023341e-03,6.058670565685722043e-01,1.586252206650453633e+00,2.000000000000000000e+01,7.457373752168526548e-02,-3.345981259842199051e+01,5.603421322866445564e+00,-4.328898379155344145e+01,5.229344685481704502e+00,-4.861552467005686395e+01,4.617582019824565620e+00,2.000000000000000000e+01,9.753660045666359792e+02,5.886342993683395264e+01,3.438200000000000000e+06,2.318900000000000128e-01,-8.784992999999203676e+02,1.000000000000000000e+00
3.141797305079426991e-03,4.996390391127928515e-03,5.832439428609967891e-01,1.624162612860080124e+00,2.000000000000000000e+01,7.477854629156893695e-02,-3.238615560153520789e+01,5.052595439239832231e+00,-4.932147568445759589e+01,5.462370914022594448e+00,-5.220373837599372280e+01,4.800478495196861317e+00,2.100000000000000000e+01,8.058929283309406628e+02,5.989474023968728744e+01,3.350800000000000000e+06,2.158899999999999986e-01,-8.342791800001126603e+02,1.000000000000000000e+00
3.278771072546148545e-03,4.467822111829716260e-03,6.020803632103486347e-01,7.059518049864114131e-01,2.000000000000000000e+01,7.509788379321620522e-02,-3.389579485743515619e+01,4.768254909653554918e+00,-4.398751702138844166e+01,5.454831121663583637e+00,-5.441425343763383893e+01,4.913085104045939566e+00,2.200000000000000000e+01,7.852311703502443834e+02,6.029894410986071307e+01,3.348400000000000000e+06,2.020099999999999951e-01,-7.328564999998947087e+02,1.000000000000000000e+00
3.263569114950815378e-03,4.399789735392150257e-03,6.012183111063151841e-01,1.207868415899285175e+00,2.000000000000000000e+01,7.472935842265937545e-02,-3.631116065674625304e+01,4.739100362825604762e+00,-4.514427869192884657e+01,4.607462672570199480e+00,-5.001885074145783960e+01,5.011321097444676909e+00,2.300000000000000000e+01,8.032136301364269002e+02,6.018505979119998983e+01,3.295700000000000000e+06,2.463100000000000012e-01,-1.021088000000146621e+03,1.000000000000000000e+00
3.025820617105317179e-03,4.281790657572324445e-03,6.051746771237014322e-01,1.349033486445208041e+00,2.000000000000000000e+01,7.488251355554931266e-02,-3.712299882363818426e+01,4.558247306847609259e+00,-4.319264079436433690e+01,5.371734674505274754e+00,-5.016377924232396168e+01,4.986284383088374739e+00,2.400000000000000000e+01,8.072546740334474862e+02,5.971733691545242806e+01,3.348600000000000000e+06,2.071099999999999886e-01,-7.139578600000929782e+02,1.000000000000000000e+00
3.114800474717282879e-03,4.846468121711194552e-03,5.715938028504843338e-01,1.721162307375796008e+00,2.000000000000000000e+01,7.495026612112175302e-02,-3.332766501839233797e+01,5.136113767493500681e+00,-4.593196439852907531e+01,5.624887296376201107e+00,-4.984948362984410863e+01,4.705844845132446608e+00,2.500000000000000000e+01,9.129434945403544361e+02,5.911081170802515317e+01,3.404300000000000000e+06,2.098099999999999965e-01,-7.999063200001007772e+02,1.000000000000000000e+00
3.102680707866661142e-03,4.926637183289016113e-03,5.724929245727113925e-01,2.128277216051015497e+00,2.000000000000000000e+01,7.413868899601382123e-02,-3.345473839379415182e+01,5.157544937179122435e+00,-4.593603650243572645e+01,5.601013130360839476e+00,-5.069382134926728867e+01,4.692049850949077339e+00,2.600000000000000000e+01,9.348087629786925845e+02,5.898186836994273108e+01,3.396200000000000000e+06,3.141399999999999748e-01,-1.589408810000168387e+03,1.000000000000000000e+00
3.032458258186233706e-03,4.944752075627924237e-03,5.896639722465051303e-01,7.853300220249007646e-01,2.000000000000000000e+01,7.457534001295011705e-02,-3.289907439169051884e+01,4.877766374039764763e+00,-4.713752627611042811e+01,5.662630589499205058e+00,-5.566013167852699439e+01,4.795557978325533099e+00,2.700000000000000000e+01,7.050100096306844080e+02,6.060729600367324110e+01,3.338000000000000000e+06,2.365599999999999925e-01,-9.438927300000756304e+02,1.000000000000000000e+00
3.342539104087341884e-03,4.466807799606204755e-03,5.606254433703274920e-01,1.700523689170131858e+00,2.000000000000000000e+01,7.409943635370074000e-02,-3.934630520626619443e+01,4.868805619916948046e+00,-3.880874380488587860e+01,5.382374794112415373e+00,-4.908125460037759069e+01,5.420219190148214850e+00,2.800000000000000000e+01,9.852209612722491556e+02,5.882754445298032664e+01,3.436300000000000000e+06,4.021700000000000275e-01,-2.424048219999971479e+03,1.000000000000000000e+00
3.025609870002459682e-03,4.692647561335142742e-03,5.550062794908353636e-01,9.594345529876675549e-01,2.000000000000000000e+01,7.483173418230755491e-02,-3.632176218763996900e+01,4.837294612341811906e+00,-4.762927418438795257e+01,5.381409555045701509e+00,-5.012537248409665835e+01,4.755947794797468653e+00,2.900000000000000000e+01,7.005345627281230918e+02,6.085822386353576974e+01,3.329200000000000000e+06,2.463599999999999957e-01,-1.073761150000270391e+03,1.000000000000000000e+00
3.460062341978424171e-03,5.161282357993002973e-03,4.912640632511615646e-01,8.517309120930619537e-01,2.000000000000000000e+01,8.258776939429585129e-02,-3.504622978365007668e+01,5.250488459302978583e+00,-4.386272840914322302e+01,5.828264366364654059e+00,-5.428852269251366636e+01,5.734426791144745295e+00,3.000000000000000000e+01,6.709846091762682363e+02,6.103377372512039045e+01,3.255400000000000000e+06,2.028200000000000003e-01,-9.026404099998721904e+02,1.000000000000000000e+00
2.905177437520295707e-03,4.335560485730665346e-03,6.185769665063480804e-01,7.993088974854160034e-01,2.000000000000000000e+01,7.379574873367267251e-02,-3.818749171824273247e+01,4.495833388148986920e+00,-4.336088451920272746e+01,5.283441713046798327e+00,-5.490690895535377081e+01,4.785472783735198909e+00,3.100000000000000000e+01,6.923632547843548082e+02,6.099839100496722466e+01,3.278200000000000000e+06,3.546300000000000008e-01,-1.689735849999590073e+03,1.000000000000000000e+00
2.970220004615575261e-03,2.600872725359368656e-03,5.887109144691454743e-01,1.001720058900320343e+00,2.000000000000000000e+01,7.042781885680114706e-02,-4.761208541924898441e+01,5.584344607617500067e+00,-6.049568307471823658e+01,5.391893733618120521e+00,-3.490419072535169676e+01,4.179193387423189243e+00,3.200000000000000000e+01,1.088237151896855437e+02,8.000591579231516448e+01,3.253800000000000000e+06,1.491099999999999925e-01,-3.646530000000023506e+02,1.000000000000000000e+00
2.727857288570460694e-03,4.372060664320635490e-03,6.127270131081886673e-01,3.479125010477234770e-01,2.000000000000000000e+01,7.623975777723714098e-02,-3.624970305385772917e+01,5.197376161906879233e+00,-4.866638228723121529e+01,5.126491067757198650e+00,-5.421528868985321026e+01,4.812094357326426319e+00,3.300000000000000000e+01,5.772196098746305779e+02,6.161078706225985968e+01,3.310100000000000000e+06,1.045900000000000024e-01,-2.096005649999973457e+02,1.000000000000000000e+00
2.692461611680046184e-03,4.518221095172811688e-03,5.627375300423302917e-01,3.361682226654156280e-01,2.000000000000000000e+01,7.704630471873376296e-02,-3.719608114718192837e+01,4.971058781075555544e+00,-4.565714798103883254e+01,5.823115716461483515e+00,-5.435591819245219369e+01,4.873158069549896609e+00,3.400000000000000000e+01,6.260244315223228568e+02,6.124494989640780318e+01,3.365600000000000000e+06,8.806700000000000639e-02,-1.728257579999962275e+02,1.000000000000000000e+00
3.105292499723726757e-03,4.629039320285966742e-03,6.244551323271296805e-01,-4.017105376903540304e-02,2.000000000000000000e+01,7.421296550898623390e-02,-3.715168662055300786e+01,4.979589284248420178e+00,-4.798093311776511172e+01,5.500648334194115918e+00,-5.668080957001704689e+01,4.732558994550956299e+00,3.500000000000000000e+01,5.029595993098901090e+02,6.242366743956399233e+01,3.292900000000000000e+06,2.909800000000000164e-01,-1.272946499999628941e+03,1.000000000000000000e+00
2.735302814383328354e-03,4.361301096778793032e-03,6.146401059872427242e-01,5.420617088163719455e-01,2.000000000000000000e+01,7.685680872911851425e-02,-3.624775773419575842e+01,5.251703430054151411e+00,-5.016057590543384492e+01,5.583238650089269228e+00,-5.494051849520013775e+01,4.765641728383643638e+00,3.600000000000000000e+01,5.296765880462746736e+02,6.198838633407924448e+01,3.329200000000000000e+06,8.582900000000000251e-02,-1.455025320000059708e+02,1.000000000000000000e+00
3.133728386573871125e-03,4.590352890472867986e-03,6.105387496178478202e-01,-1.083444051672335373e-01,2.000000000000000000e+01,7.549661156847181642e-02,-3.740453858885037164e+01,5.025627903895450999e+00,-4.976577870156680206e+01,5.681059364371423115e+00,-5.644501919012243718e+01,4.811217423929151416e+00,3.700000000000000000e+01,4.365904069470702780e+02,6.293958566734656301e+01,3.302800000000000000e+06,1.532999999999999918e-01,-4.333415599999621008e+02,1.000000000000000000e+00
2.979163268100354801e-03,4.814781982409599599e-03,6.301307080845565123e-01,-1.439141941309030059e-01,2.000000000000000000e+01,7.515830423764051360e-02,-3.968752227926648146e+01,4.903053112153028081e+00,-4.833065477659688725e+01,5.116597718579853904e+00,-5.137512186054655672e+01,4.871424454905396217e+00,3.800000000000000000e+01,4.982802915871970981e+02,6.272049059781547697e+01,3.290000000000000000e+06,1.552699999999999914e-01,-4.202375999999716782e+02,1.000000000000000000e+00
2.977462497799878739e-03,4.506536284782968263e-03,6.031381004070939245e-01,7.686076534096365487e-01,2.000000000000000000e+01,7.500274686519438350e-02,-3.571635342897807419e+01,5.315818769305912461e+00,-5.008258817535129737e+01,5.227949119839851555e+00,-5.173742123183190245e+01,4.721651027389921040e+00,3.900000000000000000e+01,6.148707386866732350e+02,6.128882251098249867e+01,3.332700000000000000e+06,1.888700000000000101e-01,-6.154430659999222826e+02,1.000000000000000000e+00
2.935419233886993849e-03,4.553651185290393845e-03,6.243583597894944992e-01,-3.434363276438132662e-01,2.000000000000000000e+01,6.406943115744191675e-02,-4.192736539889192215e+01,4.487064947011878857e+00,-4.753104486420168939e+01,5.696307459755620251e+00,-5.393156222243742093e+01,4.994771837637799194e+00,4.000000000000000000e+01,4.223169297711365857e+02,6.342925896101934313e+01,3.282000000000000000e+06,5.028099999999999931e-02,-5.781930300000050238e+01,1.000000000000000000e+00
2.996141355314759294e-03,4.862508403450821123e-03,6.278631877988052334e-01,-5.933281884649673765e-01,2.000000000000000000e+01,7.502337002010689426e-02,-3.811174219930099127e+01,4.866132479042315495e+00,-5.203340000252151043e+01,4.854050980806722926e+00,-5.160082375377523078e+01,5.150827252612433682e+00,4.100000000000000000e+01,4.252676114279634021e+02,6.323524874578849619e+01,3.267000000000000000e+06,1.723999999999999977e-01,-4.981365959999769757e+02,1.000000000000000000e+00
3.134095190656583339e-03,4.783760153234405815e-03,5.851702821002241484e-01,-6.016191947739507606e-02,2.000000000000000000e+01,7.500025123633072277e-02,-4.053672241678474109e+01,4.892999879091646243e+00,-4.730930477838136028e+01,5.465492001945825962e+00,-5.291466583191107986e+01,4.824408387332898229e+00,4.200000000000000000e+01,4.760636170224953503e+02,6.277354950709970183e+01,3.303400000000000000e+06,2.110700000000000076e-01,-8.005536099998788586e+02,1.000000000000000000e+00
2.943959215326157411e-03,5.010730834366019550e-03,6.044987034259121650e-01,2.873589250844720833e-01,2.000000000000000000e+01,7.471047989614597318e-02,-4.068255589446690834e+01,4.792712102387701734e+00,-4.976023124447252144e+01,5.237958786838646574e+00,-5.068809768437424879e+01,5.012428753103009171e+00,4.300000000000000000e+01,4.568867821047734878e+02,6.284200916526590674e+01,3.287400000000000000e+06,2.042400000000000049e-01,-6.973330980000387171e+02,1.000000000000000000e+00
3.066597891302298359e-03,4.787025211714923678e-03,5.877618066097722860e-01,-8.152325338253774145e-01,2.000000000000000000e+01,7.577473697161571375e-02,-3.909805619347690708e+01,4.805197125014257331e+00,-4.968681722380515708e+01,5.020196639371697245e+00,-5.576012644531203222e+01,5.094487280310199040e+00,4.400000000000000000e+01,3.719309928249846848e+02,6.363781861601472656e+01,3.248300000000000000e+06,1.426099999999999868e-01,-3.997192999999822405e+02,1.000000000000000000e+00
3.061375523502021974e-03,4.665058954597942065e-03,5.881884135765447219e-01,-4.621483523861394938e-01,2.000000000000000000e+01,7.585184933277316910e-02,-3.998026024041926973e+01,4.743603092204361715e+00,-4.965320631935816920e+01,5.003039889961224063e+00,-5.501858820537258055e+01,5.141097966773617856e+00,4.500000000000000000e+01,3.791616782264159724e+02,6.347980506017871960e+01,3.245800000000000000e+06,1.381900000000000073e-01,-3.784292700000217451e+02,1.000000000000000000e+00
3.022572462255452078e-03,4.651678319494717377e-03,6.224752043602228557e-01,-6.998104853132987024e-01,2.000000000000000000e+01,7.527812718703960626e-02,-3.808338979459107776e+01,4.864655606492398476e+00,-5.260456867159157213e+01,4.835775867817485363e+00,-5.159732463099750532e+01,5.143218896720170186e+00,4.600000000000000000e+01,4.134071558754589546e+02,6.345122838108981966e+01,3.261000000000000000e+06,1.594200000000000061e-01,-4.445972400000189850e+02,1.000000000000000000e+00
3.035180461362459690e-03,4.320591900083119510e-03,5.656537018049268006e-01,-1.442542725560654215e+00,2.000000000000000000e+01,7.169377545106901672e-02,-3.117283633815937449e+01,5.580183045620809246e+00,-5.158806530425678005e+01,5.763067754626428396e+00,-7.124362658640849588e+01,5.631103927679919963e+00,4.700000000000000000e+01,2.968635150872581789e+02,6.458447959572990271e+01,3.289600000000000000e+06,5.404299999999999660e-01,-1.749330469999679735e+03,1.000000000000000000e+00
3.103285674051617371e-03,5.972197379370585563e-03,5.077215072922576233e-01,-2.236461210428934976e+00,2.000000000000000000e+01,7.474119824864561279e-02,-3.947119770629525703e+01,5.336479098964447054e+00,-5.193764981476314802e+01,5.103739803732563196e+00,-5.870523068411468870e+01,5.130385550413223861e+00,4.800000000000000000e+01,2.187809567155281627e+02,6.533917499322213018e+01,3.258100000000000000e+06,2.959800000000000209e-01,-1.646398740000174939e+03,1.000000000000000000e+00
3.014003796883287997e-03,5.264551146885967925e-03,5.761108028014334526e-01,-9.566079975973663663e-01,2.000000000000000000e+01,7.525691644236384703e-02,-4.320502079940089857e+01,4.992562407174906625e+00,-4.998385103192309487e+01,5.432293045875316473e+00,-5.443807321107287578e+01,4.984583167225988376e+00,4.900000000000000000e+01,2.422180002930476235e+02,6.499036958511638318e+01,3.270600000000000000e+06,1.769499999999999962e-01,-5.862424500000649914e+02,1.000000000000000000e+00
3.031604447845556022e-03,4.436664468754958346e-03,6.039751540251776518e-01,3.177267022477366920e-01,2.000000000000000000e+01,7.656306366001873476e-02,-4.314043884746877211e+01,4.651392107852782232e+00,-4.949353013193179152e+01,5.270222396302434831e+00,-5.276418940046200134e+01,5.027455973391788291e+00,5.000000000000000000e+01,3.657824120348478232e+02,6.405490140155798429e+01,3.250200000000000000e+06,1.009400000000000019e-01,-2.204336700000075382e+02,1.000000000000000000e+00
2.996979857802328610e-03,5.204288529238705434e-03,6.041107806668588598e-01,-6.874303413905505922e-01,2.000000000000000000e+01,7.515545376581539427e-02,-4.325099856136073839e+01,4.758402750513283763e+00,-4.939045589439733419e+01,5.368339878167734724e+00,-4.986697768939666275e+01,4.971682737252701045e+00,5.100000000000000000e+01,3.504324296898620332e+02,6.414072091970346889e+01,3.285000000000000000e+06,1.666499999999999926e-01,-4.930065000000482200e+02,1.000000000000000000e+00
2.743588165350892196e-03,5.307253757228016025e-03,5.383448608803271807e-01,-6.178866641135661864e-01,2.000000000000000000e+01,7.519533607277049947e-02,-4.082607975317888105e+01,5.309368604449719697e+00,-5.166181199897773979e+01,6.010969604321667603e+00,-5.033098237921166884e+01,4.897881062484596981e+00,5.200000000000000000e+01,3.281948249695471986e+02,6.416619679311914126e+01,3.367100000000000000e+06,1.866500000000000103e-01,-6.558183900000032054e+02,1.000000000000000000e+00
3.121627714544608460e-03,4.624507864187517477e-03,6.438169481171122088e-01,-9.729240090658269891e-01,2.000000000000000000e+01,7.466843411957832521e-02,-3.865361211651936912e+01,5.308288688775752107e+00,-5.083396485138403875e+01,5.846545507672443520e+00,-6.074202549272436613e+01,4.787555542369262618e+00,5.300000000000000000e+01,2.561987583792503642e+02,6.470399275192588107e+01,3.286700000000000000e+06,2.153200000000000114e-01,-7.345260599998887301e+02,1.000000000000000000e+00
2.938754474314120117e-03,4.668838029606115977e-03,5.835260304094540551e-01,-2.259973825595964048e+00,2.000000000000000000e+01,7.519359230554518991e-02,-3.898128911074770997e+01,4.637961388836093768e+00,-4.776220022384767105e+01,5.154271406737636063e+00,-6.515194661541711696e+01,5.459473963649350559e+00,5.400000000000000000e+01,1.864294185019531653e+02,6.562815720719675028e+01,3.193100000000000000e+06,1.959599999999999953e-01,-6.792052110000706762e+02,1.000000000000000000e+00
2.841909444231920448e-03,4.732756933780139438e-03,6.639245907594044649e-01,-9.510301126063420707e-01,2.000000000000000000e+01,7.475492099191585749e-02,-4.337097768979751322e+01,4.853243944112351826e+00,-5.182378248599024317e+01,5.535646444845121472e+00,-5.475320226228476628e+01,4.486481340606990109e+00,5.500000000000000000e+01,1.821602879324563560e+02,6.655322994723182717e+01,3.214100000000000000e+06,1.721399999999999875e-01,-4.468555610000171896e+02,1.000000000000000000e+00
3.162400775228652646e-03,4.758402482584746587e-03,5.824613820755623061e-01,-3.422088403536723611e+00,2.000000000000000000e+01,6.963228573328558713e-02,-4.746396583700631311e+01,5.268554066563850391e+00,-5.558468319453292139e+01,5.218973279827889833e+00,-4.168795323779782080e+01,4.779624299347540628e+00,5.600000000000000000e+01,1.297624671797769054e+02,7.015928875833498068e+01,3.248200000000000000e+06,1.227099999999999996e-01,-3.032785060000152839e+02,1.000000000000000000e+00
2.949990649331501319e-03,5.239648150332286078e-03,5.706521409463805039e-01,-2.648906804154340655e+00,2.000000000000000000e+01,7.592854073156468653e-02,-4.128903934751302529e+01,4.923051453671772215e+00,-5.408965276011760892e+01,4.976434446646045728e+00,-5.320894904518353030e+01,4.439237455900693519e+00,5.700000000000000000e+01,1.672120578137970313e+02,6.702704582082178320e+01,3.183100000000000000e+06,1.349799999999999889e-01,-3.685520839999868485e+02,1.000000000000000000e+00
3.146578574725284426e-03,5.008344717149670888e-03,6.422891383959856704e-01,-1.524382630443711140e+00,2.000000000000000000e+01,7.503719905481476271e-02,-4.704666131386152017e+01,5.096248289219204253e+00,-5.027954898696390273e+01,5.397629261397057121e+00,-5.079335774178385776e+01,4.734768353139536146e+00,5.800000000000000000e+01,1.708311262945292981e+02,6.690824710055620983e+01,3.257900000000000000e+06,1.724400000000000099e-01,-5.000582999999778053e+02,1.000000000000000000e+00
2.703626203554650338e-03,5.118429162603061085e-03,4.833749765207284721e-01,-2.778015119513885800e+00,2.000000000000000000e+01,7.556889508313119341e-02,-3.991262720945856302e+01,4.915069465526434200e+00,-5.739594257246021414e+01,5.482499455240067654e+00,-5.686837753731558820e+01,4.035193810834854844e+00,5.900000000000000000e+01,1.313469275292766554e+02,6.917918223317479942e+01,3.143600000000000000e+06,2.151299999999999879e-01,-9.155710140001267519e+02,1.000000000000000000e+00
2.802098513449396110e-03,4.899688445572011712e-03,5.696412162693222925e-01,-3.926531605145627601e+00,2.000000000000000000e+01,7.598774421225840126e-02,-4.041439097172477091e+01,5.349430895081091819e+00,-5.726364847952068260e+01,5.644533624752469336e+00,-4.780613449264733106e+01,4.236483759379671810e+00,6.000000000000000000e+01,1.327343189133472379e+02,6.893844308109237318e+01,3.263100000000000000e+06,1.350699999999999956e-01,-3.543595999999734545e+02,1.000000000000000000e+00
2.850116763615275373e-03,4.720926982925617924e-03,5.419429350953381963e-01,-2.944936624830327698e+00,2.000000000000000000e+01,7.664073463740841974e-02,-4.067641591563584313e+01,4.550657363034796177e+00,-5.723120738128319829e+01,4.998623387758402536e+00,-5.394846066189889910e+01,4.462293884448871317e+00,6.100000000000000000e+01,1.334946374145888512e+02,6.808892209062454981e+01,3.126900000000000000e+06,1.141199999999999992e-01,-2.957349999999973420e+02,1.000000000000000000e+00
2.930293969414840115e-03,4.704865609231447324e-03,6.413725658928078888e-01,-2.349611372838138035e+00,2.000000000000000000e+01,7.587089958468039297e-02,-4.607968449446978809e+01,4.622197880944289849e+00,-5.347065652403173885e+01,4.705088122441078546e+00,-4.988605855316932036e+01,4.622899513229954849e+00,6.200000000000000000e+01,1.439296678267123468e+02,6.760342227922450320e+01,3.150100000000000000e+06,1.185599999999999987e-01,-2.608685570000012603e+02,1.000000000000000000e+00
3.134258923088633318e-03,5.112090285608494877e-03,6.366662188356020380e-01,-3.089515119407771238e+00,2.000000000000000000e+01,7.594916377346030978e-02,-4.250098574611197932e+01,4.408836406370476801e+00,-5.179814156737255360e+01,4.866513969816270269e+00,-5.700448078126306939e+01,4.839424582581152379e+00,6.300000000000000000e+01,1.447332414916289736e+02,6.705056015952590087e+01,3.139600000000000000e+06,1.182799999999999963e-01,-2.771589099999974906e+02,1.000000000000000000e+00
3.166549500089008672e-03,4.840365131095096703e-03,5.842451880004567721e-01,-2.402034529574982535e+00,2.000000000000000000e+01,7.630941707002047991e-02,-4.642475181963684605e+01,5.342128162284402570e+00,-5.531099833497875551e+01,5.288357492950060745e+00,-4.556693739410184207e+01,4.905739445985693337e+00,6.400000000000000000e+01,1.373978051973257379e+02,6.799520011714223244e+01,3.283100000000000000e+06,1.212700000000000028e-01,-3.217773600000172678e+02,1.000000000000000000e+00
2.973308062811194641e-03,4.764277009830729034e-03,5.910996373154051575e-01,2.489259086000801258e+00,2.000000000000000000e+01,7.510999340118496015e-02,-2.902789069056607474e+01,4.654533931542618852e+00,-3.872690794006621218e+01,5.546587653574766463e+00,-5.224751664838964871e+01,5.035919516162134180e+00,6.500000000000000000e+01,1.301149553635295206e+03,5.722891927688480962e+01,3.430500000000000000e+06,1.664899999999999991e-01,-4.973829000000367273e+02,1.000000000000000000e+00
2.981391553547051848e-03,4.756304522361870166e-03,5.905219596305132379e-01,2.251053815248813095e+00,2.000000000000000000e+01,7.498775309877271644e-02,-2.874603257273881951e+01,4.593494906539141276e+00,-3.893987783535983738e+01,5.568612256515864445e+00,-5.224309898828678911e+01,5.124168045611203759e+00,6.600000000000000000e+01,1.251444514128800847e+03,5.743490475645071314e+01,3.432600000000000000e+06,1.809900000000000120e-01,-5.759311319999576426e+02,1.000000000000000000e+00
3.329981497575678663e-03,4.367218187954427164e-03,5.431817575983926005e-01,2.182518488529325396e+00,2.000000000000000000e+01,7.603043057687527972e-02,-2.945496734331540267e+01,4.914226089827824495e+00,-4.313455434852846793e+01,5.332943442480313045e+00,-4.599332230863972626e+01,5.184621937369020550e+00,6.700000000000000000e+01,1.221790280825287482e+03,5.754983846867903452e+01,3.465300000000000000e+06,1.564000000000000112e-01,-5.359080000000478776e+02,1.000000000000000000e+00
3.070175755124564081e-03,4.506256741682811671e-03,6.070037597913997551e-01,1.720530082963326102e+00,2.000000000000000000e+01,7.598565388748429461e-02,-3.285957878605677251e+01,4.957469904338008604e+00,-4.392298909142539287e+01,5.696827123562524520e+00,-4.955427551214310000e+01,4.861413451946507536e+00,6.800000000000000000e+01,1.020682631902509570e+03,5.864348927867747108e+01,3.426200000000000000e+06,1.195399999999999935e-01,-2.852960399999961396e+02,1.000000000000000000e+00
3.148042117937992039e-03,4.903996602280050361e-03,5.547140779398784804e-01,9.857280683878912875e-01,2.000000000000000000e+01,7.507103795706604465e-02,-3.624813357973772554e+01,4.835838465648142126e+00,-4.580430143298767121e+01,5.282088613767622398e+00,-4.932705810169547078e+01,4.706673054535279732e+00,6.900000000000000000e+01,7.868097595435705216e+02,6.050470017590318861e+01,3.337600000000000000e+06,2.175199999999999911e-01,-8.915902099998924086e+02,1.000000000000000000e+00
2.670351436299710397e-03,4.536954241476997413e-03,5.674949008893139801e-01,5.175860067641082640e-01,2.000000000000000000e+01,7.824909593398228502e-02,-3.797588504196641424e+01,4.833054704804464308e+00,-4.538102998002752031e+01,5.730717169473730443e+00,-5.243457194679263011e+01,4.845053194037328481e+00,7.000000000000000000e+01,6.854886480390048291e+02,6.116156318854977769e+01,3.356900000000000000e+06,6.513599999999999945e-02,-9.674300000000152977e+01,1.000000000000000000e+00
3.441954992715759963e-03,4.297680525684511449e-03,5.185620575440780256e-01,1.730649354867082712e+00,2.000000000000000000e+01,7.575066384848540280e-02,-3.256470033831909205e+01,4.887968533880631128e+00,-4.353759173176937480e+01,5.377527171005581863e+00,-4.403383178188051517e+01,5.114681041266979200e+00,7.100000000000000000e+01,1.084851954543626789e+03,5.848916169783151275e+01,3.456800000000000000e+06,2.184200000000000030e-01,-1.003428579999856311e+03,1.000000000000000000e+00
3.221862740330416579e-03,4.593673578991815803e-03,5.756259250374294867e-01,2.201938941939143746e+00,2.000000000000000000e+01,7.386863077413055589e-02,-3.365307895609272748e+01,4.718636496490161925e+00,-4.221937398179959189e+01,5.420234213066601470e+00,-4.725937538968097584e+01,4.815007442182587027e+00,7.200000000000000000e+01,1.124438032300463419e+03,5.831042919449366480e+01,3.400100000000000000e+06,3.927800000000000180e-01,-2.278598400000248148e+03,1.000000000000000000e+00
2.804767000721988552e-03,5.403992957752561978e-03,5.669257116972100663e-01,2.214562465737077268e+00,2.000000000000000000e+01,7.167459335401037135e-02,-3.250413905423692285e+01,4.360016585382500587e+00,-4.308591303874831624e+01,5.400764690369329379e+00,-4.494080193438325210e+01,4.571510719096906428e+00,7.300000000000000000e+01,1.062449472025574551e+03,5.852201270204420069e+01,3.402600000000000000e+06,2.012899999999999967e-01,-7.241779590000488724e+02,1.000000000000000000e+00
3.172631969848890409e-03,4.899527176692390629e-03,4.896947255786059383e-01,8.066160106441510047e-01,2.000000000000000000e+01,7.915065469826523814e-02,-3.717110365869722699e+01,5.106873839907017931e+00,-4.618427169512766284e+01,5.400373196520026120e+00,-5.869571368930907340e+01,5.232149189397885536e+00,7.400000000000000000e+01,6.319667045453378478e+02,6.125829699821398577e+01,3.326700000000000000e+06,6.282799999999999496e-02,-1.299913300000004597e+02,1.000000000000000000e+00
3.164626484772295901e-03,4.505323011319327733e-03,6.033680346268873729e-01,1.389168598009839162e+00,2.000000000000000000e+01,7.602230924815898960e-02,-3.205139810286306812e+01,4.862383177301399684e+00,-4.601460352865085923e+01,5.553932556196009784e+00,-5.216518434217481115e+01,5.079035591368116442e+00,7.500000000000000000e+01,9.110811603380666384e+02,5.918287187765876212e+01,3.389300000000000000e+06,1.223299999999999943e-01,-3.051059999999947081e+02,1.000000000000000000e+00
2.928359726878115160e-03,5.098425136879966742e-03,5.401763053211986465e-01,3.841277206380625531e-01,2.000000000000000000e+01,7.507437356940287188e-02,-4.105618677369568559e+01,5.263904706164295177e+00,-4.866417854749671790e+01,5.989432235927830916e+00,-4.950121704502956987e+01,4.733428407585897446e+00,7.600000000000000000e+01,4.848722597609693707e+02,6.278962677810396542e+01,3.380300000000000000e+06,2.103700000000000014e-01,-8.379935999999768228e+02,1.000000000000000000e+00
3.183252512019594388e-03,4.589128966873311059e-03,6.297103037641832435e-01,2.953672081022984841e+00,2.000000000000000000e+01,7.710030893873494329e-02,-2.670267820381662105e+01,4.953389600115205127e+00,-3.616170484145640529e+01,5.842475593925429145e+00,-5.065688660103339913e+01,5.679732885660641273e+00,7.700000000000000000e+01,1.683037784002040098e+03,5.592266569950569277e+01,3.576100000000000000e+06,8.173700000000000410e-02,-1.353835999999973581e+02,1.000000000000000000e+00
3.169897382978343128e-03,4.731468741201265253e-03,5.915448182901568153e-01,3.037680407779768110e+00,2.000000000000000000e+01,7.499718830817950210e-02,-2.358225880382549633e+01,4.950263070542109567e+00,-3.914239774905785652e+01,5.647555001274728426e+00,-4.797178075984101753e+01,5.372800202769926869e+00,7.800000000000000000e+01,1.578188333958627709e+03,5.630153851360650208e+01,3.547900000000000000e+06,1.862999999999999934e-01,-6.175354799999652187e+02,1.000000000000000000e+00
3.102072489252788879e-03,4.861504872290690199e-03,5.568057534313641810e-01,2.985956784490739757e+00,2.000000000000000000e+01,7.371044738107539185e-02,-2.975511203115600978e+01,5.099990512054745295e+00,-3.578280778034310572e+01,5.441238125683542037e+00,-4.941038479287452390e+01,5.366181810762395976e+00,7.900000000000000000e+01,1.472162740942252867e+03,5.631225875158694549e+01,3.527400000000000000e+06,4.002299999999999747e-01,-2.298788799999798357e+03,1.000000000000000000e+00
3.081064999314568707e-03,4.516827177510436206e-03,5.913166750483154210e-01,2.199369866685417507e-01,2.000000000000000000e+01,7.668591425289834895e-02,-3.841787704472979925e+01,4.892877420727380411e+00,-4.973361382839917155e+01,4.771452451429618158e+00,-5.329537837135687539e+01,4.831197773717852861e+00,8.000000000000000000e+01,5.161819841013070800e+02,6.260875261424406801e+01,3.242900000000000000e+06,1.004400000000000015e-01,-2.256319000000031849e+02,1.000000000000000000e+00
3.098451124530887234e-03,5.235482566536333975e-03,5.565174734600008000e-01,1.109628820744697153e+00,2.000000000000000000e+01,7.403346952306513740e-02,-3.687317369583735172e+01,4.970027633997560201e+00,-4.646395934024174323e+01,5.291372448595547340e+00,-5.215334604802126961e+01,4.844642539852252128e+00,8.100000000000000000e+01,7.486270723449919160e+02,6.061227389716111702e+01,3.331200000000000000e+06,3.480500000000000260e-01,-1.945503530000014734e+03,1.000000000000000000e+00
2.733459512185490350e-03,4.768062583943429196e-03,5.356907751893229541e-01,8.192575359666400825e-01,2.000000000000000000e+01,7.404106542096777765e-02,-3.823535989693720438e+01,5.252833281106660479e+00,-4.422778584649599765e+01,5.533294584477230771e+00,-5.035136921976211255e+01,4.781889019736951241e+00,8.200000000000000000e+01,7.459312395121353347e+02,6.061972608483967662e+01,3.395000000000000000e+06,3.476899999999999991e-01,-1.875657900000310065e+03,1.000000000000000000e+00
2.908053671682464276e-03,5.361833782358412306e-03,5.543412954103753565e-01,1.189053056217300730e+00,2.000000000000000000e+01,7.402463840087632196e-02,-3.753591450533851770e+01,5.020622269285622608e+00,-4.590495873137174243e+01,5.323268543524076968e+00,-5.342622470558838188e+01,4.869676070835153858e+00,8.300000000000000000e+01,7.068017460259068230e+02,6.068956183388274894e+01,3.330600000000000000e+06,3.237599999999999922e-01,-1.659299093999444949e+03,1.000000000000000000e+00
3.205002478492956393e-03,4.427449435375694665e-03,5.834585859334036062e-01,1.342367367056769956e+00,2.000000000000000000e+01,7.530197361369367348e-02,-3.477139126447407591e+01,4.551402358660334713e+00,-4.475856054144196605e+01,5.099165408722209136e+00,-4.877316474694373483e+01,4.995847190428247764e+00,8.400000000000000000e+01,8.854061661768173508e+02,5.960410125960726191e+01,3.337500000000000000e+06,1.875499999999999945e-01,-6.564703499999279757e+02,1.000000000000000000e+00
3.033810730534815866e-03,5.054394730989688299e-03,5.748723395147099513e-01,8.787482242834588897e-01,2.000000000000000000e+01,7.623637781581499295e-02,-3.624199283713420527e+01,5.277403108121046849e+00,-4.450713551642135002e+01,5.826234313574086165e+00,-4.861442218856764441e+01,5.331087420916947650e+00,8.500000000000000000e+01,8.853256498394466689e+02,5.961933894757990515e+01,3.486800000000000000e+06,1.149700000000000027e-01,-2.836696499999788443e+02,1.000000000000000000e+00
3.235442603512696247e-03,5.103881766719202233e-03,5.650766070454067425e-01,1.576812754524638649e+00,2.000000000000000000e+01,7.455652161112612253e-02,-3.288350324929864144e+01,4.913073488164814151e+00,-4.563902208767042623e+01,5.394165546146796331e+00,-5.213223790934922874e+01,4.816635936487768888e+00,8.600000000000000000e+01,8.997994670845570226e+02,5.926449740190354731e+01,3.360100000000000000e+06,2.685699999999999754e-01,-1.275305409999939002e+03,1.000000000000000000e+00
3.146288980501663057e-03,4.984401820104717058e-03,5.837710996288322240e-01,1.573695431525952149e+00,2.000000000000000000e+01,7.604761438915237648e-02,-3.107906435204303364e+01,5.135588400923344565e+00,-4.801018965798938609e+01,5.469004905578145781e+00,-5.549662712446613000e+01,4.775025690623028396e+00,8.700000000000000000e+01,8.862657332713083633e+02,5.954516073610223970e+01,3.350900000000000000e+06,1.194500000000000006e-01,-3.104152000000095768e+02,1.000000000000000000e+00
3.023667720949714706e-03,4.750529217387649411e-03,5.990473242780327556e-01,-1.284087030521602613e-01,2.000000000000000000e+01,7.628989200432126361e-02,-4.121643305119918210e+01,4.729812339004425326e+00,-4.859508372870274684e+01,5.286084968835321973e+00,-5.223297166043823836e+01,5.025343139371116763e+00,8.800000000000000000e+01,4.398993343410504622e+02,6.311334820762546371e+01,3.281600000000000000e+06,1.106100000000000000e-01,-2.579472000000075695e+02,1.000000000000000000e+00
3.025395142050361225e-03,4.713263445724105716e-03,5.973172247322240391e-01,-6.133412546945335442e-02,2.000000000000000000e+01,7.615685620629175645e-02,-4.076785204607299562e+01,4.778635962376783120e+00,-4.838548506482040068e+01,5.290102269448284211e+00,-5.210791952907396762e+01,5.024456371662305187e+00,8.900000000000000000e+01,4.617667406623558009e+02,6.286391450590419794e+01,3.291100000000000000e+06,1.159799999999999998e-01,-2.803073999999921284e+02,1.000000000000000000e+00
3.060493022641236176e-03,5.035494816252995484e-03,6.143425469201020395e-01,1.477763152119214718e-01,2.000000000000000000e+01,7.453098026621306216e-02,-3.681990357015210691e+01,4.781530705958713767e+00,-4.952616616234717384e+01,5.247301923588802985e+00,-4.967130503373882533e+01,5.069810939591740784e+00,9.000000000000000000e+01,5.985838623446362590e+02,6.183686091386643113e+01,3.323600000000000000e+06,2.277599999999999902e-01,-8.456819999998845105e+02,1.000000000000000000e+00
3.228916879422238668e-03,5.446790079364544415e-03,5.679059158262587115e-01,6.808221393000103427e-01,2.000000000000000000e+01,7.485193763636338593e-02,-3.917630401655004846e+01,4.795678386594415699e+00,-4.719175019634776902e+01,5.227627965516944641e+00,-5.217588847767032689e+01,4.918988068878618947e+00,9.100000000000000000e+01,6.023448763297652704e+02,6.170850654643775357e+01,3.297100000000000000e+06,2.213299999999999990e-01,-9.168999700000998700e+02,1.000000000000000000e+00
3.233694844328838247e-03,5.354365342337373546e-03,5.699339502079872055e-01,7.196762232362631240e-01,2.000000000000000000e+01,7.488972752379921549e-02,-3.897434810669339811e+01,4.805192559516469508e+00,-4.763429822528829050e+01,5.254806494529706384e+00,-5.172145997929581540e+01,4.920938498814789064e+00,9.200000000000000000e+01,6.038101389494789828e+02,6.168076531501169057e+01,3.301400000000000000e+06,2.187099999999999878e-01,-8.913982000000456765e+02,1.000000000000000000e+00
3.108924883409212858e-03,4.630904546766080251e-03,5.868504544563666325e-01,-4.570175974168588784e-02,2.000000000000000000e+01,7.429436447228165985e-02,-3.545526027505857769e+01,4.929159769748101994e+00,-4.824034380037983283e+01,5.663668726748888993e+00,-5.744152761885926850e+01,4.702001271469312016e+00,9.300000000000000000e+01,5.531014626756124244e+02,6.228600012779300954e+01,3.300800000000000000e+06,3.209500000000000131e-01,-1.581704690000394066e+03,1.000000000000000000e+00
3.160763748790358305e-03,4.817180823802162670e-03,6.019567225800981358e-01,-5.893511275072466082e-02,2.000000000000000000e+01,7.493733692984440309e-02,-3.859188802277304831e+01,4.949643729091135924e+00,-4.735654453590231583e+01,5.436244384652546557e+00,-5.243529066122457749e+01,4.815647583961011335e+00,9.400000000000000000e+01,5.419889407098457923e+02,6.229355005525970057e+01,3.320700000000000000e+06,2.054100000000000092e-01,-7.402242499999404117e+02,1.000000000000000000e+00
3.168488131155305920e-03,4.637958201131367822e-03,5.779008191752047496e-01,2.616266841077880656e+00,2.000000000000000000e+01,7.463977776156126287e-02,-2.895010603809961225e+01,4.917983306785264297e+00,-3.858797307507134633e+01,5.095060472757051429e+00,-4.831987787575484106e+01,4.630768283435401145e+00,9.500000000000000000e+01,1.333501793854336938e+03,5.740290519871525277e+01,3.416300000000000000e+06,2.456800000000000095e-01,-1.033190400000096588e+03,1.000000000000000000e+00
3.076478341737832155e-03,4.378149789853463467e-03,5.784149405127290144e-01,2.141522637367768489e+00,2.000000000000000000e+01,7.457457128539428381e-02,-2.738643319138802923e+01,4.626838297684033208e+00,-4.114375659467179958e+01,5.499745380952433038e+00,-4.944693047537386832e+01,4.970676934872701125e+00,9.600000000000000000e+01,1.190446273277968203e+03,5.778094312902449303e+01,3.430700000000000000e+06,2.676499999999999990e-01,-1.161152249999953938e+03,1.000000000000000000e+00
3.144743064722985842e-03,4.583411750904013357e-03,5.592203078089285073e-01,2.131860247743134096e+00,2.000000000000000000e+01,7.572340604625266147e-02,-3.612935825024203496e+01,4.608934995669959456e+00,-4.290623761711511008e+01,5.618884140168892927e+00,-4.514858396336003210e+01,5.073865970444618512e+00,9.700000000000000000e+01,1.046544743644684331e+03,5.857663034240659528e+01,3.425300000000000000e+06,1.548599999999999977e-01,-4.866208600000067008e+02,1.000000000000000000e+00
2.943959215326157411e-03,5.010730834366019550e-03,6.044987034259121650e-01,2.873589250844720833e-01,2.000000000000000000e+01,7.471047989614597318e-02,-4.068255589446690834e+01,4.792712102387701734e+00,-4.976023124447252144e+01,5.237958786838646574e+00,-5.068809768437424879e+01,5.012428753103009171e+00,9.800000000000000000e+01,6.881040433775474412e+02,6.121002945700741549e+01,3.325800000000000000e+06,2.081600000000000117e-01,-6.681308760000270013e+02,1.000000000000000000e+00
3.125445440285603248e-03,5.242596888120941781e-03,5.828932102922200764e-01,-4.570493364384085044e-01,2.000000000000000000e+01,7.396020764652956603e-02,-3.537900611320064570e+01,5.022820316726073209e+00,-4.888932608100828503e+01,5.502574405217757203e+00,-6.513125403065444630e+01,4.752522450356095440e+00,9.900000000000000000e+01,3.941911308984268203e+02,6.358531204065514686e+01,3.232100000000000000e+06,3.550400000000000222e-01,-1.921623990000710364e+03,1.000000000000000000e+00
2.752788489403236623e-03,4.801873081043421011e-03,6.141055221574613920e-01,7.399981861503182080e-03,2.000000000000000000e+01,7.255323439684838172e-02,-3.558050052498662552e+01,4.857545159320139305e+00,-5.050553610525014392e+01,5.639892776513248940e+00,-5.520582750044130194e+01,4.718763083115018020e+00,1.000000000000000000e+02,4.037662509954151915e+02,6.354560517669916919e+01,3.194400000000000000e+06,2.233400000000000107e-01,-8.632528590001237490e+02,1.000000000000000000e+00
3.437935625289041067e-03,4.984411044671498495e-03,5.016124955193347335e-01,2.028128407158224622e+00,2.000000000000000000e+01,7.123310760343407044e-02,-3.008810926189907775e+01,4.117178115580162334e+00,-4.473073077349310012e+01,5.669252578839410361e+00,-4.799703677308203709e+01,4.573959890541651419e+00,1.010000000000000000e+02,1.105709888194606492e+03,5.850511868304190699e+01,3.349500000000000000e+06,1.847199999999999953e-01,-6.956702200000430594e+02,1.000000000000000000e+00
3.458415792392296149e-03,5.480882258277060617e-03,5.357396842327918352e-01,8.391792227349266220e-01,2.000000000000000000e+01,7.570556688846316606e-02,-3.448359638009536354e+01,4.635937879260468186e+00,-4.510914629224326688e+01,5.100713304245853230e+00,-6.015996256128192954e+01,4.946096996933592393e+00,1.020000000000000000e+02,6.945044550450357974e+02,6.103431999489893656e+01,3.250100000000000000e+06,1.725500000000000089e-01,-6.782486799998979450e+02,1.000000000000000000e+00
3.202901598567942792e-03,4.453993718123777298e-03,5.927476761482395329e-01,2.447145443644125784e+00,2.000000000000000000e+01,7.620328587096165951e-02,-2.607436908051545288e+01,4.943442972285819081e+00,-4.284542318915823955e+01,5.284321032298071152e+00,-4.758117732817376577e+01,5.214982016554170485e+00,1.030000000000000000e+02,1.398331203345480162e+03,5.713324783613849434e+01,3.471600000000000000e+06,1.175500000000000017e-01,-2.921227200000043354e+02,1.000000000000000000e+00
3.282386631098763077e-03,4.727574922992685766e-03,5.299661544388627465e-01,2.491454038859470366e+00,2.000000000000000000e+01,7.140916266690132408e-02,-2.965364997872709907e+01,5.413555312902119887e+00,-3.882224422249078088e+01,5.146553456456277154e+00,-4.690971844316724315e+01,4.948811409192004795e+00,1.040000000000000000e+02,1.406224504693353083e+03,5.690448301873649228e+01,3.489700000000000000e+06,2.301400000000000112e-01,-9.527271300000925294e+02,1.000000000000000000e+00
3.309384875838915999e-03,4.840970169005255098e-03,5.874275269216313600e-01,2.685906489557932986e+00,2.000000000000000000e+01,7.954894913704614601e-02,-2.884282798299059891e+01,5.290872552889971381e+00,-3.765741072096333397e+01,5.517249563959740755e+00,-4.544291582389848827e+01,4.588747516584936292e+00,1.050000000000000000e+02,1.405617221301844666e+03,5.690456396667365624e+01,3.467100000000000000e+06,3.133299999999999974e-01,-1.517620499999672802e+03,1.000000000000000000e+00
3.231988117821583094e-03,4.569668125742770183e-03,5.766027744359525364e-01,1.852154482315474748e+00,2.000000000000000000e+01,7.487425251414625560e-02,-3.296123737946656007e+01,4.676974257693730763e+00,-4.067833705326457050e+01,5.158537308018315670e+00,-4.899100863624378377e+01,4.815193678791141352e+00,1.060000000000000000e+02,1.077922445503538256e+03,5.852458792867020776e+01,3.375600000000000000e+06,2.345800000000000107e-01,-9.715091399998425459e+02,1.000000000000000000e+00
3.054768107427090901e-03,5.340401193931652683e-03,5.675891812939770631e-01,-2.981076281909190051e+00,2.000000000000000000e+01,7.499254030185679987e-02,-4.477955953043029069e+01,5.072542272325307522e+00,-5.076176386645465755e+01,4.982389336621390719e+00,-5.126371883663001938e+01,4.871086562111179852e+00,1.070000000000000000e+02,1.753368747162413683e+02,6.694856300198473775e+01,3.243100000000000000e+06,2.244400000000000006e-01,-8.923362900000618083e+02,1.000000000000000000e+00
3.026430275071879429e-03,5.093126281868676740e-03,5.494781283414201800e-01,-2.536793990849635083e+00,2.000000000000000000e+01,7.644536194492929093e-02,-4.087399581726717912e+01,4.811361344123683992e+00,-5.435251784609888404e+01,5.243310405888438552e+00,-5.320493634396702731e+01,4.442774841395323193e+00,1.080000000000000000e+02,1.714738917846711104e+02,6.701346763210619883e+01,3.192700000000000000e+06,1.196300000000000002e-01,-3.279283699999887745e+02,1.000000000000000000e+00
3.123911852839596302e-03,4.819311764787463995e-03,5.811283329737546577e-01,2.483449335263749447e+00,2.000000000000000000e+01,7.616493215129191419e-02,-3.232517640544443793e+01,4.784736412726482868e+00,-3.837547622588733987e+01,5.422073707853510172e+00,-5.036854404912692473e+01,4.876923064977442657e+00,1.090000000000000000e+02,1.332872585136341968e+03,5.750684359673535084e+01,3.422600000000000000e+06,1.155700000000000061e-01,-2.863575000000035971e+02,1.000000000000000000e+00
2.938730876040409126e-03,4.800890368563258404e-03,5.695524048308788778e-01,2.519170618771502834e+00,2.000000000000000000e+01,6.670836294342766259e-02,-2.700317788069803271e+01,5.792590263766818737e+00,-3.548434310705036410e+01,5.616648534908049939e+00,-5.676634475313670691e+01,5.471324740706476675e+00,1.100000000000000000e+02,2.037234330245711135e+03,5.594421126763054986e+01,3.582200000000000000e+06,7.795100000000000640e-02,-1.436196219999957862e+02,1.000000000000000000e+00
3.263271702771704860e-03,4.982074977311858575e-03,5.148499606522443095e-01,3.142195537075591183e+00,2.000000000000000000e+01,7.712131258881764484e-02,-2.849712272924921663e+01,5.577698909983530129e+00,-3.727488438035423002e+01,5.291632467898983450e+00,-4.634809140016714224e+01,5.232050083344914171e+00,1.110000000000000000e+02,1.717726501757997312e+03,5.609220404211890099e+01,3.572800000000000000e+06,9.999900000000000455e-02,-2.688794400000051041e+02,1.000000000000000000e+00
3.157725830657199390e-03,4.730566144682243034e-03,5.906983579609148549e-01,2.916357592069383387e+00,2.000000000000000000e+01,7.668472908447972192e-02,-2.671711848341584883e+01,5.243568830231571276e+00,-3.605330969036133126e+01,5.586279363971126344e+00,-4.842279931183090724e+01,5.279819096059144456e+00,1.120000000000000000e+02,1.722220996772193303e+03,5.608397332596959473e+01,3.571300000000000000e+06,9.497800000000000686e-02,-2.006446200000061708e+02,1.000000000000000000e+00
3.094068182677866923e-03,4.718839352361734255e-03,5.915572931688768410e-01,3.058854893698444322e+00,2.000000000000000000e+01,7.517386484373136946e-02,-2.136124860949502136e+01,5.219239870128877357e+00,-3.725578537810994817e+01,5.644076650645224902e+00,-5.025499101431661586e+01,5.308634687798940099e+00,1.130000000000000000e+02,1.706460574002106341e+03,5.612533869071727821e+01,3.574500000000000000e+06,1.651600000000000013e-01,-4.969834700000358225e+02,1.000000000000000000e+00
2.935714801379503414e-03,4.841141775743234600e-03,5.697553653297368070e-01,2.232059226148543463e+00,2.000000000000000000e+01,7.481952349289650028e-02,-3.427062373145287211e+01,4.712688733851885914e+00,-4.430508746386544061e+01,5.459698073077487557e+00,-4.918362679273844407e+01,4.626518722547954710e+00,1.140000000000000000e+02,9.782040378349378216e+02,5.908601669746801122e+01,3.356300000000000000e+06,2.059400000000000119e-01,-7.543588360000607054e+02,1.000000000000000000e+00
2.772183876811694977e-03,5.244444516843454335e-03,5.616001332092579457e-01,-2.311864674156119737e+00,2.000000000000000000e+01,7.761553764406411982e-02,-4.292028995222641186e+01,4.715494565219040979e+00,-5.225458703607642974e+01,5.234091244511615670e+00,-5.290705455558312309e+01,4.500427812465964017e+00,1.150000000000000000e+02,1.855925878034166487e+02,6.676225468812062047e+01,3.194900000000000000e+06,7.674599999999999478e-02,-1.365672000000011792e+02,1.000000000000000000e+00
2.811755316539077919e-03,4.932545700474386813e-03,6.520929053646586926e-01,-3.013547490181344379e+00,2.000000000000000000e+01,7.607912848411979567e-02,-4.829843822523630337e+01,5.606910458182650991e+00,-5.032120611531698273e+01,5.841394606477377849e+00,-4.658575816086811017e+01,4.547575248329327025e+00,1.160000000000000000e+02,1.357618770969646960e+02,6.848923592054191545e+01,3.336300000000000000e+06,1.037600000000000050e-01,-1.959957029999982581e+02,1.000000000000000000e+00
3.179155669827350185e-03,4.411628471524597916e-03,5.820225701661470019e-01,1.202823637774475429e+00,2.000000000000000000e+01,7.550203085000070646e-02,-3.497247733575902373e+01,4.545701085466646418e+00,-4.463394004952498051e+01,5.165541177833942399e+00,-4.877841326160472590e+01,4.984703434744440997e+00,1.170000000000000000e+02,8.768788760012914736e+02,5.980709240606321231e+01,3.341800000000000000e+06,1.712400000000000033e-01,-5.583559300000356416e+02,1.000000000000000000e+00
3.116523183927043250e-03,4.430290936882182867e-03,6.818924382286648544e-01,-5.427552353803011265e-01,2.000000000000000000e+01,7.531621448405532993e-02,-4.332625963638798794e+01,5.043781664849808166e+00,-4.780732962407520859e+01,4.852532724893349858e+00,-5.440616531492764807e+01,4.802310503094314953e+00,1.180000000000000000e+02,3.297410079750280829e+02,6.452802257858481028e+01,3.234500000000000000e+06,1.382500000000000118e-01,-3.238562999999892327e+02,1.000000000000000000e+00
3.075194104417343973e-03,4.961886023085036040e-03,5.738151778097247968e-01,-1.024197007364070933e+00,2.000000000000000000e+01,7.229186051876787533e-02,-3.489497255504676332e+01,5.293702303724757030e+00,-5.092209226036752057e+01,5.706086953361515945e+00,-6.598679482233330873e+01,5.280113315196440560e+00,1.190000000000000000e+02,3.442388894387226514e+02,6.426154638089155924e+01,3.279100000000000000e+06,6.265699999999999603e-01,-2.616107499999421634e+03,1.000000000000000000e+00
3.184242308520886244e-03,4.799820605955510376e-03,6.395203324012077584e-01,-1.851047525445423947e-01,2.000000000000000000e+01,7.684502101717050060e-02,-4.323734571928427073e+01,4.335892265217729857e+00,-4.758964443993153282e+01,5.074693423342091059e+00,-5.664468916848373681e+01,4.776526768949374002e+00,1.200000000000000000e+02,3.417533259264996559e+02,6.451010305303655912e+01,3.175700000000000000e+06,8.665000000000000480e-02,-1.590888700000018900e+02,1.000000000000000000e+00
3.289522732690753140e-03,4.779680661643612855e-03,6.397798783779049536e-01,-9.865934762692381010e-01,2.000000000000000000e+01,6.789204959103711801e-02,-4.016085274349391909e+01,5.677800254013597225e+00,-5.274857361171012826e+01,5.074719803384327932e+00,-5.586410725328470050e+01,5.169914102467656036e+00,1.210000000000000000e+02,3.191038161716335821e+02,6.459058465731459364e+01,3.307900000000000000e+06,1.157299999999999995e-01,-2.094696999999914055e+02,1.000000000000000000e+00
3.061132107324547082e-03,5.034263527671186886e-03,5.725502805493817293e-01,-1.864248823037341074e-01,2.000000000000000000e+01,7.521439659308426506e-02,-3.708109868811513365e+01,4.338400740389710464e+00,-4.823122294428167578e+01,4.845645779022254018e+00,-5.510448690889349166e+01,4.996048770071876532e+00,1.220000000000000000e+02,5.195482594571301433e+02,6.271352867049475321e+01,3.212500000000000000e+06,1.863900000000000001e-01,-6.601340999999924861e+02,1.000000000000000000e+00
2.954613959332889200e-03,4.662698901317741638e-03,6.210029262720884180e-01,3.328291480180466388e-01,2.000000000000000000e+01,7.464997686842481106e-02,-4.033692669450141466e+01,4.750739092352205262e+00,-5.079659593389952477e+01,5.028114525817541036e+00,-4.826882151603908255e+01,4.909327205976036446e+00,1.230000000000000000e+02,4.931811314312481613e+02,6.283150506935485424e+01,3.273000000000000000e+06,2.109499999999999986e-01,-7.095939999999105794e+02,1.000000000000000000e+00
3.254909890928928563e-03,4.560308990763797289e-03,5.856984380528768019e-01,1.486200485076920152e+00,2.000000000000000000e+01,7.435747118245980558e-02,-3.827405333486916561e+01,4.521487554030369616e+00,-4.267241638201802800e+01,5.363864338961549905e+00,-5.027072241387286766e+01,4.688059023043433804e+00,1.240000000000000000e+02,8.388349606700320464e+02,6.006404211730543352e+01,3.319000000000000000e+06,3.082400000000000140e-01,-1.543195499999646700e+03,1.000000000000000000e+00
3.017963260395566030e-03,4.523357154481628430e-03,5.413111789386375605e-01,2.180419784369913572e+00,2.000000000000000000e+01,7.529236214924954484e-02,-3.777398902545878911e+01,5.528985767241011651e+00,-3.783198664694271685e+01,6.259324757790886373e+00,-4.560038755561292589e+01,4.222238617501384184e+00,1.250000000000000000e+02,9.000864115868369026e+02,5.937603999750423611e+01,3.457200000000000000e+06,2.228499999999999925e-01,-8.312606540001092981e+02,1.000000000000000000e+00
3.103740230055999222e-03,4.628317436244025126e-03,5.863453405743097591e-01,1.385675765328166165e+00,2.000000000000000000e+01,7.568939980113739696e-02,-3.603918457691523258e+01,4.495216214173097136e+00,-4.409617495832691247e+01,5.093335976802395137e+00,-5.199810401892460021e+01,4.803648406955581152e+00,1.260000000000000000e+02,8.466291371487587867e+02,6.003281632042028804e+01,3.291900000000000000e+06,1.426000000000000045e-01,-4.018774800000092000e+02,1.000000000000000000e+00
3.042910838634545721e-03,4.554273702635985160e-03,6.647844171751720044e-01,1.053556795252475586e+00,2.000000000000000000e+01,7.656548960963921457e-02,-2.489568503036834102e+01,5.331100402720806208e+00,-4.947371817839769648e+01,6.578757723104843080e+00,-5.118542033784461154e+01,4.742073605369170330e+00,1.270000000000000000e+02,8.252470115788856901e+02,6.007455730421445850e+01,3.460500000000000000e+06,2.519799999999999818e-01,-9.352259999998432249e+02,1.000000000000000000e+00
3.161202296825464490e-03,4.792435883429368992e-03,5.521879774688487341e-01,1.218274963415228118e+00,2.000000000000000000e+01,7.554466565418078983e-02,-3.627010459909742934e+01,4.714131698942012783e+00,-4.553077896237881816e+01,5.203534199878616207e+00,-4.944167439318557911e+01,4.823648963248134081e+00,1.280000000000000000e+02,8.179202964792987132e+02,6.017230733538402632e+01,3.330100000000000000e+06,1.748000000000000109e-01,-6.214722599999877275e+02,1.000000000000000000e+00
3.001328769845411967e-03,4.360359804225627349e-03,6.056395872676256786e-01,1.322018687937816628e+00,2.000000000000000000e+01,7.528099972407881202e-02,-3.322360520653942473e+01,4.697973082822552549e+00,-4.307825071004103279e+01,5.354440035839822976e+00,-5.160578716419792755e+01,5.004279548034912928e+00,1.290000000000000000e+02,9.137874752342611373e+02,5.917648750188438811e+01,3.371900000000000000e+06,1.643300000000000038e-01,-4.776432499999701236e+02,1.000000000000000000e+00
3.206259453872583112e-03,4.828115162212077982e-03,5.646103788903069631e-01,5.391677375814083462e-01,2.000000000000000000e+01,7.549591301265742849e-02,-3.805123636284681510e+01,4.648004473489737443e+00,-4.606471312222019776e+01,5.074635097137614181e+00,-5.351756362546304757e+01,4.870372448316263814e+00,1.300000000000000000e+02,6.294859480352452010e+02,6.151923418062045812e+01,3.273000000000000000e+06,1.767499999999999905e-01,-6.203803500000096847e+02,1.000000000000000000e+00
2.869595730796463233e-03,4.521992650889032628e-03,5.747296650942326224e-01,2.279092456753687657e+00,2.000000000000000000e+01,6.610346615448967067e-02,-3.026893122996911600e+01,4.771506956676335953e+00,-4.508156034492625253e+01,5.449328998708759642e+00,-4.248419343603566745e+01,5.255782228038007098e+00,1.310000000000000000e+02,1.245158222986922283e+03,5.766002146480976620e+01,3.434600000000000000e+06,4.503099999999999881e-01,-2.412120599999712795e+03,1.000000000000000000e+00
2.833806567159523251e-03,4.446249008393048617e-03,6.328254633531100737e-01,8.554775164012116129e-01,2.000000000000000000e+01,7.184223127460737102e-02,-3.556085449584234937e+01,5.897799387187670384e+00,-5.201656607809471211e+01,4.689191416388484690e+00,-5.271668626557063675e+01,4.641413841859796996e+00,1.320000000000000000e+02,7.417538217811921868e+02,6.070951572720237976e+01,3.311000000000000000e+06,3.324099999999999833e-01,-1.784222549999478360e+03,1.000000000000000000e+00
3.082313230344498837e-03,5.041892271300341642e-03,5.560521821842723256e-01,3.113802637870763057e+00,2.000000000000000000e+01,6.725147757602929766e-02,-1.760475253298464793e+01,5.989686932597042990e+00,-3.210380141791662112e+01,5.738987423510815589e+00,-5.345788342309234764e+01,5.565101698255493723e+00,1.330000000000000000e+02,2.851979124151514043e+03,5.596456169586581098e+01,3.589600000000000000e+06,4.938000000000000167e-01,-1.925506099999370463e+03,1.000000000000000000e+00
3.071255040583933081e-03,5.227938599864295072e-03,5.768492839392853622e-01,2.628943918529704327e+00,2.000000000000000000e+01,6.684382591803919582e-02,-2.549415162105832522e+01,5.850868659339855782e+00,-3.518155792299143769e+01,5.387305298425460798e+00,-5.892470318913942151e+01,5.129716732236388133e+00,1.340000000000000000e+02,2.313784069965083745e+03,5.605609829419594803e+01,3.536300000000000000e+06,8.281099999999999572e-02,-1.618469699999997431e+02,1.000000000000000000e+00
3.089789915538388061e-03,4.677047645989296058e-03,5.620498170273293681e-01,9.495054512611251774e-01,2.000000000000000000e+01,7.581375684467553389e-02,-3.549276477678373709e+01,4.771138020335456531e+00,-4.709063071093167707e+01,5.098080214309835156e+00,-4.885169230591220924e+01,4.880481563785771471e+00,1.350000000000000000e+02,8.042317536063884518e+02,6.048109637739911193e+01,3.328900000000000000e+06,1.481800000000000062e-01,-4.486679999999834649e+02,1.000000000000000000e+00
3.098823896566467451e-03,3.438460100365119381e-03,5.474525615902164910e-01,-1.520585979056644055e+00,2.000000000000000000e+01,6.747009624785182957e-02,-5.366282070643718072e+01,5.668927401313189840e+00,-5.467791150562255353e+01,5.932918298388154987e+00,-3.005109469395269528e+01,4.535176859924441750e+00,1.360000000000000000e+02,1.316369616152279036e+02,7.816805842887796985e+01,3.297400000000000000e+06,6.092199999999999838e-01,-1.918419400000454971e+03,1.000000000000000000e+00
3.171780935833913313e-03,5.090811727958309725e-03,5.022442242578734062e-01,-1.412988827974173356e+00,2.000000000000000000e+01,8.125723639262415199e-02,-4.337569544562341406e+01,6.384416071852679231e+00,-5.812125904150077105e+01,5.596067075748258013e+00,-4.120776154955147774e+01,3.858023230142223259e+00,1.370000000000000000e+02,1.319226852759611290e+02,7.027097113237832104e+01,3.351200000000000000e+06,1.136999999999999955e-01,-3.130061899999949446e+02,1.000000000000000000e+00
2.963958032416022167e-03,5.229767151590474297e-03,5.898722364321543621e-01,2.494306643576454707e+00,2.000000000000000000e+01,6.485861287032222700e-02,-2.477973847771892224e+01,6.034290385994298234e+00,-3.440583466033690030e+01,5.377647658074923065e+00,-6.007760139492308582e+01,5.245259294245030013e+00,1.380000000000000000e+02,3.010658019819023593e+03,5.596495022969227051e+01,3.629300000000000000e+06,2.768700000000000050e-01,-7.382700799999423680e+02,1.000000000000000000e+00
3.082313230344498837e-03,5.041892271300341642e-03,5.560521821842723256e-01,3.113802637870763057e+00,2.000000000000000000e+01,6.725147757602929766e-02,-1.760475253298464793e+01,5.989686932597042990e+00,-3.210380141791662112e+01,5.738987423510815589e+00,-5.345788342309234764e+01,5.565101698255493723e+00,1.390000000000000000e+02,3.135871203557520403e+03,5.601908114601243938e+01,3.713100000000000000e+06,9.262199999999999600e-02,-1.946733499999943433e+02,1.000000000000000000e+00
3.154858737052102912e-03,4.381662278477086586e-03,6.044681188204175104e-01,-3.505578811684951779e-01,2.000000000000000000e+01,6.504610492564902313e-02,-4.402222680419200884e+01,4.524618613595929872e+00,-4.395928177886895583e+01,5.802811008997822206e+00,-5.558304417594402480e+01,4.959927668624408703e+00,1.400000000000000000e+02,4.487971598765386716e+02,6.314535636855170253e+01,3.294800000000000000e+06,5.510099999999999720e-02,-7.772062999999940303e+01,1.000000000000000000e+00
3.075598559455366282e-03,4.664567716394280375e-03,6.143859337061693404e-01,1.955131799308690743e+00,2.000000000000000000e+01,7.681744288996825154e-02,-3.094386988041095421e+01,5.585250617211196200e+00,-4.638499300750461174e+01,4.977096294866520054e+00,-4.954407741941226107e+01,4.612579338620167668e+00,1.410000000000000000e+02,1.141849970458559710e+03,5.841854927146095378e+01,3.402600000000000000e+06,8.780399999999999316e-02,-1.645606500000041876e+02,1.000000000000000000e+00
3.178796608662633975e-03,5.151971693102393168e-03,5.375820777884359192e-01,2.730252940552248209e+00,2.000000000000000000e+01,6.704436525487045273e-02,-2.655129760177945997e+01,5.792907598827254922e+00,-3.327306960610751219e+01,5.293698605604595819e+00,-5.801842740024449085e+01,5.242317317136659938e+00,1.420000000000000000e+02,2.427547954930079413e+03,5.607051297401199719e+01,3.543000000000000000e+06,8.482000000000000650e-02,-1.812086999999999080e+02,1.000000000000000000e+00
2.940493393662692474e-03,5.240155040965087038e-03,5.719071677621745398e-01,-2.668126677335628472e+00,2.000000000000000000e+01,7.604475981599456702e-02,-4.095407388652627390e+01,4.849677779034459846e+00,-5.531944101783853540e+01,4.980538870210137858e+00,-5.310248608827471628e+01,4.507994082417782877e+00,1.430000000000000000e+02,1.593337053884750674e+02,6.714878185714104575e+01,3.175100000000000000e+06,1.264099999999999946e-01,-3.365320000000196501e+02,1.000000000000000000e+00
2.979174136588301231e-03,5.999352017465498996e-03,5.190009659408472142e-01,-2.481520759299234324e+00,2.000000000000000000e+01,7.189093606776797429e-02,-4.827584721643514598e+01,5.194149077651187163e+00,-5.138847330517795342e+01,5.774776537836026513e+00,-4.646918102488790225e+01,5.121010262797065948e+00,1.440000000000000000e+02,1.505464653243623729e+02,6.735188120925789690e+01,3.314600000000000000e+06,2.557800000000000074e-01,-1.150029651000006425e+03,1.000000000000000000e+00
3.030919607008991656e-03,5.123222769741121729e-03,6.586737588170014090e-01,-2.873350752829558985e+00,2.000000000000000000e+01,7.562799968641356618e-02,-4.507528871756789357e+01,4.888666271708496325e+00,-5.228622923841177084e+01,4.868287406762366487e+00,-5.460327870341611600e+01,4.802672878112798749e+00,1.450000000000000000e+02,1.454609408964983288e+02,6.753935321343954001e+01,3.176700000000000000e+06,1.233199999999999991e-01,-2.783376500000143778e+02,1.000000000000000000e+00
3.070162430182050983e-03,4.548463273370179777e-03,5.902533391261228779e-01,2.413916328871138217e-01,2.000000000000000000e+01,7.708614126212522122e-02,-3.839113659709647663e+01,4.978796567160432396e+00,-5.011709196818358691e+01,4.924123127416071277e+00,-5.197269003053402514e+01,4.784480255984426833e+00,1.460000000000000000e+02,5.391045251849296847e+02,6.254911796387062850e+01,3.266400000000000000e+06,8.754099999999999382e-02,-1.783611899999964692e+02,1.000000000000000000e+00
2.864662427151133933e-03,4.688349596688562784e-03,5.521338569012452790e-01,5.018210699008547604e-02,2.000000000000000000e+01,7.492583955711684673e-02,-3.632548462564948011e+01,4.624415832206960175e+00,-4.900123727191523670e+01,5.305768932158058782e+00,-5.831888562671090881e+01,4.675854538790449766e+00,1.470000000000000000e+02,4.642631768935808054e+02,6.290561038450031361e+01,3.225500000000000000e+06,2.294799999999999895e-01,-9.253950000001624403e+02,1.000000000000000000e+00
3.153282706491390870e-03,4.571408195445783584e-03,5.867357418888624609e-01,2.142519034442257109e+00,2.000000000000000000e+01,7.541131031968081877e-02,-3.055485926719128287e+01,4.691017046629443854e+00,-4.309707235472095022e+01,5.348552448543557603e+00,-4.868433220527897731e+01,4.969276327868509036e+00,1.480000000000000000e+02,1.148899670962118535e+03,5.803101045438397421e+01,3.402200000000000000e+06,1.622899999999999898e-01,-5.004862000000144349e+02,1.000000000000000000e+00
3.057810984622268916e-03,4.903620892942685966e-03,5.856968810601941300e-01,-1.518772519098630758e+00,2.000000000000000000e+01,7.454044504226364776e-02,-4.068717983679970018e+01,4.570003650058187539e+00,-4.922293157497973937e+01,5.099113401916849142e+00,-5.880602462015059473e+01,5.451104991099390062e+00,1.490000000000000000e+02,2.683864414165680046e+02,6.478072116830313121e+01,3.222200000000000000e+06,2.759099999999999886e-01,-1.231314399999999068e+03,1.000000000000000000e+00
2.930831689489299917e-03,5.228909018965329641e-03,5.830427607084863739e-01,-1.073983953290641669e+00,2.000000000000000000e+01,7.527064429938104539e-02,-4.299086823756922371e+01,5.201972959486052872e+00,-5.116142860859208952e+01,5.091001153252317835e+00,-5.145408847516787887e+01,5.035476064943622987e+00,1.500000000000000000e+02,2.623992412527992997e+02,6.488552450453438780e+01,3.282400000000000000e+06,1.677099999999999980e-01,-5.156605999999585492e+02,1.000000000000000000e+00
2.914175443817695887e-03,4.367280204934022303e-03,5.936441520427913066e-01,1.484237089659084408e+00,2.000000000000000000e+01,7.737086349792438034e-02,-3.198377776084843660e+01,4.717289357991711896e+00,-4.465230603794407926e+01,5.561650807757272830e+00,-5.215206504724885406e+01,5.074206706742925732e+00,1.510000000000000000e+02,9.874036960756725421e+02,5.899845676374189907e+01,3.386800000000000000e+06,7.915600000000000414e-02,-1.356948010000029683e+02,1.000000000000000000e+00
3.071619336510163743e-03,4.654456119581170878e-03,6.286581038766563267e-01,-6.178887084858861872e-02,2.000000000000000000e+01,7.699053555273993599e-02,-3.885148311225657380e+01,4.864374498173440031e+00,-4.986804569574568546e+01,5.437339414136497240e+00,-5.574372793274540072e+01,4.654830292732132335e+00,1.520000000000000000e+02,4.214212949417019445e+02,6.350177924330304080e+01,3.256300000000000000e+06,8.463299999999999990e-02,-1.502207999999989738e+02,1.000000000000000000e+00
3.114097422988846339e-03,4.890837445358444877e-03,5.818150517166523761e-01,-1.215952486413568456e-02,2.000000000000000000e+01,7.655713340674299983e-02,-3.786245692381551464e+01,4.684438777884277982e+00,-4.660400378184900205e+01,5.073318573058640091e+00,-5.425453940170970668e+01,5.069833491780443069e+00,1.530000000000000000e+02,5.909395506264087317e+02,6.202717004640464182e+01,3.282100000000000000e+06,1.059200000000000003e-01,-2.532719999999941649e+02,1.000000000000000000e+00
3.063354031364273495e-03,4.646163402366980041e-03,5.924591358243835870e-01,3.725474839269496408e-01,2.000000000000000000e+01,7.675578999903373556e-02,-3.931345661478027864e+01,4.928135361633781741e+00,-4.762688765656093892e+01,5.160257532144504111e+00,-5.132498427400180674e+01,4.807327578232623466e+00,1.540000000000000000e+02,5.878261517592100063e+02,6.206576512779740540e+01,3.299400000000000000e+06,9.531900000000000095e-02,-2.052209999999894592e+02,1.000000000000000000e+00
3.084729538003517200e-03,4.262928733600955186e-03,5.413177716115614713e-01,-8.514135073221049121e-02,2.000000000000000000e+01,6.713687039175293692e-02,-4.013990816031927267e+01,4.692527277291535626e+00,-4.613256515763156074e+01,5.343599372738269793e+00,-5.558101998398296928e+01,5.449374253794392331e+00,1.550000000000000000e+02,5.807505255632755734e+02,6.226201508600524193e+01,3.312800000000000000e+06,8.026700000000000501e-02,-1.492063299999967967e+02,1.000000000000000000e+00
2.876970259435189872e-03,4.793837459526465936e-03,7.018106314092321663e-01,-8.363702377108037656e-01,2.000000000000000000e+01,7.490229798012368323e-02,-4.205332128965054039e+01,4.847724615945342208e+00,-5.149237320379420169e+01,5.467169092515880457e+00,-5.725859633337307741e+01,4.576621274763929215e+00,1.560000000000000000e+02,1.901051574121155454e+02,6.609670981362427256e+01,3.207200000000000000e+06,1.446099999999999886e-01,-3.200182999999941558e+02,1.000000000000000000e+00
2.887886295936022314e-03,5.257064082431329652e-03,5.819234062162799148e-01,-1.218238592248754859e+00,2.000000000000000000e+01,7.522563477689404865e-02,-4.316845898712582397e+01,4.299935181285370334e+00,-5.213451769153031989e+01,5.052132576300589761e+00,-5.144321585568997079e+01,5.046330758976820263e+00,1.570000000000000000e+02,2.427952680480635195e+02,6.531817222177875237e+01,3.195100000000000000e+06,1.692400000000000015e-01,-5.216708730000432297e+02,1.000000000000000000e+00
2.910035727878740840e-03,4.434965544403776314e-03,5.927427933775373248e-01,-3.960099267568283121e+00,2.000000000000000000e+01,7.575829338760842191e-02,-4.305712835843570474e+01,5.829364353648937680e+00,-5.904767260554115182e+01,5.372340014960157895e+00,-4.293670610789988729e+01,4.607954828073983933e+00,1.580000000000000000e+02,1.333329032842432298e+02,6.920930173966011978e+01,3.312300000000000000e+06,1.540900000000000047e-01,-4.317470000000280379e+02,1.000000000000000000e+00
3.002422765566966842e-03,4.831701407355138214e-03,6.291025858361184442e-01,6.941021514046287200e-01,2.000000000000000000e+01,7.536100738964804369e-02,-3.376984514275819294e+01,4.835801671961353243e+00,-4.675080890890534135e+01,5.150621454430563517e+00,-5.065070248370678030e+01,5.319657520113066695e+00,1.590000000000000000e+02,8.157665976795923370e+02,6.022538686105116312e+01,3.369900000000000000e+06,1.406799999999999995e-01,-3.549482899999820233e+02,1.000000000000000000e+00
3.085450124360086897e-03,4.678171251923221065e-03,5.728184584340454411e-01,-7.275584531698784385e-01,2.000000000000000000e+01,7.213970253298232493e-02,-3.534832953530930411e+01,5.303592631350404929e+00,-5.082953726684294793e+01,5.695613672616095968e+00,-6.514398504219192887e+01,5.143425647345281959e+00,1.600000000000000000e+02,3.762640372949355765e+02,6.407678833174065858e+01,3.278900000000000000e+06,6.084699999999999553e-01,-2.405296529999549421e+03,1.000000000000000000e+00
3.074403552958980546e-03,4.786453493226978766e-03,5.766003268797006420e-01,1.772621566749938093e+00,2.000000000000000000e+01,7.508969807782711614e-02,-3.345833147041811628e+01,4.489659341763013067e+00,-4.328133707320397150e+01,5.380268450349099396e+00,-5.096657284418650136e+01,4.703806579119534703e+00,1.610000000000000000e+02,9.777210704185708892e+02,5.916550529013147752e+01,3.333700000000000000e+06,1.893100000000000060e-01,-6.609315000000852933e+02,1.000000000000000000e+00
3.182308834673531258e-03,5.058217771319955224e-03,5.680954401045331670e-01,1.470660926563835513e+00,2.000000000000000000e+01,7.529976860787615522e-02,-3.626485805718424160e+01,4.740195702095558516e+00,-4.520760905060961932e+01,5.437954237677013580e+00,-4.911640645326855292e+01,4.654070938764551357e+00,1.620000000000000000e+02,8.675269694550108852e+02,6.000887731586875873e+01,3.343200000000000000e+06,1.772199999999999886e-01,-6.179638199999332073e+02,1.000000000000000000e+00
2.886835634077262840e-03,4.438682851801679756e-03,5.908432659267233156e-01,7.878054310507635050e-01,2.000000000000000000e+01,7.714912536073562088e-02,-3.760761236114332462e+01,4.542073586078997138e+00,-4.526699345381880590e+01,5.667314411371998872e+00,-5.293447379412367582e+01,4.847063147555841667e+00,1.630000000000000000e+02,7.061951754792230531e+02,6.100833257502595330e+01,3.323900000000000000e+06,8.410600000000000021e-02,-1.544539650000018298e+02,1.000000000000000000e+00
3.119364984513437258e-03,4.702977205984106186e-03,5.718523747393030598e-01,5.229159058321749542e-01,2.000000000000000000e+01,7.714573848412784041e-02,-3.877340279698236003e+01,4.578243936457726093e+00,-4.533931198815972863e+01,5.197953447364874968e+00,-5.329660317742145992e+01,4.923459843399393243e+00,1.640000000000000000e+02,6.601397243935754204e+02,6.149121557008147931e+01,3.284200000000000000e+06,8.893199999999999716e-02,-1.940080199999948718e+02,1.000000000000000000e+00
3.151688963829719740e-03,4.705632256723039052e-03,5.923517673111033943e-01,2.899866066495041750e+00,2.000000000000000000e+01,7.672691174691831373e-02,-2.673180412191536703e+01,5.064149871291358629e+00,-3.605804622189137376e+01,5.659791565507434008e+00,-4.812283462311165749e+01,5.169123559474929408e+00,1.650000000000000000e+02,1.724862729065363737e+03,5.627965360691377583e+01,3.553300000000000000e+06,9.312600000000000044e-02,-1.929085199999963720e+02,1.000000000000000000e+00
2.907054150012011555e-03,4.877174520052447032e-03,6.020233588162526850e-01,-7.810481110410467664e-01,2.000000000000000000e+01,7.455093722739744577e-02,-3.613935510259661044e+01,5.116638019736042153e+00,-5.478159722283089650e+01,4.744468444020285780e+00,-5.350427686736047406e+01,4.639542261775893017e+00,1.660000000000000000e+02,3.877408224285387632e+02,6.399461303821222913e+01,3.222000000000000000e+06,2.359300000000000008e-01,-8.915768999998401796e+02,1.000000000000000000e+00
3.065817270871441791e-03,5.228138685202398522e-03,5.738147837823501796e-01,2.576943585589700270e+00,2.000000000000000000e+01,6.635926667855174266e-02,-2.543516759814571415e+01,5.890487438158391598e+00,-3.491339996893556474e+01,5.383470615979445206e+00,-5.879625477513391019e+01,5.109238986599304866e+00,1.670000000000000000e+02,2.287913819727014470e+03,5.610533566888351231e+01,3.541100000000000000e+06,7.306200000000000194e-02,-1.349039999999957047e+02,1.000000000000000000e+00
2.963958032416022167e-03,5.229767151590474297e-03,5.898722364321543621e-01,2.494306643576454707e+00,2.000000000000000000e+01,6.485861287032222700e-02,-2.477973847771892224e+01,6.034290385994298234e+00,-3.440583466033690030e+01,5.377647658074923065e+00,-6.007760139492308582e+01,5.245259294245030013e+00,1.680000000000000000e+02,2.118700803708859439e+03,5.610573402371393570e+01,3.555100000000000000e+06,5.596099999999999686e-02,-8.180639999999985434e+01,1.000000000000000000e+00
3.058708508915525433e-03,4.523414010761738629e-03,5.849632523580086119e-01,2.846841461911391313e+00,2.000000000000000000e+01,7.641575138212287899e-02,-2.719013530407666224e+01,4.822260613990682288e+00,-3.702550353814022799e+01,5.297005813129292306e+00,-5.049052310408077204e+01,5.166042185536131370e+00,1.690000000000000000e+02,1.530069565965549145e+03,5.671876605629596213e+01,3.467800000000000000e+06,1.056399999999999978e-01,-2.377940399999923500e+02,1.000000000000000000e+00
3.107224081767668601e-03,4.962194465169961211e-03,6.236852098731249239e-01,1.549604738112394520e+00,2.000000000000000000e+01,7.504773304736016282e-02,-3.753470394407769817e+01,4.616420236937663013e+00,-4.103402904976531573e+01,5.078241026320718277e+00,-4.828072646688318059e+01,5.428386061197726598e+00,1.700000000000000000e+02,9.897436548901677043e+02,5.902880989489958097e+01,3.389800000000000000e+06,1.616900000000000004e-01,-4.570544099999802938e+02,1.000000000000000000e+00
3.237171272867025475e-03,4.876424883440076165e-03,5.554510942414390140e-01,9.165211676110747163e-01,2.000000000000000000e+01,7.518171216784116928e-02,-3.633290142528552735e+01,4.825886893065524319e+00,-4.743887786156331288e+01,5.265897426165067507e+00,-4.942288875964332107e+01,4.712075686039862710e+00,1.710000000000000000e+02,7.393967939091149901e+02,6.087351603528444599e+01,3.322600000000000000e+06,2.128599999999999937e-01,-8.744216000001255225e+02,1.000000000000000000e+00
3.135209127926530392e-03,4.556871347204637102e-03,6.239594342565008001e-01,1.232657263936267400e+00,2.000000000000000000e+01,7.943764360969365890e-02,-3.826889627444473518e+01,4.600953405363389592e+00,-4.617320773067363149e+01,4.815912391636927303e+00,-5.240960640531523040e+01,5.186152333998397701e+00,1.720000000000000000e+02,7.275519364950438330e+02,6.089920702607134473e+01,3.261500000000000000e+06,1.277099999999999902e-01,-3.364543700000023136e+02,1.000000000000000000e+00
2.833947196965084722e-03,5.542103318670719633e-03,5.629708213991672094e-01,9.407962352101977288e-01,2.000000000000000000e+01,6.914959014341855170e-02,-3.050958649678205603e+01,4.695400912163016471e+00,-4.570288364533918468e+01,5.540794602615316755e+00,-4.703112339831005073e+01,4.214832565686848831e+00,1.730000000000000000e+02,7.144648027451679582e+02,6.095858404857649049e+01,3.369300000000000000e+06,1.540199999999999902e-01,-4.450930000000161044e+02,1.000000000000000000e+00
3.064420512808544318e-03,4.637246659774748106e-03,5.934859683865192359e-01,3.443241815298766495e-01,2.000000000000000000e+01,7.673841607487039140e-02,-3.983047867695746191e+01,4.936081182022149960e+00,-4.799434045059354048e+01,5.145900124592090563e+00,-5.125512688912172621e+01,4.798367592224725087e+00,1.740000000000000000e+02,5.582962091970094889e+02,6.232631183678664399e+01,3.293000000000000000e+06,9.615899999999999448e-02,-2.075281600000039646e+02,1.000000000000000000e+00
3.111741866816161717e-03,4.905256937875033044e-03,5.490338751931439498e-01,4.278817381943049170e-01,2.000000000000000000e+01,7.573353813574539017e-02,-3.817976165682499357e+01,4.739202049697469832e+00,-4.791550656405104291e+01,4.977701215194739959e+00,-5.141728712011519065e+01,4.949087798522207038e+00,1.750000000000000000e+02,6.079839146620901147e+02,6.174231232964570637e+01,3.281400000000000000e+06,1.609200000000000075e-01,-5.407444900000267580e+02,1.000000000000000000e+00
3.017458415154519909e-03,5.027128194356796781e-03,5.923893949850791429e-01,-5.074695307693503077e-01,2.000000000000000000e+01,7.588368455059428530e-02,-3.884384624980340561e+01,4.857056193528425325e+00,-4.748703866159135600e+01,5.305964841981171354e+00,-5.157670178905020464e+01,5.022343537641633660e+00,1.760000000000000000e+02,5.335163548881663473e+02,6.269145856803505978e+01,3.322000000000000000e+06,1.276599999999999957e-01,-3.288639000000051169e+02,1.000000000000000000e+00
3.155009865002784963e-03,5.153311386101562877e-03,5.926339013493870933e-01,-9.681226253884804844e-01,2.000000000000000000e+01,7.535377499019019210e-02,-3.699307138840962494e+01,4.432053503471172107e+00,-4.925286305148303256e+01,4.939778705602183351e+00,-5.481933585724100055e+01,5.440015494605519031e+00,1.770000000000000000e+02,4.477909546680990616e+02,6.341470708023257430e+01,3.253500000000000000e+06,1.691300000000000026e-01,-5.387859099999914179e+02,1.000000000000000000e+00
3.131653562059530729e-03,5.129566758499582921e-03,5.537569814007659019e-01,3.612392728164826039e-01,2.000000000000000000e+01,7.638951849412570216e-02,-3.813306210702846499e+01,4.739798430372445637e+00,-4.735426936227117523e+01,5.206771954434066707e+00,-5.239992838975250322e+01,5.004765193031862403e+00,1.780000000000000000e+02,6.261150395212190460e+02,6.166762678228499084e+01,3.300800000000000000e+06,1.158099999999999963e-01,-3.154968000000023380e+02,1.000000000000000000e+00
3.031329093582922803e-03,5.400806108360379013e-03,5.358755377782185025e-01,2.332194324621648107e-01,2.000000000000000000e+01,7.510085890465333092e-02,-3.917094682706233755e+01,5.086597254989476014e+00,-5.008123677653842520e+01,5.579112291566947768e+00,-4.777174889718487805e+01,4.831011136953227592e+00,1.790000000000000000e+02,5.505293180202686472e+02,6.244029419659315749e+01,3.353400000000000000e+06,2.108299999999999896e-01,-8.664332799998506971e+02,1.000000000000000000e+00
3.059464630287936880e-03,5.020082500502062034e-03,6.127746102951439067e-01,-1.901910490948939270e-01,2.000000000000000000e+01,7.438437129591125851e-02,-3.722220943619440447e+01,4.796575660944178310e+00,-5.058579773397635648e+01,5.109026711282801614e+00,-4.934787143294558831e+01,5.047108374787561580e+00,1.800000000000000000e+02,5.503854992491797020e+02,6.245871638947186000e+01,3.304900000000000000e+06,2.571300000000000252e-01,-1.026226079999924195e+03,1.000000000000000000e+00
2.980268194257033095e-03,5.252874057598580677e-03,5.879128235566586369e-01,-3.154458601115625593e-01,2.000000000000000000e+01,7.493847713410087263e-02,-3.757896516411017274e+01,4.458653245903855478e+00,-4.783766439112856972e+01,5.198081527297399695e+00,-5.233813917390696702e+01,5.027265686794430088e+00,1.810000000000000000e+02,5.485831086928693594e+02,6.254648231739596298e+01,3.275600000000000000e+06,1.924500000000000099e-01,-6.574851270000591512e+02,1.000000000000000000e+00
3.028089270537609977e-03,5.392062268778759215e-03,5.528915087014749652e-01,-9.942085842045496058e-01,2.000000000000000000e+01,7.731885279637769337e-02,-4.096632316063877255e+01,4.877447418045276706e+00,-4.978553030043737238e+01,5.714383779493990012e+00,-5.307431181010265675e+01,4.913602419347800954e+00,1.820000000000000000e+02,3.512574898965983721e+02,6.417211062006346367e+01,3.304900000000000000e+06,8.513900000000000634e-02,-1.823805099999995321e+02,1.000000000000000000e+00
3.078663837181841792e-03,4.605072580246559986e-03,5.953410325911088208e-01,2.903441049185085721e+00,2.000000000000000000e+01,7.714692802179481945e-02,-2.789164843742410937e+01,4.832512491278820654e+00,-3.500599864373526771e+01,5.398192399591398072e+00,-5.179511323387168886e+01,5.192511322388069672e+00,1.830000000000000000e+02,1.635263038773923427e+03,5.658824470277495067e+01,3.479600000000000000e+06,8.211699999999999555e-02,-1.500450599999998360e+02,1.000000000000000000e+00
3.142936807297885479e-03,5.146326976698285295e-03,4.879974808188283775e-01,2.868567965323215674e+00,2.000000000000000000e+01,7.526763835077249221e-02,-2.834355407667408144e+01,5.015060282777723089e+00,-3.622627780627146876e+01,5.507175040887735129e+00,-5.181891806315766047e+01,5.372212518384500868e+00,1.840000000000000000e+02,1.530063466241537071e+03,5.676821889299730373e+01,3.510500000000000000e+06,4.312300000000000022e-01,-2.440975800000071104e+03,1.000000000000000000e+00
2.776526864018375590e-03,5.265415166733650176e-03,4.883603665267580718e-01,-2.885438117832453742e+00,2.000000000000000000e+01,7.591097362457602249e-02,-3.742211522079632147e+01,4.660316664072664317e+00,-5.797246292632394216e+01,5.504086804019534540e+00,-5.576112163477945671e+01,4.342680927277804415e+00,1.850000000000000000e+02,1.374778100162091334e+02,6.827577769153522524e+01,3.158500000000000000e+06,1.760799999999999865e-01,-6.828667590000885639e+02,1.000000000000000000e+00
2.893712601523965294e-03,5.224109547618768258e-03,5.649094050207976725e-01,-3.421282029146532011e+00,2.000000000000000000e+01,7.603444239921625103e-02,-4.229128243322213621e+01,5.156185381796610123e+00,-5.466067202293136518e+01,5.189867752772711285e+00,-5.189492582076682226e+01,4.232938195519428071e+00,1.860000000000000000e+02,1.420688313270399874e+02,6.825594501238015255e+01,3.200800000000000000e+06,1.310600000000000098e-01,-3.546126920000240830e+02,1.000000000000000000e+00
3.178218631961456271e-03,5.019575550984608711e-03,5.897138768319991620e-01,2.814598694662617806e+00,2.000000000000000000e+01,7.098647269248417602e-02,-2.647939581323372238e+01,5.204902729462682842e+00,-3.594114896723066011e+01,5.598015668650647925e+00,-5.476880508985460949e+01,5.297966728659690538e+00,1.870000000000000000e+02,2.272829246745950059e+03,5.615266180204457669e+01,3.525900000000000000e+06,4.949100000000000166e-01,-1.756849049999953650e+03,1.000000000000000000e+00
3.314875093708024092e-03,4.384456055853861584e-03,5.681279760939249579e-01,1.995276309981882878e+00,2.000000000000000000e+01,7.592351914257178258e-02,-2.918410207551914226e+01,4.917185416338625714e+00,-4.324846057239913932e+01,5.328904760823339970e+00,-4.562168680141455468e+01,5.145041120452129135e+00,1.880000000000000000e+02,1.233719916189201740e+03,5.784234584748529784e+01,3.465400000000000000e+06,1.492199999999999915e-01,-4.614480000000178848e+02,1.000000000000000000e+00
3.124022445035532468e-03,4.669039015904972480e-03,5.826122611390777140e-01,2.077247975951806769e+00,2.000000000000000000e+01,7.588167362910794300e-02,-2.897784128374228274e+01,4.742085267419388295e+00,-4.302968790764124662e+01,5.316037034103612946e+00,-4.986341796708128982e+01,4.949512267805196153e+00,1.890000000000000000e+02,1.224624531665128188e+03,5.797177432012180986e+01,3.402300000000000000e+06,1.305000000000000049e-01,-3.507098399999910043e+02,1.000000000000000000e+00
3.144807342001565854e-03,4.657286737139419014e-03,5.886887038389807536e-01,1.898173026365020943e+00,2.000000000000000000e+01,7.723264861804625403e-02,-3.151907506080443966e+01,4.565585083313063564e+00,-4.096292713292071141e+01,5.090418766474815726e+00,-5.388684673392755542e+01,5.144586123317019144e+00,1.900000000000000000e+02,1.165599477722842948e+03,5.839770382990425190e+01,3.350900000000000000e+06,8.311399999999999344e-02,-1.605995600000020431e+02,1.000000000000000000e+00
2.897555743455718438e-03,4.411058374845519894e-03,6.066222462182017106e-01,1.378840280403128338e+00,2.000000000000000000e+01,7.932443490684554233e-02,-3.064671114853689460e+01,4.796003622794792420e+00,-4.037428233174871650e+01,5.935289350745653003e+00,-5.357539943558759887e+01,5.313344581157968705e+00,1.910000000000000000e+02,1.165158794654764506e+03,5.841553198964315641e+01,3.471500000000000000e+06,5.288799999999999751e-02,-6.201720000000024413e+01,1.000000000000000000e+00
3.099374810389380827e-03,4.616916533068989546e-03,5.869242777744303474e-01,1.546960012254514183e+00,2.000000000000000000e+01,7.584353942120930503e-02,-3.576612637132178918e+01,4.497023361298266408e+00,-4.385563540579048691e+01,5.061012326241577597e+00,-5.200803083450200148e+01,4.856887550588204761e+00,1.920000000000000000e+02,8.825006060777026278e+02,5.980948200818207994e+01,3.296500000000000000e+06,1.323300000000000032e-01,-3.572113999999781981e+02,1.000000000000000000e+00
3.055452682295845858e-03,4.474454272461079844e-03,5.880988829192002054e-01,2.845962731392104317e+00,2.000000000000000000e+01,7.667808903044197322e-02,-2.715531396122290175e+01,4.818815977740183776e+00,-3.696953632845468007e+01,5.298977917858278985e+00,-4.871661808372296321e+01,5.166203964849624519e+00,1.930000000000000000e+02,1.589267851086062137e+03,5.672032011796783024e+01,3.482600000000000000e+06,9.558400000000000230e-02,-2.009105900000042766e+02,1.000000000000000000e+00
3.137060819015776748e-03,4.843978586779051215e-03,5.823081397218873301e-01,1.890652640485171787e+00,2.000000000000000000e+01,7.628176447837906049e-02,-3.183133008916391304e+01,4.787971780647895415e+00,-4.183813146845754716e+01,5.414072929414901481e+00,-5.054297563801331705e+01,4.969659196175178373e+00,1.940000000000000000e+02,1.174719934269079431e+03,5.819311981936713352e+01,3.407200000000000000e+06,1.120300000000000046e-01,-2.757510900000125957e+02,1.000000000000000000e+00
3.128711487486399503e-03,4.458780476086035907e-03,5.966692914690395755e-01,1.160014210832742254e+00,2.000000000000000000e+01,7.644324114451958585e-02,-3.834697947781891259e+01,4.502580233708350477e+00,-4.467047329091342789e+01,4.774079852694873338e+00,-5.303956200924010034e+01,4.956729378424251209e+00,1.950000000000000000e+02,7.361357601163208528e+02,6.092597353920334058e+01,3.253600000000000000e+06,1.076899999999999941e-01,-2.524060000000085608e+02,1.000000000000000000e+00
2.976619875806405489e-03,4.882029177319338435e-03,5.739816511533574195e-01,1.448967482866958534e-01,2.000000000000000000e+01,7.464449613438051134e-02,-3.571783797479115208e+01,5.015692326706812310e+00,-5.032729019787879565e+01,5.103852393060568815e+00,-5.272787626647795634e+01,4.474405816836767968e+00,1.960000000000000000e+02,5.679502260310149495e+02,6.237531724800313526e+01,3.268600000000000000e+06,2.500100000000000100e-01,-1.042244198999896071e+03,1.000000000000000000e+00
3.100285234342095575e-03,4.621624099661286560e-03,6.259493783606053796e-01,-3.863784988379061897e-02,2.000000000000000000e+01,7.616773271425333891e-02,-3.886961928676807076e+01,4.776867159665465934e+00,-4.991462785760975862e+01,5.477582293614505105e+00,-5.598054428393750470e+01,4.646755768395479436e+00,1.970000000000000000e+02,4.075404112775906924e+02,6.362009365382243686e+01,3.248500000000000000e+06,1.110700000000000021e-01,-2.497486100000073179e+02,1.000000000000000000e+00
3.142009475684116090e-03,5.515286334852172352e-03,5.464277223878329925e-01,-7.613663625402558033e-01,2.000000000000000000e+01,7.462805480378442713e-02,-3.836192751077336283e+01,4.727505116996490564e+00,-4.877124018119913273e+01,5.072459766229291844e+00,-5.739200454535644980e+01,4.908455512066996818e+00,1.980000000000000000e+02,4.106387333019375774e+02,6.358828285574962536e+01,3.229800000000000000e+06,2.777800000000000269e-01,-1.381388700000225526e+03,1.000000000000000000e+00
3.035497354029529499e-03,4.392795702976258487e-03,5.777211026860999965e-01,2.789363144118409910e+00,2.000000000000000000e+01,7.594691239077003275e-02,-2.645380082787545462e+01,4.808564100452045409e+00,-3.898904122285964746e+01,5.197791331396172332e+00,-4.741202795393206060e+01,5.139734827997686217e+00,1.990000000000000000e+02,1.498474262753666835e+03,5.689230983205262504e+01,3.469600000000000000e+06,1.277200000000000002e-01,-3.302188799999807998e+02,1.000000000000000000e+00
