2.254024649505375569e-03,6.214700573579739346e-03,9.359457976349985220e-01,2.157644810814169034e+00,2.000000000000000000e+01,6.564111328124999645e-02,0.000000000000000000e+00,0.000000000000000000e+00,0.000000000000000000e+00,0.000000000000000000e+00,0.000000000000000000e+00,0.000000000000000000e+00,0.000000000000000000e+00,7.007474866583630501e+03,1.391567911916212097e+02,2.119000000000000000e+06,7.639300000000000257e-02,-4.992610000000048842e+01,1.000000000000000000e+00
2.910091490766802264e-03,1.377837678330248554e-03,3.427344578614750503e-01,3.000404510208468878e+00,2.000000000000000000e+01,6.571093749999999678e-02,0.000000000000000000e+00,0.000000000000000000e+00,0.000000000000000000e+00,0.000000000000000000e+00,0.000000000000000000e+00,0.000000000000000000e+00,1.000000000000000000e+00,5.390979467529866270e+03,1.392307031345034147e+02,2.119800000000000000e+06,2.766400000000000109e-02,-5.005200000000014882e+01,1.000000000000000000e+00
2.548144226880149667e-03,3.355949249343636448e-03,1.106969644371915251e+00,-1.768963365666995813e+01,2.000000000000000000e+01,6.567285156249999534e-02,0.000000000000000000e+00,0.000000000000000000e+00,0.000000000000000000e+00,0.000000000000000000e+00,0.000000000000000000e+00,0.000000000000000000e+00,2.000000000000000000e+00,6.298072880386483803e+02,5.272548814947942901e+02,2.090400000000000000e+06,9.123199999999999366e-02,-5.006820000000039528e+01,1.000000000000000000e+00
1.400916725887938613e-03,2.763697829730930953e-03,7.939666930920633581e-01,-1.123179684614746776e+01,2.000000000000000000e+01,6.618066406250000533e-02,0.000000000000000000e+00,0.000000000000000000e+00,0.000000000000000000e+00,0.000000000000000000e+00,0.000000000000000000e+00,0.000000000000000000e+00,3.000000000000000000e+00,6.945070481747980011e+02,4.327233398875122816e+02,2.106700000000000000e+06,8.484700000000000575e-02,-4.966545000000050436e+01,1.000000000000000000e+00
2.205887671253057604e-03,1.014868767816404140e-03,1.088287173252953988e+00,3.197071159783064331e+00,2.000000000000000000e+01,6.680908203125000833e-02,0.000000000000000000e+00,0.000000000000000000e+00,0.000000000000000000e+00,0.000000000000000000e+00,0.000000000000000000e+00,0.000000000000000000e+00,4.000000000000000000e+00,2.877395581175418556e+03,1.405045650137886071e+02,2.119700000000000000e+06,9.163399999999999324e-02,-5.018649999999976785e+01,1.000000000000000000e+00
6.074646212419656903e-04,3.095330691965941881e-03,1.287631797901551689e+00,9.552771791159422321e-01,2.000000000000000000e+01,6.869433593749998956e-02,0.000000000000000000e+00,0.000000000000000000e+00,0.000000000000000000e+00,0.000000000000000000e+00,0.000000000000000000e+00,0.000000000000000000e+00,5.000000000000000000e+00,2.865814541825074230e+03,1.517026987938656077e+02,2.120600000000000000e+06,2.033099999999999907e-01,-4.992575000000086050e+01,1.000000000000000000e+00
2.917256848667953203e-03,1.478197551296850723e-03,1.498710147109999058e+00,-3.250955623854281384e-01,2.000000000000000000e+01,6.725976562499999534e-02,0.000000000000000000e+00,0.000000000000000000e+00,0.000000000000000000e+00,0.000000000000000000e+00,0.000000000000000000e+00,0.000000000000000000e+00,6.000000000000000000e+00,2.438583938198212309e+03,1.751543038077505230e+02,2.121200000000000000e+06,1.078000000000000069e-01,-5.002654999999983687e+01,1.000000000000000000e+00
1.179175834457030139e-03,5.432371765090451138e-03,1.250622766941776209e+00,-7.418626914394639726e+00,2.000000000000000000e+01,6.767871093749999734e-02,0.000000000000000000e+00,0.000000000000000000e+00,0.000000000000000000e+00,0.000000000000000000e+00,0.000000000000000000e+00,0.000000000000000000e+00,7.000000000000000000e+00,8.301336932130963078e+02,3.509865669282550016e+02,2.113300000000000000e+06,1.459900000000000087e-01,-4.975379999999923797e+01,1.000000000000000000e+00
5.108168245032474516e-04,1.195756810612468067e-03,8.243805237695700505e-01,-2.909596192684034577e+00,2.000000000000000000e+01,6.814843750000000588e-02,0.000000000000000000e+00,0.000000000000000000e+00,0.000000000000000000e+00,0.000000000000000000e+00,0.000000000000000000e+00,0.000000000000000000e+00,8.000000000000000000e+00,1.328640647269799047e+03,2.388770529198376664e+02,2.120000000000000000e+06,1.420399999999999996e-01,-5.023129999999790840e+01,1.000000000000000000e+00
9.788090141320275519e-04,4.674892855838446923e-03,1.149012478629759748e+00,-2.885114782541620571e+00,2.000000000000000000e+01,6.790722656250000600e-02,0.000000000000000000e+00,0.000000000000000000e+00,0.000000000000000000e+00,0.000000000000000000e+00,0.000000000000000000e+00,0.000000000000000000e+00,9.000000000000000000e+00,2.293844323471893404e+03,2.383327365169301402e+02,2.119300000000000000e+06,1.451399999999999912e-01,-5.017375000000066620e+01,1.000000000000000000e+00
1.630621021473906054e-03,6.788714875911951857e-03,1.481451826095531166e+00,-7.164485675432786138e+00,2.000000000000000000e+01,6.766601562500000611e-02,0.000000000000000000e+00,0.000000000000000000e+00,0.000000000000000000e+00,0.000000000000000000e+00,0.000000000000000000e+00,0.000000000000000000e+00,1.000000000000000000e+01,1.269104052908756330e+03,3.457659678533922829e+02,2.113000000000000000e+06,1.477600000000000025e-01,-4.974549999999962324e+01,1.000000000000000000e+00
9.594970914917095185e-04,1.292886562338825497e-03,1.391783783894892546e+00,-1.687661529477603750e+01,2.000000000000000000e+01,6.770410156250000755e-02,0.000000000000000000e+00,0.000000000000000000e+00,0.000000000000000000e+00,0.000000000000000000e+00,0.000000000000000000e+00,0.000000000000000000e+00,1.100000000000000000e+01,7.042837004485243142e+02,5.187947925370365283e+02,2.092800000000000000e+06,1.757799999999999918e-01,-5.068315000000010428e+01,1.000000000000000000e+00
1.950288224854692266e-03,4.087924547492138155e-03,1.319042399588415293e+00,-1.724023484047854993e+00,2.000000000000000000e+01,6.733593750000001210e-02,0.000000000000000000e+00,0.000000000000000000e+00,0.000000000000000000e+00,0.000000000000000000e+00,0.000000000000000000e+00,0.000000000000000000e+00,1.200000000000000000e+01,2.731418415386207016e+03,2.084546744844984119e+02,2.120200000000000000e+06,1.168499999999999955e-01,-4.972499999999948983e+01,1.000000000000000000e+00
4.169039055593897793e-03,3.744539544548540228e-03,9.447808814493354745e-01,1.926980149777037354e+00,2.000000000000000000e+01,6.427636718750001643e-02,0.000000000000000000e+00,0.000000000000000000e+00,0.000000000000000000e+00,0.000000000000000000e+00,0.000000000000000000e+00,0.000000000000000000e+00,1.300000000000000000e+01,5.020683609795913981e+03,1.405564484847789402e+02,2.120100000000000000e+06,5.713000000000000023e-02,-4.981954999999993561e+01,1.000000000000000000e+00
2.520285167054834088e-03,6.743127429798745007e-04,1.014182516397063472e+00,3.986882086461271513e+00,2.000000000000000000e+01,6.640917968749998623e-02,0.000000000000000000e+00,0.000000000000000000e+00,0.000000000000000000e+00,0.000000000000000000e+00,0.000000000000000000e+00,0.000000000000000000e+00,1.400000000000000000e+01,3.274480752769760784e+03,1.494715341532363198e+02,2.118900000000000000e+06,8.036500000000000588e-02,-5.002199999999958635e+01,1.000000000000000000e+00
4.349176103551588048e-03,4.646764238891371371e-03,9.336073637918016477e-01,-9.552940864559563039e+00,2.000000000000000000e+01,6.398437500000000999e-02,0.000000000000000000e+00,0.000000000000000000e+00,0.000000000000000000e+00,0.000000000000000000e+00,0.000000000000000000e+00,0.000000000000000000e+00,1.500000000000000000e+01,1.088606382114918006e+03,3.989292029705756022e+02,2.110000000000000000e+06,5.995899999999999841e-02,-4.979604999999988735e+01,1.000000000000000000e+00
1.045297576448221992e-03,2.142621711697468255e-03,7.067560823736112052e-01,-7.978421566905765872e+00,2.000000000000000000e+01,6.662500000000000366e-02,0.000000000000000000e+00,0.000000000000000000e+00,0.000000000000000000e+00,0.000000000000000000e+00,0.000000000000000000e+00,0.000000000000000000e+00,1.600000000000000000e+01,1.153973477610738200e+03,3.637986365076324091e+02,2.113400000000000000e+06,8.645999999999999519e-02,-4.995100000000076079e+01,1.000000000000000000e+00
5.761172183914560832e-04,7.568710193465099170e-03,1.430191819784096818e+00,-6.787541615361114111e+00,2.000000000000000000e+01,6.877050781249999245e-02,0.000000000000000000e+00,0.000000000000000000e+00,0.000000000000000000e+00,0.000000000000000000e+00,0.000000000000000000e+00,0.000000000000000000e+00,1.700000000000000000e+01,1.730283332647430598e+03,3.357383919084565491e+02,2.113200000000000000e+06,2.529600000000000182e-01,-4.988160000000088701e+01,1.000000000000000000e+00
1.661941583273427283e-03,2.253592737552346896e-03,5.997277094810413711e-01,-5.489851972528555279e+00,2.000000000000000000e+01,6.550781249999999833e-02,0.000000000000000000e+00,0.000000000000000000e+00,0.000000000000000000e+00,0.000000000000000000e+00,0.000000000000000000e+00,0.000000000000000000e+00,1.800000000000000000e+01,2.006239057551638325e+03,3.043962548162678559e+02,2.117300000000000000e+06,5.994200000000000222e-02,-5.002619999999963341e+01,1.000000000000000000e+00
3.402602723319446670e-03,6.366309529784237864e-03,1.455471242219491312e+00,-6.175596625928228889e+00,2.000000000000000000e+01,6.645996093750000666e-02,0.000000000000000000e+00,0.000000000000000000e+00,0.000000000000000000e+00,0.000000000000000000e+00,0.000000000000000000e+00,0.000000000000000000e+00,1.900000000000000000e+01,1.846189890475874108e+03,3.213360204283113717e+02,2.115100000000000000e+06,9.586500000000000576e-02,-5.002409999999971291e+01,1.000000000000000000e+00
3.509404973117078927e-03,5.860385403989615272e-03,1.393148041496123701e+00,-7.142674398047873296e+00,2.000000000000000000e+01,6.624414062499998923e-02,0.000000000000000000e+00,0.000000000000000000e+00,0.000000000000000000e+00,0.000000000000000000e+00,0.000000000000000000e+00,0.000000000000000000e+00,2.000000000000000000e+01,1.360447146061727835e+03,3.452660027692296012e+02,2.113900000000000000e+06,8.871999999999999331e-02,-4.947690000000007160e+01,1.000000000000000000e+00
4.858428723169121513e-03,8.365301356902546046e-03,1.371179340530171542e+00,2.039055489628196938e+00,2.000000000000000000e+01,6.517773437500000433e-02,0.000000000000000000e+00,0.000000000000000000e+00,0.000000000000000000e+00,0.000000000000000000e+00,0.000000000000000000e+00,0.000000000000000000e+00,2.100000000000000000e+01,1.036463038495671208e+04,1.397809741991691510e+02,2.117600000000000000e+06,7.348999999999999977e-02,-5.003739999999984178e+01,1.000000000000000000e+00
3.093189984601938270e-03,4.600854925350887636e-03,1.035692288456212307e+00,1.505963238837093598e+00,2.000000000000000000e+01,6.548876953125000455e-02,0.000000000000000000e+00,0.000000000000000000e+00,0.000000000000000000e+00,0.000000000000000000e+00,0.000000000000000000e+00,0.000000000000000000e+00,2.200000000000000000e+01,5.264913593453793510e+03,1.442391666610147922e+02,2.119900000000000000e+06,7.283699999999999897e-02,-4.995194999999965546e+01,1.000000000000000000e+00
3.290254926280820110e-03,4.494032122292025699e-03,1.175581860833456949e+00,-1.443413330449950749e+01,2.000000000000000000e+01,6.549511718750000711e-02,0.000000000000000000e+00,0.000000000000000000e+00,0.000000000000000000e+00,0.000000000000000000e+00,0.000000000000000000e+00,0.000000000000000000e+00,2.300000000000000000e+01,8.984386010613574172e+02,4.869980414196979268e+02,2.098700000000000000e+06,8.343599999999999628e-02,-4.984350000000031855e+01,1.000000000000000000e+00
4.574157613145257359e-03,6.301797721058039273e-03,8.304846383150316091e-01,-9.130340664575207654e+00,2.000000000000000000e+01,6.317187499999998845e-02,0.000000000000000000e+00,0.000000000000000000e+00,0.000000000000000000e+00,0.000000000000000000e+00,0.000000000000000000e+00,0.000000000000000000e+00,2.400000000000000000e+01,1.171291064920826784e+03,3.901613287220970392e+02,2.110300000000000000e+06,5.539999999999999786e-02,-5.008529999999999660e+01,1.000000000000000000e+00
6.739914380758816465e-04,7.575399067221355240e-03,1.247449647042596199e+00,-5.839388191864788524e+00,2.000000000000000000e+01,6.837695312500000067e-02,0.000000000000000000e+00,0.000000000000000000e+00,0.000000000000000000e+00,0.000000000000000000e+00,0.000000000000000000e+00,0.000000000000000000e+00,2.500000000000000000e+01,2.099780649380336399e+03,3.136099580510158376e+02,2.114900000000000000e+06,1.947399999999999964e-01,-5.007819999999922800e+01,1.000000000000000000e+00
1.578902494496969931e-03,7.724026125295652481e-03,1.466676135546890025e+00,-5.248501086965880802e+00,2.000000000000000000e+01,6.771679687500001266e-02,0.000000000000000000e+00,0.000000000000000000e+00,0.000000000000000000e+00,0.000000000000000000e+00,0.000000000000000000e+00,0.000000000000000000e+00,2.600000000000000000e+01,2.436302911416636107e+03,2.986241095290674821e+02,2.115600000000000000e+06,1.473700000000000010e-01,-4.981745000000017853e+01,1.000000000000000000e+00
4.735210053797480473e-03,2.764912010154273701e-03,1.415671823391210671e+00,-1.577040230512602825e+01,2.000000000000000000e+01,6.530468749999999989e-02,0.000000000000000000e+00,0.000000000000000000e+00,0.000000000000000000e+00,0.000000000000000000e+00,0.000000000000000000e+00,0.000000000000000000e+00,2.700000000000000000e+01,1.078100303084520647e+03,5.051644511235909363e+02,2.095900000000000000e+06,8.099000000000000643e-02,-4.995425000000012972e+01,1.000000000000000000e+00
4.363656871328567069e-03,1.550213486479199527e-03,1.030649640058301175e+00,5.227283909651276872e-01,2.000000000000000000e+01,6.520312500000000067e-02,0.000000000000000000e+00,0.000000000000000000e+00,0.000000000000000000e+00,0.000000000000000000e+00,0.000000000000000000e+00,0.000000000000000000e+00,2.800000000000000000e+01,3.793383321465184508e+03,1.587864100147430975e+02,2.121200000000000000e+06,6.086500000000000243e-02,-4.974959999999983751e+01,1.000000000000000000e+00
3.294391201568289650e-03,5.848616012290150726e-03,7.818986160854223266e-01,-4.801266212548569001e+00,2.000000000000000000e+01,6.395898437500001366e-02,0.000000000000000000e+00,0.000000000000000000e+00,0.000000000000000000e+00,0.000000000000000000e+00,0.000000000000000000e+00,0.000000000000000000e+00,2.900000000000000000e+01,2.584514578055847323e+03,2.876648563995108248e+02,2.117100000000000000e+06,5.683200000000000057e-02,-5.006880000000012387e+01,1.000000000000000000e+00
2.385859007183856531e-03,1.108699593400086112e-03,9.961725832079937337e-01,-5.008115375900000998e+00,2.000000000000000000e+01,6.653613281250000955e-02,0.000000000000000000e+00,0.000000000000000000e+00,0.000000000000000000e+00,0.000000000000000000e+00,0.000000000000000000e+00,0.000000000000000000e+00,3.000000000000000000e+01,2.521410715999629247e+03,2.923646410637254007e+02,2.118100000000000000e+06,8.256600000000000050e-02,-5.022529999999968453e+01,1.000000000000000000e+00
2.976945224629661598e-03,7.371052004161793639e-04,8.502430790359452040e-01,1.951991085827131656e-02,2.000000000000000000e+01,6.604101562499999079e-02,0.000000000000000000e+00,0.000000000000000000e+00,0.000000000000000000e+00,0.000000000000000000e+00,0.000000000000000000e+00,0.000000000000000000e+00,3.100000000000000000e+01,3.810888102537448958e+03,1.687352067406986009e+02,2.121300000000000000e+06,6.228399999999999909e-02,-5.016244999999979370e+01,1.000000000000000000e+00
2.048853125324668831e-03,7.985939222743447877e-03,4.013168296509793675e-01,1.402320579863900463e+00,2.000000000000000000e+01,6.091210937499999534e-02,0.000000000000000000e+00,0.000000000000000000e+00,0.000000000000000000e+00,0.000000000000000000e+00,0.000000000000000000e+00,0.000000000000000000e+00,3.200000000000000000e+01,8.763790243503312013e+03,1.452359954746710855e+02,2.118400000000000000e+06,3.587499999999999717e-02,-4.999559999999966209e+01,1.000000000000000000e+00
2.202446098464475987e-03,5.429008854331653089e-03,2.005692283893696914e-01,-8.614298793031402113e+00,2.000000000000000000e+01,6.225781249999999545e-02,0.000000000000000000e+00,0.000000000000000000e+00,0.000000000000000000e+00,0.000000000000000000e+00,0.000000000000000000e+00,0.000000000000000000e+00,3.300000000000000000e+01,1.360165278293833808e+03,3.789247873690685537e+02,2.111500000000000000e+06,2.936100000000000168e-02,-5.009549999999961756e+01,1.000000000000000000e+00
3.169064537528236847e-03,2.344603087464381015e-03,1.339356265388009781e+00,-2.015270170044544784e+01,2.000000000000000000e+01,6.574902343749999822e-02,0.000000000000000000e+00,0.000000000000000000e+00,0.000000000000000000e+00,0.000000000000000000e+00,0.000000000000000000e+00,0.000000000000000000e+00,3.400000000000000000e+01,1.052500396368719976e+03,5.460088054016090382e+02,2.083900000000000000e+06,9.444900000000000517e-02,-5.022864999999967495e+01,1.000000000000000000e+00
2.825902067175290865e-03,3.578559786245425357e-03,8.166372224393759760e-01,-2.262235172758671098e+01,2.000000000000000000e+01,6.446679687500000977e-02,0.000000000000000000e+00,0.000000000000000000e+00,0.000000000000000000e+00,0.000000000000000000e+00,0.000000000000000000e+00,0.000000000000000000e+00,3.500000000000000000e+01,9.456642853909983160e+02,5.559223432590572429e+02,2.077100000000000000e+06,6.395199999999999496e-02,-4.987889999999988788e+01,1.000000000000000000e+00
3.277336322112168153e-03,2.273695250176661561e-03,6.330636547860035712e-01,4.856132305338562105e+00,2.000000000000000000e+01,6.398437500000000999e-02,0.000000000000000000e+00,0.000000000000000000e+00,0.000000000000000000e+00,0.000000000000000000e+00,0.000000000000000000e+00,0.000000000000000000e+00,3.600000000000000000e+01,5.199691505008294371e+03,1.675880102160323872e+02,2.117400000000000000e+06,4.394499999999999795e-02,-4.997424999999963546e+01,1.000000000000000000e+00
1.212793373184594542e-03,1.983879961556639891e-03,2.906981400440022956e-01,-7.044300478595395987e+00,2.000000000000000000e+01,6.591406249999999523e-02,0.000000000000000000e+00,0.000000000000000000e+00,0.000000000000000000e+00,0.000000000000000000e+00,0.000000000000000000e+00,0.000000000000000000e+00,3.700000000000000000e+01,2.108499652054933449e+03,3.426228367020241308e+02,2.115000000000000000e+06,3.917600000000000249e-02,-4.979365000000058927e+01,1.000000000000000000e+00
3.019190066572070494e-03,4.605965894967107427e-03,4.709540386757243846e-01,-2.446941816127698743e+01,2.000000000000000000e+01,6.393359375000001732e-02,0.000000000000000000e+00,0.000000000000000000e+00,0.000000000000000000e+00,0.000000000000000000e+00,0.000000000000000000e+00,0.000000000000000000e+00,3.800000000000000000e+01,1.074128240382290414e+03,5.554782669218002411e+02,2.072500000000000000e+06,4.176900000000000057e-02,-5.011540000000022133e+01,1.000000000000000000e+00
4.047929298117619590e-03,5.412099204313696246e-03,5.823996975673523258e-01,6.294802915265194088e-01,2.000000000000000000e+01,6.185156249999999856e-02,0.000000000000000000e+00,0.000000000000000000e+00,0.000000000000000000e+00,0.000000000000000000e+00,0.000000000000000000e+00,0.000000000000000000e+00,3.900000000000000000e+01,5.922984860011133605e+03,1.570325232089092538e+02,2.119900000000000000e+06,3.722999999999999921e-02,-5.039760000000032392e+01,1.000000000000000000e+00
1.760838472184484251e-03,2.117463862462468614e-03,1.428078807471671319e-01,-1.573443559851455120e+01,2.000000000000000000e+01,6.922753906250000977e-02,0.000000000000000000e+00,0.000000000000000000e+00,0.000000000000000000e+00,0.000000000000000000e+00,0.000000000000000000e+00,0.000000000000000000e+00,4.000000000000000000e+01,1.217530517270428618e+03,5.048880205874558555e+02,2.096200000000000000e+06,2.648100000000000107e-02,-5.001239999999997821e+01,1.000000000000000000e+00
3.116851735422929062e-03,4.150933099257595946e-03,2.736413639096635375e-01,4.363371783383925617e+00,2.000000000000000000e+01,6.136914062499999878e-02,0.000000000000000000e+00,0.000000000000000000e+00,0.000000000000000000e+00,0.000000000000000000e+00,0.000000000000000000e+00,0.000000000000000000e+00,4.100000000000000000e+01,8.414819073839589691e+03,1.560616979320493556e+02,2.117000000000000000e+06,2.286099999999999938e-02,-4.987199999999988620e+01,1.000000000000000000e+00
3.918152004316853565e-03,8.075456414261689142e-03,8.129712828979238637e-01,6.327153347414302687e-01,2.000000000000000000e+01,6.312109374999999578e-02,0.000000000000000000e+00,0.000000000000000000e+00,0.000000000000000000e+00,0.000000000000000000e+00,0.000000000000000000e+00,0.000000000000000000e+00,4.200000000000000000e+01,8.245093391669481207e+03,1.569780631506480972e+02,2.118600000000000000e+06,5.139500000000000318e-02,-4.995450000000018065e+01,1.000000000000000000e+00
1.326385364758843376e-03,3.323765391854079793e-03,1.536189931994626501e-01,-3.174535001697552872e+00,2.000000000000000000e+01,6.489843750000000300e-02,0.000000000000000000e+00,0.000000000000000000e+00,0.000000000000000000e+00,0.000000000000000000e+00,0.000000000000000000e+00,0.000000000000000000e+00,4.300000000000000000e+01,3.185287839328378595e+03,2.449085408503729582e+02,2.119200000000000000e+06,2.511199999999999891e-02,-4.999020000000078312e+01,1.000000000000000000e+00
2.410043754662931706e-03,5.884334089000990350e-03,1.105428159159323354e+00,-3.444828024058853799e+00,2.000000000000000000e+01,6.626953124999998557e-02,0.000000000000000000e+00,0.000000000000000000e+00,0.000000000000000000e+00,0.000000000000000000e+00,0.000000000000000000e+00,0.000000000000000000e+00,4.400000000000000000e+01,2.936676923056863870e+03,2.529281032251458896e+02,2.118500000000000000e+06,8.854299999999999671e-02,-5.012799999999998590e+01,1.000000000000000000e+00
4.421159465292246599e-03,7.168599839499564808e-03,3.820532802403094896e-01,-1.058577923899114026e+01,2.000000000000000000e+01,6.063281249999999400e-02,0.000000000000000000e+00,0.000000000000000000e+00,0.000000000000000000e+00,0.000000000000000000e+00,0.000000000000000000e+00,0.000000000000000000e+00,4.500000000000000000e+01,1.353909029317242357e+03,4.202583415388629646e+02,2.107300000000000000e+06,3.706099999999999672e-02,-4.995730000000003912e+01,1.000000000000000000e+00
3.360151374400740468e-03,4.564395607944270183e-03,1.278040986594183304e+00,-2.437955412130121147e+01,2.000000000000000000e+01,6.502539062499999856e-02,0.000000000000000000e+00,0.000000000000000000e+00,0.000000000000000000e+00,0.000000000000000000e+00,0.000000000000000000e+00,0.000000000000000000e+00,4.600000000000000000e+01,1.135561645265195921e+03,5.555102618540993262e+02,2.072400000000000000e+06,9.805999999999999439e-02,-5.006400000000022743e+01,1.000000000000000000e+00
7.098138184168683489e-04,8.279913305025319095e-03,4.360193654926622919e-01,-5.545999813657061850e+00,2.000000000000000000e+01,6.465087890625000056e-02,0.000000000000000000e+00,0.000000000000000000e+00,0.000000000000000000e+00,0.000000000000000000e+00,0.000000000000000000e+00,0.000000000000000000e+00,4.700000000000000000e+01,2.797814832485520128e+03,3.054083856119128200e+02,2.115500000000000000e+06,6.555400000000000116e-02,-4.987750000000173145e+01,1.000000000000000000e+00
4.238406073728072376e-03,2.742126889574681391e-03,8.998791298985884257e-01,5.053818000313718528e+00,2.000000000000000000e+01,6.403515625000000266e-02,0.000000000000000000e+00,0.000000000000000000e+00,0.000000000000000000e+00,0.000000000000000000e+00,0.000000000000000000e+00,0.000000000000000000e+00,4.800000000000000000e+01,5.548067390048923698e+03,1.719995486309421437e+02,2.116900000000000000e+06,5.392799999999999677e-02,-5.000839999999977437e+01,1.000000000000000000e+00
4.714279126948587098e-03,7.133421974313464142e-03,1.107687464598261950e+00,-2.715629555648035875e-02,2.000000000000000000e+01,6.423828125000000111e-02,0.000000000000000000e+00,0.000000000000000000e+00,0.000000000000000000e+00,0.000000000000000000e+00,0.000000000000000000e+00,0.000000000000000000e+00,4.900000000000000000e+01,6.666674949506303165e+03,1.697160195621770811e+02,2.119400000000000000e+06,6.246700000000000169e-02,-5.020410000000005368e+01,1.000000000000000000e+00
4.107252135626696110e-03,7.192376146781573332e-03,1.396250191606689395e+00,4.427860649342093780e+00,2.000000000000000000e+01,6.560937499999999756e-02,0.000000000000000000e+00,0.000000000000000000e+00,0.000000000000000000e+00,0.000000000000000000e+00,0.000000000000000000e+00,0.000000000000000000e+00,5.000000000000000000e+01,1.099903386612313807e+04,1.573189670334853929e+02,2.115500000000000000e+06,8.468499999999999639e-02,-5.010539999999993199e+01,1.000000000000000000e+00
1.101134564256569994e-03,6.375739421404187646e-03,1.049913144413892718e+00,4.585659040076549786e+00,2.000000000000000000e+01,6.710742187500001732e-02,0.000000000000000000e+00,0.000000000000000000e+00,0.000000000000000000e+00,0.000000000000000000e+00,0.000000000000000000e+00,0.000000000000000000e+00,5.100000000000000000e+01,9.792643893049295002e+03,1.605163096734112003e+02,2.115500000000000000e+06,1.296799999999999897e-01,-5.004045000000043331e+01,1.000000000000000000e+00
3.146226786161544515e-03,7.564006049120020406e-03,4.575714853344196031e-01,-1.399567742872900311e+00,2.000000000000000000e+01,6.063281249999999400e-02,0.000000000000000000e+00,0.000000000000000000e+00,0.000000000000000000e+00,0.000000000000000000e+00,0.000000000000000000e+00,0.000000000000000000e+00,5.200000000000000000e+01,5.914931283604347300e+03,2.008439676177772526e+02,2.118800000000000000e+06,3.397200000000000220e-02,-5.002139999999982223e+01,1.000000000000000000e+00
2.108832795297290418e-03,7.399149595877477399e-04,3.772724847642131563e-01,-3.442708863162561528e+00,2.000000000000000000e+01,6.720898437500001654e-02,0.000000000000000000e+00,0.000000000000000000e+00,0.000000000000000000e+00,0.000000000000000000e+00,0.000000000000000000e+00,0.000000000000000000e+00,5.300000000000000000e+01,4.516525229231507183e+03,2.528723418512025773e+02,2.119800000000000000e+06,3.310899999999999954e-02,-4.987784999999971092e+01,1.000000000000000000e+00
3.334716321558003037e-03,8.102191164086943592e-03,7.782527168386994543e-01,-1.164540947325519937e+00,2.000000000000000000e+01,6.352734374999999267e-02,0.000000000000000000e+00,0.000000000000000000e+00,0.000000000000000000e+00,0.000000000000000000e+00,0.000000000000000000e+00,0.000000000000000000e+00,5.400000000000000000e+01,6.347037558714725492e+03,1.947525854608174143e+02,2.118700000000000000e+06,5.341400000000000314e-02,-4.985825000000031793e+01,1.000000000000000000e+00
9.017779365257998182e-04,5.738401631406918682e-03,8.205250946145192792e-01,-1.181236881859463494e+01,2.000000000000000000e+01,6.667578125000001021e-02,0.000000000000000000e+00,0.000000000000000000e+00,0.000000000000000000e+00,0.000000000000000000e+00,0.000000000000000000e+00,0.000000000000000000e+00,5.500000000000000000e+01,1.544149382844027286e+03,4.425463580467913971e+02,2.104400000000000000e+06,1.107699999999999935e-01,-5.001589999999909963e+01,1.000000000000000000e+00
4.662147587711435240e-03,6.238615726743645604e-03,9.276855849748141258e-01,-1.360372257068043567e+01,2.000000000000000000e+01,6.350195312499999634e-02,0.000000000000000000e+00,0.000000000000000000e+00,0.000000000000000000e+00,0.000000000000000000e+00,0.000000000000000000e+00,0.000000000000000000e+00,5.600000000000000000e+01,1.386762142817551421e+03,4.744467582991588301e+02,2.100500000000000000e+06,6.078499999999999875e-02,-5.011650000000020100e+01,1.000000000000000000e+00
1.043321575605377430e-03,1.865812497753862979e-03,6.576125012356031085e-01,7.729015433596821083e+00,2.000000000000000000e+01,6.586328124999998868e-02,0.000000000000000000e+00,0.000000000000000000e+00,0.000000000000000000e+00,0.000000000000000000e+00,0.000000000000000000e+00,0.000000000000000000e+00,5.700000000000000000e+01,4.264099105567387596e+03,2.639041048247318031e+02,2.111400000000000000e+06,7.965200000000000058e-02,-4.985540000000057148e+01,1.000000000000000000e+00
3.693425418087989322e-03,2.403266250751696573e-03,8.165719398664001982e-01,-8.270563978959156515e+00,2.000000000000000000e+01,6.469531250000000455e-02,0.000000000000000000e+00,0.000000000000000000e+00,0.000000000000000000e+00,0.000000000000000000e+00,0.000000000000000000e+00,0.000000000000000000e+00,5.800000000000000000e+01,2.393822313262076023e+03,3.707938651313273226e+02,2.113000000000000000e+06,5.504400000000000265e-02,-4.985550000000031901e+01,1.000000000000000000e+00
4.921694702170060706e-03,2.753145043910000013e-03,9.000348513452265387e-01,6.083486976745696495e+00,2.000000000000000000e+01,6.347656250000000000e-02,0.000000000000000000e+00,0.000000000000000000e+00,0.000000000000000000e+00,0.000000000000000000e+00,0.000000000000000000e+00,0.000000000000000000e+00,5.900000000000000000e+01,6.151887218827237120e+03,2.028352082449538045e+02,2.115200000000000000e+06,4.919199999999999962e-02,-5.020439999999983627e+01,1.000000000000000000e+00
3.689324055943238225e-03,4.819947805310963521e-03,1.630943449283984714e-01,-3.837120171193966200e+00,2.000000000000000000e+01,6.337500000000000078e-02,0.000000000000000000e+00,0.000000000000000000e+00,0.000000000000000000e+00,0.000000000000000000e+00,0.000000000000000000e+00,0.000000000000000000e+00,6.000000000000000000e+01,4.584454482689347060e+03,2.621618599690566498e+02,2.117800000000000000e+06,2.404900000000000093e-02,-4.998595000000020860e+01,1.000000000000000000e+00
3.080213232221134731e-03,6.374517388587830000e-03,1.135537427153919809e+00,-1.249484630653983075e+01,2.000000000000000000e+01,6.548242187500000200e-02,0.000000000000000000e+00,0.000000000000000000e+00,0.000000000000000000e+00,0.000000000000000000e+00,0.000000000000000000e+00,0.000000000000000000e+00,6.100000000000000000e+01,1.576288804019447298e+03,4.556165475759054857e+02,2.102700000000000000e+06,8.481500000000000150e-02,-4.989599999999976632e+01,1.000000000000000000e+00
3.223550806898772565e-03,1.837717509579972616e-03,1.187463482790177549e+00,-1.170060425810276428e+01,2.000000000000000000e+01,6.609179687499999734e-02,0.000000000000000000e+00,0.000000000000000000e+00,0.000000000000000000e+00,0.000000000000000000e+00,0.000000000000000000e+00,0.000000000000000000e+00,6.200000000000000000e+01,1.760510421925741639e+03,4.413267981848102863e+02,2.106000000000000000e+06,8.184900000000000508e-02,-4.997200000000021447e+01,1.000000000000000000e+00
3.771441312727756394e-03,1.720773213495274288e-03,8.255280980701324989e-01,-6.112150988586094513e+00,2.000000000000000000e+01,6.501904296874999600e-02,0.000000000000000000e+00,0.000000000000000000e+00,0.000000000000000000e+00,0.000000000000000000e+00,0.000000000000000000e+00,0.000000000000000000e+00,6.300000000000000000e+01,3.138736490639468684e+03,3.197990250349186567e+02,2.116700000000000000e+06,5.430299999999999710e-02,-5.015429999999966526e+01,1.000000000000000000e+00
2.765993618659182487e-03,3.595316459715917554e-03,7.993293703006002504e-01,-2.715085255731521841e+01,2.000000000000000000e+01,6.444140624999999956e-02,0.000000000000000000e+00,0.000000000000000000e+00,0.000000000000000000e+00,0.000000000000000000e+00,0.000000000000000000e+00,0.000000000000000000e+00,6.400000000000000000e+01,1.452707754010463759e+03,5.446738867495054137e+02,2.065900000000000000e+06,6.165400000000000047e-02,-4.992629999999958557e+01,1.000000000000000000e+00
2.892861338854065510e-03,4.835123800055412743e-03,9.595459492245722588e-01,-2.147262200483340422e+01,2.000000000000000000e+01,6.459375000000000533e-02,0.000000000000000000e+00,0.000000000000000000e+00,0.000000000000000000e+00,0.000000000000000000e+00,0.000000000000000000e+00,0.000000000000000000e+00,6.500000000000000000e+01,1.393855349969713643e+03,5.529204486014780286e+02,2.079900000000000000e+06,8.266199999999999937e-02,-5.004890000000017380e+01,1.000000000000000000e+00
3.152540002917942046e-03,5.199745307141123707e-03,1.244826972273375798e+00,6.803280284943447498e+00,2.000000000000000000e+01,6.572363281249998801e-02,0.000000000000000000e+00,0.000000000000000000e+00,0.000000000000000000e+00,0.000000000000000000e+00,0.000000000000000000e+00,0.000000000000000000e+00,6.600000000000000000e+01,9.576476491019251625e+03,2.277676581303131513e+02,2.112200000000000000e+06,8.827899999999999636e-02,-5.013269999999960191e+01,1.000000000000000000e+00
4.814463451683301601e-03,6.703185911775292813e-03,8.419186092768360385e-01,-1.500148267057885221e+01,2.000000000000000000e+01,6.291796874999999734e-02,0.000000000000000000e+00,0.000000000000000000e+00,0.000000000000000000e+00,0.000000000000000000e+00,0.000000000000000000e+00,0.000000000000000000e+00,6.700000000000000000e+01,1.846592884923631800e+03,4.951827148883484710e+02,2.097100000000000000e+06,5.478000000000000230e-02,-5.006559999999986843e+01,1.000000000000000000e+00
3.696731028381603033e-03,1.516441538847154930e-03,9.516016790781489654e-01,8.673974428071801412e+00,2.000000000000000000e+01,6.470800781249999578e-02,0.000000000000000000e+00,0.000000000000000000e+00,0.000000000000000000e+00,0.000000000000000000e+00,0.000000000000000000e+00,0.000000000000000000e+00,6.800000000000000000e+01,5.097888992556775520e+03,3.052547897107681365e+02,2.109100000000000000e+06,6.141100000000000031e-02,-4.953980000000012751e+01,1.000000000000000000e+00
3.246260651589891362e-03,7.545209842516879817e-03,1.383237394514593710e-01,-1.011878768535357409e+01,2.000000000000000000e+01,6.172460937500000300e-02,0.000000000000000000e+00,0.000000000000000000e+00,0.000000000000000000e+00,0.000000000000000000e+00,0.000000000000000000e+00,0.000000000000000000e+00,6.900000000000000000e+01,2.555822804336362424e+03,4.098150337021762653e+02,2.108100000000000000e+06,2.487899999999999834e-02,-5.015069999999963102e+01,1.000000000000000000e+00
3.676733997432842654e-03,3.103839355129991984e-03,4.151599354332333736e-01,7.379541483355218645e+00,2.000000000000000000e+01,6.195312499999999778e-02,0.000000000000000000e+00,0.000000000000000000e+00,0.000000000000000000e+00,0.000000000000000000e+00,0.000000000000000000e+00,0.000000000000000000e+00,7.000000000000000000e+01,7.971879021236519293e+03,2.508953757614203823e+02,2.111900000000000000e+06,2.806399999999999867e-02,-5.000719999999999033e+01,1.000000000000000000e+00
3.305165364280908055e-03,4.651954210391617134e-03,2.070483154776415202e-01,6.354955776095906117e+00,2.000000000000000000e+01,6.073437499999999323e-02,0.000000000000000000e+00,0.000000000000000000e+00,0.000000000000000000e+00,0.000000000000000000e+00,0.000000000000000000e+00,0.000000000000000000e+00,7.100000000000000000e+01,1.219393146760842683e+04,2.115960091144727926e+02,2.112100000000000000e+06,2.046100000000000002e-02,-5.007074999999995413e+01,1.000000000000000000e+00
4.881980455920174183e-03,7.757372249164768904e-03,1.083066855214705582e+00,6.742813122245038926e+00,2.000000000000000000e+01,6.342578125000000733e-02,0.000000000000000000e+00,0.000000000000000000e+00,0.000000000000000000e+00,0.000000000000000000e+00,0.000000000000000000e+00,0.000000000000000000e+00,7.200000000000000000e+01,1.489562863396365719e+04,2.255353327203958145e+02,2.110300000000000000e+06,6.041699999999999848e-02,-5.004049999999998732e+01,1.000000000000000000e+00
1.699795538971497462e-03,4.581553135720221881e-03,1.384741950325094617e+00,-2.444611582653275761e+01,2.000000000000000000e+01,6.620605468749998779e-02,0.000000000000000000e+00,0.000000000000000000e+00,0.000000000000000000e+00,0.000000000000000000e+00,0.000000000000000000e+00,0.000000000000000000e+00,7.300000000000000000e+01,1.591742287071491091e+03,5.554536320070989177e+02,2.071800000000000000e+06,1.367200000000000082e-01,-5.031999999999922579e+01,1.000000000000000000e+00
3.540160680849270287e-03,1.966856028868946629e-03,9.564691437096258797e-01,-1.502027243120519984e+01,2.000000000000000000e+01,6.505078124999999489e-02,0.000000000000000000e+00,0.000000000000000000e+00,0.000000000000000000e+00,0.000000000000000000e+00,0.000000000000000000e+00,0.000000000000000000e+00,7.400000000000000000e+01,2.118712255102292602e+03,4.953493462075025491e+02,2.097900000000000000e+06,6.658300000000000329e-02,-5.009100000000008635e+01,1.000000000000000000e+00
1.759872595784484680e-03,4.318125135905842918e-03,2.412987784641936473e-01,-2.161248506847484663e+01,2.000000000000000000e+01,6.498730468749999711e-02,0.000000000000000000e+00,0.000000000000000000e+00,0.000000000000000000e+00,0.000000000000000000e+00,0.000000000000000000e+00,0.000000000000000000e+00,7.500000000000000000e+01,1.776931491218531619e+03,5.527043306196715093e+02,2.080500000000000000e+06,4.507499999999999701e-02,-5.007200000000067064e+01,1.000000000000000000e+00
4.386876934861614827e-03,7.294877555650161258e-03,1.294549275819072420e+00,-1.474812493087756415e+01,2.000000000000000000e+01,6.479687500000000377e-02,0.000000000000000000e+00,0.000000000000000000e+00,0.000000000000000000e+00,0.000000000000000000e+00,0.000000000000000000e+00,0.000000000000000000e+00,7.600000000000000000e+01,2.342342486762841418e+03,4.910860256317751578e+02,2.097000000000000000e+06,8.754399999999999682e-02,-4.979245000000027233e+01,1.000000000000000000e+00
3.843686691783363470e-03,6.904209335832443145e-03,1.436224041900441062e+00,-2.896648000212774576e+01,2.000000000000000000e+01,6.472070312500000089e-02,0.000000000000000000e+00,0.000000000000000000e+00,0.000000000000000000e+00,0.000000000000000000e+00,0.000000000000000000e+00,0.000000000000000000e+00,7.700000000000000000e+01,1.923103558128526856e+03,5.291899654961762280e+02,2.062300000000000000e+06,1.054699999999999943e-01,-5.016420000000021417e+01,1.000000000000000000e+00
4.749351459134675338e-03,7.692553781327899493e-03,9.214386984887031895e-01,-1.465759454805664497e+01,2.000000000000000000e+01,6.317187499999998845e-02,0.000000000000000000e+00,0.000000000000000000e+00,0.000000000000000000e+00,0.000000000000000000e+00,0.000000000000000000e+00,0.000000000000000000e+00,7.800000000000000000e+01,2.435343774201876840e+03,4.892623183586569553e+02,2.097500000000000000e+06,6.355700000000000238e-02,-4.986450000000013461e+01,1.000000000000000000e+00
2.730364902692735112e-03,8.349280511878054423e-03,1.195884935524330395e+00,-1.214658284247820319e+01,2.000000000000000000e+01,6.576171875000000333e-02,0.000000000000000000e+00,0.000000000000000000e+00,0.000000000000000000e+00,0.000000000000000000e+00,0.000000000000000000e+00,0.000000000000000000e+00,7.900000000000000000e+01,2.523389178334097323e+03,4.499308071742103152e+02,2.102600000000000000e+06,9.479100000000000026e-02,-4.982250000000026091e+01,1.000000000000000000e+00
4.507297426918880842e-03,6.983532260430041008e-03,3.983726494473113222e-01,-2.892847122789349612e+01,2.000000000000000000e+01,6.378125000000001155e-02,0.000000000000000000e+00,0.000000000000000000e+00,0.000000000000000000e+00,0.000000000000000000e+00,0.000000000000000000e+00,0.000000000000000000e+00,8.000000000000000000e+01,1.981246663492932157e+03,5.296948227888838119e+02,2.064000000000000000e+06,4.262799999999999923e-02,-5.002770000000020190e+01,1.000000000000000000e+00
1.443628058097239878e-03,3.092710330499098825e-03,9.196298374604335857e-01,8.594430488542855073e+00,2.000000000000000000e+01,6.600927734374999190e-02,0.000000000000000000e+00,0.000000000000000000e+00,0.000000000000000000e+00,0.000000000000000000e+00,0.000000000000000000e+00,0.000000000000000000e+00,8.100000000000000000e+01,6.394253572513390282e+03,3.017202312884770663e+02,2.108700000000000000e+06,9.492200000000000637e-02,-5.003460000000054464e+01,1.000000000000000000e+00
4.192178927692389451e-03,3.558841824735123165e-03,8.203925481969647215e-01,-2.589731067952287447e+01,2.000000000000000000e+01,6.383203125000000422e-02,0.000000000000000000e+00,0.000000000000000000e+00,0.000000000000000000e+00,0.000000000000000000e+00,0.000000000000000000e+00,0.000000000000000000e+00,8.200000000000000000e+01,1.923047020301816247e+03,5.517141946468884726e+02,2.068900000000000000e+06,5.206399999999999917e-02,-5.009439999999981552e+01,1.000000000000000000e+00
1.176993660484664667e-03,6.000148401591711561e-03,7.774831157562556161e-01,-2.698153408976965650e+01,2.000000000000000000e+01,6.526025390624999589e-02,0.000000000000000000e+00,0.000000000000000000e+00,0.000000000000000000e+00,0.000000000000000000e+00,0.000000000000000000e+00,0.000000000000000000e+00,8.300000000000000000e+01,1.994819881031016848e+03,5.454437361530602857e+02,2.065900000000000000e+06,1.126000000000000056e-01,-5.019904999999909023e+01,1.000000000000000000e+00
5.230139599785264826e-04,5.060335278793402433e-03,1.474392265439903316e+00,-2.773598684074790910e+01,2.000000000000000000e+01,6.728515625000000555e-02,0.000000000000000000e+00,0.000000000000000000e+00,0.000000000000000000e+00,0.000000000000000000e+00,0.000000000000000000e+00,0.000000000000000000e+00,8.400000000000000000e+01,2.053205772337318194e+03,5.406477908889354467e+02,2.063700000000000000e+06,2.644299999999999984e-01,-5.018184999999954954e+01,1.000000000000000000e+00
2.557939296572313108e-03,1.660784564316961651e-03,1.213189453992500777e+00,-2.427289999243786411e+01,2.000000000000000000e+01,6.555859375000000488e-02,0.000000000000000000e+00,0.000000000000000000e+00,0.000000000000000000e+00,0.000000000000000000e+00,0.000000000000000000e+00,0.000000000000000000e+00,8.500000000000000000e+01,1.782607494377479043e+03,5.559929607909180049e+02,2.073000000000000000e+06,9.657799999999999718e-02,-4.975310000000025923e+01,1.000000000000000000e+00
1.817357219502555585e-03,4.653803877902911584e-03,1.001439011892905073e-01,8.007945288561764130e+00,2.000000000000000000e+01,6.220703124999999584e-02,0.000000000000000000e+00,0.000000000000000000e+00,0.000000000000000000e+00,0.000000000000000000e+00,0.000000000000000000e+00,0.000000000000000000e+00,8.600000000000000000e+01,1.563912849931209348e+04,2.758754213177872430e+02,2.106500000000000000e+06,1.747800000000000048e-02,-4.996749999999968850e+01,1.000000000000000000e+00
7.428982813938562156e-04,7.863728047029620166e-03,1.189181640280898122e+00,-1.215436916447252358e+01,2.000000000000000000e+01,6.780566406250002065e-02,0.000000000000000000e+00,0.000000000000000000e+00,0.000000000000000000e+00,0.000000000000000000e+00,0.000000000000000000e+00,0.000000000000000000e+00,8.700000000000000000e+01,2.907652602251836925e+03,4.500675904973116985e+02,2.101700000000000000e+06,1.982200000000000073e-01,-5.022679999999838429e+01,1.000000000000000000e+00
1.702915287006903210e-03,6.418918597134604803e-03,1.231466092694709191e+00,-1.538327173246009849e+01,2.000000000000000000e+01,6.657421874999999711e-02,0.000000000000000000e+00,0.000000000000000000e+00,0.000000000000000000e+00,0.000000000000000000e+00,0.000000000000000000e+00,0.000000000000000000e+00,8.800000000000000000e+01,2.664552356955675350e+03,4.995530554557694813e+02,2.094900000000000000e+06,1.262699999999999934e-01,-4.981275000000019304e+01,1.000000000000000000e+00
2.404222190807409933e-03,1.831203865421869581e-03,8.747554237435195557e-01,-2.442349051045543362e+01,2.000000000000000000e+01,6.505078124999999489e-02,0.000000000000000000e+00,0.000000000000000000e+00,0.000000000000000000e+00,0.000000000000000000e+00,0.000000000000000000e+00,0.000000000000000000e+00,8.900000000000000000e+01,2.211330403383913563e+03,5.554517790685695218e+02,2.072600000000000000e+06,7.279900000000000260e-02,-5.000319999999975806e+01,1.000000000000000000e+00
1.484065652111792206e-03,6.537922792172329300e-03,1.454340912873553382e+00,8.702923858646734345e+00,2.000000000000000000e+01,6.704394531250001954e-02,0.000000000000000000e+00,0.000000000000000000e+00,0.000000000000000000e+00,0.000000000000000000e+00,0.000000000000000000e+00,0.000000000000000000e+00,9.000000000000000000e+01,1.668795386836921534e+04,3.064936752479828215e+02,2.102700000000000000e+06,2.598599999999999799e-01,-4.993660000000004118e+01,1.000000000000000000e+00
1.269734113787144864e-03,7.622232682651358671e-03,6.621794753222813856e-01,8.857844791957518282e+00,2.000000000000000000e+01,6.440332031250001199e-02,0.000000000000000000e+00,0.000000000000000000e+00,0.000000000000000000e+00,0.000000000000000000e+00,0.000000000000000000e+00,0.000000000000000000e+00,9.100000000000000000e+01,1.821931826225809345e+04,3.130098365387090098e+02,2.103100000000000000e+06,7.846699999999999509e-02,-4.984749999999920078e+01,1.000000000000000000e+00
5.840486236810682593e-04,2.735768481152795091e-03,4.297262701300182952e-01,9.692073149620462402e+00,2.000000000000000000e+01,6.498730468749999711e-02,0.000000000000000000e+00,0.000000000000000000e+00,0.000000000000000000e+00,0.000000000000000000e+00,0.000000000000000000e+00,0.000000000000000000e+00,9.200000000000000000e+01,6.402190382819036131e+03,3.521746986119914595e+02,2.104900000000000000e+06,7.160999999999999310e-02,-4.999040000000171347e+01,1.000000000000000000e+00
3.184469854616572924e-03,6.274577833229844429e-03,1.316928389359615537e+00,9.281046456303478465e+00,2.000000000000000000e+01,6.550781249999999833e-02,0.000000000000000000e+00,0.000000000000000000e+00,0.000000000000000000e+00,0.000000000000000000e+00,0.000000000000000000e+00,0.000000000000000000e+00,9.300000000000000000e+01,1.478888444779050224e+04,3.326249439048561953e+02,2.103800000000000000e+06,9.661999999999999755e-02,-4.998879999999961399e+01,1.000000000000000000e+00
2.313895685727730949e-03,7.109739971607380391e-04,9.985683463440278018e-01,1.170916384231364304e+01,2.000000000000000000e+01,6.553320312499999467e-02,0.000000000000000000e+00,0.000000000000000000e+00,0.000000000000000000e+00,0.000000000000000000e+00,0.000000000000000000e+00,0.000000000000000000e+00,9.400000000000000000e+01,3.852634539555721858e+03,4.558743516883191660e+02,2.098500000000000000e+06,8.248500000000000276e-02,-4.998240000000040340e+01,1.000000000000000000e+00
2.582500157176371471e-03,1.640055561257375933e-03,6.346933537693614236e-01,-1.897310171379925947e+01,2.000000000000000000e+01,6.525390624999999334e-02,0.000000000000000000e+00,0.000000000000000000e+00,0.000000000000000000e+00,0.000000000000000000e+00,0.000000000000000000e+00,0.000000000000000000e+00,9.500000000000000000e+01,2.804060635272940090e+03,5.387500517343494266e+02,2.087300000000000000e+06,4.908900000000000069e-02,-4.985190000000014976e+01,1.000000000000000000e+00
2.724678150218200635e-03,2.471462984393580763e-03,5.737749012680556371e-01,-2.582367566510270862e+01,2.000000000000000000e+01,6.487304687500000666e-02,0.000000000000000000e+00,0.000000000000000000e+00,0.000000000000000000e+00,0.000000000000000000e+00,0.000000000000000000e+00,0.000000000000000000e+00,9.600000000000000000e+01,2.655043094650591684e+03,5.519554777599067847e+02,2.069100000000000000e+06,4.434300000000000047e-02,-5.000374999999969816e+01,1.000000000000000000e+00
2.638869400042940464e-03,2.595810915810240187e-03,1.273687814059154766e+00,1.081031492878071987e+01,2.000000000000000000e+01,6.581249999999999600e-02,0.000000000000000000e+00,0.000000000000000000e+00,0.000000000000000000e+00,0.000000000000000000e+00,0.000000000000000000e+00,0.000000000000000000e+00,9.700000000000000000e+01,6.704582227969327505e+03,4.080743503045765124e+02,2.101400000000000000e+06,9.674900000000000166e-02,-4.987710000000032551e+01,1.000000000000000000e+00
4.281958544936930421e-03,1.969968686385736335e-03,1.081507193617873730e+00,-2.943154380272990167e+01,2.000000000000000000e+01,6.422558593749999600e-02,0.000000000000000000e+00,0.000000000000000000e+00,0.000000000000000000e+00,0.000000000000000000e+00,0.000000000000000000e+00,0.000000000000000000e+00,9.800000000000000000e+01,3.235079003157005445e+03,5.245380409440894027e+02,2.061000000000000000e+06,6.669799999999999340e-02,-5.009940000000008098e+01,1.000000000000000000e+00
4.611904214209008174e-03,8.395871116771013928e-03,5.082132334937494722e-01,-1.724325562546088264e+01,2.000000000000000000e+01,6.093749999999999861e-02,0.000000000000000000e+00,0.000000000000000000e+00,0.000000000000000000e+00,0.000000000000000000e+00,0.000000000000000000e+00,0.000000000000000000e+00,9.900000000000000000e+01,3.320212271205678462e+03,5.218706068495957879e+02,2.091600000000000000e+06,5.541200000000000292e-02,-4.980959999999986110e+01,1.000000000000000000e+00
4.472043031487463877e-03,1.557473801655396986e-03,1.062131487591573276e+00,-2.993855132707561495e+01,2.000000000000000000e+01,6.418750000000000844e-02,0.000000000000000000e+00,0.000000000000000000e+00,0.000000000000000000e+00,0.000000000000000000e+00,0.000000000000000000e+00,0.000000000000000000e+00,1.000000000000000000e+02,3.803546050128036768e+03,5.178135445614585706e+02,2.060000000000000000e+06,6.341800000000000215e-02,-5.008640000000016812e+01,1.000000000000000000e+00
4.668414906595226913e-03,1.178710503690909208e-03,1.223507356087822462e+00,-1.984712386786213756e+01,2.000000000000000000e+01,6.492382812499999933e-02,0.000000000000000000e+00,0.000000000000000000e+00,0.000000000000000000e+00,0.000000000000000000e+00,0.000000000000000000e+00,0.000000000000000000e+00,1.010000000000000000e+02,3.006973758898676351e+03,5.445675454773265756e+02,2.085000000000000000e+06,6.963999999999999357e-02,-4.994759999999975264e+01,1.000000000000000000e+00
2.188857370057283210e-03,8.691700191115057277e-04,2.967271263407514348e-01,-1.628050041843201967e+01,2.000000000000000000e+01,6.817382812500000222e-02,0.000000000000000000e+00,0.000000000000000000e+00,0.000000000000000000e+00,0.000000000000000000e+00,0.000000000000000000e+00,0.000000000000000000e+00,1.020000000000000000e+02,4.145591857424992668e+03,5.112408242608372007e+02,2.094600000000000000e+06,2.593200000000000019e-02,-4.990919999999979240e+01,1.000000000000000000e+00
3.854334516469106690e-03,7.161332499264139867e-03,2.814382716537054963e-01,-1.850482114882363049e+01,2.000000000000000000e+01,6.205468749999999700e-02,0.000000000000000000e+00,0.000000000000000000e+00,0.000000000000000000e+00,0.000000000000000000e+00,0.000000000000000000e+00,0.000000000000000000e+00,1.030000000000000000e+02,3.462835628497524340e+03,5.340968162971792026e+02,2.089300000000000000e+06,4.556299999999999933e-02,-4.990930000000018651e+01,1.000000000000000000e+00
1.663039667082906762e-03,6.523296658843484586e-03,7.634660633313976597e-01,1.090871490595232274e+01,2.000000000000000000e+01,6.414941406250002087e-02,0.000000000000000000e+00,0.000000000000000000e+00,0.000000000000000000e+00,0.000000000000000000e+00,0.000000000000000000e+00,0.000000000000000000e+00,1.040000000000000000e+02,1.765761644558159969e+04,4.132824947869490870e+02,2.097000000000000000e+06,7.756699999999999706e-02,-4.989000000000047663e+01,1.000000000000000000e+00
4.957079326024490043e-03,8.014155063664917325e-03,9.435954137963264987e-01,1.088357692176452929e+01,2.000000000000000000e+01,6.185156249999999856e-02,0.000000000000000000e+00,0.000000000000000000e+00,0.000000000000000000e+00,0.000000000000000000e+00,0.000000000000000000e+00,0.000000000000000000e+00,1.050000000000000000e+02,2.170423459900586022e+04,4.119603985348314836e+02,2.096000000000000000e+06,5.308299999999999824e-02,-5.006569999999990728e+01,1.000000000000000000e+00
1.868708973939525557e-03,5.357074437923386653e-03,1.798318180988171533e-01,-2.415675715183999017e+01,2.000000000000000000e+01,6.586328124999998868e-02,0.000000000000000000e+00,0.000000000000000000e+00,0.000000000000000000e+00,0.000000000000000000e+00,0.000000000000000000e+00,0.000000000000000000e+00,1.060000000000000000e+02,3.092689717491932242e+03,5.566940228509399731e+02,2.074900000000000000e+06,4.774199999999999972e-02,-4.999574999999988734e+01,1.000000000000000000e+00
1.086798471265456928e-03,8.064867668153402266e-03,5.257009982849560892e-01,-2.620371026074531784e+01,2.000000000000000000e+01,6.426367187500001132e-02,0.000000000000000000e+00,0.000000000000000000e+00,0.000000000000000000e+00,0.000000000000000000e+00,0.000000000000000000e+00,0.000000000000000000e+00,1.070000000000000000e+02,3.876482749045615947e+03,5.497737043721459713e+02,2.068500000000000000e+06,7.804800000000000626e-02,-5.000200000000044298e+01,1.000000000000000000e+00
2.441871553104875241e-03,8.477387087641119479e-03,7.102720451810353719e-01,-2.075174083642420442e+01,2.000000000000000000e+01,6.347656250000000000e-02,0.000000000000000000e+00,0.000000000000000000e+00,0.000000000000000000e+00,0.000000000000000000e+00,0.000000000000000000e+00,0.000000000000000000e+00,1.080000000000000000e+02,4.201338169978392216e+03,5.493219483375002028e+02,2.080700000000000000e+06,7.993699999999999417e-02,-4.993889999999948515e+01,1.000000000000000000e+00
4.920404672089604206e-03,6.667499604327815563e-03,2.065337112802253239e-01,-2.365510104262037672e+01,2.000000000000000000e+01,6.484765624999999645e-02,0.000000000000000000e+00,0.000000000000000000e+00,0.000000000000000000e+00,0.000000000000000000e+00,0.000000000000000000e+00,0.000000000000000000e+00,1.090000000000000000e+02,3.589237026509354564e+03,5.562573437669934719e+02,2.077800000000000000e+06,3.778399999999999814e-02,-4.969199999999985096e+01,1.000000000000000000e+00
4.126781136985030463e-03,8.093035571063662880e-04,3.914294777634683697e-01,-1.943955845906776858e+01,2.000000000000000000e+01,6.713281250000001366e-02,0.000000000000000000e+00,0.000000000000000000e+00,0.000000000000000000e+00,0.000000000000000000e+00,0.000000000000000000e+00,0.000000000000000000e+00,1.100000000000000000e+02,5.487890422573690557e+03,5.415897019143727675e+02,2.085900000000000000e+06,2.492099999999999871e-02,-5.014305000000006629e+01,1.000000000000000000e+00
2.275368568585609420e-03,1.676226225912662553e-03,1.236835211183740652e-01,1.287750454990219140e+01,2.000000000000000000e+01,6.733593750000001210e-02,0.000000000000000000e+00,0.000000000000000000e+00,0.000000000000000000e+00,0.000000000000000000e+00,0.000000000000000000e+00,0.000000000000000000e+00,1.110000000000000000e+02,1.031215553939403799e+04,5.215553632075100268e+02,2.091600000000000000e+06,1.680200000000000096e-02,-5.016375000000022055e+01,1.000000000000000000e+00
4.648983455705940626e-03,1.736687482879591344e-03,1.175153278056399131e+00,1.436140648478413340e+01,2.000000000000000000e+01,6.365429687500000211e-02,0.000000000000000000e+00,0.000000000000000000e+00,0.000000000000000000e+00,0.000000000000000000e+00,0.000000000000000000e+00,0.000000000000000000e+00,1.120000000000000000e+02,6.973598898311827725e+03,6.111240352232446185e+02,2.085400000000000000e+06,6.652099999999999680e-02,-4.997674999999992451e+01,1.000000000000000000e+00
4.047111356392248983e-03,1.441589088658710213e-03,1.199719110271088685e+00,1.940048258196603115e+01,2.000000000000000000e+01,6.263867187499999600e-02,0.000000000000000000e+00,0.000000000000000000e+00,0.000000000000000000e+00,0.000000000000000000e+00,0.000000000000000000e+00,0.000000000000000000e+00,1.130000000000000000e+02,7.766329586325646233e+03,9.728689648917215891e+02,2.052000000000000000e+06,7.296999999999999320e-02,-4.977809999999996649e+01,1.000000000000000000e+00
3.916413129684045286e-03,7.322411275272930342e-03,3.684434158473980370e-01,1.335990777952957131e+01,2.000000000000000000e+01,5.677343749999999578e-02,0.000000000000000000e+00,0.000000000000000000e+00,0.000000000000000000e+00,0.000000000000000000e+00,0.000000000000000000e+00,0.000000000000000000e+00,1.140000000000000000e+02,2.564706389624383155e+04,5.499758991988937851e+02,2.085600000000000000e+06,2.442300000000000026e-02,-5.012480000000019231e+01,1.000000000000000000e+00
2.911861214552307741e-03,1.911829311116135547e-03,7.628475888554236972e-01,1.963475019460745585e+01,2.000000000000000000e+01,6.169921874999999972e-02,0.000000000000000000e+00,0.000000000000000000e+00,0.000000000000000000e+00,0.000000000000000000e+00,0.000000000000000000e+00,0.000000000000000000e+00,1.150000000000000000e+02,1.003847360276751897e+04,9.921996725997083786e+02,2.050200000000000000e+06,5.636800000000000144e-02,-5.008640000000021786e+01,1.000000000000000000e+00
4.104291963032594137e-03,5.744207677460168998e-04,9.497359685904199766e-01,2.727383616945250822e+01,2.000000000000000000e+01,7.127148437500001321e-02,0.000000000000000000e+00,0.000000000000000000e+00,0.000000000000000000e+00,0.000000000000000000e+00,0.000000000000000000e+00,0.000000000000000000e+00,1.160000000000000000e+02,1.015174019807544209e+04,1.796281505892144878e+03,1.973900000000000000e+06,6.299799999999999844e-02,-4.924800000000017519e+01,1.000000000000000000e+00
3.524438064681014414e-03,9.493638792475574085e-04,8.652964732030810069e-01,2.787742142686349212e+01,2.000000000000000000e+01,7.090332031250001776e-02,0.000000000000000000e+00,0.000000000000000000e+00,0.000000000000000000e+00,0.000000000000000000e+00,0.000000000000000000e+00,0.000000000000000000e+00,1.170000000000000000e+02,1.019406769030079522e+04,1.877323668188824513e+03,1.965900000000000000e+06,6.167700000000000266e-02,-4.968840000000002277e+01,1.000000000000000000e+00
3.551847667085887301e-03,1.228442684892574023e-03,2.747806466390085856e-01,1.898780420433708116e+01,2.000000000000000000e+01,6.337500000000000078e-02,0.000000000000000000e+00,0.000000000000000000e+00,0.000000000000000000e+00,0.000000000000000000e+00,0.000000000000000000e+00,0.000000000000000000e+00,1.180000000000000000e+02,1.098331517580808031e+04,9.394711266129112346e+02,2.055000000000000000e+06,1.936500000000000027e-02,-5.026080000000032300e+01,1.000000000000000000e+00
2.889852143682047209e-03,2.628689129139003336e-03,2.608922363670096445e-01,1.555788826697250471e+01,2.000000000000000000e+01,6.103906249999999784e-02,0.000000000000000000e+00,0.000000000000000000e+00,0.000000000000000000e+00,0.000000000000000000e+00,0.000000000000000000e+00,0.000000000000000000e+00,1.190000000000000000e+02,1.328828571738551727e+04,6.885717827182934343e+02,2.077400000000000000e+06,2.403900000000000134e-02,-4.999699999999960909e+01,1.000000000000000000e+00
3.700427485595273683e-03,1.990794882088246787e-03,1.295921014536261850e+00,2.436769759555358661e+01,2.000000000000000000e+01,7.005273437500002254e-02,0.000000000000000000e+00,0.000000000000000000e+00,0.000000000000000000e+00,0.000000000000000000e+00,0.000000000000000000e+00,0.000000000000000000e+00,1.200000000000000000e+02,1.201920888467241457e+04,1.444477447314988467e+03,2.008400000000000000e+06,9.100600000000000356e-02,-4.976499999999985846e+01,1.000000000000000000e+00
9.223447366695042239e-04,2.597374704006601663e-03,8.822455584047461663e-01,1.978579025464944152e+01,2.000000000000000000e+01,6.381933593749999911e-02,0.000000000000000000e+00,0.000000000000000000e+00,0.000000000000000000e+00,0.000000000000000000e+00,0.000000000000000000e+00,0.000000000000000000e+00,1.210000000000000000e+02,1.202833519299975342e+04,1.004787979220622333e+03,2.046500000000000000e+06,1.261200000000000099e-01,-4.997239999999951010e+01,1.000000000000000000e+00
9.244366811720634673e-04,2.493127578931874158e-03,7.908433331921658205e-01,2.267538053418722654e+01,2.000000000000000000e+01,7.002099609375000977e-02,0.000000000000000000e+00,0.000000000000000000e+00,0.000000000000000000e+00,0.000000000000000000e+00,0.000000000000000000e+00,0.000000000000000000e+00,1.220000000000000000e+02,1.216518664514715056e+04,1.267777009335804223e+03,2.026300000000000000e+06,1.133500000000000063e-01,-4.984979999999966793e+01,1.000000000000000000e+00
4.796621175220151800e-03,5.554717031782018671e-03,7.999058338894294851e-01,1.545931769529442334e+01,2.000000000000000000e+01,6.058203125000000827e-02,0.000000000000000000e+00,0.000000000000000000e+00,0.000000000000000000e+00,0.000000000000000000e+00,0.000000000000000000e+00,0.000000000000000000e+00,1.230000000000000000e+02,1.998219259474489081e+04,6.820246610053958420e+02,2.075900000000000000e+06,4.530100000000000099e-02,-4.988880000000013126e+01,1.000000000000000000e+00
7.731727797567178838e-04,4.305537152519522959e-03,1.246707445518426605e+00,1.764655312949815880e+01,2.000000000000000000e+01,6.535546875000000644e-02,0.000000000000000000e+00,0.000000000000000000e+00,0.000000000000000000e+00,0.000000000000000000e+00,0.000000000000000000e+00,0.000000000000000000e+00,1.240000000000000000e+02,1.986677353039916852e+04,8.358717662374876909e+02,2.054300000000000000e+06,3.900299999999999878e-01,-5.009040000000005222e+01,1.000000000000000000e+00
4.756134168341903320e-03,4.552054345006269903e-03,8.686077301355752400e-01,1.790473231027947065e+01,2.000000000000000000e+01,6.042968750000000944e-02,0.000000000000000000e+00,0.000000000000000000e+00,0.000000000000000000e+00,0.000000000000000000e+00,0.000000000000000000e+00,0.000000000000000000e+00,1.250000000000000000e+02,1.935497243006179633e+04,8.552733273582433640e+02,2.060500000000000000e+06,4.929800000000000154e-02,-4.993799999999993133e+01,1.000000000000000000e+00
1.646728441889729316e-03,7.760780830918955278e-03,1.430691406128397070e+00,1.498189964508171812e+01,2.000000000000000000e+01,6.496191406250001465e-02,0.000000000000000000e+00,0.000000000000000000e+00,0.000000000000000000e+00,0.000000000000000000e+00,0.000000000000000000e+00,0.000000000000000000e+00,1.260000000000000000e+02,3.729298228081591515e+04,6.506925247228665512e+02,2.053600000000000000e+06,6.399599999999999733e-01,-4.965705000000036051e+01,1.000000000000000000e+00
2.715965199683616303e-03,7.180660154643784057e-03,4.390078154424628121e-01,1.521915052978501137e+01,2.000000000000000000e+01,5.842382812499999356e-02,0.000000000000000000e+00,0.000000000000000000e+00,0.000000000000000000e+00,0.000000000000000000e+00,0.000000000000000000e+00,0.000000000000000000e+00,1.270000000000000000e+02,2.680906592067614838e+04,6.661411015618879219e+02,2.074900000000000000e+06,3.350399999999999906e-02,-4.983859999999987167e+01,1.000000000000000000e+00
3.118950776241937589e-03,6.279645869795852028e-03,1.496154225597932319e+00,1.539179788203419719e+01,2.000000000000000000e+01,6.441601562500000322e-02,0.000000000000000000e+00,0.000000000000000000e+00,0.000000000000000000e+00,0.000000000000000000e+00,0.000000000000000000e+00,0.000000000000000000e+00,1.280000000000000000e+02,2.842009115133279556e+04,6.775516000852679781e+02,2.066700000000000000e+06,3.131900000000000239e-01,-5.021589999999993381e+01,1.000000000000000000e+00
2.603835689585294773e-03,4.673701252440227299e-03,4.379400493186216270e-01,1.779370942746305673e+01,2.000000000000000000e+01,5.876660156249999267e-02,0.000000000000000000e+00,0.000000000000000000e+00,0.000000000000000000e+00,0.000000000000000000e+00,0.000000000000000000e+00,0.000000000000000000e+00,1.290000000000000000e+02,2.057671215457283688e+04,8.468977320939258107e+02,2.061700000000000000e+06,3.438000000000000084e-02,-4.999680000000019220e+01,1.000000000000000000e+00
3.215192363449340899e-03,5.738298101210423038e-03,2.843514407224477791e-01,1.684711012758965154e+01,2.000000000000000000e+01,5.606249999999999428e-02,0.000000000000000000e+00,0.000000000000000000e+00,0.000000000000000000e+00,0.000000000000000000e+00,0.000000000000000000e+00,0.000000000000000000e+00,1.300000000000000000e+02,2.704582899063758305e+04,7.775865550955901426e+02,2.065400000000000000e+06,2.270099999999999896e-02,-4.999324999999961960e+01,1.000000000000000000e+00
6.026120624000190539e-04,8.171612161521587744e-03,8.080677832924030302e-01,1.564525242711250996e+01,2.000000000000000000e+01,6.451757812500000244e-02,0.000000000000000000e+00,0.000000000000000000e+00,0.000000000000000000e+00,0.000000000000000000e+00,0.000000000000000000e+00,0.000000000000000000e+00,1.310000000000000000e+02,3.732080045902996062e+04,6.944153749362910730e+02,2.050500000000000000e+06,3.767800000000000038e-01,-5.019975000000031429e+01,1.000000000000000000e+00
1.197204139878444654e-03,6.211878941955928726e-03,4.839207699153226239e-01,1.800914770490238226e+01,2.000000000000000000e+01,6.074707031249999140e-02,0.000000000000000000e+00,0.000000000000000000e+00,0.000000000000000000e+00,0.000000000000000000e+00,0.000000000000000000e+00,0.000000000000000000e+00,1.320000000000000000e+02,2.891006983159659285e+04,8.631941953790917523e+02,2.053500000000000000e+06,6.688500000000000001e-02,-5.009444999999956849e+01,1.000000000000000000e+00
3.450105247657417329e-03,4.517677709464524780e-03,1.288475273886773298e+00,2.057140299503166858e+01,2.000000000000000000e+01,6.219433593749999073e-02,0.000000000000000000e+00,0.000000000000000000e+00,0.000000000000000000e+00,0.000000000000000000e+00,0.000000000000000000e+00,0.000000000000000000e+00,1.330000000000000000e+02,2.395877368646725881e+04,1.072113973698998279e+03,2.034400000000000000e+06,1.111700000000000049e-01,-4.967999999999976524e+01,1.000000000000000000e+00
1.117151716069147158e-03,3.015562887627083223e-03,3.011403663356734817e-01,2.929737530397206768e+01,2.000000000000000000e+01,7.355664062500001654e-02,0.000000000000000000e+00,0.000000000000000000e+00,0.000000000000000000e+00,0.000000000000000000e+00,0.000000000000000000e+00,0.000000000000000000e+00,1.340000000000000000e+02,2.253301580171247770e+04,2.086624143391375583e+03,1.949300000000000000e+06,4.064899999999999763e-02,-4.998574999999917168e+01,1.000000000000000000e+00
2.924392669504466673e-03,2.909955712619261437e-03,3.922967609227959729e-01,2.975200045814558081e+01,2.000000000000000000e+01,7.544824218750001421e-02,0.000000000000000000e+00,0.000000000000000000e+00,0.000000000000000000e+00,0.000000000000000000e+00,0.000000000000000000e+00,0.000000000000000000e+00,1.350000000000000000e+02,2.342750785039902985e+04,2.156924840716365907e+03,1.941700000000000000e+06,3.188900000000000068e-02,-5.000040000000016960e+01,1.000000000000000000e+00
1.591717455670380857e-03,8.127951428075229356e-03,1.327084260505317692e+00,2.225128135392108675e+01,2.000000000000000000e+01,7.025585937500002098e-02,0.000000000000000000e+00,0.000000000000000000e+00,0.000000000000000000e+00,0.000000000000000000e+00,0.000000000000000000e+00,0.000000000000000000e+00,1.360000000000000000e+02,3.607715164632230881e+04,1.225922291989601945e+03,2.057400000000000000e+06,5.546499999999999764e-01,-4.242679999999945295e+01,1.000000000000000000e+00
5.875602120812941417e-04,7.541632813261341453e-03,4.725431301495636172e-01,2.090126480006724563e+01,2.000000000000000000e+01,6.069628906249999178e-02,0.000000000000000000e+00,0.000000000000000000e+00,0.000000000000000000e+00,0.000000000000000000e+00,0.000000000000000000e+00,0.000000000000000000e+00,1.370000000000000000e+02,4.648058865677900030e+04,1.101238096015753172e+03,2.012100000000000000e+06,1.478599999999999914e-01,-4.997999999999791498e+01,1.000000000000000000e+00
2.718261083471524859e-03,5.149844553057340152e-03,1.024807045318492760e+00,2.585636028402449682e+01,2.000000000000000000e+01,6.983691406250000511e-02,0.000000000000000000e+00,0.000000000000000000e+00,0.000000000000000000e+00,0.000000000000000000e+00,0.000000000000000000e+00,0.000000000000000000e+00,1.380000000000000000e+02,2.886816154461053520e+04,1.616105119509694532e+03,2.000000000000000000e+06,1.062000000000000027e-01,-4.960349999999994708e+01,1.000000000000000000e+00
1.722105755223954154e-03,4.206018741489091217e-03,1.112984861848602680e+00,2.784627372046492155e+01,2.000000000000000000e+01,6.750097656250000910e-02,0.000000000000000000e+00,0.000000000000000000e+00,0.000000000000000000e+00,0.000000000000000000e+00,0.000000000000000000e+00,0.000000000000000000e+00,1.390000000000000000e+02,2.871420972174683266e+04,1.873018220214811208e+03,1.981200000000000000e+06,2.430700000000000083e-01,-4.967969999999968422e+01,1.000000000000000000e+00
2.870966001608481546e-03,3.707566218589204710e-03,1.306374481503663310e+00,2.953743954366846225e+01,2.000000000000000000e+01,6.668847656250001532e-02,0.000000000000000000e+00,0.000000000000000000e+00,0.000000000000000000e+00,0.000000000000000000e+00,0.000000000000000000e+00,0.000000000000000000e+00,1.400000000000000000e+02,2.846949204231694966e+04,2.122782595167903764e+03,1.954900000000000000e+06,1.930999999999999939e-01,-5.009894999999989551e+01,1.000000000000000000e+00
1.907518933781478113e-03,5.076823324386034800e-03,3.668932582023690658e-01,2.753414976349041865e+01,2.000000000000000000e+01,7.523242187500001066e-02,0.000000000000000000e+00,0.000000000000000000e+00,0.000000000000000000e+00,0.000000000000000000e+00,0.000000000000000000e+00,0.000000000000000000e+00,1.410000000000000000e+02,3.397876312985343975e+04,1.831281362319073878e+03,1.975500000000000000e+06,4.080299999999999899e-02,-4.951259999999975037e+01,1.000000000000000000e+00
5.120687680579967234e-04,8.453784183884911416e-03,4.103927668882392243e-01,2.671389271883113281e+01,2.000000000000000000e+01,7.063037109375001898e-02,0.000000000000000000e+00,0.000000000000000000e+00,0.000000000000000000e+00,0.000000000000000000e+00,0.000000000000000000e+00,0.000000000000000000e+00,1.420000000000000000e+02,4.912395032322727639e+04,1.722392958336868787e+03,2.008000000000000000e+06,1.476899999999999880e-01,-4.288000000000014467e+01,1.000000000000000000e+00
4.325212467390945545e-03,4.178091311868541505e-03,8.344596732759888003e-01,2.956636895276794519e+01,2.000000000000000000e+01,7.048437500000001577e-02,0.000000000000000000e+00,0.000000000000000000e+00,0.000000000000000000e+00,0.000000000000000000e+00,0.000000000000000000e+00,0.000000000000000000e+00,1.430000000000000000e+02,3.211432424000595347e+04,2.127213314104394613e+03,1.949100000000000000e+06,6.184100000000000014e-02,-4.995375000000026944e+01,1.000000000000000000e+00
4.039090060151163952e-03,3.289207455062729841e-03,3.498428893980728427e-01,2.999473360662000232e+01,2.000000000000000000e+01,5.286328124999999101e-02,0.000000000000000000e+00,0.000000000000000000e+00,0.000000000000000000e+00,0.000000000000000000e+00,0.000000000000000000e+00,0.000000000000000000e+00,1.440000000000000000e+02,3.658865817582113232e+04,2.197062547470940899e+03,1.927900000000000000e+06,2.590800000000000047e-02,-5.008359999999984780e+01,1.000000000000000000e+00
1.987094631089243377e-03,6.134550433646773770e-03,3.486726389307667207e-01,2.831677133553944259e+01,2.000000000000000000e+01,7.568945312500000022e-02,0.000000000000000000e+00,0.000000000000000000e+00,0.000000000000000000e+00,0.000000000000000000e+00,0.000000000000000000e+00,0.000000000000000000e+00,1.450000000000000000e+02,4.291760730874390720e+04,1.940299395130860376e+03,1.968700000000000000e+06,3.940199999999999952e-02,-4.679384999999971484e+01,1.000000000000000000e+00
1.175684975552005688e-03,6.954602704915555447e-03,8.502871639359151912e-01,2.888120537637185237e+01,2.000000000000000000e+01,6.817382812500000222e-02,0.000000000000000000e+00,0.000000000000000000e+00,0.000000000000000000e+00,0.000000000000000000e+00,0.000000000000000000e+00,0.000000000000000000e+00,1.460000000000000000e+02,4.960501570376117161e+04,2.021002355514517149e+03,1.989000000000000000e+06,3.617199999999999860e-01,-4.080720000000012249e+01,1.000000000000000000e+00
1.319172124652458027e-03,7.871520621922095326e-03,1.224691161826848340e+00,2.902127810723204249e+01,2.000000000000000000e+01,6.790722656250000600e-02,0.000000000000000000e+00,0.000000000000000000e+00,0.000000000000000000e+00,0.000000000000000000e+00,0.000000000000000000e+00,0.000000000000000000e+00,1.470000000000000000e+02,5.168041525853805069e+04,2.043275630881452571e+03,2.008600000000000000e+06,8.185799999999999743e-01,-3.501944999999973618e+01,1.000000000000000000e+00
3.916645937023774393e-03,7.577568838519073424e-03,5.555997451229743866e-01,2.995770055940595711e+01,2.000000000000000000e+01,7.475000000000001088e-02,0.000000000000000000e+00,0.000000000000000000e+00,0.000000000000000000e+00,0.000000000000000000e+00,0.000000000000000000e+00,0.000000000000000000e+00,1.480000000000000000e+02,6.017052836216499418e+04,2.190957222326768260e+03,1.951000000000000000e+06,4.532599999999999824e-02,-3.760319999999987317e+01,1.000000000000000000e+00
