  1.5184E-02  1.2429E-01 -3.7849E-06  1.6876E-01  1.0136E+00  1.1223E-01  8.3368E-01
  3.0560E-02  1.8659E-01 -6.0089E-06  1.8601E-01  1.5413E+00  1.1797E-01  1.4979E+00
  4.5840E-02  2.4430E-01 -8.3210E-06  2.1596E-01  2.4364E+00  1.2063E-01  2.4199E+00
  6.1046E-02  3.0116E-01 -1.1059E-05  2.5736E-01  2.8818E+00  1.2182E-01  2.8716E+00
  7.6400E-02  3.5863E-01 -1.3796E-05  2.9771E-01  2.2130E+00  1.2366E-01  2.2032E+00
  9.1680E-02  4.1506E-01 -1.5766E-05  3.2222E-01  1.0366E+00  1.2505E-01  1.0223E+00
  1.0696E-01  4.7006E-01 -1.6898E-05  3.3156E-01  3.4803E-01  1.2607E-01  3.1878E-01
  1.2224E-01  5.2382E-01 -1.7644E-05  3.3533E-01  2.9059E-01  1.2729E-01  2.6620E-01
  1.3752E-01  5.7684E-01 -1.8460E-05  3.4182E-01  6.3974E-01  1.2877E-01  6.3166E-01
  1.5280E-01  6.2948E-01 -1.9618E-05  3.5540E-01  1.1495E+00  1.2918E-01  1.1459E+00
  1.6808E-01  6.8198E-01 -2.1155E-05  3.7615E-01  1.5329E+00  1.2852E-01  1.5307E+00
  1.8336E-01  7.3445E-01 -2.2916E-05  4.0094E-01  1.6839E+00  1.2866E-01  1.6821E+00
  1.9864E-01  7.8692E-01 -2.4747E-05  4.2692E-01  1.7094E+00  1.2903E-01  1.7078E+00
  2.1392E-01  8.3942E-01 -2.6585E-05  4.5295E-01  1.6978E+00  1.2940E-01  1.6963E+00
  2.2920E-01  8.9193E-01 -2.8410E-05  4.7873E-01  1.6788E+00  1.2977E-01  1.6775E+00
  2.4448E-01  9.4445E-01 -3.0221E-05  5.0423E-01  1.6625E+00  1.3013E-01  1.6612E+00
  2.5976E-01  9.9698E-01 -3.2019E-05  5.2952E-01  1.6517E+00  1.3047E-01  1.6505E+00
  2.7504E-01  1.0495E+00 -3.3807E-05  5.5469E-01  1.6462E+00  1.3079E-01  1.6452E+00
  2.9032E-01  1.1020E+00 -3.5585E-05  5.7981E-01  1.6447E+00  1.3111E-01  1.6437E+00
  3.0560E-01  1.1546E+00 -3.7351E-05  6.0493E-01  1.6454E+00  1.3145E-01  1.6446E+00
  3.2088E-01  1.2071E+00 -3.9094E-05  6.3007E-01  1.6469E+00  1.3190E-01  1.6461E+00
  3.3616E-01  1.2596E+00 -4.0796E-05  6.5523E-01  1.6478E+00  1.3278E-01  1.6470E+00
  3.5144E-01  1.3121E+00 -4.2417E-05  6.8039E-01  1.6469E+00  1.3517E-01  1.6461E+00
  3.6672E-01  1.3647E+00 -4.3883E-05  7.0550E-01  1.6406E+00  1.4175E-01  1.6398E+00
  3.8200E-01  1.4172E+00 -4.5062E-05  7.3042E-01  1.6189E+00  1.5589E-01  1.6181E+00
  3.9728E-01  1.4697E+00 -4.5738E-05  7.5475E-01  1.5588E+00  1.7503E-01  1.5577E+00
  4.1256E-01  1.5223E+00 -4.5612E-05  7.7761E-01  1.4206E+00  1.8611E-01  1.4194E+00
  4.2784E-01  1.5748E+00 -4.4369E-05  7.9749E-01  1.1638E+00  1.7935E-01  1.1624E+00
  4.4312E-01  1.6273E+00 -4.1821E-05  8.1245E-01  7.7780E-01  1.6299E-01  7.7620E-01
  4.5840E-01  1.6798E+00 -3.8028E-05  8.2071E-01  3.0043E-01  1.5300E-01  2.9682E-01
  4.7368E-01  1.7324E+00 -3.3336E-05  8.2139E-01  2.1067E-01  1.5775E-01 -2.0516E-01
  4.8896E-01  1.7849E+00 -2.8315E-05  8.1473E-01  6.5325E-01  1.7422E-01 -6.5107E-01
  5.0424E-01  1.8374E+00 -2.3608E-05  8.0209E-01  9.8409E-01  1.8935E-01 -9.8233E-01
  5.1952E-01  1.8900E+00 -1.9723E-05  7.8539E-01  1.1848E+00  1.8847E-01 -1.1833E+00
  5.3480E-01  1.9425E+00 -1.6860E-05  7.6646E-01  1.2830E+00  1.7194E-01 -1.2818E+00
  5.5008E-01  1.9950E+00 -1.4915E-05  7.4652E-01  1.3223E+00  1.5398E-01 -1.3213E+00
  5.6536E-01  2.0475E+00 -1.3634E-05  7.2622E-01  1.3354E+00  1.4358E-01 -1.3345E+00
  5.8064E-01  2.1001E+00 -1.2771E-05  7.0580E-01  1.3387E+00  1.3960E-01 -1.3378E+00
  5.9592E-01  2.1526E+00 -1.2149E-05  6.8535E-01  1.3387E+00  1.3849E-01 -1.3378E+00
  6.1120E-01  2.2051E+00 -1.1662E-05  6.6492E-01  1.3376E+00  1.3835E-01 -1.3366E+00
  6.2648E-01  2.2577E+00 -1.1251E-05  6.4451E-01  1.3361E+00  1.3847E-01 -1.3350E+00
  6.4176E-01  2.3102E+00 -1.0884E-05  6.2413E-01  1.3344E+00  1.3866E-01 -1.3332E+00
  6.5704E-01  2.3627E+00 -1.0543E-05  6.0377E-01  1.3325E+00  1.3887E-01 -1.3313E+00
  6.7232E-01  2.4152E+00 -1.0220E-05  5.8344E-01  1.3306E+00  1.3908E-01 -1.3293E+00
  6.8760E-01  2.4678E+00 -9.9069E-06  5.6315E-01  1.3286E+00  1.3929E-01 -1.3271E+00
  7.0288E-01  2.5203E+00 -9.6014E-06  5.4289E-01  1.3265E+00  1.3950E-01 -1.3249E+00
  7.1816E-01  2.5728E+00 -9.3013E-06  5.2266E-01  1.3243E+00  1.3970E-01 -1.3226E+00
  7.3344E-01  2.6253E+00 -9.0050E-06  5.0247E-01  1.3220E+00  1.3989E-01 -1.3201E+00
  7.4872E-01  2.6779E+00 -8.7115E-06  4.8232E-01  1.3196E+00  1.4008E-01 -1.3176E+00
  7.6400E-01  2.7304E+00 -8.4202E-06  4.6221E-01  1.3170E+00  1.4026E-01 -1.3149E+00
  7.7928E-01  2.7829E+00 -8.1305E-06  4.4214E-01  1.3144E+00  1.4043E-01 -1.3120E+00
  7.9456E-01  2.8355E+00 -7.8423E-06  4.2212E-01  1.3116E+00  1.4059E-01 -1.3090E+00
  8.0984E-01  2.8880E+00 -7.5556E-06  4.0214E-01  1.3087E+00  1.4074E-01 -1.3058E+00
  8.2512E-01  2.9405E+00 -7.2703E-06  3.8222E-01  1.3056E+00  1.4087E-01 -1.3024E+00
  8.4040E-01  2.9930E+00 -6.9863E-06  3.6235E-01  1.3024E+00  1.4099E-01 -1.2987E+00
  8.5568E-01  3.0456E+00 -6.7038E-06  3.4253E-01  1.2989E+00  1.4109E-01 -1.2948E+00
  8.7096E-01  3.0981E+00 -6.4221E-06  3.2278E-01  1.2952E+00  1.4116E-01 -1.2906E+00
  8.8624E-01  3.1506E+00 -6.1404E-06  3.0309E-01  1.2913E+00  1.4121E-01 -1.2861E+00
  9.0144E-01  3.2029E+00 -5.8611E-06  2.8358E-01  1.2871E+00  1.4123E-01 -1.2811E+00
  9.1680E-01  3.2557E+00 -5.5805E-06  2.6395E-01  1.2826E+00  1.4122E-01 -1.2756E+00
  9.3208E-01  3.3082E+00 -5.3041E-06  2.4450E-01  1.2777E+00  1.4117E-01 -1.2696E+00
  9.4736E-01  3.3607E+00 -5.0308E-06  2.2516E-01  1.2724E+00  1.4107E-01 -1.2628E+00
  9.6264E-01  3.4133E+00 -4.7619E-06  2.0592E-01  1.2666E+00  1.4092E-01 -1.2551E+00
  9.7787E-01  3.4656E+00 -4.5010E-06  1.8687E-01  1.2602E+00  1.4071E-01 -1.2462E+00
  9.9320E-01  3.5183E+00 -4.2477E-06  1.6785E-01  1.2531E+00  1.4043E-01 -1.2356E+00
  1.0085E+00  3.5708E+00 -4.0055E-06  1.4907E-01  1.2451E+00  1.4009E-01 -1.2229E+00
  1.0238E+00  3.6234E+00 -3.7822E-06  1.3050E-01  1.2360E+00  1.3968E-01 -1.2069E+00
  1.0390E+00  3.6759E+00 -3.5817E-06  1.1221E-01  1.2256E+00  1.3924E-01 -1.1859E+00
  1.0543E+00  3.7284E+00 -3.3978E-06  9.4304E-02  1.2133E+00  1.3879E-01 -1.1566E+00
  1.0696E+00  3.7810E+00 -3.1976E-06  7.6949E-02  1.1987E+00  1.3838E-01 -1.1118E+00
  1.0849E+00  3.8335E+00 -2.8990E-06  6.0490E-02  1.1811E+00  1.3800E-01 -1.0353E+00
  1.1001E+00  3.8859E+00 -2.3787E-06  4.5704E-02  1.1596E+00  1.3751E-01 -8.8454E-01
  1.1154E+00  3.9385E+00 -1.4579E-06  3.4381E-02  1.1337E+00  1.3653E-01 -5.5309E-01
  1.1307E+00  3.9911E+00 -2.9393E-07  3.0265E-02  1.1088E+00  1.3453E-01  4.7196E-02
  1.1460E+00  4.0436E+00  6.0223E-07  3.5561E-02  1.1113E+00  1.3333E-01  6.0153E-01
  1.1613E+00  4.0961E+00  1.3278E-06  4.7234E-02  1.1446E+00  1.3610E-01  8.9133E-01
  1.1765E+00  4.1483E+00  2.0054E-06  6.1969E-02  1.1734E+00  1.3953E-01  1.0305E+00
  1.1918E+00  4.2012E+00  2.6742E-06  7.8441E-02  1.1952E+00  1.4261E-01  1.1060E+00
  1.2071E+00  4.2537E+00  3.3259E-06  9.5717E-02  1.2121E+00  1.4526E-01  1.1516E+00
  1.2224E+00  4.3062E+00  3.9675E-06  1.1356E-01  1.2259E+00  1.4761E-01  1.1823E+00
  1.2377E+00  4.3588E+00  4.6015E-06  1.3181E-01  1.2374E+00  1.4973E-01  1.2046E+00
  1.2530E+00  4.4113E+00  5.2316E-06  1.5035E-01  1.2473E+00  1.5167E-01  1.2217E+00
  1.2682E+00  4.4638E+00  5.8598E-06  1.6913E-01  1.2559E+00  1.5347E-01  1.2354E+00
  1.2835E+00  4.5163E+00  6.4877E-06  1.8809E-01  1.2636E+00  1.5515E-01  1.2468E+00
  1.2988E+00  4.5688E+00  7.1150E-06  2.0720E-01  1.2705E+00  1.5673E-01  1.2564E+00
  1.3141E+00  4.6214E+00  7.7455E-06  2.2648E-01  1.2768E+00  1.5823E-01  1.2648E+00
  1.3294E+00  4.6739E+00  8.3766E-06  2.4587E-01  1.2825E+00  1.5967E-01  1.2722E+00
  1.3446E+00  4.7264E+00  9.0083E-06  2.6533E-01  1.2878E+00  1.6103E-01  1.2789E+00
  1.3599E+00  4.7790E+00  9.6444E-06  2.8495E-01  1.2927E+00  1.6235E-01  1.2848E+00
  1.3752E+00  4.8315E+00  1.0281E-05  3.0462E-01  1.2972E+00  1.6362E-01  1.2903E+00
  1.3905E+00  4.8840E+00  1.0920E-05  3.2438E-01  1.3015E+00  1.6484E-01  1.2953E+00
  1.4058E+00  4.9366E+00  1.1560E-05  3.4420E-01  1.3055E+00  1.6603E-01  1.2999E+00
  1.4210E+00  4.9891E+00  1.2204E-05  3.6410E-01  1.3092E+00  1.6717E-01  1.3042E+00
  1.4363E+00  5.0416E+00  1.2849E-05  3.8406E-01  1.3128E+00  1.6828E-01  1.3082E+00
  1.4516E+00  5.0941E+00  1.3497E-05  4.0408E-01  1.3162E+00  1.6937E-01  1.3120E+00
  1.4669E+00  5.1467E+00  1.4148E-05  4.2415E-01  1.3194E+00  1.7042E-01  1.3155E+00
  1.4822E+00  5.1992E+00  1.4801E-05  4.4428E-01  1.3224E+00  1.7145E-01  1.3189E+00
  1.4974E+00  5.2517E+00  1.5455E-05  4.6446E-01  1.3253E+00  1.7245E-01  1.3221E+00
  1.5127E+00  5.3043E+00  1.6112E-05  4.8468E-01  1.3281E+00  1.7343E-01  1.3251E+00
  1.5280E+00  5.3568E+00  1.6770E-05  5.0495E-01  1.3307E+00  1.7439E-01  1.3279E+00
  1.5433E+00  5.4093E+00  1.7429E-05  5.2526E-01  1.3333E+00  1.7533E-01  1.3307E+00
  1.5586E+00  5.4618E+00  1.8090E-05  5.4561E-01  1.3357E+00  1.7624E-01  1.3333E+00
  1.5738E+00  5.5144E+00  1.8751E-05  5.6601E-01  1.3381E+00  1.7714E-01  1.3358E+00
  1.5891E+00  5.5669E+00  1.9414E-05  5.8643E-01  1.3403E+00  1.7801E-01  1.3382E+00
  1.6044E+00  5.6194E+00  2.0077E-05  6.0690E-01  1.3425E+00  1.7887E-01  1.3405E+00
  1.6197E+00  5.6719E+00  2.0742E-05  6.2740E-01  1.3446E+00  1.7972E-01  1.3427E+00
  1.6350E+00  5.7245E+00  2.1408E-05  6.4793E-01  1.3466E+00  1.8054E-01  1.3448E+00
  1.6502E+00  5.7770E+00  2.2075E-05  6.6850E-01  1.3486E+00  1.8136E-01  1.3469E+00
  1.6655E+00  5.8295E+00  2.2743E-05  6.8909E-01  1.3505E+00  1.8215E-01  1.3489E+00
  1.6808E+00  5.8821E+00  2.3412E-05  7.0972E-01  1.3523E+00  1.8293E-01  1.3508E+00
  1.6961E+00  5.9346E+00  2.4082E-05  7.3037E-01  1.3541E+00  1.8370E-01  1.3527E+00
  1.7114E+00  5.9871E+00  2.4751E-05  7.5105E-01  1.3558E+00  1.8445E-01  1.3545E+00
  1.7266E+00  6.0396E+00  2.5422E-05  7.7176E-01  1.3575E+00  1.8520E-01  1.3562E+00
  1.7419E+00  6.0923E+00 -3.0005E-03  1.2259E-01  2.1221E-01  1.5768E-02  2.0977E-01
  1.7572E+00  6.1448E+00 -2.0127E-03  1.2484E-01  2.1097E-01  1.5684E-02  2.0864E-01
  1.7725E+00  6.1973E+00 -2.0650E-03  1.2803E-01  2.1126E-01  1.5699E-02  2.0904E-01
  1.7878E+00  6.2499E+00 -2.1172E-03  1.3123E-01  2.1155E-01  1.5714E-02  2.0943E-01
  1.8030E+00  6.3024E+00 -2.1695E-03  1.3443E-01  2.1183E-01  1.5728E-02  2.0981E-01
  1.8183E+00  6.3549E+00 -2.2218E-03  1.3764E-01  2.1210E-01  1.5743E-02  2.1017E-01
  1.8336E+00  6.4075E+00 -2.2741E-03  1.4086E-01  2.1237E-01  1.5757E-02  2.1053E-01
  1.8489E+00  6.4600E+00 -2.3264E-03  1.4407E-01  2.1263E-01  1.5771E-02  2.1087E-01
  1.8642E+00  6.5125E+00 -2.3788E-03  1.4730E-01  2.1288E-01  1.5786E-02  2.1120E-01
  1.8794E+00  6.5650E+00 -2.4311E-03  1.5053E-01  2.1313E-01  1.5800E-02  2.1152E-01
  1.8947E+00  6.6176E+00 -2.4834E-03  1.5376E-01  2.1338E-01  1.5814E-02  2.1183E-01
  1.9100E+00  6.6701E+00 -2.5358E-03  1.5700E-01  2.1362E-01  1.5829E-02  2.1213E-01
  1.9253E+00  6.7226E+00 -2.5882E-03  1.6025E-01  2.1385E-01  1.5843E-02  2.1243E-01
  1.9406E+00  6.7752E+00 -2.6405E-03  1.6349E-01  2.1408E-01  1.5857E-02  2.1272E-01
  1.9558E+00  6.8277E+00 -2.6929E-03  1.6675E-01  2.1431E-01  1.5871E-02  2.1299E-01
  1.9711E+00  6.8802E+00 -2.7452E-03  1.7000E-01  2.1453E-01  1.5884E-02  2.1327E-01
  1.9864E+00  6.9327E+00 -2.7976E-03  1.7326E-01  2.1475E-01  1.5898E-02  2.1353E-01
  2.0017E+00  6.9853E+00 -2.8500E-03  1.7653E-01  2.1497E-01  1.5912E-02  2.1379E-01
  2.0170E+00  7.0378E+00 -2.9023E-03  1.7980E-01  2.1518E-01  1.5925E-02  2.1404E-01
  2.0322E+00  7.0903E+00 -2.9547E-03  1.8307E-01  2.1538E-01  1.5939E-02  2.1429E-01
  2.0475E+00  7.1428E+00 -3.0071E-03  1.8635E-01  2.1559E-01  1.5952E-02  2.1453E-01
  2.0628E+00  7.1954E+00 -3.0594E-03  1.8963E-01  2.1579E-01  1.5965E-02  2.1477E-01
  2.0781E+00  7.2479E+00 -3.1118E-03  1.9291E-01  2.1599E-01  1.5979E-02  2.1500E-01
  2.0934E+00  7.3004E+00 -3.1642E-03  1.9620E-01  2.1618E-01  1.5992E-02  2.1523E-01
  2.1086E+00  7.3530E+00 -3.2166E-03  1.9949E-01  2.1637E-01  1.6005E-02  2.1545E-01
  2.1239E+00  7.4055E+00 -3.2690E-03  2.0278E-01  2.1656E-01  1.6019E-02  2.1567E-01
  2.1392E+00  7.4580E+00 -3.3215E-03  2.0608E-01  2.1675E-01  1.6032E-02  2.1588E-01
  2.1545E+00  7.5105E+00 -3.3739E-03  2.0938E-01  2.1693E-01  1.6045E-02  2.1609E-01
  2.1698E+00  7.5631E+00 -3.4263E-03  2.1268E-01  2.1711E-01  1.6058E-02  2.1629E-01
  2.1850E+00  7.6156E+00 -3.4787E-03  2.1599E-01  2.1729E-01  1.6071E-02  2.1650E-01
  2.2003E+00  7.6681E+00 -3.5312E-03  2.1930E-01  2.1746E-01  1.6084E-02  2.1669E-01
  2.2156E+00  7.7206E+00 -3.5836E-03  2.2261E-01  2.1764E-01  1.6096E-02  2.1689E-01
  2.2309E+00  7.7732E+00 -3.6360E-03  2.2593E-01  2.1781E-01  1.6109E-02  2.1708E-01
  2.2462E+00  7.8257E+00 -3.6885E-03  2.2924E-01  2.1797E-01  1.6121E-02  2.1727E-01
  2.2614E+00  7.8782E+00 -3.7410E-03  2.3257E-01  2.1814E-01  1.6134E-02  2.1745E-01
  2.2767E+00  7.9308E+00 -3.7934E-03  2.3589E-01  2.1830E-01  1.6146E-02  2.1764E-01
  2.2920E+00  7.9833E+00 -3.8459E-03  2.3922E-01  2.1847E-01  1.6159E-02  2.1782E-01
  2.3073E+00  8.0358E+00 -3.8984E-03  2.4255E-01  2.1863E-01  1.6171E-02  2.1799E-01
  2.3226E+00  8.0883E+00 -3.9510E-03  2.4588E-01  2.1878E-01  1.6183E-02  2.1817E-01
  2.3378E+00  8.1409E+00 -4.0035E-03  2.4921E-01  2.1894E-01  1.6196E-02  2.1834E-01
  2.3531E+00  8.1934E+00 -4.0560E-03  2.5255E-01  2.1910E-01  1.6208E-02  2.1851E-01
  2.3684E+00  8.2458E+00 -4.1084E-03  2.5588E-01  2.1925E-01  1.6220E-02  2.1868E-01
  2.3837E+00  8.2985E+00 -4.1611E-03  2.5923E-01  2.1940E-01  1.6233E-02  2.1884E-01
  2.3990E+00  8.3510E+00 -4.2136E-03  2.6258E-01  2.1955E-01  1.6245E-02  2.1901E-01
  2.4142E+00  8.4035E+00 -4.2662E-03  2.6593E-01  2.1970E-01  1.6257E-02  2.1917E-01
  2.4295E+00  8.4560E+00 -4.3187E-03  2.6928E-01  2.1984E-01  1.6269E-02  2.1932E-01
  2.4448E+00  8.5086E+00 -4.3712E-03  2.7263E-01  2.1999E-01  1.6281E-02  2.1948E-01
  2.4601E+00  8.5611E+00 -4.4238E-03  2.7598E-01  2.2013E-01  1.6293E-02  2.1964E-01
  2.4754E+00  8.6136E+00 -4.4763E-03  2.7934E-01  2.2027E-01  1.6305E-02  2.1979E-01
  2.4906E+00  8.6661E+00 -4.5289E-03  2.8270E-01  2.2041E-01  1.6317E-02  2.1994E-01
  2.5059E+00  8.7187E+00 -4.5814E-03  2.8606E-01  2.2055E-01  1.6329E-02  2.2009E-01
  2.5212E+00  8.7712E+00 -4.6340E-03  2.8943E-01  2.2068E-01  1.6340E-02  2.2023E-01
  2.5365E+00  8.8237E+00 -4.6865E-03  2.9279E-01  2.2082E-01  1.6352E-02  2.2038E-01
  2.5518E+00  8.8763E+00 -4.7391E-03  2.9616E-01  2.2095E-01  1.6364E-02  2.2052E-01
  2.5670E+00  8.9288E+00 -4.7916E-03  2.9953E-01  2.2108E-01  1.6375E-02  2.2066E-01
  2.5823E+00  8.9813E+00 -4.8442E-03  3.0290E-01  2.2121E-01  1.6387E-02  2.2080E-01
  2.5976E+00  9.0338E+00 -4.8967E-03  3.0628E-01  2.2134E-01  1.6398E-02  2.2094E-01
  2.6129E+00  9.0864E+00 -4.9493E-03  3.0966E-01  2.2147E-01  1.6409E-02  2.2108E-01
  2.6282E+00  9.1389E+00 -5.0019E-03  3.1304E-01  2.2160E-01  1.6420E-02  2.2121E-01
  2.6434E+00  9.1914E+00 -5.0545E-03  3.1642E-01  2.2172E-01  1.6431E-02  2.2135E-01
  2.6587E+00  9.2439E+00 -5.1070E-03  3.1980E-01  2.2185E-01  1.6442E-02  2.2148E-01
  2.6740E+00  9.2965E+00 -5.1596E-03  3.2319E-01  2.2197E-01  1.6453E-02  2.2161E-01
  2.6893E+00  9.3490E+00 -5.2123E-03  3.2657E-01  2.2210E-01  1.6463E-02  2.2174E-01
  2.7046E+00  9.4015E+00 -5.2649E-03  3.2996E-01  2.2222E-01  1.6474E-02  2.2187E-01
  2.7198E+00  9.4541E+00 -5.3175E-03  3.3335E-01  2.2234E-01  1.6486E-02  2.2200E-01
  2.7351E+00  9.5066E+00 -5.3701E-03  3.3675E-01  2.2246E-01  1.6497E-02  2.2212E-01
  2.7504E+00  9.5591E+00 -5.4227E-03  3.4014E-01  2.2257E-01  1.6508E-02  2.2225E-01
  2.7657E+00  9.6116E+00 -5.4754E-03  3.4354E-01  2.2269E-01  1.6519E-02  2.2237E-01
  2.7810E+00  9.6642E+00 -5.5280E-03  3.4694E-01  2.2281E-01  1.6530E-02  2.2249E-01
  2.7962E+00  9.7167E+00 -5.5806E-03  3.5034E-01  2.2292E-01  1.6541E-02  2.2261E-01
  2.8115E+00  9.7692E+00 -5.6333E-03  3.5374E-01  2.2304E-01  1.6552E-02  2.2273E-01
  2.8268E+00  9.8218E+00 -5.6859E-03  3.5714E-01  2.2315E-01  1.6563E-02  2.2285E-01
  2.8421E+00  9.8743E+00 -5.7386E-03  3.6055E-01  2.2326E-01  1.6574E-02  2.2297E-01
  2.8574E+00  9.9268E+00 -5.7912E-03  3.6396E-01  2.2338E-01  1.6584E-02  2.2309E-01
  2.8726E+00  9.9793E+00 -5.8439E-03  3.6737E-01  2.2349E-01  1.6595E-02  2.2320E-01
  2.8879E+00  1.0032E+01 -5.8965E-03  3.7078E-01  2.2360E-01  1.6605E-02  2.2332E-01
