  1.5281E-02  1.2562E-01 -3.7751E-06  1.2117E+00  6.4298E+00  8.0559E-01 -6.4040E+00
  3.0560E-02  1.8753E-01 -3.0353E-06  1.1740E+00  1.2884E+00  8.8137E-01  1.2143E+00
  4.5840E-02  2.4525E-01 -2.3633E-06  1.2421E+00  7.3771E+00  8.7493E-01  7.3685E+00
  6.1120E-02  3.0238E-01 -2.4335E-06  1.3801E+00  9.7638E+00  8.1645E-01  9.7591E+00
  7.6401E-02  3.5960E-01 -3.3972E-06  1.5093E+00  6.3240E+00  9.0120E-01  6.3169E+00
  9.1585E-02  4.1572E-01 -4.4231E-06  1.5628E+00  9.4171E-01  8.8254E-01  9.0754E-01
  1.0696E-01  4.7110E-01 -4.9375E-06  1.5506E+00  1.9238E+00  8.2525E-01 -1.9137E+00
  1.2224E-01  5.2489E-01 -4.9874E-06  1.5200E+00  1.6938E+00  8.1402E-01 -1.6857E+00
  1.3752E-01  5.7792E-01 -4.8088E-06  1.5077E+00  2.9849E-01  8.5452E-01  2.5628E-01
  1.5280E-01  6.3058E-01 -4.6239E-06  1.5302E+00  2.6606E+00  8.4818E-01  2.6570E+00
  1.6808E-01  6.8308E-01 -4.6731E-06  1.5852E+00  4.3553E+00  8.1141E-01  4.3535E+00
  1.8336E-01  7.3555E-01 -4.9862E-06  1.6576E+00  4.9905E+00  8.3306E-01  4.9889E+00
  1.9864E-01  7.8804E-01 -5.3949E-06  1.7349E+00  5.0817E+00  8.3622E-01  5.0803E+00
  2.1392E-01  8.4054E-01 -5.7981E-06  1.8121E+00  5.0188E+00  8.3027E-01  5.0175E+00
  2.2920E-01  8.9305E-01 -6.1838E-06  1.8881E+00  4.9298E+00  8.2546E-01  4.9286E+00
  2.4448E-01  9.4558E-01 -6.5513E-06  1.9628E+00  4.8544E+00  8.2261E-01  4.8533E+00
  2.5976E-01  9.9811E-01 -6.9044E-06  2.0365E+00  4.8032E+00  8.2127E-01  4.8022E+00
  2.7502E-01  1.0506E+00 -7.2507E-06  2.1096E+00  4.7745E+00  8.2103E-01  4.7735E+00
  2.9032E-01  1.1032E+00 -7.5964E-06  2.1825E+00  4.7616E+00  8.2180E-01  4.7607E+00
  3.0560E-01  1.1557E+00 -7.9443E-06  2.2552E+00  4.7581E+00  8.2434E-01  4.7572E+00
  3.2088E-01  1.2082E+00 -8.2983E-06  2.3279E+00  4.7577E+00  8.3230E-01  4.7569E+00
  3.3616E-01  1.2608E+00 -8.6641E-06  2.4006E+00  4.7555E+00  8.5845E-01  4.7546E+00
  3.5144E-01  1.3133E+00 -9.0540E-06  2.4732E+00  4.7475E+00  9.4127E-01  4.7465E+00
  3.6672E-01  1.3658E+00 -9.4998E-06  2.5455E+00  4.7223E+00  1.1532E+00  4.7209E+00
  3.8200E-01  1.4184E+00 -1.0076E-05  2.6172E+00  4.6475E+00  1.5318E+00  4.6452E+00
  3.9728E-01  1.4709E+00 -1.0926E-05  2.6869E+00  4.4476E+00  1.9588E+00  4.4438E+00
  4.1256E-01  1.5234E+00 -1.2249E-05  2.7517E+00  3.9938E+00  2.1754E+00  3.9889E+00
  4.2784E-01  1.5760E+00 -1.4169E-05  2.8068E+00  3.1545E+00  2.0305E+00  3.1494E+00
  4.4312E-01  1.6285E+00 -1.6576E-05  2.8458E+00  1.8990E+00  1.6876E+00  1.8932E+00
  4.5840E-01  1.6811E+00 -1.9125E-05  2.8632E+00  3.6362E-01  1.4688E+00  3.4034E-01
  4.7368E-01  1.7336E+00 -2.1378E-05  2.8559E+00  1.2881E+00  1.5748E+00 -1.2807E+00
  4.8896E-01  1.7862E+00 -2.2956E-05  2.8250E+00  2.7226E+00  1.9020E+00 -2.7174E+00
  5.0424E-01  1.8387E+00 -2.3683E-05  2.7748E+00  3.7879E+00  2.1670E+00 -3.7829E+00
  5.1952E-01  1.8912E+00 -2.3675E-05  2.7116E+00  4.4332E+00  2.1202E+00 -4.4289E+00
  5.3480E-01  1.9438E+00 -2.3270E-05  2.6412E+00  4.7491E+00  1.7678E+00 -4.7461E+00
  5.5008E-01  1.9963E+00 -2.2800E-05  2.5675E+00  4.8770E+00  1.3523E+00 -4.8753E+00
  5.6536E-01  2.0488E+00 -2.2427E-05  2.4926E+00  4.9222E+00  1.0719E+00 -4.9211E+00
  5.8064E-01  2.1014E+00 -2.2175E-05  2.4173E+00  4.9369E+00  9.4715E-01 -4.9359E+00
  5.9592E-01  2.1539E+00 -2.2012E-05  2.3418E+00  4.9414E+00  9.0624E-01 -4.9404E+00
  6.1120E-01  2.2064E+00 -2.1903E-05  2.2663E+00  4.9425E+00  8.9573E-01 -4.9415E+00
  6.2648E-01  2.2590E+00 -2.1824E-05  2.1908E+00  4.9424E+00  8.9392E-01 -4.9413E+00
  6.4176E-01  2.3115E+00 -2.1762E-05  2.1153E+00  4.9419E+00  8.9456E-01 -4.9407E+00
  6.5704E-01  2.3640E+00 -2.1710E-05  2.0398E+00  4.9411E+00  8.9590E-01 -4.9399E+00
  6.7232E-01  2.4166E+00 -2.1665E-05  1.9644E+00  4.9403E+00  8.9747E-01 -4.9390E+00
  6.8754E-01  2.4689E+00 -2.1624E-05  1.8892E+00  4.9394E+00  8.9911E-01 -4.9380E+00
  7.0288E-01  2.5216E+00 -2.1587E-05  1.8135E+00  4.9384E+00  9.0080E-01 -4.9368E+00
  7.1816E-01  2.5742E+00 -2.1553E-05  1.7381E+00  4.9374E+00  9.0249E-01 -4.9357E+00
  7.3344E-01  2.6267E+00 -2.1522E-05  1.6627E+00  4.9362E+00  9.0419E-01 -4.9344E+00
  7.4872E-01  2.6792E+00 -2.1494E-05  1.5873E+00  4.9351E+00  9.0590E-01 -4.9330E+00
  7.6395E-01  2.7316E+00 -2.1468E-05  1.5121E+00  4.9338E+00  9.0760E-01 -4.9315E+00
  7.7928E-01  2.7843E+00 -2.1445E-05  1.4366E+00  4.9325E+00  9.0932E-01 -4.9299E+00
  7.9456E-01  2.8368E+00 -2.1425E-05  1.3613E+00  4.9311E+00  9.1104E-01 -4.9282E+00
  8.0984E-01  2.8894E+00 -2.1407E-05  1.2860E+00  4.9295E+00  9.1276E-01 -4.9263E+00
  8.2512E-01  2.9419E+00 -2.1392E-05  1.2107E+00  4.9279E+00  9.1448E-01 -4.9243E+00
  8.4040E-01  2.9944E+00 -2.1380E-05  1.1355E+00  4.9261E+00  9.1619E-01 -4.9220E+00
  8.5568E-01  3.0470E+00 -2.1370E-05  1.0603E+00  4.9242E+00  9.1790E-01 -4.9195E+00
  8.7096E-01  3.0995E+00 -2.1364E-05  9.8519E-01  4.9221E+00  9.1960E-01 -4.9166E+00
  8.8623E-01  3.1520E+00 -2.1362E-05  9.1013E-01  4.9199E+00  9.2129E-01 -4.9134E+00
  9.0152E-01  3.2046E+00 -2.1363E-05  8.3506E-01  4.9174E+00  9.2297E-01 -4.9096E+00
  9.1680E-01  3.2571E+00 -2.1369E-05  7.6008E-01  4.9146E+00  9.2463E-01 -4.9052E+00
  9.3208E-01  3.3096E+00 -2.1379E-05  6.8518E-01  4.9115E+00  9.2626E-01 -4.8999E+00
  9.4736E-01  3.3622E+00 -2.1394E-05  6.1036E-01  4.9080E+00  9.2785E-01 -4.8933E+00
  9.6264E-01  3.4147E+00 -2.1416E-05  5.3567E-01  4.9040E+00  9.2940E-01 -4.8848E+00
  9.7792E-01  3.4672E+00 -2.1446E-05  4.6112E-01  4.8993E+00  9.3087E-01 -4.8734E+00
  9.9320E-01  3.5198E+00 -2.1484E-05  3.8678E-01  4.8938E+00  9.3224E-01 -4.8567E+00
  1.0085E+00  3.5723E+00 -2.1532E-05  3.1277E-01  4.8870E+00  9.3346E-01 -4.8299E+00
  1.0238E+00  3.6248E+00 -2.1591E-05  2.3933E-01  4.8783E+00  9.3445E-01 -4.7800E+00
  1.0390E+00  3.6773E+00 -2.1668E-05  1.6707E-01  4.8663E+00  9.3506E-01 -4.6616E+00
  1.0543E+00  3.7299E+00 -2.1770E-05  9.8352E-02  4.8479E+00  9.3530E-01 -4.2275E+00
  1.0696E+00  3.7824E+00 -2.1800E-05  4.9807E-02  4.8241E+00  9.3639E-01 -1.1257E+00
  1.0849E+00  3.8349E+00 -2.1329E-05  7.9037E-02  4.8386E+00  9.3803E-01  3.8266E+00
  1.1002E+00  3.8875E+00 -2.0506E-05  1.4498E-01  4.8614E+00  9.4189E-01  4.5832E+00
  1.1154E+00  3.9399E+00 -1.9615E-05  2.1644E-01  4.8756E+00  9.4533E-01  4.7522E+00
  1.1306E+00  3.9922E+00 -1.8698E-05  2.8928E-01  4.8855E+00  9.4846E-01  4.8165E+00
  1.1460E+00  4.0451E+00 -1.7748E-05  3.6364E-01  4.8932E+00  9.5141E-01  4.8495E+00
  1.1612E+00  4.0973E+00 -1.6792E-05  4.3742E-01  4.8994E+00  9.5418E-01  4.8691E+00
  1.1766E+00  4.1501E+00 -1.5809E-05  5.1242E-01  4.9046E+00  9.5687E-01  4.8824E+00
  1.1918E+00  4.2027E+00 -1.4821E-05  5.8711E-01  4.9090E+00  9.5946E-01  4.8920E+00
  1.2071E+00  4.2552E+00 -1.3824E-05  6.6192E-01  4.9129E+00  9.6198E-01  4.8995E+00
  1.2224E+00  4.3077E+00 -1.2818E-05  7.3684E-01  4.9163E+00  9.6444E-01  4.9054E+00
  1.2377E+00  4.3603E+00 -1.1805E-05  8.1183E-01  4.9193E+00  9.6686E-01  4.9103E+00
  1.2530E+00  4.4128E+00 -1.0784E-05  8.8690E-01  4.9221E+00  9.6923E-01  4.9145E+00
  1.2682E+00  4.4653E+00 -9.7576E-06  9.6202E-01  4.9246E+00  9.7156E-01  4.9181E+00
  1.2835E+00  4.5178E+00 -8.7272E-06  1.0371E+00  4.9269E+00  9.7386E-01  4.9213E+00
  1.2988E+00  4.5704E+00 -7.6884E-06  1.1124E+00  4.9290E+00  9.7613E-01  4.9241E+00
  1.3141E+00  4.6229E+00 -6.6471E-06  1.1877E+00  4.9310E+00  9.7837E-01  4.9267E+00
  1.3294E+00  4.6755E+00 -5.6016E-06  1.2630E+00  4.9328E+00  9.8059E-01  4.9290E+00
  1.3446E+00  4.7280E+00 -4.5522E-06  1.3383E+00  4.9345E+00  9.8278E-01  4.9311E+00
  1.3599E+00  4.7805E+00 -3.4991E-06  1.4137E+00  4.9361E+00  9.8495E-01  4.9330E+00
  1.3752E+00  4.8331E+00 -2.4427E-06  1.4891E+00  4.9376E+00  9.8710E-01  4.9348E+00
  1.3905E+00  4.8856E+00 -1.3830E-06  1.5645E+00  4.9390E+00  9.8923E-01  4.9364E+00
  1.4058E+00  4.9381E+00 -3.2032E-07  1.6399E+00  4.9403E+00  9.9134E-01  4.9380E+00
  1.4210E+00  4.9907E+00  7.4508E-07  1.7154E+00  4.9415E+00  9.9343E-01  4.9394E+00
  1.4363E+00  5.0432E+00  1.8130E-06  1.7909E+00  4.9427E+00  9.9551E-01  4.9408E+00
  1.4516E+00  5.0957E+00  2.8833E-06  1.8664E+00  4.9438E+00  9.9758E-01  4.9420E+00
  1.4669E+00  5.1483E+00  3.9560E-06  1.9419E+00  4.9449E+00  9.9962E-01  4.9432E+00
  1.4822E+00  5.2008E+00  5.0309E-06  2.0174E+00  4.9459E+00  1.0017E+00  4.9444E+00
  1.4974E+00  5.2533E+00  6.1078E-06  2.0930E+00  4.9469E+00  1.0037E+00  4.9454E+00
  1.5127E+00  5.3057E+00  7.1845E-06  2.1684E+00  4.9478E+00  1.0057E+00  4.9464E+00
  1.5280E+00  5.3584E+00  8.2674E-06  2.2442E+00  4.9487E+00  1.0077E+00  4.9474E+00
  1.5433E+00  5.4109E+00  9.3499E-06  2.3198E+00  4.9495E+00  1.0097E+00  4.9483E+00
  1.5586E+00  5.4634E+00  1.0434E-05  2.3954E+00  4.9503E+00  1.0116E+00  4.9492E+00
  1.5738E+00  5.5160E+00  1.1520E-05  2.4710E+00  4.9511E+00  1.0136E+00  4.9501E+00
  1.5891E+00  5.5685E+00  1.2607E-05  2.5467E+00  4.9519E+00  1.0156E+00  4.9509E+00
  1.6044E+00  5.6210E+00  1.3696E-05  2.6223E+00  4.9526E+00  1.0175E+00  4.9516E+00
  1.6197E+00  5.6736E+00  1.4787E-05  2.6980E+00  4.9533E+00  1.0195E+00  4.9524E+00
  1.6350E+00  5.7261E+00  1.5878E-05  2.7737E+00  4.9539E+00  1.0214E+00  4.9531E+00
  1.6502E+00  5.7786E+00  1.6971E-05  2.8493E+00  4.9546E+00  1.0233E+00  4.9538E+00
  1.6655E+00  5.8312E+00  1.8066E-05  2.9250E+00  4.9552E+00  1.0252E+00  4.9544E+00
  1.6808E+00  5.8837E+00  1.9161E-05  3.0007E+00  4.9558E+00  1.0271E+00  4.9551E+00
  1.6961E+00  5.9362E+00  2.0257E-05  3.0765E+00  4.9564E+00  1.0290E+00  4.9557E+00
  1.7114E+00  5.9888E+00  2.1354E-05  3.1522E+00  4.9569E+00  1.0309E+00  4.9562E+00
  1.7266E+00  6.0413E+00  2.2453E-05  3.2279E+00  4.9575E+00  1.0328E+00  4.9568E+00
  1.7419E+00  6.0933E+00  3.3555E-03  1.2574E-01  1.9994E-01  3.0883E-02  1.9031E-01
  1.7572E+00  6.1459E+00  3.3554E-03  1.2865E-01  1.9998E-01  3.0885E-02  1.9080E-01
  1.7725E+00  6.1984E+00  3.3551E-03  1.3157E-01  2.0003E-01  3.0887E-02  1.9125E-01
  1.7878E+00  6.2509E+00  3.3547E-03  1.3449E-01  2.0007E-01  3.0890E-02  1.9169E-01
  1.8030E+00  6.3035E+00  3.3541E-03  1.3743E-01  2.0012E-01  3.0893E-02  1.9209E-01
  1.8183E+00  6.3560E+00  3.3533E-03  1.4036E-01  2.0016E-01  3.0894E-02  1.9247E-01
  1.8336E+00  6.4085E+00  3.3525E-03  1.4331E-01  2.0020E-01  3.0896E-02  1.9283E-01
  1.8489E+00  6.4611E+00  3.3514E-03  1.4626E-01  2.0024E-01  3.0899E-02  1.9318E-01
  1.8642E+00  6.5136E+00  3.3503E-03  1.4921E-01  2.0028E-01  3.0902E-02  1.9350E-01
  1.8794E+00  6.5659E+00  3.3490E-03  1.5216E-01  2.0032E-01  3.0905E-02  1.9380E-01
  1.8947E+00  6.6187E+00  3.3476E-03  1.5514E-01  2.0036E-01  3.0909E-02  1.9409E-01
  1.9100E+00  6.6712E+00  3.3461E-03  1.5810E-01  2.0039E-01  3.0913E-02  1.9436E-01
  1.9253E+00  6.7237E+00  3.3445E-03  1.6108E-01  2.0043E-01  3.0915E-02  1.9462E-01
  1.9406E+00  6.7763E+00  3.3428E-03  1.6405E-01  2.0047E-01  3.0916E-02  1.9487E-01
  1.9558E+00  6.8288E+00  3.3409E-03  1.6703E-01  2.0050E-01  3.0917E-02  1.9511E-01
  1.9711E+00  6.8813E+00  3.3389E-03  1.7002E-01  2.0054E-01  3.0917E-02  1.9533E-01
  1.9864E+00  6.9339E+00  3.3368E-03  1.7300E-01  2.0057E-01  3.0918E-02  1.9555E-01
  2.0017E+00  6.9864E+00  3.3347E-03  1.7599E-01  2.0060E-01  3.0919E-02  1.9575E-01
  2.0170E+00  7.0389E+00  3.3324E-03  1.7899E-01  2.0063E-01  3.0920E-02  1.9595E-01
  2.0322E+00  7.0915E+00  3.3300E-03  1.8198E-01  2.0067E-01  3.0921E-02  1.9613E-01
  2.0475E+00  7.1440E+00  3.3276E-03  1.8498E-01  2.0070E-01  3.0921E-02  1.9631E-01
  2.0628E+00  7.1965E+00  3.3251E-03  1.8798E-01  2.0073E-01  3.0921E-02  1.9649E-01
  2.0781E+00  7.2491E+00  3.3225E-03  1.9099E-01  2.0076E-01  3.0921E-02  1.9665E-01
  2.0934E+00  7.3016E+00  3.3199E-03  1.9399E-01  2.0079E-01  3.0923E-02  1.9681E-01
  2.1086E+00  7.3541E+00  3.3172E-03  1.9700E-01  2.0083E-01  3.0924E-02  1.9697E-01
  2.1239E+00  7.4066E+00  3.3144E-03  2.0001E-01  2.0086E-01  3.0927E-02  1.9712E-01
  2.1392E+00  7.4592E+00  3.3116E-03  2.0303E-01  2.0089E-01  3.0928E-02  1.9726E-01
  2.1545E+00  7.5117E+00  3.3088E-03  2.0604E-01  2.0092E-01  3.0929E-02  1.9740E-01
  2.1698E+00  7.5642E+00  3.3058E-03  2.0906E-01  2.0095E-01  3.0931E-02  1.9753E-01
  2.1850E+00  7.6168E+00  3.3029E-03  2.1208E-01  2.0098E-01  3.0934E-02  1.9765E-01
  2.2003E+00  7.6693E+00  3.2998E-03  2.1510E-01  2.0101E-01  3.0936E-02  1.9778E-01
  2.2156E+00  7.7218E+00  3.2967E-03  2.1812E-01  2.0104E-01  3.0938E-02  1.9790E-01
  2.2309E+00  7.7744E+00  3.2936E-03  2.2115E-01  2.0107E-01  3.0940E-02  1.9801E-01
  2.2462E+00  7.8269E+00  3.2903E-03  2.2417E-01  2.0110E-01  3.0943E-02  1.9812E-01
  2.2614E+00  7.8794E+00  3.2869E-03  2.2720E-01  2.0112E-01  3.0945E-02  1.9823E-01
  2.2767E+00  7.9320E+00  3.2834E-03  2.3023E-01  2.0115E-01  3.0947E-02  1.9834E-01
  2.2920E+00  7.9845E+00  3.2799E-03  2.3326E-01  2.0118E-01  3.0949E-02  1.9844E-01
  2.3073E+00  8.0370E+00  3.2762E-03  2.3630E-01  2.0121E-01  3.0951E-02  1.9854E-01
  2.3226E+00  8.0896E+00  3.2724E-03  2.3933E-01  2.0124E-01  3.0953E-02  1.9863E-01
  2.3378E+00  8.1421E+00  3.2685E-03  2.4237E-01  2.0127E-01  3.0955E-02  1.9873E-01
  2.3531E+00  8.1946E+00  3.2645E-03  2.4541E-01  2.0129E-01  3.0958E-02  1.9882E-01
  2.3684E+00  8.2472E+00  3.2604E-03  2.4845E-01  2.0132E-01  3.0961E-02  1.9890E-01
  2.3837E+00  8.2997E+00  3.2562E-03  2.5149E-01  2.0135E-01  3.0964E-02  1.9899E-01
  2.3990E+00  8.3522E+00  3.2518E-03  2.5453E-01  2.0137E-01  3.0968E-02  1.9907E-01
  2.4142E+00  8.4048E+00  3.2474E-03  2.5757E-01  2.0140E-01  3.0971E-02  1.9915E-01
  2.4295E+00  8.4573E+00  3.2428E-03  2.6061E-01  2.0142E-01  3.0975E-02  1.9922E-01
  2.4448E+00  8.5098E+00  3.2381E-03  2.6366E-01  2.0144E-01  3.0979E-02  1.9930E-01
  2.4601E+00  8.5623E+00  3.2333E-03  2.6670E-01  2.0147E-01  3.0983E-02  1.9937E-01
  2.4754E+00  8.6149E+00  3.2284E-03  2.6975E-01  2.0149E-01  3.0985E-02  1.9944E-01
  2.4906E+00  8.6674E+00  3.2234E-03  2.7280E-01  2.0152E-01  3.0988E-02  1.9951E-01
  2.5059E+00  8.7199E+00  3.2184E-03  2.7585E-01  2.0154E-01  3.0989E-02  1.9958E-01
  2.5212E+00  8.7725E+00  3.2133E-03  2.7890E-01  2.0156E-01  3.0990E-02  1.9965E-01
  2.5365E+00  8.8250E+00  3.2080E-03  2.8195E-01  2.0159E-01  3.0990E-02  1.9971E-01
  2.5518E+00  8.8775E+00  3.2028E-03  2.8500E-01  2.0161E-01  3.0991E-02  1.9978E-01
  2.5670E+00  8.9301E+00  3.1974E-03  2.8806E-01  2.0163E-01  3.0991E-02  1.9984E-01
  2.5823E+00  8.9826E+00  3.1920E-03  2.9111E-01  2.0166E-01  3.0992E-02  1.9990E-01
  2.5976E+00  9.0351E+00  3.1865E-03  2.9417E-01  2.0168E-01  3.0992E-02  1.9996E-01
  2.6129E+00  9.0877E+00  3.1810E-03  2.9722E-01  2.0170E-01  3.0992E-02  2.0002E-01
  2.6282E+00  9.1402E+00  3.1755E-03  3.0028E-01  2.0172E-01  3.0992E-02  2.0007E-01
  2.6434E+00  9.1927E+00  3.1699E-03  3.0334E-01  2.0174E-01  3.0993E-02  2.0013E-01
  2.6587E+00  9.2453E+00  3.1643E-03  3.0640E-01  2.0177E-01  3.0993E-02  2.0018E-01
  2.6740E+00  9.2978E+00  3.1586E-03  3.0946E-01  2.0179E-01  3.0994E-02  2.0023E-01
  2.6893E+00  9.3503E+00  3.1529E-03  3.1252E-01  2.0181E-01  3.0995E-02  2.0029E-01
  2.7046E+00  9.4029E+00  3.1471E-03  3.1558E-01  2.0183E-01  3.0997E-02  2.0034E-01
  2.7198E+00  9.4554E+00  3.1413E-03  3.1864E-01  2.0185E-01  3.0999E-02  2.0038E-01
  2.7351E+00  9.5079E+00  3.1354E-03  3.2170E-01  2.0187E-01  3.1001E-02  2.0043E-01
  2.7504E+00  9.5605E+00  3.1295E-03  3.2476E-01  2.0189E-01  3.1003E-02  2.0048E-01
  2.7657E+00  9.6130E+00  3.1235E-03  3.2783E-01  2.0191E-01  3.1006E-02  2.0053E-01
  2.7810E+00  9.6655E+00  3.1174E-03  3.3089E-01  2.0193E-01  3.1008E-02  2.0057E-01
  2.7962E+00  9.7180E+00  3.1112E-03  3.3396E-01  2.0195E-01  3.1011E-02  2.0062E-01
  2.8115E+00  9.7706E+00  3.1049E-03  3.3702E-01  2.0197E-01  3.1015E-02  2.0066E-01
  2.8268E+00  9.8231E+00  3.0986E-03  3.4009E-01  2.0199E-01  3.1018E-02  2.0070E-01
  2.8421E+00  9.8756E+00  3.0922E-03  3.4316E-01  2.0201E-01  3.1022E-02  2.0074E-01
  2.8574E+00  9.9282E+00  3.0856E-03  3.4623E-01  2.0203E-01  3.1025E-02  2.0079E-01
  2.8726E+00  9.9807E+00  3.0790E-03  3.4930E-01  2.0205E-01  3.1029E-02  2.0083E-01
  2.8879E+00  1.0033E+01  3.0723E-03  3.5236E-01  2.0207E-01  3.1033E-02  2.0087E-01
  2.9032E+00  1.0086E+01  3.0656E-03  3.5543E-01  2.0209E-01  3.1036E-02  2.0091E-01
  2.9185E+00  1.0138E+01  3.0587E-03  3.5850E-01  2.0211E-01  3.1040E-02  2.0095E-01
  2.9338E+00  1.0191E+01  3.0518E-03  3.6158E-01  2.0212E-01  3.1043E-02  2.0099E-01
  2.9490E+00  1.0243E+01  3.0448E-03  3.6465E-01  2.0214E-01  3.1046E-02  2.0102E-01
  2.9643E+00  1.0296E+01  3.0378E-03  3.6772E-01  2.0216E-01  3.1050E-02  2.0106E-01
  2.9796E+00  1.0348E+01  3.0306E-03  3.7079E-01  2.0216E-01  3.1056E-02  2.0108E-01
  2.9949E+00  1.0401E+01  3.0233E-03  3.7386E-01  2.0157E-01  3.1062E-02  2.0050E-01
  3.0102E+00  1.0453E+01  3.0160E-03  3.7692E-01  2.0174E-01  3.1058E-02  2.0069E-01
  3.0254E+00  1.0506E+01  3.0087E-03  3.8000E-01  2.0387E-01  3.1036E-02  2.0285E-01
  3.0407E+00  1.0559E+01  3.0019E-03  3.8315E-01  2.1073E-01  3.0965E-02  2.0976E-01
  3.0560E+00  1.0611E+01  2.9965E-03  3.8645E-01  2.2734E-01  3.0799E-02  2.2647E-01
  3.0713E+00  1.0664E+01  2.9941E-03  3.9016E-01  2.6099E-01  3.0499E-02  2.6025E-01
  3.0866E+00  1.0716E+01  2.9969E-03  3.9452E-01  3.1314E-01  3.0183E-02  3.1254E-01
  3.1018E+00  1.0769E+01  3.0055E-03  3.9965E-01  3.5141E-01  3.0208E-02  3.5089E-01
  3.1171E+00  1.0821E+01  3.0135E-03  4.0480E-01  3.0469E-01  3.0727E-02  3.0406E-01
  3.1324E+00  1.0874E+01  3.0097E-03  4.0843E-01  1.6201E-01  3.1159E-02  1.6081E-01
  3.1477E+00  1.0927E+01  2.9874E-03  4.0960E-01  1.9780E-02  3.1055E-02 -4.1568E-03
  3.1630E+00  1.0979E+01  2.9502E-03  4.0865E-01  1.0568E-01  3.0532E-02 -1.0402E-01
  3.1782E+00  1.1032E+01  2.9091E-03  4.0704E-01  8.6565E-02  2.9915E-02 -8.4697E-02
  3.1935E+00  1.1084E+01  2.8783E-03  4.0668E-01  5.6862E-02  2.9665E-02  5.4126E-02
  3.2088E+00  1.1137E+01  2.8664E-03  4.0889E-01  2.2965E-01  2.9676E-02  2.2900E-01
  3.2241E+00  1.1189E+01  2.8686E-03  4.1315E-01  3.0334E-01  3.0145E-02  3.0284E-01
  3.2394E+00  1.1241E+01  2.8699E-03  4.1735E-01  2.2652E-01  3.0942E-02  2.2583E-01
  3.2546E+00  1.1294E+01  2.8576E-03  4.1965E-01  7.2446E-02  3.1143E-02  7.0261E-02
  3.2699E+00  1.1346E+01  2.8295E-03  4.1961E-01  6.6824E-02  3.0807E-02 -6.4581E-02
  3.2852E+00  1.1398E+01  2.7923E-03  4.1813E-01  1.1315E-01  3.0276E-02 -1.1193E-01
  3.3005E+00  1.1451E+01  2.7567E-03  4.1673E-01  5.6438E-02  2.9895E-02 -5.4126E-02
  3.3158E+00  1.1503E+01  2.7315E-03  4.1680E-01  6.7478E-02  2.9891E-02  6.5620E-02
  3.3310E+00  1.1555E+01  2.7181E-03  4.1863E-01  1.6570E-01  3.0306E-02  1.6495E-01
  3.3463E+00  1.1607E+01  2.7118E-03  4.2156E-01  2.1168E-01  3.0736E-02  2.1109E-01
  3.3616E+00  1.1659E+01  2.7082E-03  4.2492E-01  2.2587E-01  3.0885E-02  2.2532E-01
  3.3769E+00  1.1711E+01  2.7053E-03  4.2838E-01  2.2775E-01  3.0899E-02  2.2721E-01
  3.3922E+00  1.1764E+01  2.7023E-03  4.3184E-01  2.2567E-01  3.0876E-02  2.2514E-01
  3.4074E+00  1.1816E+01  2.6990E-03  4.3526E-01  2.2291E-01  3.0849E-02  2.2238E-01
  3.4227E+00  1.1868E+01  2.6954E-03  4.3864E-01  2.2068E-01  3.0829E-02  2.2015E-01
  3.4380E+00  1.1920E+01  2.6917E-03  4.4200E-01  2.1925E-01  3.0816E-02  2.1873E-01
  3.4533E+00  1.1972E+01  2.6879E-03  4.4533E-01  2.1850E-01  3.0810E-02  2.1798E-01
  3.4686E+00  1.2024E+01  2.6840E-03  4.4866E-01  2.1820E-01  3.0809E-02  2.1769E-01
  3.4838E+00  1.2077E+01  2.6800E-03  4.5199E-01  2.1818E-01  3.0810E-02  2.1768E-01
  3.4991E+00  1.2129E+01  2.6761E-03  4.5532E-01  2.1829E-01  3.0818E-02  2.1779E-01
  3.5144E+00  1.2181E+01  2.6722E-03  4.5865E-01  2.1830E-01  3.0821E-02  2.1781E-01
  3.5297E+00  1.2233E+01  2.6682E-03  4.6197E-01  2.1831E-01  3.0823E-02  2.1783E-01
  3.5450E+00  1.2285E+01  2.6642E-03  4.6530E-01  2.1832E-01  3.0825E-02  2.1784E-01
  3.5602E+00  1.2337E+01  2.6602E-03  4.6863E-01  2.1833E-01  3.0827E-02  2.1786E-01
  3.5755E+00  1.2390E+01  2.6562E-03  4.7196E-01  2.1834E-01  3.0830E-02  2.1788E-01
  3.5908E+00  1.2442E+01  2.6522E-03  4.7529E-01  2.1836E-01  3.0832E-02  2.1790E-01
  3.6061E+00  1.2494E+01  2.6481E-03  4.7862E-01  2.1837E-01  3.0834E-02  2.1792E-01
  3.6214E+00  1.2546E+01  2.6440E-03  4.8195E-01  2.1838E-01  3.0836E-02  2.1793E-01
  3.6366E+00  1.2598E+01  2.6399E-03  4.8529E-01  2.1839E-01  3.0838E-02  2.1795E-01
  3.6519E+00  1.2650E+01  2.6358E-03  4.8862E-01  2.1840E-01  3.0840E-02  2.1797E-01
  3.6672E+00  1.2703E+01  2.6317E-03  4.9195E-01  2.1841E-01  3.0842E-02  2.1798E-01
  3.6825E+00  1.2755E+01  2.6276E-03  4.9528E-01  2.1842E-01  3.0845E-02  2.1800E-01
  3.6978E+00  1.2807E+01  2.6235E-03  4.9861E-01  2.1843E-01  3.0847E-02  2.1802E-01
  3.7130E+00  1.2859E+01  2.6193E-03  5.0194E-01  2.1844E-01  3.0850E-02  2.1803E-01
  3.7283E+00  1.2911E+01  2.6151E-03  5.0528E-01  2.1846E-01  3.0853E-02  2.1805E-01
  3.7436E+00  1.2963E+01  2.6109E-03  5.0861E-01  2.1847E-01  3.0855E-02  2.1807E-01
  3.7589E+00  1.3016E+01  2.6067E-03  5.1194E-01  2.1848E-01  3.0857E-02  2.1808E-01
  3.7742E+00  1.3068E+01  2.6025E-03  5.1528E-01  2.1849E-01  3.0860E-02  2.1810E-01
  3.7894E+00  1.3120E+01  2.5983E-03  5.1861E-01  2.1850E-01  3.0862E-02  2.1812E-01
  3.8047E+00  1.3172E+01  2.5940E-03  5.2194E-01  2.1797E-01  3.0887E-02  2.1759E-01
  3.8200E+00  1.3224E+01  2.5896E-03  5.2525E-01  2.1529E-01  3.0917E-02  2.1491E-01
  3.8353E+00  1.3276E+01  2.5848E-03  5.2850E-01  2.0981E-01  3.0983E-02  2.0942E-01
  3.8506E+00  1.3329E+01  2.5795E-03  5.3163E-01  2.0054E-01  3.1101E-02  2.0014E-01
  3.8658E+00  1.3381E+01  2.5733E-03  5.3460E-01  1.8873E-01  3.1261E-02  1.8830E-01
  3.8811E+00  1.3433E+01  2.5664E-03  5.3742E-01  1.8360E-01  3.1333E-02  1.8316E-01
  3.8964E+00  1.3485E+01  2.5602E-03  5.4038E-01  2.1514E-01  3.0907E-02  2.1478E-01
  3.9117E+00  1.3537E+01  2.5598E-03  5.4450E-01  3.4854E-01  2.9891E-02  3.4834E-01
  3.9269E+00  1.3589E+01  2.5748E-03  5.5178E-01  6.2932E-01  2.9633E-02  6.2921E-01
  3.9422E+00  1.3642E+01  2.6129E-03  5.6401E-01  9.5706E-01  2.9651E-02  9.5698E-01
  3.9575E+00  1.3694E+01  2.6694E-03  5.8034E-01  1.1425E+00  3.0495E-02  1.1424E+00
  3.9728E+00  1.3746E+01  2.7290E-03  5.9759E-01  1.0663E+00  3.2406E-02  1.0663E+00
  3.9881E+00  1.3799E+01  2.7721E-03  6.1155E-01  7.2536E-01  3.3965E-02  7.2522E-01
  4.0034E+00  1.3852E+01  2.7853E-03  6.1926E-01  2.9440E-01  3.2875E-02  2.9407E-01
  4.0186E+00  1.3904E+01  2.7750E-03  6.2181E-01  1.0980E-01  2.9814E-02  1.0906E-01
  4.0339E+00  1.3957E+01  2.7684E-03  6.2502E-01  3.8366E-01  3.0558E-02  3.8344E-01
  4.0492E+00  1.4010E+01  2.7922E-03  6.3492E-01  9.2303E-01  3.0227E-02  9.2294E-01
  4.0645E+00  1.4063E+01  2.8508E-03  6.5271E-01  1.3628E+00  2.9848E-02  1.3627E+00
  4.0798E+00  1.4116E+01  2.9275E-03  6.7484E-01  1.4656E+00  3.2249E-02  1.4655E+00
  4.0950E+00  1.4169E+01  2.9954E-03  6.9536E-01  1.1521E+00  3.4835E-02  1.1520E+00
  4.1103E+00  1.4223E+01  3.0295E-03  7.0854E-01  5.4934E-01  3.4871E-02  5.4910E-01
  4.1256E+00  1.4277E+01  3.0226E-03  7.1251E-01  2.2084E-02  3.1929E-02  1.6410E-02
  4.1409E+00  1.4330E+01  2.9922E-03  7.1104E-01  1.4292E-01  3.0133E-02 -1.4225E-01
  4.1562E+00  1.4384E+01  2.9621E-03  7.0953E-01  3.9008E-02  3.0356E-02 -3.6529E-02
  4.1714E+00  1.4437E+01  2.9408E-03  7.1002E-01  9.5698E-02  3.1364E-02  9.4670E-02
  4.1867E+00  1.4491E+01  2.9268E-03  7.1218E-01  1.8152E-01  3.2220E-02  1.8096E-01
  4.2020E+00  1.4544E+01  2.9172E-03  7.1536E-01  2.3031E-01  3.2702E-02  2.2987E-01
  4.2173E+00  1.4598E+01  2.9100E-03  7.1909E-01  2.5507E-01  3.2940E-02  2.5466E-01
  4.2326E+00  1.4651E+01  2.9037E-03  7.2307E-01  2.6546E-01  3.3042E-02  2.6507E-01
  4.2478E+00  1.4704E+01  2.8979E-03  7.2715E-01  2.6823E-01  3.3076E-02  2.6785E-01
  4.2631E+00  1.4758E+01  2.8920E-03  7.3125E-01  2.6767E-01  3.3083E-02  2.6729E-01
