  1.5184E-02  1.2429E-01 -2.5183E-06  1.6877E-01  1.0141E+00  1.1232E-01  8.3399E-01
  3.0560E-02  1.8659E-01 -3.5648E-06  1.8602E-01  1.5417E+00  1.1808E-01  1.4981E+00
  4.5840E-02  2.4430E-01 -4.7171E-06  2.1597E-01  2.4368E+00  1.2074E-01  2.4202E+00
  6.1046E-02  3.0116E-01 -6.1842E-06  2.5738E-01  2.8822E+00  1.2191E-01  2.8720E+00
  7.6400E-02  3.5863E-01 -7.7282E-06  2.9773E-01  2.2133E+00  1.2373E-01  2.2035E+00
  9.1680E-02  4.1506E-01 -8.8676E-06  3.2225E-01  1.0368E+00  1.2512E-01  1.0225E+00
  1.0696E-01  4.7006E-01 -9.5218E-06  3.3160E-01  3.4817E-01  1.2615E-01  3.1890E-01
  1.2224E-01  5.2382E-01 -9.9365E-06  3.3537E-01  2.9071E-01  1.2739E-01  2.6629E-01
  1.3752E-01  5.7684E-01 -1.0376E-05  3.4186E-01  6.3987E-01  1.2888E-01  6.3178E-01
  1.5280E-01  6.2948E-01 -1.1003E-05  3.5544E-01  1.1497E+00  1.2929E-01  1.1461E+00
  1.6808E-01  6.8198E-01 -1.1852E-05  3.7619E-01  1.5332E+00  1.2861E-01  1.5309E+00
  1.8336E-01  7.3445E-01 -1.2840E-05  4.0099E-01  1.6841E+00  1.2874E-01  1.6823E+00
  1.9864E-01  7.8692E-01 -1.3874E-05  4.2697E-01  1.7097E+00  1.2911E-01  1.7081E+00
  2.1392E-01  8.3942E-01 -1.4913E-05  4.5300E-01  1.6980E+00  1.2948E-01  1.6965E+00
  2.2920E-01  8.9193E-01 -1.5948E-05  4.7878E-01  1.6791E+00  1.2985E-01  1.6777E+00
  2.4448E-01  9.4445E-01 -1.6979E-05  5.0429E-01  1.6627E+00  1.3021E-01  1.6615E+00
  2.5976E-01  9.9698E-01 -1.8010E-05  5.2959E-01  1.6519E+00  1.3055E-01  1.6508E+00
  2.7504E-01  1.0495E+00 -1.9049E-05  5.5476E-01  1.6465E+00  1.3087E-01  1.6454E+00
  2.9032E-01  1.1020E+00 -2.0104E-05  5.7989E-01  1.6449E+00  1.3119E-01  1.6440E+00
  3.0560E-01  1.1546E+00 -2.1187E-05  6.0501E-01  1.6457E+00  1.3153E-01  1.6448E+00
  3.2088E-01  1.2071E+00 -2.2317E-05  6.3015E-01  1.6472E+00  1.3198E-01  1.6464E+00
  3.3616E-01  1.2596E+00 -2.3531E-05  6.5532E-01  1.6481E+00  1.3285E-01  1.6473E+00
  3.5144E-01  1.3121E+00 -2.4894E-05  6.8049E-01  1.6471E+00  1.3524E-01  1.6464E+00
  3.6672E-01  1.3647E+00 -2.6519E-05  7.0561E-01  1.6408E+00  1.4182E-01  1.6401E+00
  3.8200E-01  1.4172E+00 -2.8587E-05  7.3053E-01  1.6192E+00  1.5594E-01  1.6183E+00
  3.9728E-01  1.4697E+00 -3.1313E-05  7.5488E-01  1.5591E+00  1.7506E-01  1.5580E+00
  4.1256E-01  1.5223E+00 -3.4852E-05  7.7776E-01  1.4210E+00  1.8610E-01  1.4197E+00
  4.2784E-01  1.5748E+00 -3.9137E-05  7.9767E-01  1.1641E+00  1.7927E-01  1.1627E+00
  4.4312E-01  1.6273E+00 -4.3794E-05  8.1264E-01  7.7802E-01  1.6285E-01  7.7642E-01
  4.5840E-01  1.6798E+00 -4.8253E-05  8.2093E-01  3.0052E-01  1.5288E-01  2.9692E-01
  4.7368E-01  1.7324E+00 -5.1960E-05  8.2161E-01  2.1070E-01  1.5771E-01 -2.0520E-01
  4.8896E-01  1.7849E+00 -5.4555E-05  8.1495E-01  6.5342E-01  1.7426E-01 -6.5124E-01
  5.0424E-01  1.8374E+00 -5.5955E-05  8.0230E-01  9.8435E-01  1.8943E-01 -9.8259E-01
  5.1952E-01  1.8900E+00 -5.6332E-05  7.8559E-01  1.1851E+00  1.8853E-01 -1.1836E+00
  5.3480E-01  1.9425E+00 -5.5992E-05  7.6664E-01  1.2833E+00  1.7196E-01 -1.2821E+00
  5.5008E-01  1.9950E+00 -5.5224E-05  7.4670E-01  1.3226E+00  1.5394E-01 -1.3216E+00
  5.6536E-01  2.0475E+00 -5.4231E-05  7.2638E-01  1.3357E+00  1.4349E-01 -1.3348E+00
  5.8064E-01  2.1001E+00 -5.3124E-05  7.0596E-01  1.3390E+00  1.3947E-01 -1.3381E+00
  5.9592E-01  2.1526E+00 -5.1963E-05  6.8551E-01  1.3390E+00  1.3835E-01 -1.3381E+00
  6.1120E-01  2.2051E+00 -5.0775E-05  6.6507E-01  1.3379E+00  1.3819E-01 -1.3369E+00
  6.2648E-01  2.2577E+00 -4.9576E-05  6.4465E-01  1.3364E+00  1.3830E-01 -1.3353E+00
  6.4176E-01  2.3102E+00 -4.8372E-05  6.2426E-01  1.3347E+00  1.3849E-01 -1.3335E+00
  6.5704E-01  2.3627E+00 -4.7168E-05  6.0390E-01  1.3328E+00  1.3870E-01 -1.3316E+00
  6.7232E-01  2.4152E+00 -4.5965E-05  5.8357E-01  1.3309E+00  1.3891E-01 -1.3296E+00
  6.8760E-01  2.4678E+00 -4.4766E-05  5.6327E-01  1.3289E+00  1.3911E-01 -1.3274E+00
  7.0288E-01  2.5203E+00 -4.3572E-05  5.4301E-01  1.3268E+00  1.3932E-01 -1.3252E+00
  7.1816E-01  2.5728E+00 -4.2383E-05  5.2278E-01  1.3246E+00  1.3952E-01 -1.3229E+00
  7.3344E-01  2.6253E+00 -4.1199E-05  5.0258E-01  1.3222E+00  1.3971E-01 -1.3204E+00
  7.4872E-01  2.6779E+00 -4.0023E-05  4.8243E-01  1.3198E+00  1.3990E-01 -1.3179E+00
  7.6400E-01  2.7304E+00 -3.8853E-05  4.6231E-01  1.3173E+00  1.4008E-01 -1.3152E+00
  7.7928E-01  2.7829E+00 -3.7691E-05  4.4224E-01  1.3147E+00  1.4025E-01 -1.3123E+00
  7.9456E-01  2.8355E+00 -3.6536E-05  4.2221E-01  1.3119E+00  1.4040E-01 -1.3093E+00
  8.0984E-01  2.8880E+00 -3.5389E-05  4.0223E-01  1.3090E+00  1.4055E-01 -1.3061E+00
  8.2512E-01  2.9405E+00 -3.4252E-05  3.8230E-01  1.3059E+00  1.4068E-01 -1.3027E+00
  8.4040E-01  2.9930E+00 -3.3123E-05  3.6242E-01  1.3026E+00  1.4079E-01 -1.2990E+00
  8.5568E-01  3.0456E+00 -3.2004E-05  3.4261E-01  1.2992E+00  1.4089E-01 -1.2951E+00
  8.7096E-01  3.0981E+00 -3.0894E-05  3.2285E-01  1.2955E+00  1.4096E-01 -1.2909E+00
  8.8624E-01  3.1506E+00 -2.9793E-05  3.0316E-01  1.2916E+00  1.4101E-01 -1.2864E+00
  9.0144E-01  3.2029E+00 -2.8708E-05  2.8364E-01  1.2874E+00  1.4103E-01 -1.2814E+00
  9.1680E-01  3.2557E+00 -2.7622E-05  2.6400E-01  1.2829E+00  1.4101E-01 -1.2759E+00
  9.3208E-01  3.3082E+00 -2.6553E-05  2.4456E-01  1.2780E+00  1.4096E-01 -1.2699E+00
  9.4736E-01  3.3607E+00 -2.5494E-05  2.2520E-01  1.2727E+00  1.4086E-01 -1.2631E+00
  9.6264E-01  3.4133E+00 -2.4447E-05  2.0596E-01  1.2669E+00  1.4071E-01 -1.2554E+00
  9.7787E-01  3.4656E+00 -2.3417E-05  1.8691E-01  1.2605E+00  1.4050E-01 -1.2465E+00
  9.9320E-01  3.5183E+00 -2.2398E-05  1.6788E-01  1.2534E+00  1.4022E-01 -1.2359E+00
  1.0085E+00  3.5708E+00 -2.1407E-05  1.4909E-01  1.2454E+00  1.3987E-01 -1.2232E+00
  1.0238E+00  3.6234E+00 -2.0443E-05  1.3052E-01  1.2363E+00  1.3947E-01 -1.2073E+00
  1.0390E+00  3.6759E+00 -1.9509E-05  1.1223E-01  1.2258E+00  1.3902E-01 -1.1863E+00
  1.0543E+00  3.7284E+00 -1.8598E-05  9.4313E-02  1.2136E+00  1.3857E-01 -1.1570E+00
  1.0696E+00  3.7810E+00 -1.7700E-05  7.6950E-02  1.1990E+00  1.3815E-01 -1.1124E+00
  1.0849E+00  3.8335E+00 -1.6802E-05  6.0481E-02  1.1813E+00  1.3777E-01 -1.0360E+00
  1.1001E+00  3.8859E+00 -1.5849E-05  4.5682E-02  1.1598E+00  1.3729E-01 -8.8556E-01
  1.1154E+00  3.9385E+00 -1.4573E-05  3.4341E-02  1.1340E+00  1.3633E-01 -5.5425E-01
  1.1307E+00  3.9911E+00 -1.2543E-05  3.0214E-02  1.1091E+00  1.3434E-01  4.7056E-02
  1.1460E+00  4.0436E+00 -9.6671E-06  3.5516E-02  1.1116E+00  1.3314E-01  6.0245E-01
  1.1613E+00  4.0961E+00 -6.0564E-06  4.7206E-02  1.1450E+00  1.3590E-01  8.9231E-01
  1.1765E+00  4.1483E+00 -2.0424E-06  6.1954E-02  1.1738E+00  1.3932E-01  1.0314E+00
  1.1918E+00  4.2012E+00  2.2486E-06  7.8437E-02  1.1956E+00  1.4238E-01  1.1067E+00
  1.2071E+00  4.2537E+00  6.6380E-06  9.5722E-02  1.2125E+00  1.4503E-01  1.1522E+00
  1.2224E+00  4.3062E+00  1.1108E-05  1.1358E-01  1.2262E+00  1.4738E-01  1.1828E+00
  1.2377E+00  4.3588E+00  1.5642E-05  1.3183E-01  1.2377E+00  1.4949E-01  1.2050E+00
  1.2530E+00  4.4113E+00  2.0223E-05  1.5038E-01  1.2476E+00  1.5142E-01  1.2221E+00
  1.2682E+00  4.4638E+00  2.4842E-05  1.6916E-01  1.2563E+00  1.5321E-01  1.2358E+00
  1.2835E+00  4.5163E+00  2.9492E-05  1.8814E-01  1.2640E+00  1.5489E-01  1.2472E+00
  1.2988E+00  4.5688E+00  3.4163E-05  2.0725E-01  1.2709E+00  1.5647E-01  1.2569E+00
  1.3141E+00  4.6214E+00  3.8870E-05  2.2654E-01  1.2771E+00  1.5796E-01  1.2653E+00
  1.3294E+00  4.6739E+00  4.3593E-05  2.4593E-01  1.2829E+00  1.5939E-01  1.2727E+00
  1.3446E+00  4.7264E+00  4.8329E-05  2.6540E-01  1.2881E+00  1.6076E-01  1.2793E+00
  1.3599E+00  4.7790E+00  5.3099E-05  2.8502E-01  1.2930E+00  1.6207E-01  1.2852E+00
  1.3752E+00  4.8315E+00  5.7877E-05  3.0470E-01  1.2976E+00  1.6333E-01  1.2907E+00
  1.3905E+00  4.8840E+00  6.2671E-05  3.2446E-01  1.3018E+00  1.6455E-01  1.2957E+00
  1.4058E+00  4.9366E+00  6.7479E-05  3.4430E-01  1.3058E+00  1.6573E-01  1.3003E+00
  1.4210E+00  4.9891E+00  7.2301E-05  3.6420E-01  1.3096E+00  1.6687E-01  1.3046E+00
  1.4363E+00  5.0416E+00  7.7137E-05  3.8416E-01  1.3131E+00  1.6798E-01  1.3086E+00
  1.4516E+00  5.0941E+00  8.1985E-05  4.0419E-01  1.3165E+00  1.6906E-01  1.3124E+00
  1.4669E+00  5.1467E+00  8.6845E-05  4.2427E-01  1.3197E+00  1.7011E-01  1.3159E+00
  1.4822E+00  5.1992E+00  9.1716E-05  4.4440E-01  1.3228E+00  1.7114E-01  1.3193E+00
  1.4974E+00  5.2517E+00  9.6598E-05  4.6458E-01  1.3257E+00  1.7214E-01  1.3224E+00
  1.5127E+00  5.3043E+00  1.0149E-04  4.8481E-01  1.3284E+00  1.7311E-01  1.3254E+00
  1.5280E+00  5.3568E+00  1.0639E-04  5.0509E-01  1.3311E+00  1.7407E-01  1.3283E+00
  1.5433E+00  5.4093E+00  1.1130E-04  5.2541E-01  1.3336E+00  1.7500E-01  1.3310E+00
  1.5586E+00  5.4618E+00  1.1622E-04  5.4576E-01  1.3361E+00  1.7591E-01  1.3337E+00
  1.5738E+00  5.5144E+00  1.2114E-04  5.6616E-01  1.3384E+00  1.7680E-01  1.3362E+00
  1.5891E+00  5.5669E+00  1.2608E-04  5.8660E-01  1.3407E+00  1.7768E-01  1.3386E+00
  1.6044E+00  5.6194E+00  1.3102E-04  6.0707E-01  1.3429E+00  1.7853E-01  1.3409E+00
  1.6197E+00  5.6719E+00  1.3596E-04  6.2757E-01  1.3450E+00  1.7937E-01  1.3431E+00
  1.6350E+00  5.7245E+00  1.4092E-04  6.4811E-01  1.3470E+00  1.8020E-01  1.3452E+00
  1.6502E+00  5.7770E+00  1.4587E-04  6.6868E-01  1.3490E+00  1.8101E-01  1.3473E+00
  1.6655E+00  5.8295E+00  1.5084E-04  6.8928E-01  1.3508E+00  1.8180E-01  1.3492E+00
  1.6808E+00  5.8821E+00  1.5581E-04  7.0991E-01  1.3527E+00  1.8258E-01  1.3512E+00
  1.6961E+00  5.9346E+00  1.6078E-04  7.3057E-01  1.3545E+00  1.8334E-01  1.3530E+00
  1.7114E+00  5.9871E+00  1.6576E-04  7.5126E-01  1.3562E+00  1.8409E-01  1.3548E+00
  1.7266E+00  6.0396E+00  1.7075E-04  7.7197E-01  1.3579E+00  1.8483E-01  1.3566E+00
  1.7419E+00  6.0923E+00  6.8370E-04  1.2580E-01  2.1635E-01  1.6499E-02  2.1387E-01
  1.7572E+00  6.1448E+00  4.4622E-04  1.2904E-01  2.1650E-01  1.6495E-02  2.1415E-01
  1.7725E+00  6.1973E+00  4.5461E-04  1.3232E-01  2.1680E-01  1.6515E-02  2.1455E-01
  1.7878E+00  6.2499E+00  4.6300E-04  1.3560E-01  2.1708E-01  1.6534E-02  2.1494E-01
  1.8030E+00  6.3024E+00  4.7138E-04  1.3889E-01  2.1736E-01  1.6554E-02  2.1532E-01
  1.8183E+00  6.3549E+00  4.7976E-04  1.4218E-01  2.1763E-01  1.6574E-02  2.1569E-01
  1.8336E+00  6.4075E+00  4.8813E-04  1.4548E-01  2.1790E-01  1.6593E-02  2.1604E-01
  1.8489E+00  6.4600E+00  4.9651E-04  1.4878E-01  2.1816E-01  1.6613E-02  2.1638E-01
  1.8642E+00  6.5125E+00  5.0489E-04  1.5209E-01  2.1842E-01  1.6632E-02  2.1671E-01
  1.8794E+00  6.5650E+00  5.1326E-04  1.5540E-01  2.1867E-01  1.6652E-02  2.1703E-01
  1.8947E+00  6.6176E+00  5.2164E-04  1.5872E-01  2.1891E-01  1.6672E-02  2.1734E-01
  1.9100E+00  6.6701E+00  5.3001E-04  1.6205E-01  2.1915E-01  1.6691E-02  2.1765E-01
  1.9253E+00  6.7226E+00  5.3837E-04  1.6537E-01  2.1939E-01  1.6711E-02  2.1794E-01
  1.9406E+00  6.7752E+00  5.4674E-04  1.6871E-01  2.1962E-01  1.6730E-02  2.1823E-01
  1.9558E+00  6.8277E+00  5.5511E-04  1.7204E-01  2.1985E-01  1.6749E-02  2.1851E-01
  1.9711E+00  6.8802E+00  5.6348E-04  1.7538E-01  2.2007E-01  1.6769E-02  2.1878E-01
  1.9864E+00  6.9327E+00  5.7185E-04  1.7873E-01  2.2029E-01  1.6788E-02  2.1905E-01
  2.0017E+00  6.9853E+00  5.8022E-04  1.8208E-01  2.2051E-01  1.6807E-02  2.1931E-01
  2.0170E+00  7.0378E+00  5.8857E-04  1.8543E-01  2.2072E-01  1.6826E-02  2.1956E-01
  2.0322E+00  7.0903E+00  5.9692E-04  1.8879E-01  2.2093E-01  1.6844E-02  2.1981E-01
  2.0475E+00  7.1428E+00  6.0527E-04  1.9215E-01  2.2113E-01  1.6863E-02  2.2005E-01
  2.0628E+00  7.1954E+00  6.1360E-04  1.9551E-01  2.2133E-01  1.6882E-02  2.2029E-01
  2.0781E+00  7.2479E+00  6.2192E-04  1.9888E-01  2.2153E-01  1.6900E-02  2.2052E-01
  2.0934E+00  7.3004E+00  6.3023E-04  2.0225E-01  2.2173E-01  1.6919E-02  2.2075E-01
  2.1086E+00  7.3530E+00  6.3853E-04  2.0563E-01  2.2192E-01  1.6938E-02  2.2097E-01
  2.1239E+00  7.4055E+00  6.4682E-04  2.0900E-01  2.2211E-01  1.6957E-02  2.2119E-01
  2.1392E+00  7.4580E+00  6.5509E-04  2.1239E-01  2.2229E-01  1.6976E-02  2.2140E-01
  2.1545E+00  7.5105E+00  6.6337E-04  2.1577E-01  2.2248E-01  1.6995E-02  2.2161E-01
  2.1698E+00  7.5631E+00  6.7163E-04  2.1916E-01  2.2266E-01  1.7014E-02  2.2182E-01
  2.1850E+00  7.6156E+00  6.7989E-04  2.2255E-01  2.2284E-01  1.7033E-02  2.2202E-01
  2.2003E+00  7.6681E+00  6.8814E-04  2.2594E-01  2.2301E-01  1.7052E-02  2.2222E-01
  2.2156E+00  7.7206E+00  6.9638E-04  2.2934E-01  2.2319E-01  1.7071E-02  2.2241E-01
  2.2309E+00  7.7732E+00  7.0462E-04  2.3274E-01  2.2336E-01  1.7089E-02  2.2261E-01
  2.2462E+00  7.8257E+00  7.1285E-04  2.3614E-01  2.2353E-01  1.7107E-02  2.2279E-01
  2.2614E+00  7.8782E+00  7.2107E-04  2.3955E-01  2.2369E-01  1.7126E-02  2.2298E-01
  2.2767E+00  7.9308E+00  7.2930E-04  2.4296E-01  2.2386E-01  1.7144E-02  2.2316E-01
  2.2920E+00  7.9833E+00  7.3751E-04  2.4637E-01  2.2402E-01  1.7162E-02  2.2334E-01
  2.3073E+00  8.0358E+00  7.4573E-04  2.4978E-01  2.2418E-01  1.7180E-02  2.2352E-01
  2.3226E+00  8.0883E+00  7.5394E-04  2.5320E-01  2.2434E-01  1.7198E-02  2.2370E-01
  2.3378E+00  8.1409E+00  7.6214E-04  2.5662E-01  2.2449E-01  1.7216E-02  2.2387E-01
  2.3531E+00  8.1934E+00  7.7034E-04  2.6004E-01  2.2465E-01  1.7234E-02  2.2404E-01
  2.3684E+00  8.2458E+00  7.7851E-04  2.6346E-01  2.2480E-01  1.7252E-02  2.2421E-01
  2.3837E+00  8.2985E+00  7.8672E-04  2.6689E-01  2.2495E-01  1.7270E-02  2.2437E-01
  2.3990E+00  8.3510E+00  7.9490E-04  2.7032E-01  2.2510E-01  1.7288E-02  2.2453E-01
  2.4142E+00  8.4035E+00  8.0308E-04  2.7375E-01  2.2525E-01  1.7306E-02  2.2470E-01
  2.4295E+00  8.4560E+00  8.1125E-04  2.7719E-01  2.2539E-01  1.7324E-02  2.2485E-01
  2.4448E+00  8.5086E+00  8.1942E-04  2.8062E-01  2.2554E-01  1.7342E-02  2.2501E-01
  2.4601E+00  8.5611E+00  8.2757E-04  2.8406E-01  2.2568E-01  1.7359E-02  2.2517E-01
  2.4754E+00  8.6136E+00  8.3573E-04  2.8751E-01  2.2582E-01  1.7377E-02  2.2532E-01
  2.4906E+00  8.6661E+00  8.4387E-04  2.9095E-01  2.2596E-01  1.7394E-02  2.2547E-01
  2.5059E+00  8.7187E+00  8.5201E-04  2.9440E-01  2.2610E-01  1.7412E-02  2.2562E-01
  2.5212E+00  8.7712E+00  8.6014E-04  2.9784E-01  2.2624E-01  1.7429E-02  2.2577E-01
  2.5365E+00  8.8237E+00  8.6825E-04  3.0129E-01  2.2637E-01  1.7446E-02  2.2591E-01
  2.5518E+00  8.8763E+00  8.7636E-04  3.0475E-01  2.2651E-01  1.7463E-02  2.2606E-01
  2.5670E+00  8.9288E+00  8.8446E-04  3.0820E-01  2.2664E-01  1.7480E-02  2.2620E-01
  2.5823E+00  8.9813E+00  8.9256E-04  3.1166E-01  2.2677E-01  1.7498E-02  2.2634E-01
  2.5976E+00  9.0338E+00  9.0064E-04  3.1512E-01  2.2690E-01  1.7515E-02  2.2648E-01
  2.6129E+00  9.0864E+00  9.0871E-04  3.1858E-01  2.2703E-01  1.7532E-02  2.2662E-01
  2.6282E+00  9.1389E+00  9.1677E-04  3.2204E-01  2.2716E-01  1.7549E-02  2.2675E-01
  2.6434E+00  9.1914E+00  9.2483E-04  3.2551E-01  2.2728E-01  1.7566E-02  2.2689E-01
  2.6587E+00  9.2439E+00  9.3288E-04  3.2898E-01  2.2741E-01  1.7582E-02  2.2702E-01
  2.6740E+00  9.2965E+00  9.4092E-04  3.3245E-01  2.2753E-01  1.7599E-02  2.2715E-01
  2.6893E+00  9.3490E+00  9.4895E-04  3.3592E-01  2.2766E-01  1.7615E-02  2.2728E-01
  2.7046E+00  9.4015E+00  9.5698E-04  3.3939E-01  2.2778E-01  1.7631E-02  2.2741E-01
  2.7198E+00  9.4541E+00  9.6500E-04  3.4287E-01  2.2790E-01  1.7647E-02  2.2754E-01
  2.7351E+00  9.5066E+00  9.7302E-04  3.4635E-01  2.2802E-01  1.7664E-02  2.2766E-01
  2.7504E+00  9.5591E+00  9.8104E-04  3.4983E-01  2.2814E-01  1.7680E-02  2.2779E-01
  2.7657E+00  9.6116E+00  9.8905E-04  3.5331E-01  2.2826E-01  1.7696E-02  2.2791E-01
  2.7810E+00  9.6642E+00  9.9706E-04  3.5679E-01  2.2837E-01  1.7713E-02  2.2804E-01
  2.7962E+00  9.7167E+00  1.0051E-03  3.6028E-01  2.2849E-01  1.7729E-02  2.2816E-01
  2.8115E+00  9.7692E+00  1.0131E-03  3.6376E-01  2.2860E-01  1.7745E-02  2.2828E-01
  2.8268E+00  9.8218E+00  1.0211E-03  3.6725E-01  2.2872E-01  1.7761E-02  2.2840E-01
  2.8421E+00  9.8743E+00  1.0291E-03  3.7074E-01  2.2883E-01  1.7776E-02  2.2852E-01
  2.8574E+00  9.9268E+00  1.0371E-03  3.7424E-01  2.2894E-01  1.7792E-02  2.2863E-01
  2.8726E+00  9.9793E+00  1.0450E-03  3.7773E-01  2.2905E-01  1.7807E-02  2.2875E-01
  2.8879E+00  1.0032E+01  1.0530E-03  3.8123E-01  2.2916E-01  1.7822E-02  2.2887E-01
