1.754292584378966185e-03,5.460082313022853080e-03,4.151099799058035611e-01,2.745420123217523489e+00,2.000000000000000000e+01,7.058188915907291638e-02,0.000000000000000000e+00,0.000000000000000000e+00,0.000000000000000000e+00,0.000000000000000000e+00,0.000000000000000000e+00,0.000000000000000000e+00,0.000000000000000000e+00,5.213096503396264779e+03,1.381830716020471641e+02,2.119600000000000000e+06,3.749399999999999955e-01,-1.650653526000441161e+03,1.000000000000000000e+00
2.838623996240733326e-03,2.433652689533084834e-03,6.355324670269786314e-01,2.666134399472499972e+00,2.000000000000000000e+01,7.348765668871064249e-02,0.000000000000000000e+00,0.000000000000000000e+00,0.000000000000000000e+00,0.000000000000000000e+00,0.000000000000000000e+00,0.000000000000000000e+00,1.000000000000000000e+00,4.048339414558228782e+03,1.381831787727977598e+02,2.120200000000000000e+06,2.472300000000000053e-01,-7.476954189999383971e+02,1.000000000000000000e+00
2.725990477102107137e-03,3.483424866836328133e-03,1.014354494615953728e+00,2.583786070584129124e+00,2.000000000000000000e+01,7.282444605691712480e-02,0.000000000000000000e+00,0.000000000000000000e+00,0.000000000000000000e+00,0.000000000000000000e+00,0.000000000000000000e+00,0.000000000000000000e+00,2.000000000000000000e+00,4.100900417359639505e+03,1.381830937158603660e+02,2.120100000000000000e+06,2.723400000000000265e-01,-5.028579780000522419e+02,1.000000000000000000e+00
3.167823933311430910e-03,2.674230420111626139e-03,1.012509460726254140e+00,2.466208533131181824e+00,2.000000000000000000e+01,6.868960844619109718e-02,0.000000000000000000e+00,0.000000000000000000e+00,0.000000000000000000e+00,0.000000000000000000e+00,0.000000000000000000e+00,0.000000000000000000e+00,3.000000000000000000e+00,3.973442459258408235e+03,1.381834857465694881e+02,2.120400000000000000e+06,4.269999999999999907e-01,-1.246031400000005306e+03,1.000000000000000000e+00
3.032475835574573262e-03,3.223503025161838717e-03,1.173559309658342098e+00,2.602833831708485146e+00,2.000000000000000000e+01,7.244127425823065902e-02,0.000000000000000000e+00,0.000000000000000000e+00,0.000000000000000000e+00,0.000000000000000000e+00,0.000000000000000000e+00,0.000000000000000000e+00,4.000000000000000000e+00,3.949080053329133534e+03,1.381844021289922750e+02,2.120200000000000000e+06,3.385799999999999921e-01,-6.382570500000468883e+02,1.000000000000000000e+00
2.240692702911227345e-03,2.443613714412289604e-03,6.578594573488559805e-01,2.221268348575228480e+00,2.000000000000000000e+01,7.489239496030036802e-02,0.000000000000000000e+00,0.000000000000000000e+00,0.000000000000000000e+00,0.000000000000000000e+00,0.000000000000000000e+00,0.000000000000000000e+00,5.000000000000000000e+00,3.599429343088458154e+03,1.388570124589804209e+02,2.120300000000000000e+06,1.945300000000000085e-01,-3.813456000000185782e+02,1.000000000000000000e+00
2.641321193361876284e-03,2.712222758315832247e-03,7.004674630436468208e-01,2.747746821722025778e+00,2.000000000000000000e+01,8.046168806140684138e-02,0.000000000000000000e+00,0.000000000000000000e+00,0.000000000000000000e+00,0.000000000000000000e+00,0.000000000000000000e+00,0.000000000000000000e+00,6.000000000000000000e+00,3.925392870184532512e+03,1.381872107507784619e+02,2.120100000000000000e+06,1.805499999999999883e-01,-3.839135999999641626e+02,1.000000000000000000e+00
2.258795255652087247e-03,2.526413045395953846e-03,6.349097996049188897e-01,2.526007263915455603e+00,2.000000000000000000e+01,7.417938440216748086e-02,0.000000000000000000e+00,0.000000000000000000e+00,0.000000000000000000e+00,0.000000000000000000e+00,0.000000000000000000e+00,0.000000000000000000e+00,7.000000000000000000e+00,3.821313678321442694e+03,1.382048072826079590e+02,2.120200000000000000e+06,2.841000000000000192e-01,-9.114311999998543570e+02,1.000000000000000000e+00
1.491917816542591944e-03,3.312378956287950239e-03,6.854225733714491842e-01,2.261020726188113450e+00,2.000000000000000000e+01,7.645228715736726577e-02,0.000000000000000000e+00,0.000000000000000000e+00,0.000000000000000000e+00,0.000000000000000000e+00,0.000000000000000000e+00,0.000000000000000000e+00,8.000000000000000000e+00,3.522838432448312687e+03,1.392088616301796549e+02,2.120300000000000000e+06,1.440800000000000136e-01,-1.738260370000043906e+02,1.000000000000000000e+00
5.831585581288110335e-04,3.351037987835098295e-03,4.065332017140239618e-01,1.795447896390140796e+00,2.000000000000000000e+01,7.389331859883577214e-02,0.000000000000000000e+00,0.000000000000000000e+00,0.000000000000000000e+00,0.000000000000000000e+00,0.000000000000000000e+00,0.000000000000000000e+00,9.000000000000000000e+00,3.345099435783400168e+03,1.414068934349543554e+02,2.120300000000000000e+06,8.417499999999999982e-02,-5.607500700000161942e+01,1.000000000000000000e+00
3.150693804093990594e-03,2.629584230031906198e-03,1.048336843137319452e+00,2.618163241426186172e+00,2.000000000000000000e+01,7.279354993275785612e-02,0.000000000000000000e+00,0.000000000000000000e+00,0.000000000000000000e+00,0.000000000000000000e+00,0.000000000000000000e+00,0.000000000000000000e+00,1.000000000000000000e+01,3.904075700657108882e+03,1.381883837497744878e+02,2.120300000000000000e+06,3.462299999999999822e-01,-8.187088500000727436e+02,1.000000000000000000e+00
2.115481027550807341e-03,2.091690564335840861e-03,6.149926243212492372e-01,2.391250351266940299e+00,2.000000000000000000e+01,7.690347451234193221e-02,0.000000000000000000e+00,0.000000000000000000e+00,0.000000000000000000e+00,0.000000000000000000e+00,0.000000000000000000e+00,0.000000000000000000e+00,1.100000000000000000e+01,3.839516952180064891e+03,1.381943825659437550e+02,2.120200000000000000e+06,2.019299999999999984e-01,-4.619647290000394264e+02,1.000000000000000000e+00
1.844028989907262441e-03,2.584339452899943410e-03,6.787026338826911420e-01,2.921743183165885327e+00,2.000000000000000000e+01,7.403095063104681017e-02,0.000000000000000000e+00,0.000000000000000000e+00,0.000000000000000000e+00,0.000000000000000000e+00,0.000000000000000000e+00,0.000000000000000000e+00,1.200000000000000000e+01,3.646879458857806185e+03,1.388203633440481326e+02,2.119800000000000000e+06,2.090500000000000136e-01,-4.222168230000277163e+02,1.000000000000000000e+00
1.046479722071560862e-03,1.728752429147305432e-03,6.787168617105686641e-01,1.655577233652288260e+00,2.000000000000000000e+01,6.671379656136541825e-02,0.000000000000000000e+00,0.000000000000000000e+00,0.000000000000000000e+00,0.000000000000000000e+00,0.000000000000000000e+00,0.000000000000000000e+00,1.300000000000000000e+01,2.693477153903168073e+03,1.429124065855195056e+02,2.120500000000000000e+06,8.649199999999999944e-02,-5.310244099999818701e+01,1.000000000000000000e+00
1.682716783756623737e-03,2.825920294964012411e-03,7.163503185945708784e-01,2.759016074528851004e+00,2.000000000000000000e+01,7.275716587371573729e-02,0.000000000000000000e+00,0.000000000000000000e+00,0.000000000000000000e+00,0.000000000000000000e+00,0.000000000000000000e+00,0.000000000000000000e+00,1.400000000000000000e+01,3.656475113957780195e+03,1.383378599124786206e+02,2.120000000000000000e+06,3.712900000000000089e-01,-1.015802700000412756e+03,1.000000000000000000e+00
5.831585581288110335e-04,3.351037987835098295e-03,4.065332017140239618e-01,1.795447896390140796e+00,2.000000000000000000e+01,7.389331859883577214e-02,0.000000000000000000e+00,0.000000000000000000e+00,0.000000000000000000e+00,0.000000000000000000e+00,0.000000000000000000e+00,0.000000000000000000e+00,1.500000000000000000e+01,3.136955372256606552e+03,1.416325693824117593e+02,2.120400000000000000e+06,1.861899999999999944e-01,-3.128130009999732692e+02,1.000000000000000000e+00
9.483143348190877257e-04,1.854642343826381741e-03,7.518622587021664971e-01,-4.279827444144564397e-01,2.000000000000000000e+01,7.744087386883677371e-02,0.000000000000000000e+00,0.000000000000000000e+00,0.000000000000000000e+00,0.000000000000000000e+00,0.000000000000000000e+00,0.000000000000000000e+00,1.600000000000000000e+01,2.646702156762786217e+03,1.797039220100648151e+02,2.120900000000000000e+06,3.865999999999999992e-01,-5.168201999998709653e+02,1.000000000000000000e+00
1.655461064057952734e-03,3.693333571453950599e-03,1.165041875314440700e+00,-1.129056031342497102e+00,2.000000000000000000e+01,7.877513648907692734e-02,0.000000000000000000e+00,0.000000000000000000e+00,0.000000000000000000e+00,0.000000000000000000e+00,0.000000000000000000e+00,0.000000000000000000e+00,1.700000000000000000e+01,2.571501332309808276e+03,1.926569043705177364e+02,2.120700000000000000e+06,4.188799999999999746e-01,-5.611447010001101035e+02,1.000000000000000000e+00
1.548518262709132256e-03,2.773039901183368527e-03,9.221595191326563690e-01,-1.177994316024856936e+00,2.000000000000000000e+01,7.015084240579742836e-02,0.000000000000000000e+00,0.000000000000000000e+00,0.000000000000000000e+00,0.000000000000000000e+00,0.000000000000000000e+00,0.000000000000000000e+00,1.800000000000000000e+01,2.535446136870491046e+03,1.955582149974777906e+02,2.120600000000000000e+06,9.783899999999999542e-02,-5.125499999999863832e+01,1.000000000000000000e+00
1.711326693523345949e-03,3.461619143678391214e-03,1.204805305434968332e+00,-1.320222837236724400e+00,2.000000000000000000e+01,6.701421151821579381e-02,0.000000000000000000e+00,0.000000000000000000e+00,0.000000000000000000e+00,0.000000000000000000e+00,0.000000000000000000e+00,0.000000000000000000e+00,1.900000000000000000e+01,2.499898647617138977e+03,2.017773194584708563e+02,2.120600000000000000e+06,3.241100000000000092e-01,-3.590971999999770787e+02,1.000000000000000000e+00
1.628566488923494917e-03,3.701043062853121794e-03,1.117640461552934061e+00,-1.331273390380070643e+00,2.000000000000000000e+01,7.968699384664949814e-02,0.000000000000000000e+00,0.000000000000000000e+00,0.000000000000000000e+00,0.000000000000000000e+00,0.000000000000000000e+00,0.000000000000000000e+00,2.000000000000000000e+01,2.447281494442128860e+03,2.044328749601019410e+02,2.120600000000000000e+06,3.532600000000000184e-01,-4.421647999999528338e+02,1.000000000000000000e+00
1.469530861854766082e-03,3.100801292623463472e-03,1.236102278168148771e+00,-3.640105820881339049e+00,2.000000000000000000e+01,6.959926031065381824e-02,0.000000000000000000e+00,0.000000000000000000e+00,0.000000000000000000e+00,0.000000000000000000e+00,0.000000000000000000e+00,0.000000000000000000e+00,2.100000000000000000e+01,1.620157416222153870e+03,2.646803521205323477e+02,2.118800000000000000e+06,1.546399999999999997e-01,-6.394843800000142409e+01,1.000000000000000000e+00
1.179230134096073516e-03,3.197720115213248480e-03,1.069202109140396262e+00,-3.752354563379554087e+00,2.000000000000000000e+01,6.941690346866025152e-02,0.000000000000000000e+00,0.000000000000000000e+00,0.000000000000000000e+00,0.000000000000000000e+00,0.000000000000000000e+00,0.000000000000000000e+00,2.200000000000000000e+01,1.583028093200399553e+03,2.662464513399893917e+02,2.118800000000000000e+06,1.650600000000000123e-01,-7.506963100000092481e+01,1.000000000000000000e+00
1.174298012060067406e-03,3.499460346820599827e-03,1.018954030527175370e+00,-3.906735096249718264e+00,2.000000000000000000e+01,7.510902342082526051e-02,0.000000000000000000e+00,0.000000000000000000e+00,0.000000000000000000e+00,0.000000000000000000e+00,0.000000000000000000e+00,0.000000000000000000e+00,2.300000000000000000e+01,1.665387824613703060e+03,2.629419601617555600e+02,2.118900000000000000e+06,1.705699999999999994e-01,-8.840000000000382840e+01,1.000000000000000000e+00
1.408680006533644330e-03,3.263686664538064351e-03,8.694411193509740121e-01,-1.467106296633806206e+00,2.000000000000000000e+01,8.032714994084867721e-02,0.000000000000000000e+00,0.000000000000000000e+00,0.000000000000000000e+00,0.000000000000000000e+00,0.000000000000000000e+00,0.000000000000000000e+00,2.400000000000000000e+01,2.436091976195731149e+03,2.070616364000907765e+02,2.120500000000000000e+06,3.315199999999999814e-01,-4.994529930000467175e+02,1.000000000000000000e+00
1.793849986145065051e-03,3.761820904049150999e-03,1.313427346849522337e+00,-2.760464188706686528e+00,2.000000000000000000e+01,6.982364094042702030e-02,0.000000000000000000e+00,0.000000000000000000e+00,0.000000000000000000e+00,0.000000000000000000e+00,0.000000000000000000e+00,0.000000000000000000e+00,2.500000000000000000e+01,1.951493722031684001e+03,2.397304661925039113e+02,2.119600000000000000e+06,1.439300000000000024e-01,-5.805449999999915178e+01,1.000000000000000000e+00
1.443361000342097871e-03,3.625781740146819931e-03,1.317969203706207626e+00,-3.417709773143127627e+00,2.000000000000000000e+01,7.423454121426696639e-02,0.000000000000000000e+00,0.000000000000000000e+00,0.000000000000000000e+00,0.000000000000000000e+00,0.000000000000000000e+00,0.000000000000000000e+00,2.600000000000000000e+01,1.688469075632335262e+03,2.614675378635494098e+02,2.118900000000000000e+06,1.260900000000000076e-01,-5.055309999999894188e+01,1.000000000000000000e+00
2.020764459750651158e-03,4.050921917264096138e-03,9.086913407252483754e-01,-1.374783880833552629e+00,2.000000000000000000e+01,5.774136170566716159e-02,0.000000000000000000e+00,0.000000000000000000e+00,0.000000000000000000e+00,0.000000000000000000e+00,0.000000000000000000e+00,0.000000000000000000e+00,2.700000000000000000e+01,2.428302608302256431e+03,2.094913871026722063e+02,2.120400000000000000e+06,1.103399999999999936e-01,-5.890640000000100684e+01,1.000000000000000000e+00
1.356012710070030524e-03,2.966142855375385277e-03,1.463176731898597538e+00,-3.781638513907923382e+00,2.000000000000000000e+01,6.724865477516192569e-02,0.000000000000000000e+00,0.000000000000000000e+00,0.000000000000000000e+00,0.000000000000000000e+00,0.000000000000000000e+00,0.000000000000000000e+00,2.800000000000000000e+01,1.550235555674277521e+03,2.710071604591911978e+02,2.118600000000000000e+06,1.397100000000000009e-01,-5.461904000000136961e+01,1.000000000000000000e+00
1.285695704757865024e-03,4.850166013784996955e-03,1.123437283955289745e+00,-1.061538315272784772e+01,2.000000000000000000e+01,6.926204981934880323e-02,0.000000000000000000e+00,0.000000000000000000e+00,0.000000000000000000e+00,0.000000000000000000e+00,0.000000000000000000e+00,0.000000000000000000e+00,2.900000000000000000e+01,4.270103128568665625e+02,4.075329956930839330e+02,2.110100000000000000e+06,3.434400000000000230e-01,-3.006366000000035115e+02,1.000000000000000000e+00
1.662756909849174127e-03,3.705185124833168704e-03,1.207069732531753647e+00,-1.828732650296319040e+00,2.000000000000000000e+01,7.595965474322395605e-02,0.000000000000000000e+00,0.000000000000000000e+00,0.000000000000000000e+00,0.000000000000000000e+00,0.000000000000000000e+00,0.000000000000000000e+00,3.000000000000000000e+01,2.426276217904674013e+03,2.103633361871277714e+02,2.120400000000000000e+06,4.844300000000000272e-01,-7.262656719998902872e+02,1.000000000000000000e+00
1.328272785009839817e-03,3.854683323633146998e-03,1.182336319847900663e+00,-2.011740981805074657e+00,2.000000000000000000e+01,6.824191807243590313e-02,0.000000000000000000e+00,0.000000000000000000e+00,0.000000000000000000e+00,0.000000000000000000e+00,0.000000000000000000e+00,0.000000000000000000e+00,3.100000000000000000e+01,2.379435739120469862e+03,2.147275636519015620e+02,2.120300000000000000e+06,3.400599999999999734e-01,-4.174508240000184855e+02,1.000000000000000000e+00
1.509595032856350747e-03,3.254137952451747508e-03,1.073105683663532872e+00,-3.217822750534826692e+00,2.000000000000000000e+01,6.735707150133975196e-02,0.000000000000000000e+00,0.000000000000000000e+00,0.000000000000000000e+00,0.000000000000000000e+00,0.000000000000000000e+00,0.000000000000000000e+00,3.200000000000000000e+01,1.923163541798553297e+03,2.461893780077554652e+02,2.119500000000000000e+06,1.150299999999999934e-01,-5.481263699999907146e+01,1.000000000000000000e+00
1.157851049730397206e-03,3.732514158095987834e-03,1.290422460666754922e+00,-8.678454708093767067e+00,2.000000000000000000e+01,6.816967827794229162e-02,0.000000000000000000e+00,0.000000000000000000e+00,0.000000000000000000e+00,0.000000000000000000e+00,0.000000000000000000e+00,0.000000000000000000e+00,3.300000000000000000e+01,4.282956308621244261e+02,3.801702776620072086e+02,2.111700000000000000e+06,1.745800000000000129e-01,-6.442340000000285727e+01,1.000000000000000000e+00
1.219555910432913075e-03,3.394788989759217439e-03,9.615464210896756958e-01,-2.734050257541448037e+00,2.000000000000000000e+01,6.088847987284714408e-02,0.000000000000000000e+00,0.000000000000000000e+00,0.000000000000000000e+00,0.000000000000000000e+00,0.000000000000000000e+00,0.000000000000000000e+00,3.400000000000000000e+01,1.991970733117226473e+03,2.331581135403072551e+02,2.119900000000000000e+06,1.208599999999999952e-01,-5.468578699999812898e+01,1.000000000000000000e+00
1.559119714638542873e-03,2.931760285803938076e-03,1.435613283473939905e+00,-3.326026125065596251e+00,2.000000000000000000e+01,5.911868581094927716e-02,0.000000000000000000e+00,0.000000000000000000e+00,0.000000000000000000e+00,0.000000000000000000e+00,0.000000000000000000e+00,0.000000000000000000e+00,3.500000000000000000e+01,1.871958362174098511e+03,2.465839861612991797e+02,2.119400000000000000e+06,1.378199999999999981e-01,-5.293080000000095708e+01,1.000000000000000000e+00
1.335373218759627542e-03,3.302282852537691618e-03,1.342290324141849345e+00,-4.388079571131341616e+00,2.000000000000000000e+01,6.270357783951349684e-02,0.000000000000000000e+00,0.000000000000000000e+00,0.000000000000000000e+00,0.000000000000000000e+00,0.000000000000000000e+00,0.000000000000000000e+00,3.600000000000000000e+01,1.541627845398835234e+03,2.748385430018444708e+02,2.118300000000000000e+06,1.339299999999999935e-01,-5.321680000000100819e+01,1.000000000000000000e+00
1.215120448292670652e-03,3.613105768700741651e-03,1.348291049930230301e+00,-5.538879673915908519e+00,2.000000000000000000e+01,6.853536330325808723e-02,0.000000000000000000e+00,0.000000000000000000e+00,0.000000000000000000e+00,0.000000000000000000e+00,0.000000000000000000e+00,0.000000000000000000e+00,3.700000000000000000e+01,1.111708773396071138e+03,3.052691597224553561e+02,2.116900000000000000e+06,1.909800000000000109e-01,-7.577550000000117336e+01,1.000000000000000000e+00
1.258064537049598513e-03,3.913014005022957993e-03,1.286115376379093123e+00,-5.413940767727915215e+00,2.000000000000000000e+01,6.170532743912773843e-02,0.000000000000000000e+00,0.000000000000000000e+00,0.000000000000000000e+00,0.000000000000000000e+00,0.000000000000000000e+00,0.000000000000000000e+00,3.800000000000000000e+01,1.080672981967530177e+03,3.129643859522427647e+02,2.116400000000000000e+06,1.859500000000000042e-01,-7.418609599999716409e+01,1.000000000000000000e+00
1.753963107243787728e-03,2.867832133768127064e-03,1.133294864784070155e+00,-3.913089656587295018e+00,2.000000000000000000e+01,6.434549921834144259e-02,0.000000000000000000e+00,0.000000000000000000e+00,0.000000000000000000e+00,0.000000000000000000e+00,0.000000000000000000e+00,0.000000000000000000e+00,3.900000000000000000e+01,1.477814128615127629e+03,2.797909799727603968e+02,2.118200000000000000e+06,1.298999999999999877e-01,-5.190765999999923253e+01,1.000000000000000000e+00
1.055869869723884569e-03,3.519973914948550976e-03,1.264465440867003299e+00,-5.890970896972377524e+00,2.000000000000000000e+01,6.842236473872147229e-02,0.000000000000000000e+00,0.000000000000000000e+00,0.000000000000000000e+00,0.000000000000000000e+00,0.000000000000000000e+00,0.000000000000000000e+00,4.000000000000000000e+01,9.844253834972647610e+02,3.149973787610138629e+02,2.116400000000000000e+06,1.796800000000000064e-01,-6.797120000000100504e+01,1.000000000000000000e+00
9.617437806557335624e-04,3.258236663613598393e-03,1.160043817476025252e+00,-4.906953866025241418e+00,2.000000000000000000e+01,6.954768246943297816e-02,0.000000000000000000e+00,0.000000000000000000e+00,0.000000000000000000e+00,0.000000000000000000e+00,0.000000000000000000e+00,0.000000000000000000e+00,4.100000000000000000e+01,1.376419420708750749e+03,2.812304862924506210e+02,2.118200000000000000e+06,2.661600000000000077e-01,-1.535877199999941638e+02,1.000000000000000000e+00
1.515269223002186239e-03,3.307533882109820605e-03,1.277405382606279893e+00,-4.458386362350382548e+00,2.000000000000000000e+01,6.768921829507852650e-02,0.000000000000000000e+00,0.000000000000000000e+00,0.000000000000000000e+00,0.000000000000000000e+00,0.000000000000000000e+00,0.000000000000000000e+00,4.200000000000000000e+01,1.482378061888085313e+03,2.780041142308571693e+02,2.118300000000000000e+06,1.328999999999999904e-01,-5.216650000000074527e+01,1.000000000000000000e+00
1.179682350160835263e-03,3.312895857743015666e-03,1.367536697065708351e+00,-4.810684519379242019e+00,2.000000000000000000e+01,7.540001667480496217e-02,0.000000000000000000e+00,0.000000000000000000e+00,0.000000000000000000e+00,0.000000000000000000e+00,0.000000000000000000e+00,0.000000000000000000e+00,4.300000000000000000e+01,1.506077975292385190e+03,2.768408987495230917e+02,2.118300000000000000e+06,1.288900000000000046e-01,-5.043465000000041698e+01,1.000000000000000000e+00
1.342803295697340580e-03,3.352492989580034555e-03,9.640369334462616235e-01,-4.670230614862726171e+00,2.000000000000000000e+01,6.858053905844251064e-02,0.000000000000000000e+00,0.000000000000000000e+00,0.000000000000000000e+00,0.000000000000000000e+00,0.000000000000000000e+00,0.000000000000000000e+00,4.400000000000000000e+01,1.311631919170235960e+03,2.932608774954169348e+02,2.117500000000000000e+06,1.381000000000000005e-01,-5.697869300000196802e+01,1.000000000000000000e+00
1.598269567052788224e-03,3.560264561631218145e-03,1.292501005151069915e+00,-2.182453719693485450e+00,2.000000000000000000e+01,7.406141847654314214e-02,0.000000000000000000e+00,0.000000000000000000e+00,0.000000000000000000e+00,0.000000000000000000e+00,0.000000000000000000e+00,0.000000000000000000e+00,4.500000000000000000e+01,2.265717126954765263e+03,2.148667257511687296e+02,2.120300000000000000e+06,1.650899999999999868e-01,-7.112705600000133188e+01,1.000000000000000000e+00
9.617437806557335624e-04,3.258236663613598393e-03,1.160043817476025252e+00,-4.906953866025241418e+00,2.000000000000000000e+01,6.954768246943297816e-02,0.000000000000000000e+00,0.000000000000000000e+00,0.000000000000000000e+00,0.000000000000000000e+00,0.000000000000000000e+00,0.000000000000000000e+00,4.600000000000000000e+01,1.336728966080926966e+03,2.901312405391475409e+02,2.117800000000000000e+06,3.171100000000000030e-01,-2.126683439999874565e+02,1.000000000000000000e+00
1.412085349280426186e-03,3.778651268254855453e-03,1.374548463254738451e+00,-2.244787411034154356e+00,2.000000000000000000e+01,7.354563799184421491e-02,0.000000000000000000e+00,0.000000000000000000e+00,0.000000000000000000e+00,0.000000000000000000e+00,0.000000000000000000e+00,0.000000000000000000e+00,4.700000000000000000e+01,2.198137577144195348e+03,2.218723190281796747e+02,2.120100000000000000e+06,1.482700000000000129e-01,-6.123561600000122951e+01,1.000000000000000000e+00
1.487130751258457272e-03,3.182492776188231617e-03,1.402405018339231146e+00,-2.192787703255038245e+00,2.000000000000000000e+01,6.236584326528420152e-02,0.000000000000000000e+00,0.000000000000000000e+00,0.000000000000000000e+00,0.000000000000000000e+00,0.000000000000000000e+00,0.000000000000000000e+00,4.800000000000000000e+01,2.198137577144195348e+03,2.218723190281796747e+02,2.120100000000000000e+06,1.482700000000000129e-01,-6.123561600000122951e+01,1.000000000000000000e+00
1.406485448478257422e-03,3.217822463187713835e-03,1.342871706027672918e+00,-2.462708669166583597e+00,2.000000000000000000e+01,6.305384786362876193e-02,0.000000000000000000e+00,0.000000000000000000e+00,0.000000000000000000e+00,0.000000000000000000e+00,0.000000000000000000e+00,0.000000000000000000e+00,4.900000000000000000e+01,2.198137577144195348e+03,2.218723190281796747e+02,2.120100000000000000e+06,1.482700000000000129e-01,-6.123561600000122951e+01,1.000000000000000000e+00
1.271303561961186239e-03,3.134948068547310437e-03,1.310471671178347730e+00,-4.759203259960564480e+00,2.000000000000000000e+01,6.401359937588550764e-02,0.000000000000000000e+00,0.000000000000000000e+00,0.000000000000000000e+00,0.000000000000000000e+00,0.000000000000000000e+00,0.000000000000000000e+00,5.000000000000000000e+01,1.374580684369108894e+03,2.889632872285548046e+02,2.117800000000000000e+06,1.570699999999999874e-01,-7.004613999999881457e+01,1.000000000000000000e+00
1.232728976308542466e-03,3.426298454923326804e-03,1.285256156311255671e+00,-6.158956226048791116e+00,2.000000000000000000e+01,6.831257850477769067e-02,0.000000000000000000e+00,0.000000000000000000e+00,0.000000000000000000e+00,0.000000000000000000e+00,0.000000000000000000e+00,0.000000000000000000e+00,5.100000000000000000e+01,9.613165356218688657e+02,3.209193504338627463e+02,2.116100000000000000e+06,1.735200000000000076e-01,-6.929460000000149478e+01,1.000000000000000000e+00
1.491528142724465921e-03,3.740444993929590862e-03,1.303982202085774089e+00,-4.999472628172918043e+00,2.000000000000000000e+01,6.527066470302618495e-02,0.000000000000000000e+00,0.000000000000000000e+00,0.000000000000000000e+00,0.000000000000000000e+00,0.000000000000000000e+00,0.000000000000000000e+00,5.200000000000000000e+01,1.367440250290548192e+03,2.898659654829669421e+02,2.117700000000000000e+06,1.517000000000000015e-01,-6.490935500000058767e+01,1.000000000000000000e+00
1.182537988267973314e-03,3.912038364178352032e-03,1.271262104775707336e+00,-2.560807767421001468e+00,2.000000000000000000e+01,6.720300921705461838e-02,0.000000000000000000e+00,0.000000000000000000e+00,0.000000000000000000e+00,0.000000000000000000e+00,0.000000000000000000e+00,0.000000000000000000e+00,5.300000000000000000e+01,2.184474264493169358e+03,2.316850445089926041e+02,2.120000000000000000e+06,5.641300000000000203e-01,-8.477242410002772885e+02,1.000000000000000000e+00
1.191850170744486416e-03,3.450902218975064693e-03,1.320049940950717815e+00,-6.680661227627741283e+00,2.000000000000000000e+01,7.270884846019068370e-02,0.000000000000000000e+00,0.000000000000000000e+00,0.000000000000000000e+00,0.000000000000000000e+00,0.000000000000000000e+00,0.000000000000000000e+00,5.400000000000000000e+01,9.053684849008506035e+02,3.259295275865111421e+02,2.115800000000000000e+06,1.850499999999999923e-01,-7.745646600000017656e+01,1.000000000000000000e+00
1.391225132409252023e-03,3.518575198837177107e-03,1.299451510912359886e+00,-5.052912706866006687e+00,2.000000000000000000e+01,6.780795179176940524e-02,0.000000000000000000e+00,0.000000000000000000e+00,0.000000000000000000e+00,0.000000000000000000e+00,0.000000000000000000e+00,0.000000000000000000e+00,5.500000000000000000e+01,1.289820620037750359e+03,2.933761155815856796e+02,2.117500000000000000e+06,1.390599999999999892e-01,-5.146737000000133833e+01,1.000000000000000000e+00
1.202290642060545095e-03,3.418639134125802705e-03,1.165381657992022646e+00,-4.042561673957447255e+00,2.000000000000000000e+01,6.722840868699166139e-02,0.000000000000000000e+00,0.000000000000000000e+00,0.000000000000000000e+00,0.000000000000000000e+00,0.000000000000000000e+00,0.000000000000000000e+00,5.600000000000000000e+01,1.742457638744506539e+03,2.613930594824828972e+02,2.119000000000000000e+06,2.021300000000000041e-01,-1.057168560000043271e+02,1.000000000000000000e+00
1.144685049444477045e-03,3.805032194076529879e-03,1.335897509696390539e+00,-6.186580678555484880e+00,2.000000000000000000e+01,6.812852673813166171e-02,0.000000000000000000e+00,0.000000000000000000e+00,0.000000000000000000e+00,0.000000000000000000e+00,0.000000000000000000e+00,0.000000000000000000e+00,5.700000000000000000e+01,9.060528366864754162e+02,3.216163176440861662e+02,2.115900000000000000e+06,1.652399999999999980e-01,-5.412080599999882224e+01,1.000000000000000000e+00
1.624439029868383032e-03,3.521108555873104281e-03,1.246226202896012270e+00,-2.865641020138598449e+00,2.000000000000000000e+01,6.543348520550512637e-02,0.000000000000000000e+00,0.000000000000000000e+00,0.000000000000000000e+00,0.000000000000000000e+00,0.000000000000000000e+00,0.000000000000000000e+00,5.800000000000000000e+01,1.817587695275239639e+03,2.469112565435488307e+02,2.119400000000000000e+06,1.393600000000000116e-01,-5.453032199999894658e+01,1.000000000000000000e+00
1.491003063743829519e-03,3.627871807534498432e-03,1.066626577896782502e+00,-3.188562298299792097e+00,2.000000000000000000e+01,6.996326867121555049e-02,0.000000000000000000e+00,0.000000000000000000e+00,0.000000000000000000e+00,0.000000000000000000e+00,0.000000000000000000e+00,0.000000000000000000e+00,5.900000000000000000e+01,1.764096248517801541e+03,2.599743232280401912e+02,2.119000000000000000e+06,1.865199999999999914e-01,-9.724471799999633959e+01,1.000000000000000000e+00
1.248864792039859400e-03,3.385684949317177301e-03,9.963776499134510134e-01,-3.414742580047119169e+00,2.000000000000000000e+01,6.713833011105396764e-02,0.000000000000000000e+00,0.000000000000000000e+00,0.000000000000000000e+00,0.000000000000000000e+00,0.000000000000000000e+00,0.000000000000000000e+00,6.000000000000000000e+01,1.798403661235929121e+03,2.570928744297593198e+02,2.119100000000000000e+06,1.335099999999999898e-01,-5.660472999999930011e+01,1.000000000000000000e+00
1.466931799563383479e-03,3.385158018845512481e-03,1.021831147413180929e+00,-3.486695112369141647e+00,2.000000000000000000e+01,7.096083534167396678e-02,0.000000000000000000e+00,0.000000000000000000e+00,0.000000000000000000e+00,0.000000000000000000e+00,0.000000000000000000e+00,0.000000000000000000e+00,6.100000000000000000e+01,1.790509091241077613e+03,2.594159602265196440e+02,2.119000000000000000e+06,1.284299999999999886e-01,-5.665373799999857596e+01,1.000000000000000000e+00
1.324124966587210319e-03,3.919438060968813246e-03,1.102513001363561118e+00,-3.719925567084939377e+00,2.000000000000000000e+01,7.607522952435506747e-02,0.000000000000000000e+00,0.000000000000000000e+00,0.000000000000000000e+00,0.000000000000000000e+00,0.000000000000000000e+00,0.000000000000000000e+00,6.200000000000000000e+01,1.794699425197175742e+03,2.586933873017952692e+02,2.119000000000000000e+06,1.300900000000000112e-01,-5.757017699999877181e+01,1.000000000000000000e+00
1.293755522075878571e-03,3.433432539505159448e-03,1.291804760474533964e+00,-6.527021865756880814e+00,2.000000000000000000e+01,6.843731397823263340e-02,0.000000000000000000e+00,0.000000000000000000e+00,0.000000000000000000e+00,0.000000000000000000e+00,0.000000000000000000e+00,0.000000000000000000e+00,6.300000000000000000e+01,9.032123562643404284e+02,3.305686539690356085e+02,2.115500000000000000e+06,1.823299999999999921e-01,-8.005484800000074586e+01,1.000000000000000000e+00
1.516219261959642420e-03,3.571232963016049422e-03,1.295634179860691848e+00,-2.666070593773766984e+00,2.000000000000000000e+01,7.233978081856222431e-02,0.000000000000000000e+00,0.000000000000000000e+00,0.000000000000000000e+00,0.000000000000000000e+00,0.000000000000000000e+00,0.000000000000000000e+00,6.400000000000000000e+01,2.138525539714312345e+03,2.328060969016137278e+02,2.119900000000000000e+06,2.689400000000000124e-01,-2.010708070000181351e+02,1.000000000000000000e+00
1.489808343765651813e-03,3.434085815088284543e-03,1.269207825342896889e+00,-6.089438023166453995e+00,2.000000000000000000e+01,7.087627250183486938e-02,0.000000000000000000e+00,0.000000000000000000e+00,0.000000000000000000e+00,0.000000000000000000e+00,0.000000000000000000e+00,0.000000000000000000e+00,6.500000000000000000e+01,1.197238044082189617e+03,3.048761972482263332e+02,2.116900000000000000e+06,1.444600000000000051e-01,-5.903648299999855453e+01,1.000000000000000000e+00
1.271366012803879387e-03,3.701282207264995280e-03,1.180459529381026940e+00,-5.507277957461120366e+00,2.000000000000000000e+01,6.808900222154502802e-02,0.000000000000000000e+00,0.000000000000000000e+00,0.000000000000000000e+00,0.000000000000000000e+00,0.000000000000000000e+00,0.000000000000000000e+00,6.600000000000000000e+01,1.198337215432372659e+03,3.046921631967971962e+02,2.116900000000000000e+06,1.561800000000000133e-01,-6.816850300000032803e+01,1.000000000000000000e+00
1.348557059563644609e-03,3.985137303300360229e-03,1.213234190916047117e+00,-5.420794968566261751e+00,2.000000000000000000e+01,6.225566528522828019e-02,0.000000000000000000e+00,0.000000000000000000e+00,0.000000000000000000e+00,0.000000000000000000e+00,0.000000000000000000e+00,0.000000000000000000e+00,6.700000000000000000e+01,1.204863545324084498e+03,3.046723440210388958e+02,2.116900000000000000e+06,1.511099999999999943e-01,-6.319350000000039103e+01,1.000000000000000000e+00
1.217575913476210510e-03,3.836279293584042224e-03,1.197527011314558409e+00,-8.448385057917954910e+00,2.000000000000000000e+01,8.004149871558692564e-02,0.000000000000000000e+00,0.000000000000000000e+00,0.000000000000000000e+00,0.000000000000000000e+00,0.000000000000000000e+00,0.000000000000000000e+00,6.800000000000000000e+01,5.532915564652885223e+02,3.653020338234604196e+02,2.112900000000000000e+06,1.449400000000000133e-01,-5.320999999999850871e+01,1.000000000000000000e+00
1.206275322533822926e-03,3.562196081912563650e-03,1.413003117430728262e+00,-5.902761836622427261e+00,2.000000000000000000e+01,6.913982444534345906e-02,0.000000000000000000e+00,0.000000000000000000e+00,0.000000000000000000e+00,0.000000000000000000e+00,0.000000000000000000e+00,0.000000000000000000e+00,6.900000000000000000e+01,1.206979082374109794e+03,2.999857215796959053e+02,2.117300000000000000e+06,1.565999999999999892e-01,-6.302075700000138170e+01,1.000000000000000000e+00
1.275016661528394473e-03,4.315418151694820452e-03,1.059041162920182355e+00,-1.239394127962525083e+01,2.000000000000000000e+01,6.302248142388613972e-02,0.000000000000000000e+00,0.000000000000000000e+00,0.000000000000000000e+00,0.000000000000000000e+00,0.000000000000000000e+00,0.000000000000000000e+00,7.000000000000000000e+01,5.353951485846648666e+02,3.670029450059598162e+02,2.112800000000000000e+06,1.752499999999999891e-01,-7.121599799999980007e+01,1.000000000000000000e+00
1.237470624748012501e-03,3.395841951315688688e-03,1.282728368765842397e+00,-6.549436116868935898e+00,2.000000000000000000e+01,6.847352809721320155e-02,0.000000000000000000e+00,0.000000000000000000e+00,0.000000000000000000e+00,0.000000000000000000e+00,0.000000000000000000e+00,0.000000000000000000e+00,7.100000000000000000e+01,8.889912443949618819e+02,3.310985683032457132e+02,2.115500000000000000e+06,1.834800000000000042e-01,-8.007448599999879946e+01,1.000000000000000000e+00
1.345866672880227047e-03,3.873749564543632878e-03,1.018698450219112761e+00,-4.410118423629255879e+00,2.000000000000000000e+01,7.485051230283418233e-02,0.000000000000000000e+00,0.000000000000000000e+00,0.000000000000000000e+00,0.000000000000000000e+00,0.000000000000000000e+00,0.000000000000000000e+00,7.200000000000000000e+01,1.255376405208143979e+03,2.967002348800696154e+02,2.117300000000000000e+06,1.542000000000000037e-01,-6.252951899999797547e+01,1.000000000000000000e+00
1.260266719538425707e-03,3.769189781357203811e-03,1.258892028483463488e+00,-6.682270536818966988e+00,2.000000000000000000e+01,6.811130930284281515e-02,0.000000000000000000e+00,0.000000000000000000e+00,0.000000000000000000e+00,0.000000000000000000e+00,0.000000000000000000e+00,0.000000000000000000e+00,7.300000000000000000e+01,8.394995350992173826e+02,3.338901181676168903e+02,2.115200000000000000e+06,1.621499999999999886e-01,-6.400799999999811973e+01,1.000000000000000000e+00
1.122743031045890082e-03,3.712251803091893079e-03,1.253867244472253839e+00,-8.293329122121473773e+00,2.000000000000000000e+01,6.828694653553324390e-02,0.000000000000000000e+00,0.000000000000000000e+00,0.000000000000000000e+00,0.000000000000000000e+00,0.000000000000000000e+00,0.000000000000000000e+00,7.400000000000000000e+01,4.877858707233548898e+02,3.712084124526220990e+02,2.112500000000000000e+06,1.791300000000000114e-01,-7.138473099999950477e+01,1.000000000000000000e+00
1.351104890044793182e-03,3.205462005784966758e-03,1.283273819294060925e+00,-6.613228033692327479e+00,2.000000000000000000e+01,6.787657812228388432e-02,0.000000000000000000e+00,0.000000000000000000e+00,0.000000000000000000e+00,0.000000000000000000e+00,0.000000000000000000e+00,0.000000000000000000e+00,7.500000000000000000e+01,8.885472904391190241e+02,3.325143344074485299e+02,2.115400000000000000e+06,1.461600000000000121e-01,-5.462502900000070127e+01,1.000000000000000000e+00
1.125373390692190230e-03,3.671654796853798981e-03,1.347306136398789267e+00,-6.930844162496217820e+00,2.000000000000000000e+01,6.829063294450699040e-02,0.000000000000000000e+00,0.000000000000000000e+00,0.000000000000000000e+00,0.000000000000000000e+00,0.000000000000000000e+00,0.000000000000000000e+00,7.600000000000000000e+01,7.937535575671161041e+02,3.377270176836776159e+02,2.114800000000000000e+06,2.519899999999999918e-01,-1.257926000000045406e+02,1.000000000000000000e+00
1.262636929555610143e-03,3.784897522833916960e-03,1.254524348904791253e+00,-6.621983186106701780e+00,2.000000000000000000e+01,6.816534241323789212e-02,0.000000000000000000e+00,0.000000000000000000e+00,0.000000000000000000e+00,0.000000000000000000e+00,0.000000000000000000e+00,0.000000000000000000e+00,7.700000000000000000e+01,8.588708774842581306e+02,3.326978670915961516e+02,2.115300000000000000e+06,1.673699999999999910e-01,-6.803359999999929641e+01,1.000000000000000000e+00
1.099212707416009254e-03,3.604562415831607386e-03,1.353267717874921727e+00,-5.947430732922162733e+00,2.000000000000000000e+01,5.398337467693658381e-02,0.000000000000000000e+00,0.000000000000000000e+00,0.000000000000000000e+00,0.000000000000000000e+00,0.000000000000000000e+00,0.000000000000000000e+00,7.800000000000000000e+01,8.268240848577340785e+02,3.341505783116793395e+02,2.115200000000000000e+06,1.771199999999999997e-01,-7.501573199999991459e+01,1.000000000000000000e+00
1.163266683946368981e-03,3.751968795478798774e-03,1.291807422390050419e+00,-8.127859012472056222e+00,2.000000000000000000e+01,6.820298345992824307e-02,0.000000000000000000e+00,0.000000000000000000e+00,0.000000000000000000e+00,0.000000000000000000e+00,0.000000000000000000e+00,0.000000000000000000e+00,7.900000000000000000e+01,4.976767614883275428e+02,3.679692401673479480e+02,2.112700000000000000e+06,1.742599999999999982e-01,-6.470212300000015659e+01,1.000000000000000000e+00
1.530225970795698678e-03,3.846095846641560574e-03,1.181298734431290853e+00,-9.311268081355505544e+00,2.000000000000000000e+01,5.802077784633903612e-02,0.000000000000000000e+00,0.000000000000000000e+00,0.000000000000000000e+00,0.000000000000000000e+00,0.000000000000000000e+00,0.000000000000000000e+00,8.000000000000000000e+01,5.836219412458756324e+02,3.616788077338969742e+02,2.113100000000000000e+06,1.390899999999999914e-01,-5.145996599999907772e+01,1.000000000000000000e+00
1.405420313912207966e-03,3.663958240990383610e-03,1.263680929550221155e+00,-8.003514578236590182e+00,2.000000000000000000e+01,6.765892008812843250e-02,0.000000000000000000e+00,0.000000000000000000e+00,0.000000000000000000e+00,0.000000000000000000e+00,0.000000000000000000e+00,0.000000000000000000e+00,8.100000000000000000e+01,5.822838886068652755e+02,3.645650347021906441e+02,2.113000000000000000e+06,1.381300000000000028e-01,-5.292128999999934535e+01,1.000000000000000000e+00
1.071226099086150085e-03,3.217312244139018413e-03,1.234648033228861408e+00,-6.170238019369071125e+00,2.000000000000000000e+01,7.555198051403438919e-02,0.000000000000000000e+00,0.000000000000000000e+00,0.000000000000000000e+00,0.000000000000000000e+00,0.000000000000000000e+00,0.000000000000000000e+00,8.200000000000000000e+01,8.533060619760211694e+02,3.329974431686416096e+02,2.115300000000000000e+06,1.637899999999999912e-01,-6.560399999999833653e+01,1.000000000000000000e+00
1.277683281187220587e-03,3.699926200695411761e-03,1.269286308350477732e+00,-6.638512804641767850e+00,2.000000000000000000e+01,6.813157651586360108e-02,0.000000000000000000e+00,0.000000000000000000e+00,0.000000000000000000e+00,0.000000000000000000e+00,0.000000000000000000e+00,0.000000000000000000e+00,8.300000000000000000e+01,8.516572277513582776e+02,3.330372214508934121e+02,2.115300000000000000e+06,1.628600000000000048e-01,-6.462419999999836762e+01,1.000000000000000000e+00
1.047820692545527090e-03,3.724727433570757581e-03,1.288247781764776834e+00,-7.516967709664101882e+00,2.000000000000000000e+01,7.484397333391749896e-02,0.000000000000000000e+00,0.000000000000000000e+00,0.000000000000000000e+00,0.000000000000000000e+00,0.000000000000000000e+00,0.000000000000000000e+00,8.400000000000000000e+01,7.044403949032264336e+02,3.391094947618644255e+02,2.114800000000000000e+06,1.786600000000000132e-01,-6.041250000000094644e+01,1.000000000000000000e+00
1.173697151183321742e-03,3.751809128645039546e-03,1.197065101259479514e+00,-7.909642671652297174e+00,2.000000000000000000e+01,5.947397256769001300e-02,0.000000000000000000e+00,0.000000000000000000e+00,0.000000000000000000e+00,0.000000000000000000e+00,0.000000000000000000e+00,0.000000000000000000e+00,8.500000000000000000e+01,5.758615646981019154e+02,3.645784855113169556e+02,2.112900000000000000e+06,1.391699999999999882e-01,-5.906416300000108777e+01,1.000000000000000000e+00
1.314444568158964870e-03,3.931394759297856742e-03,1.248881200162579974e+00,-6.829753846774933024e+00,2.000000000000000000e+01,6.783861192334392221e-02,0.000000000000000000e+00,0.000000000000000000e+00,0.000000000000000000e+00,0.000000000000000000e+00,0.000000000000000000e+00,0.000000000000000000e+00,8.600000000000000000e+01,8.206825051833989164e+02,3.365904107800032534e+02,2.114900000000000000e+06,1.454999999999999905e-01,-5.637060000000102633e+01,1.000000000000000000e+00
1.444406534128067805e-03,3.654052522747316435e-03,1.320539700668421856e+00,-6.670786042578299657e+00,2.000000000000000000e+01,7.312381388301748830e-02,0.000000000000000000e+00,0.000000000000000000e+00,0.000000000000000000e+00,0.000000000000000000e+00,0.000000000000000000e+00,0.000000000000000000e+00,8.700000000000000000e+01,6.914738934695986927e+02,3.506562840015865277e+02,2.113900000000000000e+06,1.428399999999999948e-01,-5.393519999999925574e+01,1.000000000000000000e+00
1.102106492603364615e-03,3.914536320934781065e-03,1.168799639639822585e+00,-7.443003607971824032e+00,2.000000000000000000e+01,6.593171247133326751e-02,0.000000000000000000e+00,0.000000000000000000e+00,0.000000000000000000e+00,0.000000000000000000e+00,0.000000000000000000e+00,0.000000000000000000e+00,8.800000000000000000e+01,5.973543375662438848e+02,3.573216213529527181e+02,2.113600000000000000e+06,1.459199999999999942e-01,-5.238523800000118769e+01,1.000000000000000000e+00
1.240933670555353485e-03,3.491039845832166495e-03,1.297679797160558701e+00,-6.931029782885954837e+00,2.000000000000000000e+01,6.492010356564498208e-02,0.000000000000000000e+00,0.000000000000000000e+00,0.000000000000000000e+00,0.000000000000000000e+00,0.000000000000000000e+00,0.000000000000000000e+00,8.900000000000000000e+01,6.921507792622691113e+02,3.467673627719433966e+02,2.114400000000000000e+06,1.835400000000000087e-01,-7.263919999999880872e+01,1.000000000000000000e+00
1.128871181662570444e-03,3.620550268577645524e-03,1.245521943052765979e+00,-7.473111332920508332e+00,2.000000000000000000e+01,6.821744699655177269e-02,0.000000000000000000e+00,0.000000000000000000e+00,0.000000000000000000e+00,0.000000000000000000e+00,0.000000000000000000e+00,0.000000000000000000e+00,9.000000000000000000e+01,6.279549736941518177e+02,3.524733525966274215e+02,2.114000000000000000e+06,1.716499999999999970e-01,-6.612118099999953813e+01,1.000000000000000000e+00
1.256386733118343771e-03,3.762457273493993379e-03,1.210151802029847623e+00,-7.427900316586235618e+00,2.000000000000000000e+01,6.766871621220799105e-02,0.000000000000000000e+00,0.000000000000000000e+00,0.000000000000000000e+00,0.000000000000000000e+00,0.000000000000000000e+00,0.000000000000000000e+00,9.100000000000000000e+01,6.694178650097338732e+02,3.512280016084441172e+02,2.114000000000000000e+06,1.384900000000000020e-01,-5.141267600000013260e+01,1.000000000000000000e+00
2.345097880224714278e-03,3.804059028641711658e-03,1.003271529610520352e+00,2.608409514091205583e+00,2.000000000000000000e+01,7.967748011788211571e-02,0.000000000000000000e+00,0.000000000000000000e+00,0.000000000000000000e+00,0.000000000000000000e+00,0.000000000000000000e+00,0.000000000000000000e+00,9.200000000000000000e+01,4.377066921193498274e+03,1.381830982251487399e+02,2.119900000000000000e+06,1.400200000000000056e-01,-1.414112000000043849e+02,1.000000000000000000e+00
3.710990160800004337e-03,3.203588159279536010e-03,1.327286904939161793e+00,3.022687313856556646e+00,2.000000000000000000e+01,8.912825242279148741e-02,0.000000000000000000e+00,0.000000000000000000e+00,0.000000000000000000e+00,0.000000000000000000e+00,0.000000000000000000e+00,0.000000000000000000e+00,9.300000000000000000e+01,3.842585723414563290e+03,1.381956512125346705e+02,2.120400000000000000e+06,3.396600000000000175e-01,-5.793349999999503552e+02,1.000000000000000000e+00
3.496121951515669245e-03,2.861396338387204100e-03,8.473963114649532002e-01,3.818097990081110726e+00,2.000000000000000000e+01,6.988063261383026248e-02,0.000000000000000000e+00,0.000000000000000000e+00,0.000000000000000000e+00,0.000000000000000000e+00,0.000000000000000000e+00,0.000000000000000000e+00,9.400000000000000000e+01,3.830553625528484645e+03,1.382344389947924128e+02,2.120500000000000000e+06,4.484799999999999898e-01,-1.005727999999994154e+03,1.000000000000000000e+00
3.265919820581799932e-03,2.826528094948836580e-03,1.300951000003270241e+00,2.511755649092992648e+00,2.000000000000000000e+01,7.889103596187641010e-02,0.000000000000000000e+00,0.000000000000000000e+00,0.000000000000000000e+00,0.000000000000000000e+00,0.000000000000000000e+00,0.000000000000000000e+00,9.500000000000000000e+01,3.830553625528484645e+03,1.382344389947924128e+02,2.120500000000000000e+06,4.484799999999999898e-01,-1.005727999999994154e+03,1.000000000000000000e+00
5.173967110724170954e-03,3.683903601017980700e-03,1.436818462801380925e+00,2.164296505050024244e+00,2.000000000000000000e+01,7.052042600363539471e-02,0.000000000000000000e+00,0.000000000000000000e+00,0.000000000000000000e+00,0.000000000000000000e+00,0.000000000000000000e+00,0.000000000000000000e+00,9.600000000000000000e+01,3.830553625528484645e+03,1.382344389947924128e+02,2.120500000000000000e+06,4.484799999999999898e-01,-1.005727999999994154e+03,1.000000000000000000e+00
2.636326417080257084e-03,3.627904115060937712e-03,1.043369161293856262e+00,2.583626103037615529e+00,2.000000000000000000e+01,7.137466104164461034e-02,0.000000000000000000e+00,0.000000000000000000e+00,0.000000000000000000e+00,0.000000000000000000e+00,0.000000000000000000e+00,0.000000000000000000e+00,9.700000000000000000e+01,4.741135575969480669e+03,1.381831000657800246e+02,2.119900000000000000e+06,8.098400000000000043e-01,-2.541377241000693175e+03,1.000000000000000000e+00
3.197405429203468725e-03,3.222211605049811467e-03,1.299370682223229601e+00,2.320617270442824953e+00,2.000000000000000000e+01,8.007041115432012024e-02,0.000000000000000000e+00,0.000000000000000000e+00,0.000000000000000000e+00,0.000000000000000000e+00,0.000000000000000000e+00,0.000000000000000000e+00,9.800000000000000000e+01,4.819816199225871060e+03,1.381831104201753817e+02,2.119700000000000000e+06,9.610800000000000454e-01,-2.746636200000129975e+03,1.000000000000000000e+00
2.350845328302719056e-03,3.495051157086681223e-03,1.213226491168001520e+00,2.408878215602340500e+00,2.000000000000000000e+01,6.699792551136393715e-02,0.000000000000000000e+00,0.000000000000000000e+00,0.000000000000000000e+00,0.000000000000000000e+00,0.000000000000000000e+00,0.000000000000000000e+00,9.900000000000000000e+01,5.400315828494982270e+03,1.381831052350717357e+02,2.119400000000000000e+06,9.896800000000000042e-02,-7.448820299999981387e+01,1.000000000000000000e+00
3.194014566504992884e-03,3.174270322048087720e-03,1.310738511984309795e+00,2.644898054086455730e+00,2.000000000000000000e+01,6.653061430691017963e-02,0.000000000000000000e+00,0.000000000000000000e+00,0.000000000000000000e+00,0.000000000000000000e+00,0.000000000000000000e+00,0.000000000000000000e+00,1.000000000000000000e+02,3.701393025203388333e+03,1.384696134429423182e+02,2.120700000000000000e+06,5.845900000000000540e-01,-1.399366500000184715e+03,1.000000000000000000e+00
1.245330950994244729e-03,3.805733608731065067e-03,1.234761598139939354e+00,-8.956870163647407068e+00,2.000000000000000000e+01,6.812954231214220224e-02,0.000000000000000000e+00,0.000000000000000000e+00,0.000000000000000000e+00,0.000000000000000000e+00,0.000000000000000000e+00,0.000000000000000000e+00,1.010000000000000000e+02,4.438303339891343740e+02,3.854653586652821673e+02,2.111200000000000000e+06,1.703300000000000092e-01,-7.200250000000266937e+01,1.000000000000000000e+00
1.224932000473644752e-03,3.849641307771967634e-03,1.136042300685921713e+00,-8.865468415424691884e+00,2.000000000000000000e+01,6.748134002505774831e-02,0.000000000000000000e+00,0.000000000000000000e+00,0.000000000000000000e+00,0.000000000000000000e+00,0.000000000000000000e+00,0.000000000000000000e+00,1.020000000000000000e+02,4.624836555373339593e+02,3.832422364121459850e+02,2.111300000000000000e+06,1.327699999999999991e-01,-5.238873899999966710e+01,1.000000000000000000e+00
1.529897362892342592e-03,3.449486337309681360e-03,1.212782617301759513e+00,-8.358650347256771695e+00,2.000000000000000000e+01,6.503708841727182111e-02,0.000000000000000000e+00,0.000000000000000000e+00,0.000000000000000000e+00,0.000000000000000000e+00,0.000000000000000000e+00,0.000000000000000000e+00,1.030000000000000000e+02,4.842245060561195373e+02,3.808462922892845199e+02,2.111700000000000000e+06,1.330800000000000038e-01,-5.173239999999891836e+01,1.000000000000000000e+00
1.169619417272835422e-03,3.529953851437125402e-03,1.072047929864705207e+00,-8.709592450715087253e+00,2.000000000000000000e+01,6.746056100679168055e-02,0.000000000000000000e+00,0.000000000000000000e+00,0.000000000000000000e+00,0.000000000000000000e+00,0.000000000000000000e+00,0.000000000000000000e+00,1.040000000000000000e+02,4.847383935781565469e+02,3.806843277170610804e+02,2.111800000000000000e+06,1.297699999999999965e-01,-5.409299999999891639e+01,1.000000000000000000e+00
1.177683496453452031e-03,4.432303971962519434e-03,1.166191466737467985e+00,-8.272783998066243427e+00,2.000000000000000000e+01,6.868822618284416148e-02,0.000000000000000000e+00,0.000000000000000000e+00,0.000000000000000000e+00,0.000000000000000000e+00,0.000000000000000000e+00,0.000000000000000000e+00,1.050000000000000000e+02,4.825110533169026894e+02,3.815376549830551767e+02,2.111400000000000000e+06,1.328000000000000014e-01,-5.159574799999980144e+01,1.000000000000000000e+00
1.296774525218257444e-03,3.753174697802531216e-03,1.180347825626226754e+00,-8.175580201087196741e+00,2.000000000000000000e+01,6.568263942007256107e-02,0.000000000000000000e+00,0.000000000000000000e+00,0.000000000000000000e+00,0.000000000000000000e+00,0.000000000000000000e+00,0.000000000000000000e+00,1.060000000000000000e+02,4.682195190926355508e+02,3.823356848648163009e+02,2.111400000000000000e+06,1.352099999999999969e-01,-5.494318699999884359e+01,1.000000000000000000e+00
1.284410236949136462e-03,3.832422485884513438e-03,1.207792000143802058e+00,-8.055958442618809556e+00,2.000000000000000000e+01,6.810063498949350813e-02,0.000000000000000000e+00,0.000000000000000000e+00,0.000000000000000000e+00,0.000000000000000000e+00,0.000000000000000000e+00,0.000000000000000000e+00,1.070000000000000000e+02,5.720140138273636694e+02,3.661103609782244348e+02,2.112900000000000000e+06,1.640300000000000091e-01,-7.237479999999874281e+01,1.000000000000000000e+00
1.854913917150054171e-03,2.735497622543569141e-03,6.349485772552364571e-01,1.990857847402827785e+00,2.000000000000000000e+01,6.293712155392636176e-02,0.000000000000000000e+00,0.000000000000000000e+00,0.000000000000000000e+00,0.000000000000000000e+00,0.000000000000000000e+00,0.000000000000000000e+00,1.080000000000000000e+02,3.581548749844080703e+03,1.397766899585890030e+02,2.120500000000000000e+06,2.932000000000000162e-01,-7.896482999998586365e+02,1.000000000000000000e+00
1.113510248022365730e-03,2.943207791674767610e-03,1.065056628478545431e+00,-7.847978098389584822e+00,2.000000000000000000e+01,6.795885565696176134e-02,0.000000000000000000e+00,0.000000000000000000e+00,0.000000000000000000e+00,0.000000000000000000e+00,0.000000000000000000e+00,0.000000000000000000e+00,1.090000000000000000e+02,5.913496126150108694e+02,3.625716068437607760e+02,2.113200000000000000e+06,1.340500000000000025e-01,-5.026743000000055872e+01,1.000000000000000000e+00
1.159429264668330887e-03,3.993622932767875583e-03,1.188469180687392157e+00,-9.682992311913602990e+00,2.000000000000000000e+01,6.150724654515050960e-02,0.000000000000000000e+00,0.000000000000000000e+00,0.000000000000000000e+00,0.000000000000000000e+00,0.000000000000000000e+00,0.000000000000000000e+00,1.100000000000000000e+02,4.456220419297915782e+02,3.906588806309055713e+02,2.110800000000000000e+06,1.541599999999999915e-01,-6.695946000000007814e+01,1.000000000000000000e+00
1.195744342984575957e-03,3.812828156720988061e-03,1.234923746658016297e+00,-9.875469558069603693e+00,2.000000000000000000e+01,6.808202879336354429e-02,0.000000000000000000e+00,0.000000000000000000e+00,0.000000000000000000e+00,0.000000000000000000e+00,0.000000000000000000e+00,0.000000000000000000e+00,1.110000000000000000e+02,4.460540601956469686e+02,4.058627332217428147e+02,2.109300000000000000e+06,1.721499999999999975e-01,-6.988685100000078876e+01,1.000000000000000000e+00
1.589130843874317009e-03,3.147256591733981444e-03,9.509690840510390819e-01,-1.083507886967365685e+01,2.000000000000000000e+01,5.826883599126232022e-02,0.000000000000000000e+00,0.000000000000000000e+00,0.000000000000000000e+00,0.000000000000000000e+00,0.000000000000000000e+00,0.000000000000000000e+00,1.120000000000000000e+02,4.582755958792809565e+02,3.980946576850699330e+02,2.110000000000000000e+06,1.475200000000000122e-01,-6.348815099999890776e+01,1.000000000000000000e+00
1.191541797104674755e-03,3.426937898010474267e-03,1.002583846172209192e+00,-8.534714869922346736e+00,2.000000000000000000e+01,7.425179223804330431e-02,0.000000000000000000e+00,0.000000000000000000e+00,0.000000000000000000e+00,0.000000000000000000e+00,0.000000000000000000e+00,0.000000000000000000e+00,1.130000000000000000e+02,4.585807389951953610e+02,3.951081164061714048e+02,2.110300000000000000e+06,1.200999999999999984e-01,-5.131910000000106464e+01,1.000000000000000000e+00
1.222713924834027991e-03,3.838180307640714616e-03,1.221253976176516653e+00,-8.364493123670472485e+00,2.000000000000000000e+01,6.800982078519730856e-02,0.000000000000000000e+00,0.000000000000000000e+00,0.000000000000000000e+00,0.000000000000000000e+00,0.000000000000000000e+00,0.000000000000000000e+00,1.140000000000000000e+02,4.965489447177835700e+02,3.726613301396651536e+02,2.112300000000000000e+06,1.620000000000000051e-01,-6.490106399999902465e+01,1.000000000000000000e+00
1.299684066385858568e-03,3.774396436128373607e-03,1.237127454473329502e+00,-8.069792997704425375e+00,2.000000000000000000e+01,7.320449387132324515e-02,0.000000000000000000e+00,0.000000000000000000e+00,0.000000000000000000e+00,0.000000000000000000e+00,0.000000000000000000e+00,0.000000000000000000e+00,1.150000000000000000e+02,4.960051252256534440e+02,3.783198588803309121e+02,2.111900000000000000e+06,1.511200000000000043e-01,-6.674400000000100874e+01,1.000000000000000000e+00
1.269773140429902598e-03,3.848886197741757144e-03,1.199865178776716057e+00,-8.530303246882283474e+00,2.000000000000000000e+01,6.792657731114716546e-02,0.000000000000000000e+00,0.000000000000000000e+00,0.000000000000000000e+00,0.000000000000000000e+00,0.000000000000000000e+00,0.000000000000000000e+00,1.160000000000000000e+02,4.962097890665705791e+02,3.769134845084587937e+02,2.112000000000000000e+06,1.557900000000000118e-01,-6.489648900000113940e+01,1.000000000000000000e+00
1.204716331206321257e-03,3.995391509767235415e-03,1.259298910544532912e+00,-7.456832299051658453e+00,2.000000000000000000e+01,6.864125018971879710e-02,0.000000000000000000e+00,0.000000000000000000e+00,0.000000000000000000e+00,0.000000000000000000e+00,0.000000000000000000e+00,0.000000000000000000e+00,1.170000000000000000e+02,6.805499182038959134e+02,3.520118717465484792e+02,2.113900000000000000e+06,2.068399999999999961e-01,-9.852965100000521659e+01,1.000000000000000000e+00
1.297281545443447091e-03,3.852741986484978579e-03,1.205676300243927024e+00,-7.782499128139015454e+00,2.000000000000000000e+01,6.798180819278247522e-02,0.000000000000000000e+00,0.000000000000000000e+00,0.000000000000000000e+00,0.000000000000000000e+00,0.000000000000000000e+00,0.000000000000000000e+00,1.180000000000000000e+02,6.229523853807692149e+02,3.592996636933972354e+02,2.113300000000000000e+06,1.555499999999999938e-01,-6.623295599999821093e+01,1.000000000000000000e+00
1.219319195829783988e-03,3.749270601242057736e-03,1.224955223543398475e+00,-7.855719575704338098e+00,2.000000000000000000e+01,6.848307295697436681e-02,0.000000000000000000e+00,0.000000000000000000e+00,0.000000000000000000e+00,0.000000000000000000e+00,0.000000000000000000e+00,0.000000000000000000e+00,1.190000000000000000e+02,6.139863231449479599e+02,3.606719458443304802e+02,2.113300000000000000e+06,1.922500000000000042e-01,-9.150551599999712948e+01,1.000000000000000000e+00
1.139048914364877143e-03,3.263476768483479073e-03,1.390217511195579680e+00,-8.607482825959902328e+00,2.000000000000000000e+01,6.669468242446201234e-02,0.000000000000000000e+00,0.000000000000000000e+00,0.000000000000000000e+00,0.000000000000000000e+00,0.000000000000000000e+00,0.000000000000000000e+00,1.200000000000000000e+02,6.097988745103029942e+02,3.611347276052998154e+02,2.113100000000000000e+06,1.527699999999999891e-01,-6.466470000000093421e+01,1.000000000000000000e+00
1.209748185355484290e-03,3.649437300309762468e-03,1.254159425134674377e+00,-7.972576049695781819e+00,2.000000000000000000e+01,6.174597137779253009e-02,0.000000000000000000e+00,0.000000000000000000e+00,0.000000000000000000e+00,0.000000000000000000e+00,0.000000000000000000e+00,0.000000000000000000e+00,1.210000000000000000e+02,6.942200253492950424e+02,3.502128460306595343e+02,2.114000000000000000e+06,1.557000000000000051e-01,-6.404329800000151351e+01,1.000000000000000000e+00
2.296580636277819384e-03,2.722224936023918615e-03,7.120672654996637041e-01,1.655156867826337530e+00,2.000000000000000000e+01,5.620801828369375447e-02,0.000000000000000000e+00,0.000000000000000000e+00,0.000000000000000000e+00,0.000000000000000000e+00,0.000000000000000000e+00,0.000000000000000000e+00,1.220000000000000000e+02,3.800706198481492265e+03,1.386429309071504861e+02,2.120200000000000000e+06,2.262599999999999889e-01,-4.585900159999659991e+02,1.000000000000000000e+00
1.336664316748822044e-03,3.571133196722010850e-03,1.309522312998476767e+00,-7.601043327802938343e+00,2.000000000000000000e+01,6.792068350393344611e-02,0.000000000000000000e+00,0.000000000000000000e+00,0.000000000000000000e+00,0.000000000000000000e+00,0.000000000000000000e+00,0.000000000000000000e+00,1.230000000000000000e+02,6.390563059713588245e+02,3.559980302246594874e+02,2.113700000000000000e+06,1.534600000000000131e-01,-5.668922399999920714e+01,1.000000000000000000e+00
1.205129092583307002e-03,4.026844023049729569e-03,1.262412934024442990e+00,-7.558415343497738803e+00,2.000000000000000000e+01,6.869740495344346665e-02,0.000000000000000000e+00,0.000000000000000000e+00,0.000000000000000000e+00,0.000000000000000000e+00,0.000000000000000000e+00,0.000000000000000000e+00,1.240000000000000000e+02,6.631372859469498735e+02,3.549271317367231973e+02,2.113700000000000000e+06,2.136699999999999988e-01,-1.037915280000056413e+02,1.000000000000000000e+00
1.390159210897670390e-03,3.395109353030913851e-03,1.353049681691096406e+00,-7.849508937752197824e+00,2.000000000000000000e+01,6.861760949172165946e-02,0.000000000000000000e+00,0.000000000000000000e+00,0.000000000000000000e+00,0.000000000000000000e+00,0.000000000000000000e+00,0.000000000000000000e+00,1.250000000000000000e+02,6.579481527521492126e+02,3.552451763405196061e+02,2.113800000000000000e+06,1.427100000000000035e-01,-5.361460000000069925e+01,1.000000000000000000e+00
1.286337557270949032e-03,3.767220553127198501e-03,1.207001908182527838e+00,-7.627911164306491187e+00,2.000000000000000000e+01,6.177323550644735206e-02,0.000000000000000000e+00,0.000000000000000000e+00,0.000000000000000000e+00,0.000000000000000000e+00,0.000000000000000000e+00,0.000000000000000000e+00,1.260000000000000000e+02,6.683225245023267007e+02,3.547746174654690208e+02,2.113800000000000000e+06,1.480200000000000127e-01,-6.176384700000153316e+01,1.000000000000000000e+00
1.297706981843541399e-03,3.750941536085948460e-03,1.198269055137823669e+00,-8.050694525429246795e+00,2.000000000000000000e+01,6.802159930672037336e-02,0.000000000000000000e+00,0.000000000000000000e+00,0.000000000000000000e+00,0.000000000000000000e+00,0.000000000000000000e+00,0.000000000000000000e+00,1.270000000000000000e+02,5.800870000293593876e+02,3.659624746284445109e+02,2.112900000000000000e+06,1.589099999999999957e-01,-6.983293800000275553e+01,1.000000000000000000e+00
1.286656928127508613e-03,3.757623261490633700e-03,1.199050019274126022e+00,-8.057070364241159410e+00,2.000000000000000000e+01,6.793808577021212547e-02,0.000000000000000000e+00,0.000000000000000000e+00,0.000000000000000000e+00,0.000000000000000000e+00,0.000000000000000000e+00,0.000000000000000000e+00,1.280000000000000000e+02,5.731476672089204385e+02,3.661413936575980301e+02,2.112900000000000000e+06,1.531200000000000061e-01,-6.469319999999952131e+01,1.000000000000000000e+00
1.224821230450239906e-03,4.026153675639811656e-03,1.222726019946318576e+00,-5.709736811983254334e+00,2.000000000000000000e+01,6.151235754677846640e-02,0.000000000000000000e+00,0.000000000000000000e+00,0.000000000000000000e+00,0.000000000000000000e+00,0.000000000000000000e+00,0.000000000000000000e+00,1.290000000000000000e+02,8.169406286433182913e+02,3.381002322058470781e+02,2.114800000000000000e+06,1.352200000000000069e-01,-5.041889999999925465e+01,1.000000000000000000e+00
1.385777044026790172e-03,3.463985381953287295e-03,1.379202325324132339e+00,-8.019423526517872602e+00,2.000000000000000000e+01,5.972484676409549331e-02,0.000000000000000000e+00,0.000000000000000000e+00,0.000000000000000000e+00,0.000000000000000000e+00,0.000000000000000000e+00,0.000000000000000000e+00,1.300000000000000000e+02,8.154267844813327883e+02,3.388032072352797286e+02,2.114900000000000000e+06,1.376499999999999946e-01,-5.253119999999866252e+01,1.000000000000000000e+00
1.277952051015913450e-03,3.453270436133849992e-03,1.282521929131957616e+00,-6.626873849813252448e+00,2.000000000000000000e+01,6.823539892140065288e-02,0.000000000000000000e+00,0.000000000000000000e+00,0.000000000000000000e+00,0.000000000000000000e+00,0.000000000000000000e+00,0.000000000000000000e+00,1.310000000000000000e+02,8.589714131797506980e+02,3.327992483104550274e+02,2.115400000000000000e+06,1.696600000000000052e-01,-6.867119999999823676e+01,1.000000000000000000e+00
1.363823869175650409e-03,3.800111279496774797e-03,1.305134242380611820e+00,-5.839232086000604838e+00,2.000000000000000000e+01,6.800158281799335847e-02,0.000000000000000000e+00,0.000000000000000000e+00,0.000000000000000000e+00,0.000000000000000000e+00,0.000000000000000000e+00,0.000000000000000000e+00,1.320000000000000000e+02,1.081497372532586041e+03,3.136055272176666335e+02,2.116400000000000000e+06,1.537300000000000055e-01,-5.887976500000114299e+01,1.000000000000000000e+00
1.276692654966388694e-03,4.565488997749104182e-03,1.108821643360818232e+00,-7.974780518994201373e+00,2.000000000000000000e+01,7.431755123453902268e-02,0.000000000000000000e+00,0.000000000000000000e+00,0.000000000000000000e+00,0.000000000000000000e+00,0.000000000000000000e+00,0.000000000000000000e+00,1.330000000000000000e+02,5.936186441067002306e+02,3.626261275918981255e+02,2.113100000000000000e+06,1.611899999999999999e-01,-6.995894400000183566e+01,1.000000000000000000e+00
1.288977256220720166e-03,3.446788663105777428e-03,1.181498371401011882e+00,-5.142115660638840957e+00,2.000000000000000000e+01,7.273561738635743457e-02,0.000000000000000000e+00,0.000000000000000000e+00,0.000000000000000000e+00,0.000000000000000000e+00,0.000000000000000000e+00,0.000000000000000000e+00,1.340000000000000000e+02,1.302365431210243742e+03,2.964097206961985762e+02,2.117300000000000000e+06,1.686300000000000021e-01,-7.438178999999955465e+01,1.000000000000000000e+00
1.332059890344994583e-03,4.292748888897556132e-03,1.204375560645310372e+00,-7.242881146905822298e+00,2.000000000000000000e+01,6.634613682094708809e-02,0.000000000000000000e+00,0.000000000000000000e+00,0.000000000000000000e+00,0.000000000000000000e+00,0.000000000000000000e+00,0.000000000000000000e+00,1.350000000000000000e+02,8.347640156495810970e+02,3.354383247371581547e+02,2.115000000000000000e+06,1.515199999999999880e-01,-5.909951099999793200e+01,1.000000000000000000e+00
1.151192682225615511e-03,4.106532387236112511e-03,1.170015398327326706e+00,-7.132940316212770249e+00,2.000000000000000000e+01,5.785256796952739644e-02,0.000000000000000000e+00,0.000000000000000000e+00,0.000000000000000000e+00,0.000000000000000000e+00,0.000000000000000000e+00,0.000000000000000000e+00,1.360000000000000000e+02,8.278938126484734994e+02,3.358170270962614836e+02,2.115000000000000000e+06,1.539200000000000013e-01,-6.104107800000176098e+01,1.000000000000000000e+00
1.697536441985014266e-03,3.848693796097446031e-03,1.069181087325702384e+00,-4.857727783067234739e+00,2.000000000000000000e+01,5.757799613650108062e-02,0.000000000000000000e+00,0.000000000000000000e+00,0.000000000000000000e+00,0.000000000000000000e+00,0.000000000000000000e+00,0.000000000000000000e+00,1.370000000000000000e+02,1.289106831768130633e+03,2.982492018382709489e+02,2.117300000000000000e+06,1.504600000000000104e-01,-6.617169899999933591e+01,1.000000000000000000e+00
1.247197874698907074e-03,3.804276578525141519e-03,1.204234161637308009e+00,-4.985715108305134535e+00,2.000000000000000000e+01,6.396623504903292678e-02,0.000000000000000000e+00,0.000000000000000000e+00,0.000000000000000000e+00,0.000000000000000000e+00,0.000000000000000000e+00,0.000000000000000000e+00,1.380000000000000000e+02,1.284366710724058976e+03,2.990018222625078010e+02,2.117300000000000000e+06,1.683099999999999874e-01,-7.646899999999955355e+01,1.000000000000000000e+00
1.245948834769449072e-03,4.070090044864471679e-03,1.322545974484150344e+00,-5.873386429190347258e+00,2.000000000000000000e+01,7.638807720960130720e-02,0.000000000000000000e+00,0.000000000000000000e+00,0.000000000000000000e+00,0.000000000000000000e+00,0.000000000000000000e+00,0.000000000000000000e+00,1.390000000000000000e+02,1.285576427214441082e+03,2.987933521170248810e+02,2.117100000000000000e+06,1.442299999999999971e-01,-5.649598100000061862e+01,1.000000000000000000e+00
1.357967632425625829e-03,3.748413041795291105e-03,1.247151133569023518e+00,-5.677553823051423088e+00,2.000000000000000000e+01,7.053367685784543706e-02,0.000000000000000000e+00,0.000000000000000000e+00,0.000000000000000000e+00,0.000000000000000000e+00,0.000000000000000000e+00,0.000000000000000000e+00,1.400000000000000000e+02,1.274821495477443250e+03,2.999676568774792145e+02,2.117200000000000000e+06,1.500100000000000044e-01,-6.607696499999931916e+01,1.000000000000000000e+00
1.408561940408977050e-03,3.553244880799341556e-03,1.472152610881170665e+00,-4.561164014358423557e+00,2.000000000000000000e+01,5.349988519781573998e-02,0.000000000000000000e+00,0.000000000000000000e+00,0.000000000000000000e+00,0.000000000000000000e+00,0.000000000000000000e+00,0.000000000000000000e+00,1.410000000000000000e+02,1.345049084488880908e+03,2.909947122764664869e+02,2.117600000000000000e+06,1.529999999999999971e-01,-6.469019100000137712e+01,1.000000000000000000e+00
1.373959973267644330e-03,3.697927396566122113e-03,1.228065255509565912e+00,-4.629392571173401194e+00,2.000000000000000000e+01,7.240323130573350641e-02,0.000000000000000000e+00,0.000000000000000000e+00,0.000000000000000000e+00,0.000000000000000000e+00,0.000000000000000000e+00,0.000000000000000000e+00,1.420000000000000000e+02,1.338007662023541798e+03,2.917439798033199736e+02,2.117600000000000000e+06,1.490799999999999903e-01,-6.400781099999981905e+01,1.000000000000000000e+00
1.055869869723884569e-03,3.519973914948550976e-03,1.264465440867003299e+00,-5.890970896972377524e+00,2.000000000000000000e+01,6.842236473872147229e-02,0.000000000000000000e+00,0.000000000000000000e+00,0.000000000000000000e+00,0.000000000000000000e+00,0.000000000000000000e+00,0.000000000000000000e+00,1.430000000000000000e+02,1.130160850268883678e+03,3.080798341916196250e+02,2.116700000000000000e+06,1.366199999999999914e-01,-5.149953899999916018e+01,1.000000000000000000e+00
1.389238305411685196e-03,3.733602848772118489e-03,1.300297985871563977e+00,-5.732221133708117478e+00,2.000000000000000000e+01,6.783583442516057105e-02,0.000000000000000000e+00,0.000000000000000000e+00,0.000000000000000000e+00,0.000000000000000000e+00,0.000000000000000000e+00,0.000000000000000000e+00,1.440000000000000000e+02,1.118760152062901170e+03,3.102582724135697276e+02,2.116600000000000000e+06,1.424600000000000033e-01,-5.273569999999986635e+01,1.000000000000000000e+00
1.496364642566845029e-03,3.449800984361244254e-03,1.290441629305250304e+00,-4.823771710921620048e+00,2.000000000000000000e+01,7.796566062641327455e-02,0.000000000000000000e+00,0.000000000000000000e+00,0.000000000000000000e+00,0.000000000000000000e+00,0.000000000000000000e+00,0.000000000000000000e+00,1.450000000000000000e+02,1.519439230820316652e+03,2.771145122295729948e+02,2.118300000000000000e+06,1.486000000000000099e-01,-6.600367900000128429e+01,1.000000000000000000e+00
1.634405403422592657e-03,3.878207563944910570e-03,1.268183748169612102e+00,-5.984647870500417355e+00,2.000000000000000000e+01,6.872249450412841465e-02,0.000000000000000000e+00,0.000000000000000000e+00,0.000000000000000000e+00,0.000000000000000000e+00,0.000000000000000000e+00,0.000000000000000000e+00,1.460000000000000000e+02,1.153411958046577638e+03,3.072453238728024871e+02,2.116800000000000000e+06,1.518299999999999927e-01,-6.171555599999800990e+01,1.000000000000000000e+00
1.224702766448678651e-03,4.023466530924426666e-03,1.242214028684667682e+00,-5.673649809670191502e+00,2.000000000000000000e+01,5.825499137123078125e-02,0.000000000000000000e+00,0.000000000000000000e+00,0.000000000000000000e+00,0.000000000000000000e+00,0.000000000000000000e+00,0.000000000000000000e+00,1.470000000000000000e+02,1.171857481185176766e+03,3.058579248748573605e+02,2.116800000000000000e+06,1.493599999999999928e-01,-5.907343500000089875e+01,1.000000000000000000e+00
1.583185398569759202e-03,3.945764013771603691e-03,1.352428118417813296e+00,-4.999990344653436836e+00,2.000000000000000000e+01,6.456161290730944025e-02,0.000000000000000000e+00,0.000000000000000000e+00,0.000000000000000000e+00,0.000000000000000000e+00,0.000000000000000000e+00,0.000000000000000000e+00,1.480000000000000000e+02,1.499899764517498625e+03,2.785059174993585316e+02,2.118200000000000000e+06,1.641499999999999904e-01,-7.346432699999692773e+01,1.000000000000000000e+00
1.463757170705938743e-03,2.751590810528675799e-03,1.015337288078186351e+00,-9.118434529815788281e+00,2.000000000000000000e+01,5.678274050483043955e-02,0.000000000000000000e+00,0.000000000000000000e+00,0.000000000000000000e+00,0.000000000000000000e+00,0.000000000000000000e+00,0.000000000000000000e+00,1.490000000000000000e+02,5.471128195152217586e+02,3.691975193311860721e+02,2.112600000000000000e+06,1.409299999999999997e-01,-5.641906499999812752e+01,1.000000000000000000e+00
1.440310349477080072e-03,3.589916414115575018e-03,1.516343669977043174e+00,-4.638082210594706822e+00,2.000000000000000000e+01,8.718644855515186864e-02,0.000000000000000000e+00,0.000000000000000000e+00,0.000000000000000000e+00,0.000000000000000000e+00,0.000000000000000000e+00,0.000000000000000000e+00,1.500000000000000000e+02,1.547741736103132780e+03,2.761784206820606187e+02,2.118300000000000000e+06,1.523599999999999954e-01,-6.977236899999954289e+01,1.000000000000000000e+00
1.546259625294316891e-03,3.944599872619788082e-03,1.487132730802320779e+00,-5.793706417826785859e+00,2.000000000000000000e+01,6.504845102770268062e-02,0.000000000000000000e+00,0.000000000000000000e+00,0.000000000000000000e+00,0.000000000000000000e+00,0.000000000000000000e+00,0.000000000000000000e+00,1.510000000000000000e+02,1.222209843194160612e+03,3.043077100337478100e+02,2.116900000000000000e+06,1.346400000000000097e-01,-5.187053400000100822e+01,1.000000000000000000e+00
1.359360839657136350e-03,3.717455180194724311e-03,1.187740773654414328e+00,-5.369514096975700923e+00,2.000000000000000000e+01,6.797688288295537784e-02,0.000000000000000000e+00,0.000000000000000000e+00,0.000000000000000000e+00,0.000000000000000000e+00,0.000000000000000000e+00,0.000000000000000000e+00,1.520000000000000000e+02,1.253116713004975963e+03,3.019167840247283721e+02,2.117100000000000000e+06,1.490799999999999903e-01,-6.577559999999846241e+01,1.000000000000000000e+00
1.503059781513249029e-03,3.651618116332461163e-03,1.307742098998335267e+00,-4.928779852085734881e+00,2.000000000000000000e+01,6.681605744969866534e-02,0.000000000000000000e+00,0.000000000000000000e+00,0.000000000000000000e+00,0.000000000000000000e+00,0.000000000000000000e+00,0.000000000000000000e+00,1.530000000000000000e+02,1.247109299183174016e+03,3.032858276670582427e+02,2.117000000000000000e+06,1.497699999999999865e-01,-6.759799999999984266e+01,1.000000000000000000e+00
1.432233541109374959e-03,3.179012420558709976e-03,1.120082644933383609e+00,-5.068604905137976679e+00,2.000000000000000000e+01,5.760587593908599729e-02,0.000000000000000000e+00,0.000000000000000000e+00,0.000000000000000000e+00,0.000000000000000000e+00,0.000000000000000000e+00,0.000000000000000000e+00,1.540000000000000000e+02,1.247109299183174016e+03,3.032858276670582427e+02,2.117000000000000000e+06,1.497699999999999865e-01,-6.759799999999984266e+01,1.000000000000000000e+00
1.490757003209694335e-03,3.402780788318936819e-03,1.205881720353159769e+00,-4.906043740665442243e+00,2.000000000000000000e+01,7.342211535116158205e-02,0.000000000000000000e+00,0.000000000000000000e+00,0.000000000000000000e+00,0.000000000000000000e+00,0.000000000000000000e+00,0.000000000000000000e+00,1.550000000000000000e+02,1.247109299183174016e+03,3.032858276670582427e+02,2.117000000000000000e+06,1.497699999999999865e-01,-6.759799999999984266e+01,1.000000000000000000e+00
1.365752428188993619e-03,3.132141211132085084e-03,1.132638490564652267e+00,-5.468494781001769667e+00,2.000000000000000000e+01,6.794210144407983321e-02,0.000000000000000000e+00,0.000000000000000000e+00,0.000000000000000000e+00,0.000000000000000000e+00,0.000000000000000000e+00,0.000000000000000000e+00,1.560000000000000000e+02,1.239858036089787220e+03,3.040145792731065058e+02,2.117100000000000000e+06,1.421199999999999963e-01,-6.707010900000092590e+01,1.000000000000000000e+00
1.343361954105701294e-03,3.747210989321408166e-03,1.222509368085631154e+00,-5.252833553602374472e+00,2.000000000000000000e+01,7.203402036442668743e-02,0.000000000000000000e+00,0.000000000000000000e+00,0.000000000000000000e+00,0.000000000000000000e+00,0.000000000000000000e+00,0.000000000000000000e+00,1.570000000000000000e+02,1.245014009920768103e+03,3.036632268584617123e+02,2.117000000000000000e+06,1.504699999999999926e-01,-6.733539999999820225e+01,1.000000000000000000e+00
1.281776853107382142e-03,3.756842693949306693e-03,1.559160339388900640e+00,-4.980804917897277306e+00,2.000000000000000000e+01,8.570441761128204383e-02,0.000000000000000000e+00,0.000000000000000000e+00,0.000000000000000000e+00,0.000000000000000000e+00,0.000000000000000000e+00,0.000000000000000000e+00,1.580000000000000000e+02,1.249578775900663913e+03,3.027818223493515575e+02,2.117100000000000000e+06,1.496200000000000030e-01,-6.749596099999949672e+01,1.000000000000000000e+00
1.185364176906009755e-03,3.911837116558308618e-03,1.262503864303394785e+00,-4.911692254941795177e+00,2.000000000000000000e+01,6.294623496465563683e-02,0.000000000000000000e+00,0.000000000000000000e+00,0.000000000000000000e+00,0.000000000000000000e+00,0.000000000000000000e+00,0.000000000000000000e+00,1.590000000000000000e+02,1.251124476577305131e+03,3.020481183234445552e+02,2.117100000000000000e+06,1.977800000000000114e-01,-9.225407699999747990e+01,1.000000000000000000e+00
1.431155811815661497e-03,4.204699991397214433e-03,1.098292562236143688e+00,-8.519232037965826621e+00,2.000000000000000000e+01,7.133415922957080102e-02,0.000000000000000000e+00,0.000000000000000000e+00,0.000000000000000000e+00,0.000000000000000000e+00,0.000000000000000000e+00,0.000000000000000000e+00,1.600000000000000000e+02,6.271434183032603187e+02,3.595266979413306103e+02,2.113300000000000000e+06,1.515700000000000103e-01,-6.535049999999786507e+01,1.000000000000000000e+00
1.206275322533822926e-03,3.562196081912563650e-03,1.413003117430728262e+00,-5.902761836622427261e+00,2.000000000000000000e+01,6.913982444534345906e-02,0.000000000000000000e+00,0.000000000000000000e+00,0.000000000000000000e+00,0.000000000000000000e+00,0.000000000000000000e+00,0.000000000000000000e+00,1.610000000000000000e+02,1.037152030053958924e+03,3.152930591765001509e+02,2.116400000000000000e+06,2.595700000000000229e-01,-1.247807999999894406e+02,1.000000000000000000e+00
1.272322239717945790e-03,3.547811448805187132e-03,1.360707039028379528e+00,-5.908792590400054223e+00,2.000000000000000000e+01,6.815810531211234646e-02,0.000000000000000000e+00,0.000000000000000000e+00,0.000000000000000000e+00,0.000000000000000000e+00,0.000000000000000000e+00,0.000000000000000000e+00,1.620000000000000000e+02,9.968942907937337168e+02,3.154412065499328719e+02,2.116400000000000000e+06,1.648000000000000020e-01,-5.766399999999925541e+01,1.000000000000000000e+00
1.284872654891589363e-03,3.756355888197715313e-03,1.183441984565269722e+00,-7.170777687871180639e+00,2.000000000000000000e+01,6.800448785140017494e-02,0.000000000000000000e+00,0.000000000000000000e+00,0.000000000000000000e+00,0.000000000000000000e+00,0.000000000000000000e+00,0.000000000000000000e+00,1.630000000000000000e+02,7.591020854701287135e+02,3.459043564994279336e+02,2.114400000000000000e+06,1.550900000000000056e-01,-6.716214400000188789e+01,1.000000000000000000e+00
1.377549890963493135e-03,3.546610915718667947e-03,1.270505666119713162e+00,-7.828332513384080649e+00,2.000000000000000000e+01,6.824116308993705138e-02,0.000000000000000000e+00,0.000000000000000000e+00,0.000000000000000000e+00,0.000000000000000000e+00,0.000000000000000000e+00,0.000000000000000000e+00,1.640000000000000000e+02,7.655235926354918092e+02,3.450064286462475138e+02,2.114500000000000000e+06,1.608799999999999952e-01,-6.834577900000007844e+01,1.000000000000000000e+00
1.275016442677657244e-03,3.885048556159153774e-03,1.195834491542113742e+00,-7.071394211927104934e+00,2.000000000000000000e+01,6.786322819269065276e-02,0.000000000000000000e+00,0.000000000000000000e+00,0.000000000000000000e+00,0.000000000000000000e+00,0.000000000000000000e+00,0.000000000000000000e+00,1.650000000000000000e+02,7.704015082807347881e+02,3.434139466198926129e+02,2.114500000000000000e+06,1.475100000000000022e-01,-6.013749999999823359e+01,1.000000000000000000e+00
1.318962215060347698e-03,3.829835675286737302e-03,1.228296937000610267e+00,-7.044580357549473426e+00,2.000000000000000000e+01,6.794849728947091605e-02,0.000000000000000000e+00,0.000000000000000000e+00,0.000000000000000000e+00,0.000000000000000000e+00,0.000000000000000000e+00,0.000000000000000000e+00,1.660000000000000000e+02,7.821474335624523064e+02,3.426312530915413959e+02,2.114600000000000000e+06,1.521500000000000075e-01,-6.260900799999888022e+01,1.000000000000000000e+00
1.298381798242925680e-03,3.918419561124569794e-03,1.196465751367161046e+00,-7.017222616312625227e+00,2.000000000000000000e+01,6.785555113100349978e-02,0.000000000000000000e+00,0.000000000000000000e+00,0.000000000000000000e+00,0.000000000000000000e+00,0.000000000000000000e+00,0.000000000000000000e+00,1.670000000000000000e+02,7.911818564631911386e+02,3.417845234860258188e+02,2.114600000000000000e+06,1.474900000000000100e-01,-6.109300400000211795e+01,1.000000000000000000e+00
1.354471845864876293e-03,4.165560503488368628e-03,1.060495669113296735e+00,-4.103016803335931328e+00,2.000000000000000000e+01,6.944217228731966451e-02,0.000000000000000000e+00,0.000000000000000000e+00,0.000000000000000000e+00,0.000000000000000000e+00,0.000000000000000000e+00,0.000000000000000000e+00,1.680000000000000000e+02,1.815949636648343130e+03,2.578822852709450899e+02,2.119200000000000000e+06,3.242700000000000027e-01,-3.248205000000203881e+02,1.000000000000000000e+00
1.447559673532253580e-03,3.313156814699482616e-03,1.091940658206744796e+00,-1.698608647126262472e+00,2.000000000000000000e+01,6.100643671305200355e-02,0.000000000000000000e+00,0.000000000000000000e+00,0.000000000000000000e+00,0.000000000000000000e+00,0.000000000000000000e+00,0.000000000000000000e+00,1.690000000000000000e+02,2.495524204575040585e+03,2.084413025908450265e+02,2.120300000000000000e+06,1.274800000000000100e-01,-5.749665099999887730e+01,1.000000000000000000e+00
1.434688056541518581e-03,3.565189801341107911e-03,1.149729681064153297e+00,-4.761682636289574333e+00,2.000000000000000000e+01,6.760140350858069580e-02,0.000000000000000000e+00,0.000000000000000000e+00,0.000000000000000000e+00,0.000000000000000000e+00,0.000000000000000000e+00,0.000000000000000000e+00,1.700000000000000000e+02,1.463881736028694604e+03,2.867074797947466891e+02,2.117900000000000000e+06,1.282899999999999874e-01,-5.586894400000005589e+01,1.000000000000000000e+00
1.181591853918595838e-03,4.063503111596489421e-03,1.127515064859875960e+00,-4.566876796349491840e+00,2.000000000000000000e+01,6.272175077158817502e-02,0.000000000000000000e+00,0.000000000000000000e+00,0.000000000000000000e+00,0.000000000000000000e+00,0.000000000000000000e+00,0.000000000000000000e+00,1.710000000000000000e+02,1.420813363875364075e+03,2.877729971765538721e+02,2.117800000000000000e+06,1.717400000000000038e-01,-8.112175399999681247e+01,1.000000000000000000e+00
1.401925300205271062e-03,3.529849218070933107e-03,1.100473031781451061e+00,-5.208918004485388664e+00,2.000000000000000000e+01,6.517277172052801659e-02,0.000000000000000000e+00,0.000000000000000000e+00,0.000000000000000000e+00,0.000000000000000000e+00,0.000000000000000000e+00,0.000000000000000000e+00,1.720000000000000000e+02,1.406837752666355300e+03,2.888572115221278978e+02,2.117700000000000000e+06,1.484399999999999886e-01,-6.593840000000022883e+01,1.000000000000000000e+00
1.245600572852146931e-03,3.530941749088419013e-03,1.089499275160613845e+00,-7.031200915737918500e+00,2.000000000000000000e+01,7.114438266482212003e-02,0.000000000000000000e+00,0.000000000000000000e+00,0.000000000000000000e+00,0.000000000000000000e+00,0.000000000000000000e+00,0.000000000000000000e+00,1.730000000000000000e+02,6.920558479235439791e+02,3.517083949430547136e+02,2.114000000000000000e+06,1.440400000000000014e-01,-6.025019000000109060e+01,1.000000000000000000e+00
1.578166316323357469e-03,2.986542090909948856e-03,1.121848847685583461e+00,-3.496510609988528806e+00,2.000000000000000000e+01,6.823550253379292996e-02,0.000000000000000000e+00,0.000000000000000000e+00,0.000000000000000000e+00,0.000000000000000000e+00,0.000000000000000000e+00,0.000000000000000000e+00,1.740000000000000000e+02,1.778424129825485579e+03,2.607553943174045230e+02,2.118900000000000000e+06,1.433099999999999929e-01,-6.898300799999820754e+01,1.000000000000000000e+00
1.218364029424308251e-03,3.515814664896768638e-03,1.279365163633702451e+00,-3.798144045571192340e+00,2.000000000000000000e+01,9.143689457882819838e-02,0.000000000000000000e+00,0.000000000000000000e+00,0.000000000000000000e+00,0.000000000000000000e+00,0.000000000000000000e+00,0.000000000000000000e+00,1.750000000000000000e+02,1.764233636516361912e+03,2.609434080729466245e+02,2.119000000000000000e+06,2.649900000000000033e-01,-1.913951059999881181e+02,1.000000000000000000e+00
1.257696093498052170e-03,3.876845654629366197e-03,1.292523254060604865e+00,-7.648969341185273940e+00,2.000000000000000000e+01,6.856714858159865256e-02,0.000000000000000000e+00,0.000000000000000000e+00,0.000000000000000000e+00,0.000000000000000000e+00,0.000000000000000000e+00,0.000000000000000000e+00,1.760000000000000000e+02,6.443828089060671118e+02,3.570606246509144057e+02,2.113600000000000000e+06,2.010599999999999887e-01,-9.288159499999619584e+01,1.000000000000000000e+00
1.300325210209793110e-03,3.915784786494387257e-03,1.158423221991565999e+00,-8.002596516237556301e+00,2.000000000000000000e+01,6.776005829522531443e-02,0.000000000000000000e+00,0.000000000000000000e+00,0.000000000000000000e+00,0.000000000000000000e+00,0.000000000000000000e+00,0.000000000000000000e+00,1.770000000000000000e+02,5.941356845696597020e+02,3.645365575767808650e+02,2.113000000000000000e+06,1.433999999999999997e-01,-6.166285899999803632e+01,1.000000000000000000e+00
1.235462335106162542e-03,3.810118636949660041e-03,1.227591706481804268e+00,-8.316558100660850883e+00,2.000000000000000000e+01,6.791991578797029749e-02,0.000000000000000000e+00,0.000000000000000000e+00,0.000000000000000000e+00,0.000000000000000000e+00,0.000000000000000000e+00,0.000000000000000000e+00,1.780000000000000000e+02,5.087773786935621274e+02,3.716565421794716713e+02,2.112400000000000000e+06,1.551700000000000024e-01,-6.047432299999852034e+01,1.000000000000000000e+00
1.308294289498775640e-03,3.853255618910483068e-03,1.205865007037347336e+00,-7.522479129619955351e+00,2.000000000000000000e+01,6.791413288512362922e-02,0.000000000000000000e+00,0.000000000000000000e+00,0.000000000000000000e+00,0.000000000000000000e+00,0.000000000000000000e+00,0.000000000000000000e+00,1.790000000000000000e+02,6.784220784577975110e+02,3.539325851789465105e+02,2.113800000000000000e+06,1.508500000000000119e-01,-6.304560000000090980e+01,1.000000000000000000e+00
1.270650251468223753e-03,3.696998709866526622e-03,1.194737093537533212e+00,-7.710894812222337968e+00,2.000000000000000000e+01,6.797136137802130273e-02,0.000000000000000000e+00,0.000000000000000000e+00,0.000000000000000000e+00,0.000000000000000000e+00,0.000000000000000000e+00,0.000000000000000000e+00,1.800000000000000000e+02,6.358309224914540891e+02,3.582113644652312132e+02,2.113500000000000000e+06,1.543700000000000072e-01,-6.503334500000073604e+01,1.000000000000000000e+00
1.346814906807612938e-03,4.094243327973800042e-03,1.255150880230897936e+00,-6.880673091098008065e+00,2.000000000000000000e+01,6.790441391093918200e-02,0.000000000000000000e+00,0.000000000000000000e+00,0.000000000000000000e+00,0.000000000000000000e+00,0.000000000000000000e+00,0.000000000000000000e+00,1.810000000000000000e+02,8.242574377384753461e+02,3.377744125264189847e+02,2.114800000000000000e+06,1.504999999999999949e-01,-6.007619999999801763e+01,1.000000000000000000e+00
1.263432635383472929e-03,3.882980014700446007e-03,1.129027701657345562e+00,-8.727827401168823940e+00,2.000000000000000000e+01,6.786104735660117293e-02,0.000000000000000000e+00,0.000000000000000000e+00,0.000000000000000000e+00,0.000000000000000000e+00,0.000000000000000000e+00,0.000000000000000000e+00,1.820000000000000000e+02,4.899631250928948702e+02,3.809579906463873726e+02,2.111600000000000000e+06,1.501699999999999979e-01,-6.853879999999935535e+01,1.000000000000000000e+00
1.364613569540532988e-03,3.800555388406780429e-03,1.109656556894842883e+00,-5.070909766109734207e+00,2.000000000000000000e+01,6.651998505403731998e-02,0.000000000000000000e+00,0.000000000000000000e+00,0.000000000000000000e+00,0.000000000000000000e+00,0.000000000000000000e+00,0.000000000000000000e+00,1.830000000000000000e+02,1.203626977555128406e+03,3.051087343803226872e+02,2.116900000000000000e+06,1.466699999999999948e-01,-6.403320000000000789e+01,1.000000000000000000e+00
1.627876286030131327e-03,3.609558710983611519e-03,1.201394677145850798e+00,-2.086477698035877459e+00,2.000000000000000000e+01,6.756949858361688266e-02,0.000000000000000000e+00,0.000000000000000000e+00,0.000000000000000000e+00,0.000000000000000000e+00,0.000000000000000000e+00,0.000000000000000000e+00,1.840000000000000000e+02,2.390234193846812559e+03,2.178507536856596403e+02,2.120100000000000000e+06,1.256799999999999862e-01,-5.670901500000019979e+01,1.000000000000000000e+00
1.523923354723322274e-03,3.504425201762104234e-03,1.210645631596009464e+00,-3.137472308455782510e+00,2.000000000000000000e+01,6.832164894535777688e-02,0.000000000000000000e+00,0.000000000000000000e+00,0.000000000000000000e+00,0.000000000000000000e+00,0.000000000000000000e+00,0.000000000000000000e+00,1.850000000000000000e+02,2.086462924907647448e+03,2.395282820641057242e+02,2.119800000000000000e+06,2.474800000000000055e-01,-2.031389160000156551e+02,1.000000000000000000e+00
1.625494603747060056e-03,3.567936743205991391e-03,1.195904473938230073e+00,-2.882808272094956159e+00,2.000000000000000000e+01,6.819443520050551266e-02,0.000000000000000000e+00,0.000000000000000000e+00,0.000000000000000000e+00,0.000000000000000000e+00,0.000000000000000000e+00,0.000000000000000000e+00,1.860000000000000000e+02,2.136133746844251618e+03,2.382806029861261550e+02,2.119700000000000000e+06,1.550300000000000011e-01,-8.385051600000284111e+01,1.000000000000000000e+00
1.547741959337577524e-03,4.204744258384023221e-03,1.112480900197078126e+00,-6.587715038294946979e+00,2.000000000000000000e+01,7.129742593041601961e-02,0.000000000000000000e+00,0.000000000000000000e+00,0.000000000000000000e+00,0.000000000000000000e+00,0.000000000000000000e+00,0.000000000000000000e+00,1.870000000000000000e+02,4.893805412531738739e+02,3.817264396581520032e+02,2.111500000000000000e+06,1.233899999999999997e-01,-5.063042599999933913e+01,1.000000000000000000e+00
1.299377216530529615e-03,3.574135821985203413e-03,1.185390640205060242e+00,-8.055550523458972378e+00,2.000000000000000000e+01,6.233470672389006956e-02,0.000000000000000000e+00,0.000000000000000000e+00,0.000000000000000000e+00,0.000000000000000000e+00,0.000000000000000000e+00,0.000000000000000000e+00,1.880000000000000000e+02,4.887635995400195270e+02,3.822705725509518970e+02,2.111400000000000000e+06,1.436900000000000122e-01,-6.533839999999892711e+01,1.000000000000000000e+00
1.244082177130148743e-03,3.804619596123016371e-03,1.234828330147887954e+00,-8.422492969735333901e+00,2.000000000000000000e+01,6.818619127922308232e-02,0.000000000000000000e+00,0.000000000000000000e+00,0.000000000000000000e+00,0.000000000000000000e+00,0.000000000000000000e+00,0.000000000000000000e+00,1.890000000000000000e+02,5.068565581449923911e+02,3.740207100053285103e+02,2.112200000000000000e+06,1.721799999999999997e-01,-7.376979299999881334e+01,1.000000000000000000e+00
1.153730930544800016e-03,3.988313602746679232e-03,1.113750897893685421e+00,-8.454470614850439603e+00,2.000000000000000000e+01,6.793730396205178990e-02,0.000000000000000000e+00,0.000000000000000000e+00,0.000000000000000000e+00,0.000000000000000000e+00,0.000000000000000000e+00,0.000000000000000000e+00,1.900000000000000000e+02,5.055869542436770985e+02,3.748371889088006697e+02,2.112100000000000000e+06,1.541200000000000070e-01,-6.816352400000040745e+01,1.000000000000000000e+00
1.449221483580478715e-03,4.030508845633225257e-03,1.162699252843522935e+00,-7.083004175975623262e+00,2.000000000000000000e+01,7.344171377325106609e-02,0.000000000000000000e+00,0.000000000000000000e+00,0.000000000000000000e+00,0.000000000000000000e+00,0.000000000000000000e+00,0.000000000000000000e+00,1.910000000000000000e+02,6.667099277692916530e+02,3.557216095250970511e+02,2.113700000000000000e+06,1.580900000000000083e-01,-6.554639100000169094e+01,1.000000000000000000e+00
1.756117824977476705e-03,3.664783920475616751e-03,1.058130145026209501e+00,5.666135744196809654e-02,2.000000000000000000e+01,7.198448324536016463e-02,0.000000000000000000e+00,0.000000000000000000e+00,0.000000000000000000e+00,0.000000000000000000e+00,0.000000000000000000e+00,0.000000000000000000e+00,1.920000000000000000e+02,3.049810604686857914e+03,1.679455047822029599e+02,2.120900000000000000e+06,4.691000000000000170e-01,-9.064420379997409327e+02,1.000000000000000000e+00
2.089121309337482486e-03,3.548567038734566637e-03,1.063833282279643244e+00,-3.658568730776677880e-01,2.000000000000000000e+01,7.246605948381465434e-02,0.000000000000000000e+00,0.000000000000000000e+00,0.000000000000000000e+00,0.000000000000000000e+00,0.000000000000000000e+00,0.000000000000000000e+00,1.930000000000000000e+02,3.004337691246330905e+03,1.759856024693393408e+02,2.120900000000000000e+06,3.242300000000000182e-01,-5.274699750000374934e+02,1.000000000000000000e+00
1.601547493464325865e-03,3.712302341582839060e-03,1.262211284836206149e+00,-3.727629235294942500e-01,2.000000000000000000e+01,7.269544213231690644e-02,0.000000000000000000e+00,0.000000000000000000e+00,0.000000000000000000e+00,0.000000000000000000e+00,0.000000000000000000e+00,0.000000000000000000e+00,1.940000000000000000e+02,2.989509295002015278e+03,1.761340811623632590e+02,2.120800000000000000e+06,2.073099999999999943e-01,-1.377719999999936817e+02,1.000000000000000000e+00
1.622142306477216030e-03,3.630207928189201159e-03,1.144191452991533797e+00,-4.519834877274457319e-01,2.000000000000000000e+01,7.544326106555858391e-02,0.000000000000000000e+00,0.000000000000000000e+00,0.000000000000000000e+00,0.000000000000000000e+00,0.000000000000000000e+00,0.000000000000000000e+00,1.950000000000000000e+02,2.956529310952362266e+03,1.767038747154250302e+02,2.120900000000000000e+06,6.148099999999999676e-01,-1.197285180999400609e+03,1.000000000000000000e+00
2.185621250125601225e-03,3.275399353143745168e-03,1.150734822996244855e+00,-4.326023693539846060e-01,2.000000000000000000e+01,7.217173766552477387e-02,0.000000000000000000e+00,0.000000000000000000e+00,0.000000000000000000e+00,0.000000000000000000e+00,0.000000000000000000e+00,0.000000000000000000e+00,1.960000000000000000e+02,2.888689343792098043e+03,1.775148854024161835e+02,2.121000000000000000e+06,4.312900000000000067e-01,-8.056175519997675565e+02,1.000000000000000000e+00
2.185621250125601225e-03,3.275399353143745168e-03,1.150734822996244855e+00,-4.326023693539846060e-01,2.000000000000000000e+01,7.217173766552477387e-02,0.000000000000000000e+00,0.000000000000000000e+00,0.000000000000000000e+00,0.000000000000000000e+00,0.000000000000000000e+00,0.000000000000000000e+00,1.970000000000000000e+02,2.888689343792098043e+03,1.775148854024161835e+02,2.121000000000000000e+06,4.312900000000000067e-01,-8.056175519997675565e+02,1.000000000000000000e+00
2.185621250125601225e-03,3.275399353143745168e-03,1.150734822996244855e+00,-4.326023693539846060e-01,2.000000000000000000e+01,7.217173766552477387e-02,0.000000000000000000e+00,0.000000000000000000e+00,0.000000000000000000e+00,0.000000000000000000e+00,0.000000000000000000e+00,0.000000000000000000e+00,1.980000000000000000e+02,2.888689343792098043e+03,1.775148854024161835e+02,2.121000000000000000e+06,4.312900000000000067e-01,-8.056175519997675565e+02,1.000000000000000000e+00
2.185621250125601225e-03,3.275399353143745168e-03,1.150734822996244855e+00,-4.326023693539846060e-01,2.000000000000000000e+01,7.217173766552477387e-02,0.000000000000000000e+00,0.000000000000000000e+00,0.000000000000000000e+00,0.000000000000000000e+00,0.000000000000000000e+00,0.000000000000000000e+00,1.990000000000000000e+02,2.888689343792098043e+03,1.775148854024161835e+02,2.121000000000000000e+06,4.312900000000000067e-01,-8.056175519997675565e+02,1.000000000000000000e+00
