1.903138695459639061e-03,4.978637868208747250e-03,4.126166704775278138e-01,2.589993470009330334e+00,2.000000000000000000e+01,7.380069264895219860e-02,0.000000000000000000e+00,0.000000000000000000e+00,0.000000000000000000e+00,0.000000000000000000e+00,0.000000000000000000e+00,0.000000000000000000e+00,0.000000000000000000e+00,5.213096503396264779e+03,1.381830716020471641e+02,2.119600000000000000e+06,3.749399999999999955e-01,-1.650653526000441161e+03,1.000000000000000000e+00
3.427674828771281983e-03,3.948077204231717832e-03,7.561691715417795390e-01,2.454123538104756808e+00,2.000000000000000000e+01,7.140031533688274978e-02,0.000000000000000000e+00,0.000000000000000000e+00,0.000000000000000000e+00,0.000000000000000000e+00,0.000000000000000000e+00,0.000000000000000000e+00,1.000000000000000000e+00,4.672072728420701424e+03,1.381834771173181480e+02,2.120100000000000000e+06,4.614599999999999813e-01,-2.134055500000098618e+03,1.000000000000000000e+00
2.031687215325819144e-03,4.408409579476075917e-03,8.117450427816811365e-01,2.577837052910937565e+00,2.000000000000000000e+01,7.284568464597487858e-02,0.000000000000000000e+00,0.000000000000000000e+00,0.000000000000000000e+00,0.000000000000000000e+00,0.000000000000000000e+00,0.000000000000000000e+00,2.000000000000000000e+00,4.398361502887943061e+03,1.381835263298751784e+02,2.119900000000000000e+06,2.733200000000000074e-01,-5.778979560000344691e+02,1.000000000000000000e+00
2.696776953337984631e-03,3.128854742595570896e-03,7.317915185479619833e-01,2.610890618303463473e+00,2.000000000000000000e+01,7.370326681146863179e-02,0.000000000000000000e+00,0.000000000000000000e+00,0.000000000000000000e+00,0.000000000000000000e+00,0.000000000000000000e+00,0.000000000000000000e+00,3.000000000000000000e+00,4.004044980366723394e+03,1.381861730787641989e+02,2.120100000000000000e+06,2.925699999999999967e-01,-8.942352999998099676e+02,1.000000000000000000e+00
2.435926518106031752e-03,2.485623805170088328e-03,6.930746787678462306e-01,2.560185324778462945e+00,2.000000000000000000e+01,7.476803549699159723e-02,0.000000000000000000e+00,0.000000000000000000e+00,0.000000000000000000e+00,0.000000000000000000e+00,0.000000000000000000e+00,0.000000000000000000e+00,4.000000000000000000e+00,3.925392870184532512e+03,1.381872107507784619e+02,2.120100000000000000e+06,1.805499999999999883e-01,-3.839135999999641626e+02,1.000000000000000000e+00
3.558052698127153659e-03,2.908844393644730800e-03,1.292151016781512229e+00,2.493807050974937045e+00,2.000000000000000000e+01,7.223042576488006294e-02,0.000000000000000000e+00,0.000000000000000000e+00,0.000000000000000000e+00,0.000000000000000000e+00,0.000000000000000000e+00,0.000000000000000000e+00,5.000000000000000000e+00,3.830553625528484645e+03,1.382344389947924128e+02,2.120500000000000000e+06,4.484799999999999898e-01,-1.005727999999994154e+03,1.000000000000000000e+00
1.527286800156380702e-03,3.041917925841754276e-03,6.943342456329872903e-01,2.061913368502294563e+00,2.000000000000000000e+01,7.497114851599884222e-02,0.000000000000000000e+00,0.000000000000000000e+00,0.000000000000000000e+00,0.000000000000000000e+00,0.000000000000000000e+00,0.000000000000000000e+00,6.000000000000000000e+00,3.522838432448312687e+03,1.392088616301796549e+02,2.120300000000000000e+06,1.440800000000000136e-01,-1.738260370000043906e+02,1.000000000000000000e+00
5.556123571040076387e-04,3.355900744307529875e-03,4.350898292190373828e-01,1.899999104676579398e+00,2.000000000000000000e+01,7.046948519140988632e-02,0.000000000000000000e+00,0.000000000000000000e+00,0.000000000000000000e+00,0.000000000000000000e+00,0.000000000000000000e+00,0.000000000000000000e+00,7.000000000000000000e+00,3.345099435783400168e+03,1.414068934349543554e+02,2.120300000000000000e+06,8.417499999999999982e-02,-5.607500700000161942e+01,1.000000000000000000e+00
1.066735715061746005e-03,1.625198760915415319e-03,6.284207701509247901e-01,1.517407158009493884e+00,2.000000000000000000e+01,7.048632856382376632e-02,0.000000000000000000e+00,0.000000000000000000e+00,0.000000000000000000e+00,0.000000000000000000e+00,0.000000000000000000e+00,0.000000000000000000e+00,8.000000000000000000e+00,3.339138210177802193e+03,1.441420077627831233e+02,2.120500000000000000e+06,3.333999999999999742e-01,-5.455622130001585219e+02,1.000000000000000000e+00
2.379627443362585838e-03,3.737447636690120843e-03,1.240372503522991332e+00,7.283499795158521195e-01,2.000000000000000000e+01,7.200869405486062802e-02,0.000000000000000000e+00,0.000000000000000000e+00,0.000000000000000000e+00,0.000000000000000000e+00,0.000000000000000000e+00,0.000000000000000000e+00,9.000000000000000000e+00,3.310180813744742409e+03,1.553403934122025021e+02,2.120900000000000000e+06,4.616999999999999993e-01,-8.405331350001513329e+02,1.000000000000000000e+00
1.005754406202461404e-03,2.140051680717753018e-03,8.494963328962311655e-01,-4.508436466756589045e-01,2.000000000000000000e+01,7.481871556290072001e-02,0.000000000000000000e+00,0.000000000000000000e+00,0.000000000000000000e+00,0.000000000000000000e+00,0.000000000000000000e+00,0.000000000000000000e+00,1.000000000000000000e+01,2.646702156762786217e+03,1.797039220100648151e+02,2.120900000000000000e+06,3.865999999999999992e-01,-5.168201999998709653e+02,1.000000000000000000e+00
1.335972300999704269e-03,1.126228015644802896e-03,7.252336623299011631e-01,2.849485417949473298e-01,2.000000000000000000e+01,7.377998254560561020e-02,0.000000000000000000e+00,0.000000000000000000e+00,0.000000000000000000e+00,0.000000000000000000e+00,0.000000000000000000e+00,0.000000000000000000e+00,1.100000000000000000e+01,2.859393057942302221e+03,1.624343157934981718e+02,2.121000000000000000e+06,8.417900000000000382e-02,-6.628674700000094333e+01,1.000000000000000000e+00
1.507037082167922339e-03,3.221368854392832153e-03,1.232555410123219009e+00,-1.305854594383367484e+00,2.000000000000000000e+01,6.925809303740960987e-02,0.000000000000000000e+00,0.000000000000000000e+00,0.000000000000000000e+00,0.000000000000000000e+00,0.000000000000000000e+00,0.000000000000000000e+00,1.200000000000000000e+01,2.617367525693976859e+03,1.983950086140043823e+02,2.120500000000000000e+06,2.564500000000000113e-01,-1.890267789999942067e+02,1.000000000000000000e+00
1.425739042166123110e-03,3.773454497415721330e-03,1.456014286587370199e+00,-2.262561175491470511e+00,2.000000000000000000e+01,7.009698240417311377e-02,0.000000000000000000e+00,0.000000000000000000e+00,0.000000000000000000e+00,0.000000000000000000e+00,0.000000000000000000e+00,0.000000000000000000e+00,1.300000000000000000e+01,2.417985680758257786e+03,2.205675660406002976e+02,2.120100000000000000e+06,2.074699999999999878e-01,-1.008858690000033249e+02,1.000000000000000000e+00
1.340500821502357137e-03,3.787464286620364530e-03,1.314376079015794563e+00,-2.463125878016160453e+00,2.000000000000000000e+01,7.264986159460232185e-02,0.000000000000000000e+00,0.000000000000000000e+00,0.000000000000000000e+00,0.000000000000000000e+00,0.000000000000000000e+00,0.000000000000000000e+00,1.400000000000000000e+01,2.230600941912343387e+03,2.271463993248780469e+02,2.120000000000000000e+06,2.077199999999999880e-01,-1.089338999999981183e+02,1.000000000000000000e+00
1.666553818345890489e-03,4.518731473565582371e-03,7.775685560022882470e-01,-3.659417743629662656e+00,2.000000000000000000e+01,7.360154190435466703e-02,0.000000000000000000e+00,0.000000000000000000e+00,0.000000000000000000e+00,0.000000000000000000e+00,0.000000000000000000e+00,0.000000000000000000e+00,1.500000000000000000e+01,2.218404012758080171e+03,2.581026484716175560e+02,2.119000000000000000e+06,1.856399999999999995e-01,-2.635542810000224563e+02,1.000000000000000000e+00
1.431729002780220139e-03,4.072019408374206485e-03,7.499599923401583101e-01,-3.986773104111065891e+00,2.000000000000000000e+01,7.108090386362599100e-02,0.000000000000000000e+00,0.000000000000000000e+00,0.000000000000000000e+00,0.000000000000000000e+00,0.000000000000000000e+00,0.000000000000000000e+00,1.600000000000000000e+01,2.152217344451508779e+03,2.592220796311721642e+02,2.119000000000000000e+06,1.678399999999999892e-01,-2.190936000000135664e+02,1.000000000000000000e+00
1.529640343558398823e-03,3.708164100019224578e-03,8.922358166974857507e-01,-4.296487430479476899e+00,2.000000000000000000e+01,7.269030272887416766e-02,0.000000000000000000e+00,0.000000000000000000e+00,0.000000000000000000e+00,0.000000000000000000e+00,0.000000000000000000e+00,0.000000000000000000e+00,1.700000000000000000e+01,1.895466800768348548e+03,2.739564778344835645e+02,2.118500000000000000e+06,2.886799999999999922e-01,-4.471169999999374340e+02,1.000000000000000000e+00
1.431222355905753443e-03,4.219902155875494137e-03,6.464803957226793463e-01,-3.269994798597012586e+00,2.000000000000000000e+01,7.192672229353347380e-02,0.000000000000000000e+00,0.000000000000000000e+00,0.000000000000000000e+00,0.000000000000000000e+00,0.000000000000000000e+00,0.000000000000000000e+00,1.800000000000000000e+01,2.151777103891749903e+03,2.609764202230888372e+02,2.118900000000000000e+06,1.716600000000000070e-01,-2.490873950000151638e+02,1.000000000000000000e+00
1.529472346711674598e-03,3.697132354706960528e-03,8.980352959122018808e-01,-4.292863996640594593e+00,2.000000000000000000e+01,7.256447929847566203e-02,0.000000000000000000e+00,0.000000000000000000e+00,0.000000000000000000e+00,0.000000000000000000e+00,0.000000000000000000e+00,0.000000000000000000e+00,1.900000000000000000e+01,1.897493303282534271e+03,2.738840291892389018e+02,2.118500000000000000e+06,3.215899999999999870e-01,-5.335225560000586711e+02,1.000000000000000000e+00
2.885623883561654317e-03,3.458118680716909532e-03,1.320869049470939416e+00,-4.008081631793870336e+00,2.000000000000000000e+01,7.259469470667063995e-02,0.000000000000000000e+00,0.000000000000000000e+00,0.000000000000000000e+00,0.000000000000000000e+00,0.000000000000000000e+00,0.000000000000000000e+00,2.000000000000000000e+01,1.982594848011966633e+03,2.692327492932564610e+02,2.118700000000000000e+06,1.062799999999999995e-01,-5.658554000000000173e+01,1.000000000000000000e+00
2.102395658497711612e-03,2.024042224159036587e-03,1.423916821940851785e+00,-3.743775374834657832e+00,2.000000000000000000e+01,6.352693019467009483e-02,0.000000000000000000e+00,0.000000000000000000e+00,0.000000000000000000e+00,0.000000000000000000e+00,0.000000000000000000e+00,0.000000000000000000e+00,2.100000000000000000e+01,1.998548868061472831e+03,2.667260142701780410e+02,2.119000000000000000e+06,2.645000000000000129e-01,-2.130808770000106165e+02,1.000000000000000000e+00
1.417437665910758517e-03,3.852381489024611812e-03,7.863908358541682464e-01,-4.843077623289622657e+00,2.000000000000000000e+01,7.339634235681904983e-02,0.000000000000000000e+00,0.000000000000000000e+00,0.000000000000000000e+00,0.000000000000000000e+00,0.000000000000000000e+00,0.000000000000000000e+00,2.200000000000000000e+01,1.764015446566687388e+03,2.886564910726948483e+02,2.117900000000000000e+06,1.993600000000000094e-01,-2.562390250000005381e+02,1.000000000000000000e+00
1.330142502737720681e-03,4.186447775048675671e-03,8.592758113218307292e-01,-4.303819584651771279e+00,2.000000000000000000e+01,7.696488587128766379e-02,0.000000000000000000e+00,0.000000000000000000e+00,0.000000000000000000e+00,0.000000000000000000e+00,0.000000000000000000e+00,0.000000000000000000e+00,2.300000000000000000e+01,1.929568242271227064e+03,2.703814698031355874e+02,2.118600000000000000e+06,1.365399999999999947e-01,-1.041126660000036566e+02,1.000000000000000000e+00
1.643942167137625371e-03,4.406522315756804774e-03,9.651534409167317197e-01,-3.889486983524924835e+00,2.000000000000000000e+01,7.398651022718766290e-02,0.000000000000000000e+00,0.000000000000000000e+00,0.000000000000000000e+00,0.000000000000000000e+00,0.000000000000000000e+00,0.000000000000000000e+00,2.400000000000000000e+01,2.124786476199594290e+03,2.635472375676769161e+02,2.118800000000000000e+06,1.342299999999999882e-01,-9.825639999999818031e+01,1.000000000000000000e+00
1.643942167137625371e-03,4.406522315756804774e-03,9.651534409167317197e-01,-3.889486983524924835e+00,2.000000000000000000e+01,7.398651022718766290e-02,0.000000000000000000e+00,0.000000000000000000e+00,0.000000000000000000e+00,0.000000000000000000e+00,0.000000000000000000e+00,0.000000000000000000e+00,2.500000000000000000e+01,2.124786476199594290e+03,2.635472375676769161e+02,2.118800000000000000e+06,1.342299999999999882e-01,-9.825639999999818031e+01,1.000000000000000000e+00
1.551460620860944852e-03,4.039789354417048887e-03,7.969807432950131165e-01,-5.278619495821071261e+00,2.000000000000000000e+01,7.559884137503733448e-02,0.000000000000000000e+00,0.000000000000000000e+00,0.000000000000000000e+00,0.000000000000000000e+00,0.000000000000000000e+00,0.000000000000000000e+00,2.600000000000000000e+01,1.767489763768850025e+03,2.879029991857091773e+02,2.117800000000000000e+06,1.176500000000000046e-01,-8.281801799999870184e+01,1.000000000000000000e+00
1.701804820568186653e-03,3.375629689344632808e-03,7.820918249966443137e-01,-4.275985238848293513e+00,2.000000000000000000e+01,7.257054914236421572e-02,0.000000000000000000e+00,0.000000000000000000e+00,0.000000000000000000e+00,0.000000000000000000e+00,0.000000000000000000e+00,0.000000000000000000e+00,2.700000000000000000e+01,2.070065353633824543e+03,2.635563517383472458e+02,2.118900000000000000e+06,2.265199999999999991e-01,-3.380129999999642791e+02,1.000000000000000000e+00
1.382789451157192488e-03,3.993051164624307307e-03,8.630048786750442735e-01,-4.631036605567199871e+00,2.000000000000000000e+01,7.510791114955440995e-02,0.000000000000000000e+00,0.000000000000000000e+00,0.000000000000000000e+00,0.000000000000000000e+00,0.000000000000000000e+00,0.000000000000000000e+00,2.800000000000000000e+01,1.783794747213043365e+03,2.832800498987788274e+02,2.118000000000000000e+06,9.702199999999999713e-02,-5.518169999999944508e+01,1.000000000000000000e+00
1.579703566074386160e-03,4.134488421248213794e-03,8.710473216005085728e-01,-4.390178345039774221e+00,2.000000000000000000e+01,6.675860149329387871e-02,0.000000000000000000e+00,0.000000000000000000e+00,0.000000000000000000e+00,0.000000000000000000e+00,0.000000000000000000e+00,0.000000000000000000e+00,2.900000000000000000e+01,1.841768799076614641e+03,2.761052425327686706e+02,2.118100000000000000e+06,9.526999999999999358e-02,-5.930304199999823567e+01,1.000000000000000000e+00
1.711619234748081161e-03,3.959621077614917072e-03,8.476999943214218458e-01,-4.599019664763449811e+00,2.000000000000000000e+01,6.684266445657396916e-02,0.000000000000000000e+00,0.000000000000000000e+00,0.000000000000000000e+00,0.000000000000000000e+00,0.000000000000000000e+00,0.000000000000000000e+00,3.000000000000000000e+01,1.835184712787186982e+03,2.823583525123402183e+02,2.117900000000000000e+06,9.566399999999999904e-02,-6.779559600000038699e+01,1.000000000000000000e+00
1.343643169015980949e-03,4.723026129754855258e-03,1.255199673780029057e+00,-4.340763869256741181e+00,2.000000000000000000e+01,6.055906005435518491e-02,0.000000000000000000e+00,0.000000000000000000e+00,0.000000000000000000e+00,0.000000000000000000e+00,0.000000000000000000e+00,0.000000000000000000e+00,3.100000000000000000e+01,1.663718990309999754e+03,2.902292986062702198e+02,2.117900000000000000e+06,4.868700000000000250e-01,-6.997115510000193126e+02,1.000000000000000000e+00
1.567298795945985942e-03,4.389427556619058569e-03,9.235890415859301372e-01,-4.726543990020717345e+00,2.000000000000000000e+01,7.259806940756213800e-02,0.000000000000000000e+00,0.000000000000000000e+00,0.000000000000000000e+00,0.000000000000000000e+00,0.000000000000000000e+00,0.000000000000000000e+00,3.200000000000000000e+01,1.774520786884398831e+03,2.858373087426058419e+02,2.118000000000000000e+06,2.826699999999999768e-01,-4.155135149999754276e+02,1.000000000000000000e+00
1.491393037124324594e-03,4.475074156375750782e-03,1.354224586473604441e+00,-4.832312192129658790e+00,2.000000000000000000e+01,7.083232585985885232e-02,0.000000000000000000e+00,0.000000000000000000e+00,0.000000000000000000e+00,0.000000000000000000e+00,0.000000000000000000e+00,0.000000000000000000e+00,3.300000000000000000e+01,1.595959503391023190e+03,2.924790911519314704e+02,2.117700000000000000e+06,3.668600000000000194e-01,-3.909184000000494166e+02,1.000000000000000000e+00
1.551461837873606290e-03,4.104149434591808365e-03,9.380033452286501428e-01,-5.838345260230261680e+00,2.000000000000000000e+01,6.749071427829031466e-02,0.000000000000000000e+00,0.000000000000000000e+00,0.000000000000000000e+00,0.000000000000000000e+00,0.000000000000000000e+00,0.000000000000000000e+00,3.400000000000000000e+01,1.354267600745425625e+03,3.135803294034942610e+02,2.116400000000000000e+06,1.201200000000000045e-01,-7.744659999999875311e+01,1.000000000000000000e+00
1.542963629659991958e-03,4.109104908321270337e-03,9.436124340033749114e-01,-5.494953029663978583e+00,2.000000000000000000e+01,6.730276217126213156e-02,0.000000000000000000e+00,0.000000000000000000e+00,0.000000000000000000e+00,0.000000000000000000e+00,0.000000000000000000e+00,0.000000000000000000e+00,3.500000000000000000e+01,1.424839376745289883e+03,3.044836723345811720e+02,2.116800000000000000e+06,1.138099999999999945e-01,-6.974314800000003345e+01,1.000000000000000000e+00
1.555238871457268130e-03,5.118883280419840413e-03,9.330477998259791850e-01,-7.613286441553668737e+00,2.000000000000000000e+01,6.672708531876933580e-02,0.000000000000000000e+00,0.000000000000000000e+00,0.000000000000000000e+00,0.000000000000000000e+00,0.000000000000000000e+00,0.000000000000000000e+00,3.600000000000000000e+01,8.697080368746516115e+02,3.562837277821631687e+02,2.113300000000000000e+06,1.013099999999999973e-01,-5.696446700000073093e+01,1.000000000000000000e+00
1.651324932786068025e-03,3.706057219534792703e-03,1.089374881681835605e+00,-7.597478131615762464e+00,2.000000000000000000e+01,6.790930838296478644e-02,0.000000000000000000e+00,0.000000000000000000e+00,0.000000000000000000e+00,0.000000000000000000e+00,0.000000000000000000e+00,0.000000000000000000e+00,3.700000000000000000e+01,8.713123767487793430e+02,3.559129986149151819e+02,2.113700000000000000e+06,1.431499999999999995e-01,-8.662194200000210742e+01,1.000000000000000000e+00
1.627893909842420637e-03,3.888847860330090118e-03,8.926245772707581683e-01,-5.674591015927885174e+00,2.000000000000000000e+01,6.694902100498878461e-02,0.000000000000000000e+00,0.000000000000000000e+00,0.000000000000000000e+00,0.000000000000000000e+00,0.000000000000000000e+00,0.000000000000000000e+00,3.800000000000000000e+01,1.417703032118272404e+03,3.085080407759201648e+02,2.116600000000000000e+06,1.004599999999999937e-01,-6.474053100000023164e+01,1.000000000000000000e+00
1.630875756266217565e-03,3.277921820318698866e-03,1.251795375813216538e+00,-1.115942972834129066e+01,2.000000000000000000e+01,6.812418471956714627e-02,0.000000000000000000e+00,0.000000000000000000e+00,0.000000000000000000e+00,0.000000000000000000e+00,0.000000000000000000e+00,0.000000000000000000e+00,3.900000000000000000e+01,4.764621400603534198e+02,4.315633935123649962e+02,2.106700000000000000e+06,1.710500000000000076e-01,-9.258700099999676070e+01,1.000000000000000000e+00
1.372336387053826098e-03,4.678076613193655336e-03,8.880017103790180943e-01,-5.997375024496704121e+00,2.000000000000000000e+01,6.732150404774307761e-02,0.000000000000000000e+00,0.000000000000000000e+00,0.000000000000000000e+00,0.000000000000000000e+00,0.000000000000000000e+00,0.000000000000000000e+00,4.000000000000000000e+01,1.299220386504513499e+03,3.173768901588819062e+02,2.116000000000000000e+06,1.154599999999999932e-01,-7.148067900000167185e+01,1.000000000000000000e+00
1.737643348271657260e-03,4.684038298245177430e-03,9.604257004320932989e-01,-8.010047415378052094e+00,2.000000000000000000e+01,6.310309285826508352e-02,0.000000000000000000e+00,0.000000000000000000e+00,0.000000000000000000e+00,0.000000000000000000e+00,0.000000000000000000e+00,0.000000000000000000e+00,4.100000000000000000e+01,8.771840484794095119e+02,3.510299914528783347e+02,2.113800000000000000e+06,9.376500000000000112e-02,-5.258260000000067436e+01,1.000000000000000000e+00
1.815649299576139845e-03,3.984498904568180289e-03,1.041577616289077968e+00,-5.254074502229351573e+00,2.000000000000000000e+01,6.717618428952680520e-02,0.000000000000000000e+00,0.000000000000000000e+00,0.000000000000000000e+00,0.000000000000000000e+00,0.000000000000000000e+00,0.000000000000000000e+00,4.200000000000000000e+01,1.533364939904309267e+03,2.987930886709438596e+02,2.117200000000000000e+06,1.096799999999999997e-01,-6.337805100000046110e+01,1.000000000000000000e+00
1.475101149630052202e-03,4.982544186949981746e-03,8.909919985364838091e-01,-5.837364454317928164e+00,2.000000000000000000e+01,6.677800013042176075e-02,0.000000000000000000e+00,0.000000000000000000e+00,0.000000000000000000e+00,0.000000000000000000e+00,0.000000000000000000e+00,0.000000000000000000e+00,4.300000000000000000e+01,1.390415590970556877e+03,3.135524086419591185e+02,2.116100000000000000e+06,1.004799999999999999e-01,-5.855789700000109121e+01,1.000000000000000000e+00
1.883773958861358414e-03,5.262645526928872754e-03,1.132884046352039320e+00,-1.072828408498671493e+01,2.000000000000000000e+01,7.204350880694522508e-02,0.000000000000000000e+00,0.000000000000000000e+00,0.000000000000000000e+00,0.000000000000000000e+00,0.000000000000000000e+00,0.000000000000000000e+00,4.400000000000000000e+01,4.804594082137795112e+02,4.225923729810600662e+02,2.108300000000000000e+06,3.320000000000000173e-01,-4.527880000000143355e+02,1.000000000000000000e+00
1.531739892169884038e-03,3.636151886604183092e-03,1.096813214040837536e+00,-6.853317617733032385e+00,2.000000000000000000e+01,7.192229495290157482e-02,0.000000000000000000e+00,0.000000000000000000e+00,0.000000000000000000e+00,0.000000000000000000e+00,0.000000000000000000e+00,0.000000000000000000e+00,4.500000000000000000e+01,9.715497574016337694e+02,3.350281739712181661e+02,2.115000000000000000e+06,1.219699999999999951e-01,-6.035965800000175818e+01,1.000000000000000000e+00
1.485485230731387486e-03,1.842132953411821945e-03,1.387104164904646053e+00,-6.571117159309203259e+00,2.000000000000000000e+01,6.826518908764998839e-02,0.000000000000000000e+00,0.000000000000000000e+00,0.000000000000000000e+00,0.000000000000000000e+00,0.000000000000000000e+00,0.000000000000000000e+00,4.600000000000000000e+01,1.157018123341630371e+03,3.315951555188812563e+02,2.115800000000000000e+06,1.650399999999999923e-01,-6.628049999999943509e+01,1.000000000000000000e+00
1.525801344307116695e-03,4.792404618264071992e-03,1.049350665644165792e+00,-7.683877217349813549e+00,2.000000000000000000e+01,6.721796644709487900e-02,0.000000000000000000e+00,0.000000000000000000e+00,0.000000000000000000e+00,0.000000000000000000e+00,0.000000000000000000e+00,0.000000000000000000e+00,4.700000000000000000e+01,7.785725351636230016e+02,3.577401606537259227e+02,2.113200000000000000e+06,1.190299999999999969e-01,-6.042999599999954086e+01,1.000000000000000000e+00
1.596112893392572169e-03,5.493213103623139845e-03,9.609708051549343821e-01,-1.039303931882849419e+01,2.000000000000000000e+01,7.211261873802059241e-02,0.000000000000000000e+00,0.000000000000000000e+00,0.000000000000000000e+00,0.000000000000000000e+00,0.000000000000000000e+00,0.000000000000000000e+00,4.800000000000000000e+01,4.875957306994762916e+02,4.159283781355147198e+02,2.109000000000000000e+06,3.438300000000000245e-01,-5.563123999999726266e+02,1.000000000000000000e+00
1.939587748403612732e-03,4.310829654450273885e-03,1.072895472906972625e+00,-7.334499052638601135e+00,2.000000000000000000e+01,6.700679955172308966e-02,0.000000000000000000e+00,0.000000000000000000e+00,0.000000000000000000e+00,0.000000000000000000e+00,0.000000000000000000e+00,0.000000000000000000e+00,4.900000000000000000e+01,9.501769459726608602e+02,3.490131266472830021e+02,2.114000000000000000e+06,1.083199999999999996e-01,-6.169231800000098076e+01,1.000000000000000000e+00
1.510956106738185929e-03,4.812908003237430579e-03,9.028947039862713630e-01,-7.182088246810870658e+00,2.000000000000000000e+01,6.720288114270883684e-02,0.000000000000000000e+00,0.000000000000000000e+00,0.000000000000000000e+00,0.000000000000000000e+00,0.000000000000000000e+00,0.000000000000000000e+00,5.000000000000000000e+01,9.513764742534203833e+02,3.461465394785393528e+02,2.114100000000000000e+06,1.135700000000000043e-01,-7.252847999999825390e+01,1.000000000000000000e+00
1.810784780207131068e-03,4.064821651120272862e-03,1.206090490875457943e+00,-6.340129613816379184e+00,2.000000000000000000e+01,6.243123380928485705e-02,0.000000000000000000e+00,0.000000000000000000e+00,0.000000000000000000e+00,0.000000000000000000e+00,0.000000000000000000e+00,0.000000000000000000e+00,5.100000000000000000e+01,1.168254062498134317e+03,3.259453404661440459e+02,2.115700000000000000e+06,1.263100000000000056e-01,-6.820315900000024101e+01,1.000000000000000000e+00
1.546860395965078379e-03,4.992403238537481726e-03,1.124431110422469793e+00,-9.716962747045686299e+00,2.000000000000000000e+01,6.908227627627223921e-02,0.000000000000000000e+00,0.000000000000000000e+00,0.000000000000000000e+00,0.000000000000000000e+00,0.000000000000000000e+00,0.000000000000000000e+00,5.200000000000000000e+01,4.896813811983034270e+02,4.095099384010720769e+02,2.109700000000000000e+06,3.625599999999999934e-01,-5.063196600001092520e+02,1.000000000000000000e+00
1.676801476359338593e-03,4.752439860766232392e-03,9.789257934232157288e-01,-7.596145649398249766e+00,2.000000000000000000e+01,6.928058053420758922e-02,0.000000000000000000e+00,0.000000000000000000e+00,0.000000000000000000e+00,0.000000000000000000e+00,0.000000000000000000e+00,0.000000000000000000e+00,5.300000000000000000e+01,7.408296653203411779e+02,3.667124317694089655e+02,2.112700000000000000e+06,1.765400000000000025e-01,-1.240634999999961536e+02,1.000000000000000000e+00
1.381031777485581353e-03,4.717954294855631128e-03,9.592229937159471032e-01,-6.191275724440330031e+00,2.000000000000000000e+01,6.769861362325260701e-02,0.000000000000000000e+00,0.000000000000000000e+00,0.000000000000000000e+00,0.000000000000000000e+00,0.000000000000000000e+00,0.000000000000000000e+00,5.400000000000000000e+01,1.238431746993391243e+03,3.217374027189463845e+02,2.115700000000000000e+06,1.320399999999999907e-01,-8.129427799999997717e+01,1.000000000000000000e+00
1.432256510570381353e-03,4.893014692218429496e-03,9.851051122078694489e-01,-7.955915285015555227e+00,2.000000000000000000e+01,6.785446406566721100e-02,0.000000000000000000e+00,0.000000000000000000e+00,0.000000000000000000e+00,0.000000000000000000e+00,0.000000000000000000e+00,0.000000000000000000e+00,5.500000000000000000e+01,7.720889293834035243e+02,3.631474733874910044e+02,2.112800000000000000e+06,1.448299999999999865e-01,-9.288841800000422211e+01,1.000000000000000000e+00
1.814839208064810989e-03,4.123356467042588527e-03,1.033766330220460938e+00,-8.892806981503277086e+00,2.000000000000000000e+01,6.051774246508835609e-02,0.000000000000000000e+00,0.000000000000000000e+00,0.000000000000000000e+00,0.000000000000000000e+00,0.000000000000000000e+00,0.000000000000000000e+00,5.600000000000000000e+01,4.991951474620575482e+02,4.000776701345704396e+02,2.109900000000000000e+06,1.119099999999999956e-01,-5.500440000000096319e+01,1.000000000000000000e+00
1.587691975819015668e-03,4.483294851338445568e-03,1.129794450699962427e+00,-8.415584230291358381e+00,2.000000000000000000e+01,6.716903442360380727e-02,0.000000000000000000e+00,0.000000000000000000e+00,0.000000000000000000e+00,0.000000000000000000e+00,0.000000000000000000e+00,0.000000000000000000e+00,5.700000000000000000e+01,6.002664164911171838e+02,3.738505576044399845e+02,2.112100000000000000e+06,1.192300000000000026e-01,-5.446805699999918460e+01,1.000000000000000000e+00
1.680184514455256971e-03,5.331993066902658909e-03,1.097418528943674865e+00,-9.555689040898158737e+00,2.000000000000000000e+01,7.197853035434348401e-02,0.000000000000000000e+00,0.000000000000000000e+00,0.000000000000000000e+00,0.000000000000000000e+00,0.000000000000000000e+00,0.000000000000000000e+00,5.800000000000000000e+01,5.555605038374609421e+02,3.989978819231058083e+02,2.110700000000000000e+06,3.590599999999999903e-01,-5.041120000000405525e+02,1.000000000000000000e+00
1.654500484963609573e-03,5.456691157904286493e-03,9.305804158865236264e-01,-8.898129092201182644e+00,2.000000000000000000e+01,7.443783944167273181e-02,0.000000000000000000e+00,0.000000000000000000e+00,0.000000000000000000e+00,0.000000000000000000e+00,0.000000000000000000e+00,0.000000000000000000e+00,5.900000000000000000e+01,5.655268947056184743e+02,3.984834290737734364e+02,2.110500000000000000e+06,1.781500000000000028e-01,-1.629046999999941647e+02,1.000000000000000000e+00
1.661532854223629835e-03,5.350477205187196411e-03,1.076793175220839061e+00,-9.572657496395311938e+00,2.000000000000000000e+01,7.210660364868759498e-02,0.000000000000000000e+00,0.000000000000000000e+00,0.000000000000000000e+00,0.000000000000000000e+00,0.000000000000000000e+00,0.000000000000000000e+00,6.000000000000000000e+01,5.440858140667780845e+02,3.994183212065750581e+02,2.110700000000000000e+06,3.203900000000000081e-01,-4.177714000000813144e+02,1.000000000000000000e+00
1.853124523385720228e-03,5.083857408109341246e-03,1.136452096978783910e+00,-1.059019138903608592e+01,2.000000000000000000e+01,7.156207385466555049e-02,0.000000000000000000e+00,0.000000000000000000e+00,0.000000000000000000e+00,0.000000000000000000e+00,0.000000000000000000e+00,0.000000000000000000e+00,6.100000000000000000e+01,5.905342588870270220e+02,3.959782091782327598e+02,2.110700000000000000e+06,1.598600000000000021e-01,-1.275003590000045364e+02,1.000000000000000000e+00
1.775376847268393416e-03,4.835034813602265627e-03,7.996321557601838714e-01,2.430499491000804202e+00,2.000000000000000000e+01,7.348908161248407511e-02,0.000000000000000000e+00,0.000000000000000000e+00,0.000000000000000000e+00,0.000000000000000000e+00,0.000000000000000000e+00,0.000000000000000000e+00,6.200000000000000000e+01,4.493500198522799110e+03,1.381835375788437545e+02,2.119900000000000000e+06,2.318600000000000105e-01,-5.188432149999111971e+02,1.000000000000000000e+00
2.073860010082184506e-03,4.023596553594877348e-03,7.679696544998028118e-01,2.785954358931860053e+00,2.000000000000000000e+01,7.878722753128493406e-02,0.000000000000000000e+00,0.000000000000000000e+00,0.000000000000000000e+00,0.000000000000000000e+00,0.000000000000000000e+00,0.000000000000000000e+00,6.300000000000000000e+01,4.842814124118954169e+03,1.381834994597554100e+02,2.119800000000000000e+06,5.316199999999999815e-01,-1.856764884000892607e+03,1.000000000000000000e+00
2.302561776411600654e-03,3.374045638769006868e-03,6.282245320371563357e-01,2.420291960952646981e+00,2.000000000000000000e+01,8.515287527352456698e-02,0.000000000000000000e+00,0.000000000000000000e+00,0.000000000000000000e+00,0.000000000000000000e+00,0.000000000000000000e+00,0.000000000000000000e+00,6.400000000000000000e+01,4.749722100846272042e+03,1.381835104020395022e+02,2.119900000000000000e+06,4.466999999999999860e-01,-1.713240999999141650e+03,1.000000000000000000e+00
2.365276623658442955e-03,4.755572098258888450e-03,8.786110089858059080e-01,2.291968531030798673e+00,2.000000000000000000e+01,8.168211231905152248e-02,0.000000000000000000e+00,0.000000000000000000e+00,0.000000000000000000e+00,0.000000000000000000e+00,0.000000000000000000e+00,0.000000000000000000e+00,6.500000000000000000e+01,5.400315828494982270e+03,1.381831052350717357e+02,2.119400000000000000e+06,9.896800000000000042e-02,-7.448820299999981387e+01,1.000000000000000000e+00
2.546854487407417683e-03,2.684459197324270789e-03,7.788472310715470748e-01,1.983946347001050325e+00,2.000000000000000000e+01,7.633922301540882471e-02,0.000000000000000000e+00,0.000000000000000000e+00,0.000000000000000000e+00,0.000000000000000000e+00,0.000000000000000000e+00,0.000000000000000000e+00,6.600000000000000000e+01,3.852224898081367428e+03,1.385529777057093384e+02,2.120200000000000000e+06,1.772900000000000031e-01,-3.274572100000007708e+02,1.000000000000000000e+00
2.804775469550941334e-03,2.054514618712374209e-03,7.213572125412615055e-01,2.305590874963053150e+00,2.000000000000000000e+01,7.608272308568948816e-02,0.000000000000000000e+00,0.000000000000000000e+00,0.000000000000000000e+00,0.000000000000000000e+00,0.000000000000000000e+00,0.000000000000000000e+00,6.700000000000000000e+01,4.222129161208475125e+03,1.381870225583206491e+02,2.120200000000000000e+06,1.331199999999999883e-01,-2.522457870000200160e+02,1.000000000000000000e+00
2.553377062069865210e-03,1.401872252926890123e-03,5.465083230368587008e-01,2.711898051710033286e+00,2.000000000000000000e+01,6.464165350409376010e-02,0.000000000000000000e+00,0.000000000000000000e+00,0.000000000000000000e+00,0.000000000000000000e+00,0.000000000000000000e+00,0.000000000000000000e+00,6.800000000000000000e+01,6.090682477052821923e+03,1.381832146778848767e+02,2.119400000000000000e+06,3.793199999999999905e-01,-6.632041099999460130e+02,1.000000000000000000e+00
1.786612950312390117e-03,4.785197069088442147e-03,1.155487089205119222e+00,-1.105855536799834304e+01,2.000000000000000000e+01,7.223403079202050936e-02,0.000000000000000000e+00,0.000000000000000000e+00,0.000000000000000000e+00,0.000000000000000000e+00,0.000000000000000000e+00,0.000000000000000000e+00,6.900000000000000000e+01,4.806769452369189253e+02,4.294215789627573940e+02,2.107500000000000000e+06,2.668699999999999961e-01,-2.850876620000000798e+02,1.000000000000000000e+00
1.634820215905245008e-03,2.769243581369937226e-03,6.210164014218348960e-01,1.510782418763417567e+00,2.000000000000000000e+01,5.899329597014231485e-02,0.000000000000000000e+00,0.000000000000000000e+00,0.000000000000000000e+00,0.000000000000000000e+00,0.000000000000000000e+00,0.000000000000000000e+00,7.000000000000000000e+01,3.637917690173643223e+03,1.400761993957846414e+02,2.120100000000000000e+06,1.209400000000000058e-01,-1.075654859999974491e+02,1.000000000000000000e+00
3.544796907607768686e-03,3.437788883791303811e-03,6.943750942615370958e-01,2.222329160937630110e+00,2.000000000000000000e+01,6.285522336583748704e-02,0.000000000000000000e+00,0.000000000000000000e+00,0.000000000000000000e+00,0.000000000000000000e+00,0.000000000000000000e+00,0.000000000000000000e+00,7.100000000000000000e+01,7.134662749942943265e+03,1.381832354892634385e+02,2.118500000000000000e+06,6.479200000000000514e-01,-1.824385550000797593e+03,1.000000000000000000e+00
2.365328256710115713e-03,4.234399431031290323e-03,6.840534987334891959e-01,2.572598320251497483e+00,2.000000000000000000e+01,6.647603305147586905e-02,0.000000000000000000e+00,0.000000000000000000e+00,0.000000000000000000e+00,0.000000000000000000e+00,0.000000000000000000e+00,0.000000000000000000e+00,7.200000000000000000e+01,6.592964226393697572e+03,1.381834138508737624e+02,2.118700000000000000e+06,3.289300000000000002e-01,-7.035624330000161990e+02,1.000000000000000000e+00
2.547844609504070108e-03,4.518484034040233001e-03,3.408568408332050548e-01,3.231759057597210827e+00,2.000000000000000000e+01,5.242578285121592130e-02,0.000000000000000000e+00,0.000000000000000000e+00,0.000000000000000000e+00,0.000000000000000000e+00,0.000000000000000000e+00,0.000000000000000000e+00,7.300000000000000000e+01,7.530389876461927088e+03,1.381832758480795462e+02,2.118300000000000000e+06,2.331900000000000084e-01,-4.993790000000230975e+02,1.000000000000000000e+00
4.055189325813622452e-03,1.338321285826518225e-03,8.472776228869624005e-01,2.071648592599149019e+00,2.000000000000000000e+01,4.588233013150769951e-02,0.000000000000000000e+00,0.000000000000000000e+00,0.000000000000000000e+00,0.000000000000000000e+00,0.000000000000000000e+00,0.000000000000000000e+00,7.400000000000000000e+01,7.144134297116669586e+03,1.381832776006636152e+02,2.119200000000000000e+06,2.165300000000000002e-01,-4.040883900000150675e+02,1.000000000000000000e+00
2.135381239862275873e-03,2.610348232525458705e-03,7.352796520701578853e-01,2.951953583712702667e+00,2.000000000000000000e+01,8.380419666226217312e-02,0.000000000000000000e+00,0.000000000000000000e+00,0.000000000000000000e+00,0.000000000000000000e+00,0.000000000000000000e+00,0.000000000000000000e+00,7.500000000000000000e+01,4.127015308032752728e+03,1.382252159442647610e+02,2.120000000000000000e+06,1.292200000000000015e-01,-2.323596159999974873e+02,1.000000000000000000e+00
2.432800473991498982e-03,2.549051325530357973e-03,7.831720263264945192e-01,2.395978383042145499e+00,2.000000000000000000e+01,8.001210319470453136e-02,0.000000000000000000e+00,0.000000000000000000e+00,0.000000000000000000e+00,0.000000000000000000e+00,0.000000000000000000e+00,0.000000000000000000e+00,7.600000000000000000e+01,4.127015308032752728e+03,1.382252159442647610e+02,2.120000000000000000e+06,1.292200000000000015e-01,-2.323596159999974873e+02,1.000000000000000000e+00
2.580359156811849915e-03,3.032815759371426320e-03,7.771501464805317116e-01,2.334530882476130831e+00,2.000000000000000000e+01,6.529246601446532516e-02,0.000000000000000000e+00,0.000000000000000000e+00,0.000000000000000000e+00,0.000000000000000000e+00,0.000000000000000000e+00,0.000000000000000000e+00,7.700000000000000000e+01,4.127015308032752728e+03,1.382252159442647610e+02,2.120000000000000000e+06,1.292200000000000015e-01,-2.323596159999974873e+02,1.000000000000000000e+00
1.251520342388115579e-03,3.509560711312736687e-03,1.544829743916366072e+00,-2.250444051927011468e+00,2.000000000000000000e+01,7.365259244647526238e-02,0.000000000000000000e+00,0.000000000000000000e+00,0.000000000000000000e+00,0.000000000000000000e+00,0.000000000000000000e+00,0.000000000000000000e+00,7.800000000000000000e+01,2.497118633535448680e+03,2.221986444068599553e+02,2.120100000000000000e+06,4.729099999999999970e-01,-4.585983840000773171e+02,1.000000000000000000e+00
2.480017578522833530e-03,3.061540693397966830e-03,1.371979606260423701e+00,-4.792475187997023767e+00,2.000000000000000000e+01,7.176943430677000524e-02,0.000000000000000000e+00,0.000000000000000000e+00,0.000000000000000000e+00,0.000000000000000000e+00,0.000000000000000000e+00,0.000000000000000000e+00,7.900000000000000000e+01,1.805846163994488734e+03,2.848276295169600303e+02,2.118000000000000000e+06,1.068400000000000044e-01,-5.640029999999951826e+01,1.000000000000000000e+00
1.522455578350981288e-03,4.695126532351139720e-03,9.009084039070787142e-01,-4.701964440219748020e+00,2.000000000000000000e+01,7.245360111973986328e-02,0.000000000000000000e+00,0.000000000000000000e+00,0.000000000000000000e+00,0.000000000000000000e+00,0.000000000000000000e+00,0.000000000000000000e+00,8.000000000000000000e+01,1.796160027651237215e+03,2.852065974381176261e+02,2.118000000000000000e+06,3.169100000000000250e-01,-5.182883280001427693e+02,1.000000000000000000e+00
2.365328256710115713e-03,4.234399431031290323e-03,6.840534987334891959e-01,2.572598320251497483e+00,2.000000000000000000e+01,6.647603305147586905e-02,0.000000000000000000e+00,0.000000000000000000e+00,0.000000000000000000e+00,0.000000000000000000e+00,0.000000000000000000e+00,0.000000000000000000e+00,8.100000000000000000e+01,5.760661995081934037e+03,1.381842432483053926e+02,2.119100000000000000e+06,8.327199999999999880e-02,-1.001179100000003075e+02,1.000000000000000000e+00
1.570143366961771923e-03,4.739709872620272851e-03,6.714123499236116510e-01,-3.751959611178619980e+00,2.000000000000000000e+01,7.404376637915943693e-02,0.000000000000000000e+00,0.000000000000000000e+00,0.000000000000000000e+00,0.000000000000000000e+00,0.000000000000000000e+00,0.000000000000000000e+00,8.200000000000000000e+01,2.216493499759339102e+03,2.601577957927887041e+02,2.118800000000000000e+06,1.687599999999999933e-01,-2.635489880000038738e+02,1.000000000000000000e+00
1.486751436927188572e-03,4.913637169677534389e-03,9.580165357984807839e-01,-4.647433711793278022e+00,2.000000000000000000e+01,6.618813695937039721e-02,0.000000000000000000e+00,0.000000000000000000e+00,0.000000000000000000e+00,0.000000000000000000e+00,0.000000000000000000e+00,0.000000000000000000e+00,8.300000000000000000e+01,1.715525942597810399e+03,2.902949713082743415e+02,2.117700000000000000e+06,1.138200000000000045e-01,-6.450209999999857757e+01,1.000000000000000000e+00
1.476836917267723183e-03,3.987670631675598563e-03,8.467962269209451387e-01,-4.974805806684452492e+00,2.000000000000000000e+01,7.294058007029277646e-02,0.000000000000000000e+00,0.000000000000000000e+00,0.000000000000000000e+00,0.000000000000000000e+00,0.000000000000000000e+00,0.000000000000000000e+00,8.400000000000000000e+01,1.715422897691857770e+03,2.916426068094222614e+02,2.117700000000000000e+06,2.469500000000000028e-01,-3.507851250000201730e+02,1.000000000000000000e+00
1.504784743472349987e-03,3.859767478043808590e-03,9.386334759091478075e-01,-4.488685381707943733e+00,2.000000000000000000e+01,7.488740130694382380e-02,0.000000000000000000e+00,0.000000000000000000e+00,0.000000000000000000e+00,0.000000000000000000e+00,0.000000000000000000e+00,0.000000000000000000e+00,8.500000000000000000e+01,1.853441677959346862e+03,2.789383873289989992e+02,2.118200000000000000e+06,1.010400000000000048e-01,-5.508336599999937278e+01,1.000000000000000000e+00
1.219518952026379119e-03,3.622891582174068547e-03,6.520409410059022637e-01,-4.208948551689699613e+00,2.000000000000000000e+01,7.191606924532842338e-02,0.000000000000000000e+00,0.000000000000000000e+00,0.000000000000000000e+00,0.000000000000000000e+00,0.000000000000000000e+00,0.000000000000000000e+00,8.600000000000000000e+01,1.842965598721052402e+03,2.798189204942335664e+02,2.118200000000000000e+06,1.552199999999999969e-01,-1.859118360000062751e+02,1.000000000000000000e+00
2.423303796144473179e-03,2.484884353588001464e-03,7.281861230998578627e-01,2.317859534196076154e+00,2.000000000000000000e+01,7.545756851243919094e-02,0.000000000000000000e+00,0.000000000000000000e+00,0.000000000000000000e+00,0.000000000000000000e+00,0.000000000000000000e+00,0.000000000000000000e+00,8.700000000000000000e+01,3.983757724282731033e+03,1.385916191357420075e+02,2.120300000000000000e+06,1.202600000000000058e-01,-1.833410900000054085e+02,1.000000000000000000e+00
1.394427161159673230e-03,3.976338624171100490e-03,9.746997616695385336e-01,-5.261685122404800907e+00,2.000000000000000000e+01,7.421444362781434712e-02,0.000000000000000000e+00,0.000000000000000000e+00,0.000000000000000000e+00,0.000000000000000000e+00,0.000000000000000000e+00,0.000000000000000000e+00,8.800000000000000000e+01,1.580104429999944387e+03,2.990212683183055447e+02,2.117400000000000000e+06,1.195399999999999935e-01,-6.747008399999735673e+01,1.000000000000000000e+00
1.815649299576139845e-03,3.984498904568180289e-03,1.041577616289077968e+00,-5.254074502229351573e+00,2.000000000000000000e+01,6.717618428952680520e-02,0.000000000000000000e+00,0.000000000000000000e+00,0.000000000000000000e+00,0.000000000000000000e+00,0.000000000000000000e+00,0.000000000000000000e+00,8.900000000000000000e+01,1.534541767180111265e+03,3.003605794944487570e+02,2.117000000000000000e+06,9.958000000000000185e-02,-5.752631300000096104e+01,1.000000000000000000e+00
1.642767480107868881e-03,3.688962934169166125e-03,9.137845540789389931e-01,-4.087267207532333302e+00,2.000000000000000000e+01,7.226220118066430109e-02,0.000000000000000000e+00,0.000000000000000000e+00,0.000000000000000000e+00,0.000000000000000000e+00,0.000000000000000000e+00,0.000000000000000000e+00,9.000000000000000000e+01,1.978553403849958158e+03,2.725210202736927840e+02,2.118500000000000000e+06,1.806599999999999873e-01,-2.084251259999858803e+02,1.000000000000000000e+00
1.671828229671785048e-03,3.960154359804135722e-03,1.018515138990703006e+00,-4.878539563392323863e+00,2.000000000000000000e+01,7.740401018601529570e-02,0.000000000000000000e+00,0.000000000000000000e+00,0.000000000000000000e+00,0.000000000000000000e+00,0.000000000000000000e+00,0.000000000000000000e+00,9.100000000000000000e+01,1.652222022041042692e+03,2.929474108577105653e+02,2.117700000000000000e+06,4.212799999999999878e-01,-6.830087669999386435e+02,1.000000000000000000e+00
1.604347453506114931e-03,4.440582323228296768e-03,1.005715455931283975e+00,-5.730936437758693103e+00,2.000000000000000000e+01,6.555567247812908727e-02,0.000000000000000000e+00,0.000000000000000000e+00,0.000000000000000000e+00,0.000000000000000000e+00,0.000000000000000000e+00,0.000000000000000000e+00,9.200000000000000000e+01,1.596365309931096363e+03,2.965181923051892454e+02,2.117100000000000000e+06,1.004899999999999960e-01,-5.711778800000107736e+01,1.000000000000000000e+00
2.004946121362260591e-03,3.783074290547172244e-03,1.383264062474063749e+00,-8.968460042570471913e+00,2.000000000000000000e+01,6.723462059697396520e-02,0.000000000000000000e+00,0.000000000000000000e+00,0.000000000000000000e+00,0.000000000000000000e+00,0.000000000000000000e+00,0.000000000000000000e+00,9.300000000000000000e+01,4.878477784709822345e+02,4.164435871483373717e+02,2.108200000000000000e+06,1.233599999999999974e-01,-6.215137000000038370e+01,1.000000000000000000e+00
1.241744021482219353e-03,4.339364710604908318e-03,7.310487046691459545e-01,-3.248977115861103382e+00,2.000000000000000000e+01,7.541991141133093379e-02,0.000000000000000000e+00,0.000000000000000000e+00,0.000000000000000000e+00,0.000000000000000000e+00,0.000000000000000000e+00,0.000000000000000000e+00,9.400000000000000000e+01,2.115444037844444210e+03,2.645360859526987269e+02,2.118800000000000000e+06,1.930600000000000094e-01,-3.372958470000162379e+02,1.000000000000000000e+00
1.796051516061191291e-03,3.749867043763211415e-03,1.035697447631443779e+00,-2.522514564255616154e+00,2.000000000000000000e+01,6.104144745531705357e-02,0.000000000000000000e+00,0.000000000000000000e+00,0.000000000000000000e+00,0.000000000000000000e+00,0.000000000000000000e+00,0.000000000000000000e+00,9.500000000000000000e+01,2.357900939254541299e+03,2.375475903965884470e+02,2.119800000000000000e+06,3.285799999999999832e-01,-6.396273970000846703e+02,1.000000000000000000e+00
1.609099092669856066e-03,5.257705179931388903e-03,6.010144729699570254e-01,-3.255013796752139754e+00,2.000000000000000000e+01,7.900276871265068945e-02,0.000000000000000000e+00,0.000000000000000000e+00,0.000000000000000000e+00,0.000000000000000000e+00,0.000000000000000000e+00,0.000000000000000000e+00,9.600000000000000000e+01,2.323210751510651335e+03,2.480105619953742746e+02,2.119300000000000000e+06,1.938699999999999868e-01,-3.812278230000624148e+02,1.000000000000000000e+00
1.600426317450453139e-03,4.627807116305150681e-03,8.009673568201999272e-01,-3.166025863724518441e+00,2.000000000000000000e+01,7.811454057999293876e-02,0.000000000000000000e+00,0.000000000000000000e+00,0.000000000000000000e+00,0.000000000000000000e+00,0.000000000000000000e+00,0.000000000000000000e+00,9.700000000000000000e+01,2.261049811438414963e+03,2.509212742602082926e+02,2.119200000000000000e+06,1.784300000000000053e-01,-2.255337049999830583e+02,1.000000000000000000e+00
1.709809325254176742e-03,3.290648080757140742e-03,9.218882620272961237e-01,-3.490617193284573094e+00,2.000000000000000000e+01,6.885142550785203208e-02,0.000000000000000000e+00,0.000000000000000000e+00,0.000000000000000000e+00,0.000000000000000000e+00,0.000000000000000000e+00,0.000000000000000000e+00,9.800000000000000000e+01,2.259710286257705775e+03,2.540981740590020763e+02,2.119200000000000000e+06,1.889699999999999991e-01,-1.900950000000082696e+02,1.000000000000000000e+00
1.687816954386199162e-03,4.734831594468688794e-03,5.212844646959757799e-01,-3.359850794870505197e+00,2.000000000000000000e+01,7.930869927596893854e-02,0.000000000000000000e+00,0.000000000000000000e+00,0.000000000000000000e+00,0.000000000000000000e+00,0.000000000000000000e+00,0.000000000000000000e+00,9.900000000000000000e+01,2.234375367590750557e+03,2.576815373112507359e+02,2.119000000000000000e+06,1.956799999999999928e-01,-4.371319999999823267e+02,1.000000000000000000e+00
1.533507432092406919e-03,4.321848737469904250e-03,7.704194966251526333e-01,-4.024647368973357509e+00,2.000000000000000000e+01,7.403911091304947456e-02,0.000000000000000000e+00,0.000000000000000000e+00,0.000000000000000000e+00,0.000000000000000000e+00,0.000000000000000000e+00,0.000000000000000000e+00,1.000000000000000000e+02,2.054483746818124473e+03,2.676419441337812373e+02,2.118700000000000000e+06,1.495199999999999863e-01,-1.703751560000015957e+02,1.000000000000000000e+00
1.533768654190197697e-03,3.769885480861993182e-03,8.650404511734000046e-01,-4.075447706652825630e+00,2.000000000000000000e+01,7.070560682889044657e-02,0.000000000000000000e+00,0.000000000000000000e+00,0.000000000000000000e+00,0.000000000000000000e+00,0.000000000000000000e+00,0.000000000000000000e+00,1.010000000000000000e+02,2.039439629437763188e+03,2.691862447070953976e+02,2.118700000000000000e+06,1.491399999999999948e-01,-1.675795980000057455e+02,1.000000000000000000e+00
1.675111045681111415e-03,3.408203410536899455e-03,8.238985178777354923e-01,-4.252208434181685703e+00,2.000000000000000000e+01,7.795578636118892513e-02,0.000000000000000000e+00,0.000000000000000000e+00,0.000000000000000000e+00,0.000000000000000000e+00,0.000000000000000000e+00,0.000000000000000000e+00,1.020000000000000000e+02,2.046068658329109439e+03,2.690325820889638635e+02,2.118700000000000000e+06,1.817300000000000026e-01,-2.294062810000259276e+02,1.000000000000000000e+00
2.005043613785567700e-03,3.747990765427206081e-03,8.534242047729871938e-01,-1.015870998491432697e-01,2.000000000000000000e+01,7.367627438957788377e-02,0.000000000000000000e+00,0.000000000000000000e+00,0.000000000000000000e+00,0.000000000000000000e+00,0.000000000000000000e+00,0.000000000000000000e+00,1.030000000000000000e+02,3.300161634343412061e+03,1.711993196855648023e+02,2.120800000000000000e+06,1.784399999999999875e-01,-2.487524259999779588e+02,1.000000000000000000e+00
1.974803528178898857e-03,3.524881380890800345e-03,8.785159945887468513e-01,-2.622455461549013656e-01,2.000000000000000000e+01,7.384745817023299908e-02,0.000000000000000000e+00,0.000000000000000000e+00,0.000000000000000000e+00,0.000000000000000000e+00,0.000000000000000000e+00,0.000000000000000000e+00,1.040000000000000000e+02,3.198396804993654769e+03,1.740209775592270489e+02,2.120800000000000000e+06,1.615300000000000069e-01,-1.955898429999969608e+02,1.000000000000000000e+00
1.707881261189099931e-03,3.472306609175330062e-03,6.034329274785796837e-01,-1.305345981606024441e+00,2.000000000000000000e+01,7.386271945335329270e-02,0.000000000000000000e+00,0.000000000000000000e+00,0.000000000000000000e+00,0.000000000000000000e+00,0.000000000000000000e+00,0.000000000000000000e+00,1.050000000000000000e+02,2.858318936035088882e+03,1.983816511488515744e+02,2.120700000000000000e+06,2.666100000000000136e-01,-7.331262409999955025e+02,1.000000000000000000e+00
1.651299686157699622e-03,4.485490152270911121e-03,8.816073792752706639e-01,-4.698238376846962439e+00,2.000000000000000000e+01,6.669311711969366785e-02,0.000000000000000000e+00,0.000000000000000000e+00,0.000000000000000000e+00,0.000000000000000000e+00,0.000000000000000000e+00,0.000000000000000000e+00,1.060000000000000000e+02,1.810670739093874772e+03,2.851093315980281204e+02,2.117700000000000000e+06,9.431499999999999606e-02,-5.943564000000096570e+01,1.000000000000000000e+00
1.525344036079875724e-03,3.635410973864191923e-03,9.252306614362877379e-01,-4.513903720467245861e+00,2.000000000000000000e+01,7.454917519845938312e-02,0.000000000000000000e+00,0.000000000000000000e+00,0.000000000000000000e+00,0.000000000000000000e+00,0.000000000000000000e+00,0.000000000000000000e+00,1.070000000000000000e+02,1.885826152970559860e+03,2.797497023421730091e+02,2.118300000000000000e+06,1.139000000000000012e-01,-7.248785800000132440e+01,1.000000000000000000e+00
1.508819464173954267e-03,4.285457967939884823e-03,9.292715467602548074e-01,-4.744114344797988103e+00,2.000000000000000000e+01,7.501242034657726321e-02,0.000000000000000000e+00,0.000000000000000000e+00,0.000000000000000000e+00,0.000000000000000000e+00,0.000000000000000000e+00,0.000000000000000000e+00,1.080000000000000000e+02,1.790154351776050362e+03,2.862765607549129641e+02,2.117900000000000000e+06,9.761599999999999444e-02,-5.296590000000042409e+01,1.000000000000000000e+00
1.594445868681923810e-03,4.535027677572176820e-03,8.919033404439736801e-01,-4.749016967359456665e+00,2.000000000000000000e+01,7.794667544882076526e-02,0.000000000000000000e+00,0.000000000000000000e+00,0.000000000000000000e+00,0.000000000000000000e+00,0.000000000000000000e+00,0.000000000000000000e+00,1.090000000000000000e+02,1.748151726204197757e+03,2.903202839955776540e+02,2.117800000000000000e+06,2.807600000000000096e-01,-4.394111249999556890e+02,1.000000000000000000e+00
1.563779145436093240e-03,4.391715256079711284e-03,9.691219241882864655e-01,-4.958855659918641301e+00,2.000000000000000000e+01,7.322256107968959371e-02,0.000000000000000000e+00,0.000000000000000000e+00,0.000000000000000000e+00,0.000000000000000000e+00,0.000000000000000000e+00,0.000000000000000000e+00,1.100000000000000000e+02,1.719063817702176948e+03,2.912925549739800317e+02,2.117700000000000000e+06,1.825900000000000023e-01,-1.696407819999945730e+02,1.000000000000000000e+00
1.408275652217513135e-03,3.867423945606582661e-03,7.983513427745759783e-01,-4.919468503931091696e+00,2.000000000000000000e+01,7.366474820212090546e-02,0.000000000000000000e+00,0.000000000000000000e+00,0.000000000000000000e+00,0.000000000000000000e+00,0.000000000000000000e+00,0.000000000000000000e+00,1.110000000000000000e+02,1.727164974957301865e+03,2.904143383641788887e+02,2.117800000000000000e+06,1.708800000000000041e-01,-1.898909180000125332e+02,1.000000000000000000e+00
1.647175057904530634e-03,4.367761136708321265e-03,7.165451432746121618e-01,-3.813760410585138594e+00,2.000000000000000000e+01,7.329595058276748565e-02,0.000000000000000000e+00,0.000000000000000000e+00,0.000000000000000000e+00,0.000000000000000000e+00,0.000000000000000000e+00,0.000000000000000000e+00,1.120000000000000000e+02,2.157856540543978554e+03,2.615816469443477672e+02,2.118900000000000000e+06,2.499300000000000133e-01,-5.083191000000562099e+02,1.000000000000000000e+00
1.605740212485936213e-03,3.888361655471412291e-03,8.811135793927973303e-01,-5.852373207183218184e+00,2.000000000000000000e+01,6.676765217434704747e-02,0.000000000000000000e+00,0.000000000000000000e+00,0.000000000000000000e+00,0.000000000000000000e+00,0.000000000000000000e+00,0.000000000000000000e+00,1.130000000000000000e+02,1.359316992956392596e+03,3.139736148603747097e+02,2.116400000000000000e+06,9.584299999999999764e-02,-5.942162999999926143e+01,1.000000000000000000e+00
1.397661781136328059e-03,4.104125392333164354e-03,9.989892833164977226e-01,-6.253846802954813100e+00,2.000000000000000000e+01,7.260301710885536108e-02,0.000000000000000000e+00,0.000000000000000000e+00,0.000000000000000000e+00,0.000000000000000000e+00,0.000000000000000000e+00,0.000000000000000000e+00,1.140000000000000000e+02,1.489239783079254266e+03,3.064689278770878218e+02,2.116900000000000000e+06,1.404799999999999938e-01,-1.063473129999956797e+02,1.000000000000000000e+00
1.433657601605990576e-03,4.137931223467494583e-03,9.129863191636609088e-01,-5.906185220789906154e+00,2.000000000000000000e+01,7.886949369089514550e-02,0.000000000000000000e+00,0.000000000000000000e+00,0.000000000000000000e+00,0.000000000000000000e+00,0.000000000000000000e+00,0.000000000000000000e+00,1.150000000000000000e+02,1.500553799289771177e+03,3.047102103248674894e+02,2.116600000000000000e+06,1.148900000000000060e-01,-6.885645300000018665e+01,1.000000000000000000e+00
1.398439047169792396e-03,4.654048330009516281e-03,6.839217602649163563e-01,-3.376218215937717648e+00,2.000000000000000000e+01,7.469287042256679554e-02,0.000000000000000000e+00,0.000000000000000000e+00,0.000000000000000000e+00,0.000000000000000000e+00,0.000000000000000000e+00,0.000000000000000000e+00,1.160000000000000000e+02,2.313188253087563680e+03,2.510504193225081053e+02,2.119200000000000000e+06,1.201600000000000029e-01,-1.292683999999935338e+02,1.000000000000000000e+00
1.723448530574609025e-03,5.223837553960903463e-03,8.424661953815064663e-01,-5.587277685239012470e+00,2.000000000000000000e+01,6.141022749457988872e-02,0.000000000000000000e+00,0.000000000000000000e+00,0.000000000000000000e+00,0.000000000000000000e+00,0.000000000000000000e+00,0.000000000000000000e+00,1.170000000000000000e+02,1.337360641436044261e+03,3.204910693064384759e+02,2.115700000000000000e+06,8.880899999999999905e-02,-5.553310100000086891e+01,1.000000000000000000e+00
1.851612487903819436e-03,5.619502803599059869e-03,1.025825710463436735e+00,-1.009963982853468600e+01,2.000000000000000000e+01,7.691404680161961771e-02,0.000000000000000000e+00,0.000000000000000000e+00,0.000000000000000000e+00,0.000000000000000000e+00,0.000000000000000000e+00,0.000000000000000000e+00,1.180000000000000000e+02,5.921524547200073130e+02,3.972136845290412452e+02,2.110500000000000000e+06,1.516500000000000070e-01,-1.306837620000015647e+02,1.000000000000000000e+00
1.730962789280377553e-03,5.258453875497237813e-03,9.459241525032531239e-01,-9.485711532893747133e+00,2.000000000000000000e+01,7.335042996498274126e-02,0.000000000000000000e+00,0.000000000000000000e+00,0.000000000000000000e+00,0.000000000000000000e+00,0.000000000000000000e+00,0.000000000000000000e+00,1.190000000000000000e+02,5.976493445294294133e+02,3.972046103601296636e+02,2.110500000000000000e+06,1.637200000000000044e-01,-1.600020999999952664e+02,1.000000000000000000e+00
1.470081543608058559e-03,5.654273465921486747e-03,1.027259675020409047e+00,-9.547831996718414871e+00,2.000000000000000000e+01,7.327227626102902902e-02,0.000000000000000000e+00,0.000000000000000000e+00,0.000000000000000000e+00,0.000000000000000000e+00,0.000000000000000000e+00,0.000000000000000000e+00,1.200000000000000000e+02,5.856936091939361404e+02,3.988010940242150468e+02,2.110500000000000000e+06,1.553799999999999903e-01,-1.047129999999983170e+02,1.000000000000000000e+00
1.408290981218381479e-03,4.150580721683292187e-03,1.112201035066580079e+00,-5.559033729377119037e+00,2.000000000000000000e+01,5.870442029225413777e-02,0.000000000000000000e+00,0.000000000000000000e+00,0.000000000000000000e+00,0.000000000000000000e+00,0.000000000000000000e+00,0.000000000000000000e+00,1.210000000000000000e+02,1.615076025306088468e+03,2.978187852701333327e+02,2.117300000000000000e+06,1.310300000000000076e-01,-6.401519999999946720e+01,1.000000000000000000e+00
1.310513094400115458e-03,3.197969092575225422e-03,9.373134787334411744e-01,-5.933502755914881632e+00,2.000000000000000000e+01,6.933831037044216328e-02,0.000000000000000000e+00,0.000000000000000000e+00,0.000000000000000000e+00,0.000000000000000000e+00,0.000000000000000000e+00,0.000000000000000000e+00,1.220000000000000000e+02,1.614933913327189885e+03,2.979754915339935337e+02,2.117400000000000000e+06,2.797100000000000142e-01,-4.705942610000845434e+02,1.000000000000000000e+00
1.546316752429709521e-03,4.064233858732168268e-03,9.473585978301289900e-01,-4.741681023095894787e+00,2.000000000000000000e+01,7.378803406898551409e-02,0.000000000000000000e+00,0.000000000000000000e+00,0.000000000000000000e+00,0.000000000000000000e+00,0.000000000000000000e+00,0.000000000000000000e+00,1.230000000000000000e+02,1.801621359844772314e+03,2.862163049618091009e+02,2.118000000000000000e+06,1.446999999999999953e-01,-1.125996050000025548e+02,1.000000000000000000e+00
1.475676917599716680e-03,3.942672877283978465e-03,8.534776841854521123e-01,-4.921136709276545673e+00,2.000000000000000000e+01,7.306597503512371472e-02,0.000000000000000000e+00,0.000000000000000000e+00,0.000000000000000000e+00,0.000000000000000000e+00,0.000000000000000000e+00,0.000000000000000000e+00,1.240000000000000000e+02,1.735648980780515330e+03,2.904519286671671807e+02,2.117800000000000000e+06,2.240800000000000014e-01,-2.867868000000204916e+02,1.000000000000000000e+00
1.567691890403418060e-03,4.454612680778543068e-03,1.041690821634979613e+00,-5.014160586161344746e+00,2.000000000000000000e+01,7.375240116673893731e-02,0.000000000000000000e+00,0.000000000000000000e+00,0.000000000000000000e+00,0.000000000000000000e+00,0.000000000000000000e+00,0.000000000000000000e+00,1.250000000000000000e+02,1.712473943570511210e+03,2.924970595581436896e+02,2.117600000000000000e+06,1.402500000000000135e-01,-8.848803099999898336e+01,1.000000000000000000e+00
1.420947826180346020e-03,4.385516207089684704e-03,9.034665159185517602e-01,-6.235199887859545598e+00,2.000000000000000000e+01,6.789921658135400495e-02,0.000000000000000000e+00,0.000000000000000000e+00,0.000000000000000000e+00,0.000000000000000000e+00,0.000000000000000000e+00,0.000000000000000000e+00,1.260000000000000000e+02,1.244820904759479163e+03,3.229070711819204007e+02,2.115700000000000000e+06,1.392799999999999871e-01,-1.000391040000031921e+02,1.000000000000000000e+00
1.578207225213553843e-03,5.199917918052780579e-03,6.213466437396345521e-01,-4.556211517338422112e+00,2.000000000000000000e+01,8.065598942843157926e-02,0.000000000000000000e+00,0.000000000000000000e+00,0.000000000000000000e+00,0.000000000000000000e+00,0.000000000000000000e+00,0.000000000000000000e+00,1.270000000000000000e+02,2.112914663953092258e+03,2.675031822523701521e+02,2.118600000000000000e+06,1.869099999999999928e-01,-3.632381550000344532e+02,1.000000000000000000e+00
1.539339147512668125e-03,4.701172279759436093e-03,8.934126775205242232e-01,-7.444579196313212854e+00,2.000000000000000000e+01,6.785039434799022828e-02,0.000000000000000000e+00,0.000000000000000000e+00,0.000000000000000000e+00,0.000000000000000000e+00,0.000000000000000000e+00,0.000000000000000000e+00,1.280000000000000000e+02,9.455477515380127898e+02,3.516742255771678174e+02,2.113700000000000000e+06,1.388900000000000134e-01,-1.073195999999962282e+02,1.000000000000000000e+00
1.739373250202005602e-03,4.975743652281523419e-03,8.523673609919364402e-01,-7.597465059199574711e+00,2.000000000000000000e+01,6.657533224015318996e-02,0.000000000000000000e+00,0.000000000000000000e+00,0.000000000000000000e+00,0.000000000000000000e+00,0.000000000000000000e+00,0.000000000000000000e+00,1.290000000000000000e+02,9.313684485884239166e+02,3.559126853078958561e+02,2.113400000000000000e+06,9.371699999999999475e-02,-6.550271000000130073e+01,1.000000000000000000e+00
1.852256299408745017e-03,3.229231422315188837e-03,9.318462867492235402e-01,-2.027012318171770744e+00,2.000000000000000000e+01,7.436485300108905405e-02,0.000000000000000000e+00,0.000000000000000000e+00,0.000000000000000000e+00,0.000000000000000000e+00,0.000000000000000000e+00,0.000000000000000000e+00,1.300000000000000000e+02,2.681746589100094297e+03,2.160826542385015046e+02,2.120300000000000000e+06,1.274700000000000000e-01,-1.070450219999958819e+02,1.000000000000000000e+00
2.137711927849205058e-03,3.972239370954413692e-03,8.801992256107680213e-01,-1.757830769316482300e+00,2.000000000000000000e+01,7.259901583172798101e-02,0.000000000000000000e+00,0.000000000000000000e+00,0.000000000000000000e+00,0.000000000000000000e+00,0.000000000000000000e+00,0.000000000000000000e+00,1.310000000000000000e+02,2.826368111827236135e+03,2.090856745893188133e+02,2.120400000000000000e+06,3.803400000000000114e-01,-9.765004340003292782e+02,1.000000000000000000e+00
1.461910852199197570e-03,4.552739348058987973e-03,8.830456800850160493e-01,-7.061267878815003840e+00,2.000000000000000000e+01,5.572573033559501815e-02,0.000000000000000000e+00,0.000000000000000000e+00,0.000000000000000000e+00,0.000000000000000000e+00,0.000000000000000000e+00,0.000000000000000000e+00,1.320000000000000000e+02,1.202614939431459561e+03,3.269185814167791477e+02,2.115400000000000000e+06,1.090099999999999958e-01,-6.719957999999942899e+01,1.000000000000000000e+00
2.061264585562730834e-03,3.957214633959052486e-03,1.081942492171806380e+00,-9.885749036459451133e+00,2.000000000000000000e+01,7.009601492442008031e-02,0.000000000000000000e+00,0.000000000000000000e+00,0.000000000000000000e+00,0.000000000000000000e+00,0.000000000000000000e+00,0.000000000000000000e+00,1.330000000000000000e+02,5.185422663093235087e+02,4.034883518976673713e+02,2.109600000000000000e+06,1.213499999999999995e-01,-6.243512100000049969e+01,1.000000000000000000e+00
1.573565024924711677e-03,4.853821622760150223e-03,1.027398723513551326e+00,-9.715654162341772704e+00,2.000000000000000000e+01,6.377686405003356318e-02,0.000000000000000000e+00,0.000000000000000000e+00,0.000000000000000000e+00,0.000000000000000000e+00,0.000000000000000000e+00,0.000000000000000000e+00,1.340000000000000000e+02,5.094378006251009197e+02,4.080103561833215622e+02,2.109600000000000000e+06,2.110200000000000131e-01,-2.060034000000184164e+02,1.000000000000000000e+00
1.542806429086259444e-03,3.962892371211734939e-03,9.469939877944452133e-01,-4.731078357289992375e+00,2.000000000000000000e+01,7.398370220916346274e-02,0.000000000000000000e+00,0.000000000000000000e+00,0.000000000000000000e+00,0.000000000000000000e+00,0.000000000000000000e+00,0.000000000000000000e+00,1.350000000000000000e+02,1.807838348065086393e+03,2.859515913417783963e+02,2.118000000000000000e+06,1.350999999999999979e-01,-9.818559699999693180e+01,1.000000000000000000e+00
2.003495346492576053e-03,3.443902217887917332e-03,7.962466650743589280e-01,-1.270764447289667975e+00,2.000000000000000000e+01,7.388458911047099398e-02,0.000000000000000000e+00,0.000000000000000000e+00,0.000000000000000000e+00,0.000000000000000000e+00,0.000000000000000000e+00,0.000000000000000000e+00,1.360000000000000000e+02,2.924502329925474896e+03,1.974719661657671850e+02,2.120700000000000000e+06,1.842499999999999971e-01,-2.894349449999945136e+02,1.000000000000000000e+00
1.543591753969240747e-03,4.140631471671474967e-03,1.064061433947897317e+00,-5.117881622003670472e+00,2.000000000000000000e+01,6.941923162844665374e-02,0.000000000000000000e+00,0.000000000000000000e+00,0.000000000000000000e+00,0.000000000000000000e+00,0.000000000000000000e+00,0.000000000000000000e+00,1.370000000000000000e+02,1.689480252103074690e+03,2.949680374833167207e+02,2.117200000000000000e+06,2.900499999999999745e-01,-2.908914839999989681e+02,1.000000000000000000e+00
1.564588956599733023e-03,4.630870510230079146e-03,9.791177968224603623e-01,-5.123013993696590163e+00,2.000000000000000000e+01,6.802736836583667124e-02,0.000000000000000000e+00,0.000000000000000000e+00,0.000000000000000000e+00,0.000000000000000000e+00,0.000000000000000000e+00,0.000000000000000000e+00,1.380000000000000000e+02,1.683263118657975383e+03,2.951001531126155442e+02,2.117200000000000000e+06,1.457900000000000029e-01,-1.039166640000031379e+02,1.000000000000000000e+00
1.748687217797329071e-03,4.983167199920516925e-03,9.877465311406394832e-01,-8.204340962194052622e+00,2.000000000000000000e+01,6.691803155028766548e-02,0.000000000000000000e+00,0.000000000000000000e+00,0.000000000000000000e+00,0.000000000000000000e+00,0.000000000000000000e+00,0.000000000000000000e+00,1.390000000000000000e+02,7.656417829614807715e+02,3.696175976543449906e+02,2.112300000000000000e+06,1.075600000000000028e-01,-6.331379999999934682e+01,1.000000000000000000e+00
1.736015350175882906e-03,4.779632774563133922e-03,8.969666191593312909e-01,-5.386834474059067901e+00,2.000000000000000000e+01,6.202491074957995620e-02,0.000000000000000000e+00,0.000000000000000000e+00,0.000000000000000000e+00,0.000000000000000000e+00,0.000000000000000000e+00,0.000000000000000000e+00,1.400000000000000000e+02,1.514327911079062687e+03,3.056489385868380850e+02,2.116600000000000000e+06,9.156200000000000450e-02,-5.198300100000049184e+01,1.000000000000000000e+00
1.486743143318011544e-03,5.118856625621347016e-03,8.830517450234658394e-01,-5.662107571788414617e+00,2.000000000000000000e+01,6.707875617035186089e-02,0.000000000000000000e+00,0.000000000000000000e+00,0.000000000000000000e+00,0.000000000000000000e+00,0.000000000000000000e+00,0.000000000000000000e+00,1.410000000000000000e+02,1.494693166041539143e+03,3.081584291418019461e+02,2.116300000000000000e+06,1.087000000000000050e-01,-6.914596499999744594e+01,1.000000000000000000e+00
1.597691672341881863e-03,4.192982724935498395e-03,8.298317052138756145e-01,-4.451208680317843225e+00,2.000000000000000000e+01,7.348127574188469124e-02,0.000000000000000000e+00,0.000000000000000000e+00,0.000000000000000000e+00,0.000000000000000000e+00,0.000000000000000000e+00,0.000000000000000000e+00,1.420000000000000000e+02,1.917838209916657661e+03,2.777909812021826497e+02,2.118300000000000000e+06,1.852800000000000002e-01,-2.294742360000202552e+02,1.000000000000000000e+00
1.707084319554643152e-03,3.935834898429121063e-03,9.004072091502185460e-01,-3.771069300276493674e+00,2.000000000000000000e+01,6.921189056316701116e-02,0.000000000000000000e+00,0.000000000000000000e+00,0.000000000000000000e+00,0.000000000000000000e+00,0.000000000000000000e+00,0.000000000000000000e+00,1.430000000000000000e+02,1.908020333400821301e+03,2.782511522887474484e+02,2.118200000000000000e+06,1.821000000000000119e-01,-1.955893109999870205e+02,1.000000000000000000e+00
1.971823698410610747e-03,4.467774019021980049e-03,9.918729429634975947e-01,-3.621116363584317099e+00,2.000000000000000000e+01,6.771232983193675725e-02,0.000000000000000000e+00,0.000000000000000000e+00,0.000000000000000000e+00,0.000000000000000000e+00,0.000000000000000000e+00,0.000000000000000000e+00,1.440000000000000000e+02,2.350104107117917920e+03,2.572221622869768112e+02,2.118800000000000000e+06,1.245300000000000018e-01,-9.643031100000203537e+01,1.000000000000000000e+00
1.548050796484944005e-03,4.476742451211926030e-03,1.060723608060003542e+00,-7.740657521719669809e+00,2.000000000000000000e+01,6.789866251127267549e-02,0.000000000000000000e+00,0.000000000000000000e+00,0.000000000000000000e+00,0.000000000000000000e+00,0.000000000000000000e+00,0.000000000000000000e+00,1.450000000000000000e+02,7.794977708544740835e+02,3.586750798512273377e+02,2.113300000000000000e+06,1.455700000000000049e-01,-8.823600000000159582e+01,1.000000000000000000e+00
1.714558380879569778e-03,3.755352127962277922e-03,6.926549886248769550e-01,-2.903871542972181086e+00,2.000000000000000000e+01,7.713036109052211209e-02,0.000000000000000000e+00,0.000000000000000000e+00,0.000000000000000000e+00,0.000000000000000000e+00,0.000000000000000000e+00,0.000000000000000000e+00,1.460000000000000000e+02,2.561142311669868377e+03,2.387512546617944906e+02,2.119600000000000000e+06,6.980799999999999506e-02,-5.247930599999981638e+01,1.000000000000000000e+00
1.275141716779992600e-03,2.806976572097200431e-03,8.360320695372627231e-01,-4.410139876879161314e+00,2.000000000000000000e+01,7.703216695720413454e-02,0.000000000000000000e+00,0.000000000000000000e+00,0.000000000000000000e+00,0.000000000000000000e+00,0.000000000000000000e+00,0.000000000000000000e+00,1.470000000000000000e+02,1.941326374927718007e+03,2.755185389247537273e+02,2.118400000000000000e+06,1.251500000000000112e-01,-1.080664350000047875e+02,1.000000000000000000e+00
1.526375223757276550e-03,4.476622878222789176e-03,8.368531132949685869e-01,-4.316160175079893691e+00,2.000000000000000000e+01,7.365855339070938312e-02,0.000000000000000000e+00,0.000000000000000000e+00,0.000000000000000000e+00,0.000000000000000000e+00,0.000000000000000000e+00,0.000000000000000000e+00,1.480000000000000000e+02,1.945797238193614930e+03,2.743636560795744685e+02,2.118300000000000000e+06,1.627699999999999980e-01,-1.725917310000133682e+02,1.000000000000000000e+00
1.573344876824765096e-03,4.949471301520387209e-03,9.179960620820278860e-01,-5.793061845896613882e+00,2.000000000000000000e+01,7.133047133965825237e-02,0.000000000000000000e+00,0.000000000000000000e+00,0.000000000000000000e+00,0.000000000000000000e+00,0.000000000000000000e+00,0.000000000000000000e+00,1.490000000000000000e+02,1.440497757372925435e+03,3.131625211869663872e+02,2.116100000000000000e+06,1.082700000000000051e-01,-6.992459799999835468e+01,1.000000000000000000e+00
1.440317352439510288e-03,4.665303502789864415e-03,8.425687351376138778e-01,-5.774008576720019548e+00,2.000000000000000000e+01,7.264538317855204208e-02,0.000000000000000000e+00,0.000000000000000000e+00,0.000000000000000000e+00,0.000000000000000000e+00,0.000000000000000000e+00,0.000000000000000000e+00,1.500000000000000000e+02,1.479939828394470396e+03,3.116316744419464158e+02,2.116700000000000000e+06,2.810000000000000275e-01,-4.447199999999727993e+02,1.000000000000000000e+00
1.492126815586918617e-03,4.756363939930364007e-03,8.291527523711090808e-01,-5.783802630697406855e+00,2.000000000000000000e+01,6.709415371088379987e-02,0.000000000000000000e+00,0.000000000000000000e+00,0.000000000000000000e+00,0.000000000000000000e+00,0.000000000000000000e+00,0.000000000000000000e+00,1.510000000000000000e+02,1.468862186107190837e+03,3.119436791737989552e+02,2.116300000000000000e+06,1.064500000000000030e-01,-7.494763099999809697e+01,1.000000000000000000e+00
1.568844387578549344e-03,4.571527558965885439e-03,7.436863584502809710e-01,-4.012423788835711491e+00,2.000000000000000000e+01,7.437428643951608798e-02,0.000000000000000000e+00,0.000000000000000000e+00,0.000000000000000000e+00,0.000000000000000000e+00,0.000000000000000000e+00,0.000000000000000000e+00,1.520000000000000000e+02,2.121673250976110921e+03,2.672591830354676290e+02,2.118600000000000000e+06,1.325900000000000134e-01,-1.491072999999986450e+02,1.000000000000000000e+00
1.459951224509742525e-03,4.100014580331675859e-03,9.176485390704497425e-01,-5.250128664449827731e+00,2.000000000000000000e+01,7.445398341332851166e-02,0.000000000000000000e+00,0.000000000000000000e+00,0.000000000000000000e+00,0.000000000000000000e+00,0.000000000000000000e+00,0.000000000000000000e+00,1.530000000000000000e+02,1.639424467185499452e+03,2.986735567823744191e+02,2.117400000000000000e+06,1.148600000000000038e-01,-7.197849300000166295e+01,1.000000000000000000e+00
1.562428477406340409e-03,4.476526343762918941e-03,8.678550045109764133e-01,-4.191198329094086183e+00,2.000000000000000000e+01,7.361947886314265665e-02,0.000000000000000000e+00,0.000000000000000000e+00,0.000000000000000000e+00,0.000000000000000000e+00,0.000000000000000000e+00,0.000000000000000000e+00,1.540000000000000000e+02,2.000261024001912574e+03,2.719637228306348788e+02,2.118500000000000000e+06,1.628799999999999970e-01,-1.658333950000030370e+02,1.000000000000000000e+00
1.552953140615376693e-03,4.998850346130873958e-03,8.151983795990391801e-01,-3.892893818406862660e+00,2.000000000000000000e+01,7.832256863314496220e-02,0.000000000000000000e+00,0.000000000000000000e+00,0.000000000000000000e+00,0.000000000000000000e+00,0.000000000000000000e+00,0.000000000000000000e+00,1.550000000000000000e+02,2.078320772987008695e+03,2.687638254785567824e+02,2.118700000000000000e+06,2.664099999999999802e-01,-4.482887999999788349e+02,1.000000000000000000e+00
1.643942167137625371e-03,4.406522315756804774e-03,9.651534409167316086e-01,-3.889486983524924835e+00,2.000000000000000000e+01,7.398651022718766290e-02,0.000000000000000000e+00,0.000000000000000000e+00,0.000000000000000000e+00,0.000000000000000000e+00,0.000000000000000000e+00,0.000000000000000000e+00,1.560000000000000000e+02,2.078320772987008695e+03,2.687638254785567824e+02,2.118700000000000000e+06,2.664099999999999802e-01,-4.482887999999788349e+02,1.000000000000000000e+00
1.947136527981763914e-03,4.117440035229211030e-03,9.059338434607294710e-01,-4.120942861430350490e+00,2.000000000000000000e+01,7.760743180571738620e-02,0.000000000000000000e+00,0.000000000000000000e+00,0.000000000000000000e+00,0.000000000000000000e+00,0.000000000000000000e+00,0.000000000000000000e+00,1.570000000000000000e+02,2.078320772987008695e+03,2.687638254785567824e+02,2.118700000000000000e+06,2.664099999999999802e-01,-4.482887999999788349e+02,1.000000000000000000e+00
1.516485660801950193e-03,4.815503636026110743e-03,8.324863413035070714e-01,-4.183198392533943988e+00,2.000000000000000000e+01,7.307220557451077347e-02,0.000000000000000000e+00,0.000000000000000000e+00,0.000000000000000000e+00,0.000000000000000000e+00,0.000000000000000000e+00,0.000000000000000000e+00,1.580000000000000000e+02,2.013490683380002565e+03,2.717945410222927762e+02,2.118400000000000000e+06,2.176700000000000024e-01,-2.913227450000408680e+02,1.000000000000000000e+00
1.718673256585770415e-03,4.047803150670887216e-03,8.094406818091181011e-01,-4.514288321424775319e+00,2.000000000000000000e+01,8.382398642041628822e-02,0.000000000000000000e+00,0.000000000000000000e+00,0.000000000000000000e+00,0.000000000000000000e+00,0.000000000000000000e+00,0.000000000000000000e+00,1.590000000000000000e+02,2.110017180270497192e+03,2.677244132268357930e+02,2.118800000000000000e+06,2.190499999999999947e-01,-3.910698659999764573e+02,1.000000000000000000e+00
1.503736085941273937e-03,4.565055143801456140e-03,7.340813490946322961e-01,-4.494037196503063214e+00,2.000000000000000000e+01,7.313247659466345918e-02,0.000000000000000000e+00,0.000000000000000000e+00,0.000000000000000000e+00,0.000000000000000000e+00,0.000000000000000000e+00,0.000000000000000000e+00,1.600000000000000000e+02,1.902352946271907513e+03,2.791092271147583119e+02,2.118200000000000000e+06,2.483799999999999897e-01,-4.556588369999611245e+02,1.000000000000000000e+00
1.846791144175251136e-03,4.019934858649360128e-03,9.026574836769342136e-01,-3.933773729155974230e+00,2.000000000000000000e+01,7.302105470447564639e-02,0.000000000000000000e+00,0.000000000000000000e+00,0.000000000000000000e+00,0.000000000000000000e+00,0.000000000000000000e+00,0.000000000000000000e+00,1.610000000000000000e+02,2.129045528979148003e+03,2.648111458494413455e+02,2.118800000000000000e+06,2.447999999999999898e-01,-3.676781239999805848e+02,1.000000000000000000e+00
1.286686495265997911e-03,3.621740523724234148e-03,8.506574791050086626e-01,-5.497653200693283893e+00,2.000000000000000000e+01,7.491602587440392147e-02,0.000000000000000000e+00,0.000000000000000000e+00,0.000000000000000000e+00,0.000000000000000000e+00,0.000000000000000000e+00,0.000000000000000000e+00,1.620000000000000000e+02,1.545460234313713272e+03,3.045293606489464082e+02,2.117100000000000000e+06,1.023700000000000027e-01,-5.842979999999906227e+01,1.000000000000000000e+00
1.300705996543969614e-03,3.487726401057428174e-03,8.575237851382119247e-01,-5.588589685683507113e+00,2.000000000000000000e+01,7.334169170684065597e-02,0.000000000000000000e+00,0.000000000000000000e+00,0.000000000000000000e+00,0.000000000000000000e+00,0.000000000000000000e+00,0.000000000000000000e+00,1.630000000000000000e+02,1.527740664328367302e+03,3.063120828037978640e+02,2.117000000000000000e+06,1.852900000000000102e-01,-1.835291439999881220e+02,1.000000000000000000e+00
1.720501316936132652e-03,4.833981257517677536e-03,1.123476865736029229e+00,-9.848484325230163705e+00,2.000000000000000000e+01,7.292888903456423710e-02,0.000000000000000000e+00,0.000000000000000000e+00,0.000000000000000000e+00,0.000000000000000000e+00,0.000000000000000000e+00,0.000000000000000000e+00,1.640000000000000000e+02,5.758009066653413583e+02,3.992625432832481920e+02,2.110400000000000000e+06,1.539500000000000035e-01,-1.162981319999963716e+02,1.000000000000000000e+00
1.580262302132856090e-03,6.096599702127090264e-03,8.446661810022465522e-01,-5.918265234370287509e+00,2.000000000000000000e+01,7.871339402914444283e-02,0.000000000000000000e+00,0.000000000000000000e+00,0.000000000000000000e+00,0.000000000000000000e+00,0.000000000000000000e+00,0.000000000000000000e+00,1.650000000000000000e+02,1.089348968946178275e+03,3.363036829626310009e+02,2.114700000000000000e+06,1.142800000000000066e-01,-7.243900000000138562e+01,1.000000000000000000e+00
1.485329406354420241e-03,4.403621919913142113e-03,1.021932065294750336e+00,-7.045961664686945625e+00,2.000000000000000000e+01,6.824343849828656827e-02,0.000000000000000000e+00,0.000000000000000000e+00,0.000000000000000000e+00,0.000000000000000000e+00,0.000000000000000000e+00,0.000000000000000000e+00,1.660000000000000000e+02,9.742777713407143665e+02,3.426727165427710702e+02,2.114500000000000000e+06,1.637500000000000067e-01,-1.124639999999932201e+02,1.000000000000000000e+00
1.506118307930596253e-03,4.786480960950722716e-03,1.232660389958819769e+00,-6.943800161698903572e+00,2.000000000000000000e+01,7.212046875770196375e-02,0.000000000000000000e+00,0.000000000000000000e+00,0.000000000000000000e+00,0.000000000000000000e+00,0.000000000000000000e+00,0.000000000000000000e+00,1.670000000000000000e+02,1.044233444610216793e+03,3.394816100095214892e+02,2.115100000000000000e+06,2.994700000000000140e-01,-2.686201999999688041e+02,1.000000000000000000e+00
1.663964609049817288e-03,4.175915411726674117e-03,8.682928302948396126e-01,-4.293291996215257811e+00,2.000000000000000000e+01,6.705671798844578535e-02,0.000000000000000000e+00,0.000000000000000000e+00,0.000000000000000000e+00,0.000000000000000000e+00,0.000000000000000000e+00,0.000000000000000000e+00,1.680000000000000000e+02,1.952798473463207301e+03,2.744308757094406133e+02,2.118400000000000000e+06,1.802199999999999913e-01,-2.107033740000062494e+02,1.000000000000000000e+00
1.589869712102725575e-03,4.104571970061010253e-03,8.189596845449311768e-01,-5.892700662885081542e+00,2.000000000000000000e+01,7.848795781618106426e-02,0.000000000000000000e+00,0.000000000000000000e+00,0.000000000000000000e+00,0.000000000000000000e+00,0.000000000000000000e+00,0.000000000000000000e+00,1.690000000000000000e+02,1.614290721101293002e+03,2.999808825796274050e+02,2.117200000000000000e+06,1.456300000000000094e-01,-1.239831359999996039e+02,1.000000000000000000e+00
1.548836027997124633e-03,4.201961194235949090e-03,8.594484262791741713e-01,-4.302553109528220787e+00,2.000000000000000000e+01,7.443034907792613064e-02,0.000000000000000000e+00,0.000000000000000000e+00,0.000000000000000000e+00,0.000000000000000000e+00,0.000000000000000000e+00,0.000000000000000000e+00,1.700000000000000000e+02,1.979830034982458983e+03,2.740795313705615399e+02,2.118400000000000000e+06,1.203100000000000003e-01,-9.417859199999809050e+01,1.000000000000000000e+00
1.552726240737280954e-03,3.450750875732005833e-03,1.191791981718973048e+00,-1.145735379720718861e+01,2.000000000000000000e+01,8.141309616959609141e-02,0.000000000000000000e+00,0.000000000000000000e+00,0.000000000000000000e+00,0.000000000000000000e+00,0.000000000000000000e+00,0.000000000000000000e+00,1.710000000000000000e+02,4.924875527955774146e+02,4.171231153306493979e+02,2.108100000000000000e+06,1.192799999999999971e-01,-5.376414300000040924e+01,1.000000000000000000e+00
1.585249775672558899e-03,4.495051115795341973e-03,8.313797855003874915e-01,-4.192325850933903197e+00,2.000000000000000000e+01,7.349950795870846543e-02,0.000000000000000000e+00,0.000000000000000000e+00,0.000000000000000000e+00,0.000000000000000000e+00,0.000000000000000000e+00,0.000000000000000000e+00,1.720000000000000000e+02,2.006958786548797207e+03,2.719872534419325802e+02,2.118500000000000000e+06,1.796699999999999964e-01,-2.150303100000151346e+02,1.000000000000000000e+00
1.577748559343302055e-03,4.738851582032439259e-03,7.170676542587248736e-01,-3.923547761262239142e+00,2.000000000000000000e+01,7.448061167246274039e-02,0.000000000000000000e+00,0.000000000000000000e+00,0.000000000000000000e+00,0.000000000000000000e+00,0.000000000000000000e+00,0.000000000000000000e+00,1.730000000000000000e+02,1.929722514319393667e+03,2.773990590210461278e+02,2.118300000000000000e+06,1.845299999999999996e-01,-2.219493099999844787e+02,1.000000000000000000e+00
1.555741625228308821e-03,4.496813517418411614e-03,8.957625705110240366e-01,-4.332281390816575595e+00,2.000000000000000000e+01,6.621035235669647800e-02,0.000000000000000000e+00,0.000000000000000000e+00,0.000000000000000000e+00,0.000000000000000000e+00,0.000000000000000000e+00,0.000000000000000000e+00,1.740000000000000000e+02,1.932264244162753357e+03,2.767560406210117776e+02,2.118300000000000000e+06,1.962899999999999923e-01,-2.131473999999906255e+02,1.000000000000000000e+00
1.397661781136328059e-03,4.104125392333164354e-03,9.989892833164977226e-01,-6.253846802954813100e+00,2.000000000000000000e+01,7.260301710885536108e-02,0.000000000000000000e+00,0.000000000000000000e+00,0.000000000000000000e+00,0.000000000000000000e+00,0.000000000000000000e+00,0.000000000000000000e+00,1.750000000000000000e+02,1.290182558349081546e+03,3.234233569377431081e+02,2.116100000000000000e+06,2.472900000000000098e-01,-2.565796000000134995e+02,1.000000000000000000e+00
1.623621516136944821e-03,4.032793554976299086e-03,9.542480643842696786e-01,-6.717149388529443321e+00,2.000000000000000000e+01,6.265245891779749887e-02,0.000000000000000000e+00,0.000000000000000000e+00,0.000000000000000000e+00,0.000000000000000000e+00,0.000000000000000000e+00,0.000000000000000000e+00,1.760000000000000000e+02,1.273606465017445544e+03,3.246164209046815472e+02,2.115700000000000000e+06,1.403200000000000003e-01,-1.061896889999982108e+02,1.000000000000000000e+00
1.525163994994237996e-03,5.253507254667432250e-03,9.609289920628886206e-01,-8.468152323782135227e+00,2.000000000000000000e+01,7.342510028230579688e-02,0.000000000000000000e+00,0.000000000000000000e+00,0.000000000000000000e+00,0.000000000000000000e+00,0.000000000000000000e+00,0.000000000000000000e+00,1.770000000000000000e+02,7.252740053327808027e+02,3.752010272920794591e+02,2.112400000000000000e+06,1.529600000000000126e-01,-1.219992000000077894e+02,1.000000000000000000e+00
1.700931473565872208e-03,4.931051638110936150e-03,9.975178667278580269e-01,-9.189612757053188474e+00,2.000000000000000000e+01,6.282684329562422676e-02,0.000000000000000000e+00,0.000000000000000000e+00,0.000000000000000000e+00,0.000000000000000000e+00,0.000000000000000000e+00,0.000000000000000000e+00,1.780000000000000000e+02,7.175248693499904675e+02,3.773531252486714607e+02,2.111700000000000000e+06,1.058299999999999935e-01,-6.995669999999986999e+01,1.000000000000000000e+00
1.609340827317411312e-03,3.457661511498331865e-03,8.673759710732714678e-01,-8.678163044819759975e+00,2.000000000000000000e+01,7.033590999047598102e-02,0.000000000000000000e+00,0.000000000000000000e+00,0.000000000000000000e+00,0.000000000000000000e+00,0.000000000000000000e+00,0.000000000000000000e+00,1.790000000000000000e+02,6.415311666675048627e+02,3.802811885080877801e+02,2.111800000000000000e+06,9.247500000000000164e-02,-5.016760000000090969e+01,1.000000000000000000e+00
2.170225071672552460e-03,4.917346300731670859e-03,1.134317691325986699e+00,-9.322485490459408553e+00,2.000000000000000000e+01,6.272292851274810510e-02,0.000000000000000000e+00,0.000000000000000000e+00,0.000000000000000000e+00,0.000000000000000000e+00,0.000000000000000000e+00,0.000000000000000000e+00,1.800000000000000000e+02,6.415119352658675780e+02,3.851271525713251549e+02,2.111000000000000000e+06,1.184599999999999959e-01,-6.902240000000006148e+01,1.000000000000000000e+00
1.552592867029483573e-03,4.825272515614011798e-03,1.081983076420670820e+00,-9.097039160452759177e+00,2.000000000000000000e+01,7.327351507194648783e-02,0.000000000000000000e+00,0.000000000000000000e+00,0.000000000000000000e+00,0.000000000000000000e+00,0.000000000000000000e+00,0.000000000000000000e+00,1.810000000000000000e+02,6.015860416070611336e+02,3.893803375153383399e+02,2.111300000000000000e+06,1.574299999999999866e-01,-1.027574950000024785e+02,1.000000000000000000e+00
1.531495257941472773e-03,3.769653454258527041e-03,8.557875880127757684e-01,-6.094029547970093219e+00,2.000000000000000000e+01,7.705412016222527860e-02,0.000000000000000000e+00,0.000000000000000000e+00,0.000000000000000000e+00,0.000000000000000000e+00,0.000000000000000000e+00,0.000000000000000000e+00,1.820000000000000000e+02,1.478261034822813144e+03,3.130635228137256831e+02,2.116600000000000000e+06,9.317499999999999394e-02,-5.576670000000076755e+01,1.000000000000000000e+00
1.837119815355125118e-03,5.562776983383627312e-03,1.127846750811414944e+00,-1.017369078372364122e+01,2.000000000000000000e+01,7.494105529181184500e-02,0.000000000000000000e+00,0.000000000000000000e+00,0.000000000000000000e+00,0.000000000000000000e+00,0.000000000000000000e+00,0.000000000000000000e+00,1.830000000000000000e+02,5.057049051858154485e+02,4.154296204072123828e+02,2.108800000000000000e+06,1.805400000000000060e-01,-1.798991789999924720e+02,1.000000000000000000e+00
1.749084438159808057e-03,4.907992670566792975e-03,7.904338947019198258e-01,-3.925976591283475869e+00,2.000000000000000000e+01,6.086464312578464264e-02,0.000000000000000000e+00,0.000000000000000000e+00,0.000000000000000000e+00,0.000000000000000000e+00,0.000000000000000000e+00,0.000000000000000000e+00,1.840000000000000000e+02,2.139574484977112661e+03,2.648973670563357246e+02,2.118500000000000000e+06,9.307300000000000295e-02,-6.749535099999927468e+01,1.000000000000000000e+00
2.061684902623654898e-03,4.143959357237823535e-03,1.005136969990744866e+00,-3.550400064094322516e+00,2.000000000000000000e+01,7.196841360336231341e-02,0.000000000000000000e+00,0.000000000000000000e+00,0.000000000000000000e+00,0.000000000000000000e+00,0.000000000000000000e+00,0.000000000000000000e+00,1.850000000000000000e+02,2.427047893447861043e+03,2.555527352390712110e+02,2.119200000000000000e+06,5.298699999999999521e-01,-1.416243465000454989e+03,1.000000000000000000e+00
1.580059756625018475e-03,4.046690215190548029e-03,8.343144023828354960e-01,-4.294142727968742967e+00,2.000000000000000000e+01,6.085286388374296085e-02,0.000000000000000000e+00,0.000000000000000000e+00,0.000000000000000000e+00,0.000000000000000000e+00,0.000000000000000000e+00,0.000000000000000000e+00,1.860000000000000000e+02,1.981100896197467819e+03,2.741730364614218729e+02,2.118400000000000000e+06,1.913300000000000001e-01,-2.023896529999949507e+02,1.000000000000000000e+00
1.427068864902318254e-03,4.276575770454027307e-03,7.949106338058584686e-01,-4.353754874583747103e+00,2.000000000000000000e+01,6.771101784591777861e-02,0.000000000000000000e+00,0.000000000000000000e+00,0.000000000000000000e+00,0.000000000000000000e+00,0.000000000000000000e+00,0.000000000000000000e+00,1.870000000000000000e+02,1.971019950508428792e+03,2.752068076301525252e+02,2.118100000000000000e+06,1.237100000000000005e-01,-1.018885140000042355e+02,1.000000000000000000e+00
1.786612950312390117e-03,4.785197069088442147e-03,1.155487089205119222e+00,-1.105855536799834304e+01,2.000000000000000000e+01,7.223403079202050936e-02,0.000000000000000000e+00,0.000000000000000000e+00,0.000000000000000000e+00,0.000000000000000000e+00,0.000000000000000000e+00,0.000000000000000000e+00,1.880000000000000000e+02,5.311838795135739701e+02,4.064350302352636959e+02,2.109700000000000000e+06,1.715599999999999903e-01,-1.504169859999991843e+02,1.000000000000000000e+00
1.641714758465482541e-03,4.592637869285678270e-03,1.262677442118553373e+00,-8.569545667172034698e+00,2.000000000000000000e+01,7.014759165863602985e-02,0.000000000000000000e+00,0.000000000000000000e+00,0.000000000000000000e+00,0.000000000000000000e+00,0.000000000000000000e+00,0.000000000000000000e+00,1.890000000000000000e+02,5.379489070172675156e+02,4.047879050677094597e+02,2.109900000000000000e+06,1.777199999999999891e-01,-1.599530129999949679e+02,1.000000000000000000e+00
1.545352395661300435e-03,4.004977338594127405e-03,8.094685936073944266e-01,-4.223774399774737454e+00,2.000000000000000000e+01,7.449311256004934045e-02,0.000000000000000000e+00,0.000000000000000000e+00,0.000000000000000000e+00,0.000000000000000000e+00,0.000000000000000000e+00,0.000000000000000000e+00,1.900000000000000000e+02,2.001841009012973018e+03,2.726122422181746856e+02,2.118500000000000000e+06,1.228800000000000031e-01,-1.097979999999967760e+02,1.000000000000000000e+00
1.545298747331963962e-03,3.964834798098936311e-03,8.214847036293263516e-01,-4.747126498304799824e+00,2.000000000000000000e+01,7.334013799796437749e-02,0.000000000000000000e+00,0.000000000000000000e+00,0.000000000000000000e+00,0.000000000000000000e+00,0.000000000000000000e+00,0.000000000000000000e+00,1.910000000000000000e+02,1.830336288862354650e+03,2.863508935757477047e+02,2.118000000000000000e+06,2.024799999999999933e-01,-2.656369999999898823e+02,1.000000000000000000e+00
1.608303721613860409e-03,5.376226666088283063e-03,1.034320050481320363e+00,-6.644791882035959496e+00,2.000000000000000000e+01,6.774592805030307807e-02,0.000000000000000000e+00,0.000000000000000000e+00,0.000000000000000000e+00,0.000000000000000000e+00,0.000000000000000000e+00,0.000000000000000000e+00,1.920000000000000000e+02,1.191128428988607538e+03,3.331636727030632414e+02,2.114800000000000000e+06,1.376100000000000101e-01,-8.645679999999899223e+01,1.000000000000000000e+00
1.484944235013059555e-03,4.449756505021471714e-03,1.095730972488611066e+00,-6.373057983826823758e+00,2.000000000000000000e+01,7.242097296276558960e-02,0.000000000000000000e+00,0.000000000000000000e+00,0.000000000000000000e+00,0.000000000000000000e+00,0.000000000000000000e+00,0.000000000000000000e+00,1.930000000000000000e+02,1.239970250548143895e+03,3.266539681368097376e+02,2.115900000000000000e+06,2.618199999999999972e-01,-2.553704999999801544e+02,1.000000000000000000e+00
2.243709773924968797e-03,4.494445206415260442e-03,1.075588163550288856e+00,-9.549267896192361604e+00,2.000000000000000000e+01,6.505704273067118570e-02,0.000000000000000000e+00,0.000000000000000000e+00,0.000000000000000000e+00,0.000000000000000000e+00,0.000000000000000000e+00,0.000000000000000000e+00,1.940000000000000000e+02,7.696313471441936827e+02,3.719384300440617039e+02,2.112100000000000000e+06,1.130099999999999993e-01,-7.202099200000087365e+01,1.000000000000000000e+00
1.817703947764144233e-03,4.890535516240481460e-03,9.997925235803390986e-01,-9.924604072300748925e+00,2.000000000000000000e+01,6.990962147153745310e-02,0.000000000000000000e+00,0.000000000000000000e+00,0.000000000000000000e+00,0.000000000000000000e+00,0.000000000000000000e+00,0.000000000000000000e+00,1.950000000000000000e+02,7.684655754382522446e+02,3.735660941284513115e+02,2.112000000000000000e+06,1.059400000000000064e-01,-7.035839999999949157e+01,1.000000000000000000e+00
1.954169577847870640e-03,3.658632070133760981e-03,9.027941869517088769e-01,-1.657148973833172168e+00,2.000000000000000000e+01,7.488832728453810594e-02,0.000000000000000000e+00,0.000000000000000000e+00,0.000000000000000000e+00,0.000000000000000000e+00,0.000000000000000000e+00,0.000000000000000000e+00,1.960000000000000000e+02,2.884343484558053206e+03,2.071109635174884431e+02,2.120400000000000000e+06,1.078599999999999975e-01,-8.578016100000054678e+01,1.000000000000000000e+00
1.780337104542115958e-03,5.242359387945051338e-03,1.010692810189040891e+00,-5.881164809036288688e+00,2.000000000000000000e+01,7.427231506438573827e-02,0.000000000000000000e+00,0.000000000000000000e+00,0.000000000000000000e+00,0.000000000000000000e+00,0.000000000000000000e+00,0.000000000000000000e+00,1.970000000000000000e+02,1.365940099830588224e+03,3.189846047229667647e+02,2.115700000000000000e+06,1.112299999999999955e-01,-6.859019699999920761e+01,1.000000000000000000e+00
1.807429703361155930e-03,4.033340075008972833e-03,9.036835689340138034e-01,-3.958238432550869490e+00,2.000000000000000000e+01,7.379826766440875097e-02,0.000000000000000000e+00,0.000000000000000000e+00,0.000000000000000000e+00,0.000000000000000000e+00,0.000000000000000000e+00,0.000000000000000000e+00,1.980000000000000000e+02,2.144913935302969549e+03,2.655459676804838978e+02,2.118800000000000000e+06,1.549999999999999989e-01,-1.618460709999914116e+02,1.000000000000000000e+00
1.577748559343302055e-03,4.738851582032439259e-03,7.170676542587248736e-01,-3.923547761262239142e+00,2.000000000000000000e+01,7.448061167246274039e-02,0.000000000000000000e+00,0.000000000000000000e+00,0.000000000000000000e+00,0.000000000000000000e+00,0.000000000000000000e+00,0.000000000000000000e+00,1.990000000000000000e+02,2.175798410259763386e+03,2.645117429953913870e+02,2.118700000000000000e+06,1.303799999999999959e-01,-1.543809999999883757e+02,1.000000000000000000e+00
