1.754292584378966185e-03,5.460082313022853080e-03,4.151099799058035611e-01,2.745420123217523489e+00,2.000000000000000000e+01,7.058188915907291638e-02,0.000000000000000000e+00,0.000000000000000000e+00,0.000000000000000000e+00,0.000000000000000000e+00,0.000000000000000000e+00,0.000000000000000000e+00,0.000000000000000000e+00,5.213096503396264779e+03,1.381830716020471641e+02,2.119600000000000000e+06,3.749399999999999955e-01,-1.650653526000441161e+03,1.000000000000000000e+00
2.818814980415473848e-03,2.621213479901650378e-03,6.924979575673999577e-01,2.582040402789300249e+00,2.000000000000000000e+01,7.444284873751030873e-02,0.000000000000000000e+00,0.000000000000000000e+00,0.000000000000000000e+00,0.000000000000000000e+00,0.000000000000000000e+00,0.000000000000000000e+00,1.000000000000000000e+00,4.048339414558228782e+03,1.381831787727977598e+02,2.120200000000000000e+06,2.472300000000000053e-01,-7.476954189999383971e+02,1.000000000000000000e+00
2.180466121876323098e-03,2.856268282066567500e-03,5.805494018073574791e-01,2.597416270252152160e+00,2.000000000000000000e+01,7.629849607380176368e-02,0.000000000000000000e+00,0.000000000000000000e+00,0.000000000000000000e+00,0.000000000000000000e+00,0.000000000000000000e+00,0.000000000000000000e+00,2.000000000000000000e+00,4.047332589036115678e+03,1.381836158305488027e+02,2.120000000000000000e+06,1.088800000000000046e-01,-1.956195640000134404e+02,1.000000000000000000e+00
2.875348019608957046e-03,3.621646336837861489e-03,7.336000255740119380e-01,2.912504205932989088e+00,2.000000000000000000e+01,7.757405765114429308e-02,0.000000000000000000e+00,0.000000000000000000e+00,0.000000000000000000e+00,0.000000000000000000e+00,0.000000000000000000e+00,0.000000000000000000e+00,3.000000000000000000e+00,4.004044980366723394e+03,1.381861730787641989e+02,2.120100000000000000e+06,2.925699999999999967e-01,-8.942352999998099676e+02,1.000000000000000000e+00
2.435926518106031752e-03,2.485623805170088328e-03,6.930746787678462306e-01,2.560185324778462945e+00,2.000000000000000000e+01,7.476803549699159723e-02,0.000000000000000000e+00,0.000000000000000000e+00,0.000000000000000000e+00,0.000000000000000000e+00,0.000000000000000000e+00,0.000000000000000000e+00,4.000000000000000000e+00,3.925392870184532512e+03,1.381872107507784619e+02,2.120100000000000000e+06,1.805499999999999883e-01,-3.839135999999641626e+02,1.000000000000000000e+00
2.240015501923508113e-03,2.021292679898404991e-03,6.729738171238623945e-01,2.542856608707205091e+00,2.000000000000000000e+01,7.474893447481276154e-02,0.000000000000000000e+00,0.000000000000000000e+00,0.000000000000000000e+00,0.000000000000000000e+00,0.000000000000000000e+00,0.000000000000000000e+00,5.000000000000000000e+00,3.839516952180064891e+03,1.381943825659437550e+02,2.120200000000000000e+06,2.019299999999999984e-01,-4.619647290000394264e+02,1.000000000000000000e+00
2.258795255652087247e-03,2.526413045395953846e-03,6.349097996049188897e-01,2.526007263915455603e+00,2.000000000000000000e+01,7.417938440216748086e-02,0.000000000000000000e+00,0.000000000000000000e+00,0.000000000000000000e+00,0.000000000000000000e+00,0.000000000000000000e+00,0.000000000000000000e+00,6.000000000000000000e+00,3.821313678321442694e+03,1.382048072826079590e+02,2.120200000000000000e+06,2.841000000000000192e-01,-9.114311999998543570e+02,1.000000000000000000e+00
1.682716783756623737e-03,2.825920294964012411e-03,7.163503185945708784e-01,2.759016074528851004e+00,2.000000000000000000e+01,7.275716587371573729e-02,0.000000000000000000e+00,0.000000000000000000e+00,0.000000000000000000e+00,0.000000000000000000e+00,0.000000000000000000e+00,0.000000000000000000e+00,7.000000000000000000e+00,3.656475113957780195e+03,1.383378599124786206e+02,2.120000000000000000e+06,3.712900000000000089e-01,-1.015802700000412756e+03,1.000000000000000000e+00
2.240692702911227345e-03,2.443613714412289604e-03,6.578594573488559805e-01,2.221268348575228480e+00,2.000000000000000000e+01,7.489239496030036802e-02,0.000000000000000000e+00,0.000000000000000000e+00,0.000000000000000000e+00,0.000000000000000000e+00,0.000000000000000000e+00,0.000000000000000000e+00,8.000000000000000000e+00,3.599429343088458154e+03,1.388570124589804209e+02,2.120300000000000000e+06,1.945300000000000085e-01,-3.813456000000185782e+02,1.000000000000000000e+00
1.844028989907262441e-03,2.584339452899943410e-03,6.787026338826911420e-01,2.921743183165885327e+00,2.000000000000000000e+01,7.403095063104681017e-02,0.000000000000000000e+00,0.000000000000000000e+00,0.000000000000000000e+00,0.000000000000000000e+00,0.000000000000000000e+00,0.000000000000000000e+00,9.000000000000000000e+00,3.646879458857806185e+03,1.388203633440481326e+02,2.119800000000000000e+06,2.090500000000000136e-01,-4.222168230000277163e+02,1.000000000000000000e+00
1.527286800156380702e-03,3.041917925841754276e-03,6.943342456329872903e-01,2.061913368502294563e+00,2.000000000000000000e+01,7.497114851599884222e-02,0.000000000000000000e+00,0.000000000000000000e+00,0.000000000000000000e+00,0.000000000000000000e+00,0.000000000000000000e+00,0.000000000000000000e+00,1.000000000000000000e+01,3.522838432448312687e+03,1.392088616301796549e+02,2.120300000000000000e+06,1.440800000000000136e-01,-1.738260370000043906e+02,1.000000000000000000e+00
5.831585581288110335e-04,3.351037987835098295e-03,4.065332017140239618e-01,1.795447896390140796e+00,2.000000000000000000e+01,7.389331859883577214e-02,0.000000000000000000e+00,0.000000000000000000e+00,0.000000000000000000e+00,0.000000000000000000e+00,0.000000000000000000e+00,0.000000000000000000e+00,1.100000000000000000e+01,3.345099435783400168e+03,1.414068934349543554e+02,2.120300000000000000e+06,8.417499999999999982e-02,-5.607500700000161942e+01,1.000000000000000000e+00
5.831585581288110335e-04,3.351037987835098295e-03,4.065332017140239618e-01,1.795447896390140796e+00,2.000000000000000000e+01,7.389331859883577214e-02,0.000000000000000000e+00,0.000000000000000000e+00,0.000000000000000000e+00,0.000000000000000000e+00,0.000000000000000000e+00,0.000000000000000000e+00,1.200000000000000000e+01,3.136955372256606552e+03,1.416325693824117593e+02,2.120400000000000000e+06,1.861899999999999944e-01,-3.128130009999732692e+02,1.000000000000000000e+00
1.046479722071560862e-03,1.728752429147305432e-03,6.787168617105686641e-01,1.655577233652288260e+00,2.000000000000000000e+01,6.671379656136541825e-02,0.000000000000000000e+00,0.000000000000000000e+00,0.000000000000000000e+00,0.000000000000000000e+00,0.000000000000000000e+00,0.000000000000000000e+00,1.300000000000000000e+01,2.693477153903168073e+03,1.429124065855195056e+02,2.120500000000000000e+06,8.649199999999999944e-02,-5.310244099999818701e+01,1.000000000000000000e+00
1.516219261959642420e-03,3.571232963016049422e-03,1.295634179860691848e+00,-2.666070593773766984e+00,2.000000000000000000e+01,7.233978081856222431e-02,0.000000000000000000e+00,0.000000000000000000e+00,0.000000000000000000e+00,0.000000000000000000e+00,0.000000000000000000e+00,0.000000000000000000e+00,1.400000000000000000e+01,2.138525539714312345e+03,2.328060969016137278e+02,2.119900000000000000e+06,2.689400000000000124e-01,-2.010708070000181351e+02,1.000000000000000000e+00
1.472081836764837625e-03,3.472329233192144107e-03,1.277086818796639101e+00,-2.247401807380359440e+00,2.000000000000000000e+01,6.800736018993923382e-02,0.000000000000000000e+00,0.000000000000000000e+00,0.000000000000000000e+00,0.000000000000000000e+00,0.000000000000000000e+00,0.000000000000000000e+00,1.500000000000000000e+01,2.198137577144195348e+03,2.218723190281796747e+02,2.120100000000000000e+06,1.482700000000000129e-01,-6.123561600000122951e+01,1.000000000000000000e+00
1.472081836764837625e-03,3.472329233192144107e-03,1.277086818796639101e+00,-2.247401807380359440e+00,2.000000000000000000e+01,6.800736018993923382e-02,0.000000000000000000e+00,0.000000000000000000e+00,0.000000000000000000e+00,0.000000000000000000e+00,0.000000000000000000e+00,0.000000000000000000e+00,1.600000000000000000e+01,2.198137577144195348e+03,2.218723190281796747e+02,2.120100000000000000e+06,1.482700000000000129e-01,-6.123561600000122951e+01,1.000000000000000000e+00
1.412085349280426186e-03,3.778651268254855453e-03,1.374548463254738451e+00,-2.244787411034154356e+00,2.000000000000000000e+01,7.354563799184421491e-02,0.000000000000000000e+00,0.000000000000000000e+00,0.000000000000000000e+00,0.000000000000000000e+00,0.000000000000000000e+00,0.000000000000000000e+00,1.700000000000000000e+01,2.198137577144195348e+03,2.218723190281796747e+02,2.120100000000000000e+06,1.482700000000000129e-01,-6.123561600000122951e+01,1.000000000000000000e+00
1.296878546351353488e-03,3.864363473793392973e-03,1.239294247268052374e+00,-2.404970068260826377e+00,2.000000000000000000e+01,7.465225688021141781e-02,0.000000000000000000e+00,0.000000000000000000e+00,0.000000000000000000e+00,0.000000000000000000e+00,0.000000000000000000e+00,0.000000000000000000e+00,1.800000000000000000e+01,2.184474264493169358e+03,2.316850445089926041e+02,2.120000000000000000e+06,5.641300000000000203e-01,-8.477242410002772885e+02,1.000000000000000000e+00
1.544248776603147476e-03,3.680843170748830488e-03,1.156005956098785648e+00,-1.075245357175938388e+00,2.000000000000000000e+01,7.200052023745115437e-02,0.000000000000000000e+00,0.000000000000000000e+00,0.000000000000000000e+00,0.000000000000000000e+00,0.000000000000000000e+00,0.000000000000000000e+00,1.900000000000000000e+01,2.571501332309808276e+03,1.926569043705177364e+02,2.120700000000000000e+06,4.188799999999999746e-01,-5.611447010001101035e+02,1.000000000000000000e+00
9.483143348190877257e-04,1.854642343826381741e-03,7.518622587021664971e-01,-4.279827444144564397e-01,2.000000000000000000e+01,7.744087386883677371e-02,0.000000000000000000e+00,0.000000000000000000e+00,0.000000000000000000e+00,0.000000000000000000e+00,0.000000000000000000e+00,0.000000000000000000e+00,2.000000000000000000e+01,2.646702156762786217e+03,1.797039220100648151e+02,2.120900000000000000e+06,3.865999999999999992e-01,-5.168201999998709653e+02,1.000000000000000000e+00
1.711861997630052638e-03,3.466859223680140902e-03,1.350969788569837515e+00,-2.089681149341050315e+00,2.000000000000000000e+01,6.918627254840803431e-02,0.000000000000000000e+00,0.000000000000000000e+00,0.000000000000000000e+00,0.000000000000000000e+00,0.000000000000000000e+00,0.000000000000000000e+00,2.100000000000000000e+01,2.265717126954765263e+03,2.148667257511687296e+02,2.120300000000000000e+06,1.650899999999999868e-01,-7.112705600000133188e+01,1.000000000000000000e+00
1.576792580790442903e-03,3.824062612234898663e-03,1.188375146532114845e+00,-1.820367096793440442e+00,2.000000000000000000e+01,7.186355172329593477e-02,0.000000000000000000e+00,0.000000000000000000e+00,0.000000000000000000e+00,0.000000000000000000e+00,0.000000000000000000e+00,0.000000000000000000e+00,2.200000000000000000e+01,2.426276217904674013e+03,2.103633361871277714e+02,2.120400000000000000e+06,4.844300000000000272e-01,-7.262656719998902872e+02,1.000000000000000000e+00
1.300823908239935080e-03,3.168114031361363679e-03,1.047199151337196099e+00,-2.679143601024713384e+00,2.000000000000000000e+01,6.749966890329389679e-02,0.000000000000000000e+00,0.000000000000000000e+00,0.000000000000000000e+00,0.000000000000000000e+00,0.000000000000000000e+00,0.000000000000000000e+00,2.300000000000000000e+01,1.991970733117226473e+03,2.331581135403072551e+02,2.119900000000000000e+06,1.208599999999999952e-01,-5.468578699999812898e+01,1.000000000000000000e+00
2.116503465329187990e-03,4.107176438802796758e-03,8.856538907678774830e-01,-1.384122049102304519e+00,2.000000000000000000e+01,6.678368129312366175e-02,0.000000000000000000e+00,0.000000000000000000e+00,0.000000000000000000e+00,0.000000000000000000e+00,0.000000000000000000e+00,0.000000000000000000e+00,2.400000000000000000e+01,2.428302608302256431e+03,2.094913871026722063e+02,2.120400000000000000e+06,1.103399999999999936e-01,-5.890640000000100684e+01,1.000000000000000000e+00
1.609148260791101953e-03,3.638623806238861814e-03,1.127188857215976503e+00,-1.394229063623531273e+00,2.000000000000000000e+01,7.223736817819972900e-02,0.000000000000000000e+00,0.000000000000000000e+00,0.000000000000000000e+00,0.000000000000000000e+00,0.000000000000000000e+00,0.000000000000000000e+00,2.500000000000000000e+01,2.499898647617138977e+03,2.017773194584708563e+02,2.120600000000000000e+06,3.241100000000000092e-01,-3.590971999999770787e+02,1.000000000000000000e+00
1.471935278247575758e-03,3.416336783614341670e-03,9.477850713766009516e-01,-1.654813433483523166e+00,2.000000000000000000e+01,7.243486472464694126e-02,0.000000000000000000e+00,0.000000000000000000e+00,0.000000000000000000e+00,0.000000000000000000e+00,0.000000000000000000e+00,0.000000000000000000e+00,2.600000000000000000e+01,2.436091976195731149e+03,2.070616364000907765e+02,2.120500000000000000e+06,3.315199999999999814e-01,-4.994529930000467175e+02,1.000000000000000000e+00
1.554232658223319609e-03,3.510259044660376040e-03,1.122274505942093548e+00,-1.539712038651226411e+00,2.000000000000000000e+01,7.217564869953788098e-02,0.000000000000000000e+00,0.000000000000000000e+00,0.000000000000000000e+00,0.000000000000000000e+00,0.000000000000000000e+00,0.000000000000000000e+00,2.700000000000000000e+01,2.447281494442128860e+03,2.044328749601019410e+02,2.120600000000000000e+06,3.532600000000000184e-01,-4.421647999999528338e+02,1.000000000000000000e+00
1.548518262709132256e-03,2.773039901183368527e-03,9.221595191326563690e-01,-1.177994316024856936e+00,2.000000000000000000e+01,7.015084240579742836e-02,0.000000000000000000e+00,0.000000000000000000e+00,0.000000000000000000e+00,0.000000000000000000e+00,0.000000000000000000e+00,0.000000000000000000e+00,2.800000000000000000e+01,2.535446136870491046e+03,1.955582149974777906e+02,2.120600000000000000e+06,9.783899999999999542e-02,-5.125499999999863832e+01,1.000000000000000000e+00
1.328272785009839817e-03,3.854683323633146998e-03,1.182336319847900663e+00,-2.011740981805074657e+00,2.000000000000000000e+01,6.824191807243590313e-02,0.000000000000000000e+00,0.000000000000000000e+00,0.000000000000000000e+00,0.000000000000000000e+00,0.000000000000000000e+00,0.000000000000000000e+00,2.900000000000000000e+01,2.379435739120469862e+03,2.147275636519015620e+02,2.120300000000000000e+06,3.400599999999999734e-01,-4.174508240000184855e+02,1.000000000000000000e+00
1.373362191018009937e-03,4.937780036209485184e-03,1.174276328008674097e+00,-1.004961876264420439e+01,2.000000000000000000e+01,6.727014945184575656e-02,0.000000000000000000e+00,0.000000000000000000e+00,0.000000000000000000e+00,0.000000000000000000e+00,0.000000000000000000e+00,0.000000000000000000e+00,3.000000000000000000e+01,4.270103128568665625e+02,4.075329956930839330e+02,2.110100000000000000e+06,3.434400000000000230e-01,-3.006366000000035115e+02,1.000000000000000000e+00
1.455050158026833856e-03,3.445289600976213923e-03,1.280351292975607347e+00,-2.949590880782408497e+00,2.000000000000000000e+01,6.795956776941648736e-02,0.000000000000000000e+00,0.000000000000000000e+00,0.000000000000000000e+00,0.000000000000000000e+00,0.000000000000000000e+00,0.000000000000000000e+00,3.100000000000000000e+01,1.951493722031684001e+03,2.397304661925039113e+02,2.119600000000000000e+06,1.439300000000000024e-01,-5.805449999999915178e+01,1.000000000000000000e+00
1.509595032856350747e-03,3.254137952451747508e-03,1.073105683663532872e+00,-3.217822750534826692e+00,2.000000000000000000e+01,6.735707150133975196e-02,0.000000000000000000e+00,0.000000000000000000e+00,0.000000000000000000e+00,0.000000000000000000e+00,0.000000000000000000e+00,0.000000000000000000e+00,3.200000000000000000e+01,1.923163541798553297e+03,2.461893780077554652e+02,2.119500000000000000e+06,1.150299999999999934e-01,-5.481263699999907146e+01,1.000000000000000000e+00
1.200380692621036286e-03,3.224396874323642165e-03,1.109266392806925516e+00,-3.867151454578690917e+00,2.000000000000000000e+01,6.844131184082637154e-02,0.000000000000000000e+00,0.000000000000000000e+00,0.000000000000000000e+00,0.000000000000000000e+00,0.000000000000000000e+00,0.000000000000000000e+00,3.300000000000000000e+01,1.665387824613703060e+03,2.629419601617555600e+02,2.118900000000000000e+06,1.705699999999999994e-01,-8.840000000000382840e+01,1.000000000000000000e+00
1.443361000342097871e-03,3.625781740146819931e-03,1.317969203706207626e+00,-3.417709773143127627e+00,2.000000000000000000e+01,7.423454121426696639e-02,0.000000000000000000e+00,0.000000000000000000e+00,0.000000000000000000e+00,0.000000000000000000e+00,0.000000000000000000e+00,0.000000000000000000e+00,3.400000000000000000e+01,1.688469075632335262e+03,2.614675378635494098e+02,2.118900000000000000e+06,1.260900000000000076e-01,-5.055309999999894188e+01,1.000000000000000000e+00
1.428787182357724346e-03,3.174946146059625437e-03,1.353729644284341838e+00,-3.336327430771647062e+00,2.000000000000000000e+01,6.538757184867662053e-02,0.000000000000000000e+00,0.000000000000000000e+00,0.000000000000000000e+00,0.000000000000000000e+00,0.000000000000000000e+00,0.000000000000000000e+00,3.500000000000000000e+01,1.871958362174098511e+03,2.465839861612991797e+02,2.119400000000000000e+06,1.378199999999999981e-01,-5.293080000000095708e+01,1.000000000000000000e+00
1.548459152687424413e-03,3.625559517491248190e-03,1.051866250625588917e+00,-9.439246293661470943e+00,2.000000000000000000e+01,6.604485812519515775e-02,0.000000000000000000e+00,0.000000000000000000e+00,0.000000000000000000e+00,0.000000000000000000e+00,0.000000000000000000e+00,0.000000000000000000e+00,3.600000000000000000e+01,4.582755958792809565e+02,3.980946576850699330e+02,2.110000000000000000e+06,1.475200000000000122e-01,-6.348815099999890776e+01,1.000000000000000000e+00
1.316555502015206384e-03,3.813908664205114922e-03,1.075662699277661005e+00,-9.396879332046964350e+00,2.000000000000000000e+01,6.718742560999063640e-02,0.000000000000000000e+00,0.000000000000000000e+00,0.000000000000000000e+00,0.000000000000000000e+00,0.000000000000000000e+00,0.000000000000000000e+00,3.700000000000000000e+01,4.585807389951953610e+02,3.951081164061714048e+02,2.110300000000000000e+06,1.200999999999999984e-01,-5.131910000000106464e+01,1.000000000000000000e+00
1.076154601860211148e-03,3.361272615294730315e-03,1.113649759292262065e+00,-3.980785931984856418e+00,2.000000000000000000e+01,6.833404708799575844e-02,0.000000000000000000e+00,0.000000000000000000e+00,0.000000000000000000e+00,0.000000000000000000e+00,0.000000000000000000e+00,0.000000000000000000e+00,3.800000000000000000e+01,1.583028093200399553e+03,2.662464513399893917e+02,2.118800000000000000e+06,1.650600000000000123e-01,-7.506963100000092481e+01,1.000000000000000000e+00
1.281741398307930995e-03,3.817845004137268052e-03,1.070397324388133065e+00,-9.251905248239568280e+00,2.000000000000000000e+01,6.755463951032573966e-02,0.000000000000000000e+00,0.000000000000000000e+00,0.000000000000000000e+00,0.000000000000000000e+00,0.000000000000000000e+00,0.000000000000000000e+00,3.900000000000000000e+01,4.643140411461577060e+02,3.924359343181472468e+02,2.110600000000000000e+06,1.343999999999999917e-01,-6.226198100000138425e+01,1.000000000000000000e+00
1.220527121811781045e-03,3.407895023082719091e-03,1.044269784559619385e+00,-9.032899411611834850e+00,2.000000000000000000e+01,6.608584018036824104e-02,0.000000000000000000e+00,0.000000000000000000e+00,0.000000000000000000e+00,0.000000000000000000e+00,0.000000000000000000e+00,0.000000000000000000e+00,4.000000000000000000e+01,4.651042167248747887e+02,3.924260551986141650e+02,2.110600000000000000e+06,1.223800000000000027e-01,-5.321130899999824493e+01,1.000000000000000000e+00
1.618694637804834286e-03,3.395061441604978712e-03,1.307301972981805616e+00,-3.386365911620271341e+00,2.000000000000000000e+01,6.787410230815393852e-02,0.000000000000000000e+00,0.000000000000000000e+00,0.000000000000000000e+00,0.000000000000000000e+00,0.000000000000000000e+00,0.000000000000000000e+00,4.100000000000000000e+01,1.851321447622347932e+03,2.513375481568645569e+02,2.119300000000000000e+06,1.388900000000000134e-01,-5.893196399999960278e+01,1.000000000000000000e+00
1.380952520776132248e-03,4.049277481401015837e-03,1.115059511504403744e+00,-9.508504010793597416e+00,2.000000000000000000e+01,6.665981898635048308e-02,0.000000000000000000e+00,0.000000000000000000e+00,0.000000000000000000e+00,0.000000000000000000e+00,0.000000000000000000e+00,0.000000000000000000e+00,4.200000000000000000e+01,4.659960839806641388e+02,3.913285426005051590e+02,2.110700000000000000e+06,1.538100000000000023e-01,-7.234780900000060910e+01,1.000000000000000000e+00
1.285026101827114759e-03,2.968671423380021129e-03,1.423988195615644825e+00,-5.646582103483976489e+00,2.000000000000000000e+01,7.114847242364281954e-02,0.000000000000000000e+00,0.000000000000000000e+00,0.000000000000000000e+00,0.000000000000000000e+00,0.000000000000000000e+00,0.000000000000000000e+00,4.300000000000000000e+01,1.206979082374109794e+03,2.999857215796959053e+02,2.117300000000000000e+06,1.565999999999999892e-01,-6.302075700000138170e+01,1.000000000000000000e+00
1.403251791882196425e-03,3.394311533086980925e-03,9.669627662442493721e-01,-8.614889113673006804e+00,2.000000000000000000e+01,6.294294123386263984e-02,0.000000000000000000e+00,0.000000000000000000e+00,0.000000000000000000e+00,0.000000000000000000e+00,0.000000000000000000e+00,0.000000000000000000e+00,4.400000000000000000e+01,4.691498599702467232e+02,3.852861731381956361e+02,2.111200000000000000e+06,1.209100000000000036e-01,-5.074160000000056669e+01,1.000000000000000000e+00
1.202290642060545095e-03,3.418639134125802705e-03,1.165381657992022646e+00,-4.042561673957447255e+00,2.000000000000000000e+01,6.722840868699166139e-02,0.000000000000000000e+00,0.000000000000000000e+00,0.000000000000000000e+00,0.000000000000000000e+00,0.000000000000000000e+00,0.000000000000000000e+00,4.500000000000000000e+01,1.742457638744506539e+03,2.613930594824828972e+02,2.119000000000000000e+06,2.021300000000000041e-01,-1.057168560000043271e+02,1.000000000000000000e+00
1.215120448292670652e-03,3.613105768700741651e-03,1.348291049930230301e+00,-5.538879673915908519e+00,2.000000000000000000e+01,6.853536330325808723e-02,0.000000000000000000e+00,0.000000000000000000e+00,0.000000000000000000e+00,0.000000000000000000e+00,0.000000000000000000e+00,0.000000000000000000e+00,4.600000000000000000e+01,1.111708773396071138e+03,3.052691597224553561e+02,2.116900000000000000e+06,1.909800000000000109e-01,-7.577550000000117336e+01,1.000000000000000000e+00
1.463266877570680146e-03,3.272248612055003638e-03,1.297815385506666530e+00,-4.148140582843115709e+00,2.000000000000000000e+01,6.786898103727614928e-02,0.000000000000000000e+00,0.000000000000000000e+00,0.000000000000000000e+00,0.000000000000000000e+00,0.000000000000000000e+00,0.000000000000000000e+00,4.700000000000000000e+01,1.550235555674277521e+03,2.710071604591911978e+02,2.118600000000000000e+06,1.397100000000000009e-01,-5.461904000000136961e+01,1.000000000000000000e+00
9.518416588253180138e-04,3.049002088842092412e-03,1.146723143911215992e+00,-4.561290845037420105e+00,2.000000000000000000e+01,6.927618545843829134e-02,0.000000000000000000e+00,0.000000000000000000e+00,0.000000000000000000e+00,0.000000000000000000e+00,0.000000000000000000e+00,0.000000000000000000e+00,4.800000000000000000e+01,1.376419420708750749e+03,2.812304862924506210e+02,2.118200000000000000e+06,2.661600000000000077e-01,-1.535877199999941638e+02,1.000000000000000000e+00
1.160021843621072751e-03,3.651957831084592584e-03,1.180763957473555781e+00,-3.598079806541166548e+00,2.000000000000000000e+01,7.836702640399553776e-02,0.000000000000000000e+00,0.000000000000000000e+00,0.000000000000000000e+00,0.000000000000000000e+00,0.000000000000000000e+00,0.000000000000000000e+00,4.900000000000000000e+01,1.764233636516361912e+03,2.609434080729466245e+02,2.119000000000000000e+06,2.649900000000000033e-01,-1.913951059999881181e+02,1.000000000000000000e+00
1.385623256940681294e-03,3.504427546993838308e-03,1.199847077164664766e+00,-5.530451092320804563e+00,2.000000000000000000e+01,6.793255764916814043e-02,0.000000000000000000e+00,0.000000000000000000e+00,0.000000000000000000e+00,0.000000000000000000e+00,0.000000000000000000e+00,0.000000000000000000e+00,5.000000000000000000e+01,1.203626977555128406e+03,3.051087343803226872e+02,2.116900000000000000e+06,1.466699999999999948e-01,-6.403320000000000789e+01,1.000000000000000000e+00
1.503549887890200890e-03,3.567668910579817679e-03,1.174761697893106138e+00,-3.778753711620580269e+00,2.000000000000000000e+01,6.793917561151380236e-02,0.000000000000000000e+00,0.000000000000000000e+00,0.000000000000000000e+00,0.000000000000000000e+00,0.000000000000000000e+00,0.000000000000000000e+00,5.100000000000000000e+01,1.778424129825485579e+03,2.607553943174045230e+02,2.118900000000000000e+06,1.433099999999999929e-01,-6.898300799999820754e+01,1.000000000000000000e+00
1.394228235332176016e-03,3.514450354010169829e-03,1.252190324225674223e+00,-4.474885117803465207e+00,2.000000000000000000e+01,6.824687366007579914e-02,0.000000000000000000e+00,0.000000000000000000e+00,0.000000000000000000e+00,0.000000000000000000e+00,0.000000000000000000e+00,0.000000000000000000e+00,5.200000000000000000e+01,1.499899764517498625e+03,2.785059174993585316e+02,2.118200000000000000e+06,1.641499999999999904e-01,-7.346432699999692773e+01,1.000000000000000000e+00
1.426734009245106665e-03,3.575819911217469581e-03,1.188063780421411586e+00,-3.615553610197387968e+00,2.000000000000000000e+01,6.773969338162448561e-02,0.000000000000000000e+00,0.000000000000000000e+00,0.000000000000000000e+00,0.000000000000000000e+00,0.000000000000000000e+00,0.000000000000000000e+00,5.300000000000000000e+01,1.798403661235929121e+03,2.570928744297593198e+02,2.119100000000000000e+06,1.335099999999999898e-01,-5.660472999999930011e+01,1.000000000000000000e+00
1.329681218625915857e-03,3.468640725279655609e-03,1.199746743612070787e+00,-4.856192276671635000e+00,2.000000000000000000e+01,6.812593527691238049e-02,0.000000000000000000e+00,0.000000000000000000e+00,0.000000000000000000e+00,0.000000000000000000e+00,0.000000000000000000e+00,0.000000000000000000e+00,5.400000000000000000e+01,1.374580684369108894e+03,2.889632872285548046e+02,2.117800000000000000e+06,1.570699999999999874e-01,-7.004613999999881457e+01,1.000000000000000000e+00
1.427987358545713438e-03,3.532744742186050453e-03,1.237955652104614224e+00,-4.337799862475252510e+00,2.000000000000000000e+01,6.772308459093520638e-02,0.000000000000000000e+00,0.000000000000000000e+00,0.000000000000000000e+00,0.000000000000000000e+00,0.000000000000000000e+00,0.000000000000000000e+00,5.500000000000000000e+01,1.541627845398835234e+03,2.748385430018444708e+02,2.118300000000000000e+06,1.339299999999999935e-01,-5.321680000000100819e+01,1.000000000000000000e+00
1.347327222968257949e-03,3.786021166306528102e-03,1.208099165882543291e+00,-3.726840005393988076e+00,2.000000000000000000e+01,7.183146022542914733e-02,0.000000000000000000e+00,0.000000000000000000e+00,0.000000000000000000e+00,0.000000000000000000e+00,0.000000000000000000e+00,0.000000000000000000e+00,5.600000000000000000e+01,1.794699425197175742e+03,2.586933873017952692e+02,2.119000000000000000e+06,1.300900000000000112e-01,-5.757017699999877181e+01,1.000000000000000000e+00
1.491528142724465921e-03,3.740444993929590862e-03,1.303982202085774089e+00,-4.999472628172918043e+00,2.000000000000000000e+01,6.527066470302618495e-02,0.000000000000000000e+00,0.000000000000000000e+00,0.000000000000000000e+00,0.000000000000000000e+00,0.000000000000000000e+00,0.000000000000000000e+00,5.700000000000000000e+01,1.367440250290548192e+03,2.898659654829669421e+02,2.117700000000000000e+06,1.517000000000000015e-01,-6.490935500000058767e+01,1.000000000000000000e+00
1.400004157658636629e-03,3.607958168768487552e-03,1.131625409857389242e+00,-3.718010556817340273e+00,2.000000000000000000e+01,6.762729589263950791e-02,0.000000000000000000e+00,0.000000000000000000e+00,0.000000000000000000e+00,0.000000000000000000e+00,0.000000000000000000e+00,0.000000000000000000e+00,5.800000000000000000e+01,1.790509091241077613e+03,2.594159602265196440e+02,2.119000000000000000e+06,1.284299999999999886e-01,-5.665373799999857596e+01,1.000000000000000000e+00
1.286049452949421940e-03,4.100551574059762422e-03,1.179672293636441660e+00,-7.211390560268506889e+00,2.000000000000000000e+01,6.772368682420867869e-02,0.000000000000000000e+00,0.000000000000000000e+00,0.000000000000000000e+00,0.000000000000000000e+00,0.000000000000000000e+00,0.000000000000000000e+00,5.900000000000000000e+01,7.477704391883906965e+02,3.467345244918026310e+02,2.114200000000000000e+06,1.410299999999999887e-01,-5.739891300000116559e+01,1.000000000000000000e+00
1.397783862670964709e-03,3.823193844057107965e-03,1.233340426371639875e+00,-7.191854498532373796e+00,2.000000000000000000e+01,6.758107581912245476e-02,0.000000000000000000e+00,0.000000000000000000e+00,0.000000000000000000e+00,0.000000000000000000e+00,0.000000000000000000e+00,0.000000000000000000e+00,6.000000000000000000e+01,7.540867490379339415e+02,3.463488393121868398e+02,2.114400000000000000e+06,1.332500000000000073e-01,-5.153960000000047614e+01,1.000000000000000000e+00
1.480530544598304904e-03,3.415621304958223799e-03,1.246472762201602524e+00,-4.427687766119151824e+00,2.000000000000000000e+01,6.802262091403619981e-02,0.000000000000000000e+00,0.000000000000000000e+00,0.000000000000000000e+00,0.000000000000000000e+00,0.000000000000000000e+00,0.000000000000000000e+00,6.100000000000000000e+01,1.519439230820316652e+03,2.771145122295729948e+02,2.118300000000000000e+06,1.486000000000000099e-01,-6.600367900000128429e+01,1.000000000000000000e+00
1.405940526520843038e-03,3.884077926280665120e-03,1.289442003817079740e+00,-7.899919717881340731e+00,2.000000000000000000e+01,6.763736766640507381e-02,0.000000000000000000e+00,0.000000000000000000e+00,0.000000000000000000e+00,0.000000000000000000e+00,0.000000000000000000e+00,0.000000000000000000e+00,6.200000000000000000e+01,5.836219412458756324e+02,3.616788077338969742e+02,2.113100000000000000e+06,1.390899999999999914e-01,-5.145996599999907772e+01,1.000000000000000000e+00
1.338700068501896172e-03,4.152584659205739437e-03,1.188959843632206193e+00,-8.769859296748197863e+00,2.000000000000000000e+01,6.745552241286009720e-02,0.000000000000000000e+00,0.000000000000000000e+00,0.000000000000000000e+00,0.000000000000000000e+00,0.000000000000000000e+00,0.000000000000000000e+00,6.300000000000000000e+01,4.825110533169026894e+02,3.815376549830551767e+02,2.111400000000000000e+06,1.328000000000000014e-01,-5.159574799999980144e+01,1.000000000000000000e+00
1.164651280228873797e-03,3.695876317342958618e-03,1.211250785334953894e+00,-5.788066593854049202e+00,2.000000000000000000e+01,7.127872898816668690e-02,0.000000000000000000e+00,0.000000000000000000e+00,0.000000000000000000e+00,0.000000000000000000e+00,0.000000000000000000e+00,0.000000000000000000e+00,6.400000000000000000e+01,1.058177084916938384e+03,3.159270326330290573e+02,2.116300000000000000e+06,1.723200000000000010e-01,-7.482059999999785305e+01,1.000000000000000000e+00
1.340083432810902728e-03,3.829497532110089780e-03,1.199110116526273639e+00,-7.322842530058959909e+00,2.000000000000000000e+01,6.803323011093032058e-02,0.000000000000000000e+00,0.000000000000000000e+00,0.000000000000000000e+00,0.000000000000000000e+00,0.000000000000000000e+00,0.000000000000000000e+00,6.500000000000000000e+01,7.388411340762796726e+02,3.487704051916725803e+02,2.114100000000000000e+06,1.575799999999999979e-01,-6.999318900000065469e+01,1.000000000000000000e+00
1.588675745443201203e-03,3.267917735003033654e-03,1.273802440144383041e+00,-4.515194290505401220e+00,2.000000000000000000e+01,6.761261179746055894e-02,0.000000000000000000e+00,0.000000000000000000e+00,0.000000000000000000e+00,0.000000000000000000e+00,0.000000000000000000e+00,0.000000000000000000e+00,6.600000000000000000e+01,1.477814128615127629e+03,2.797909799727603968e+02,2.118200000000000000e+06,1.298999999999999877e-01,-5.190765999999923253e+01,1.000000000000000000e+00
1.257718119506018263e-03,4.412770160357586471e-03,1.298738135346305000e+00,-6.859372046137024448e+00,2.000000000000000000e+01,6.737403707145099563e-02,0.000000000000000000e+00,0.000000000000000000e+00,0.000000000000000000e+00,0.000000000000000000e+00,0.000000000000000000e+00,0.000000000000000000e+00,6.700000000000000000e+01,9.541569600853371185e+02,3.284453124110133899e+02,2.115400000000000000e+06,1.503099999999999992e-01,-6.194879999999980669e+01,1.000000000000000000e+00
1.189549389291155983e-03,3.982012830412833167e-03,1.096937925532785352e+00,-8.003948764130264237e+00,2.000000000000000000e+01,6.767702443982652472e-02,0.000000000000000000e+00,0.000000000000000000e+00,0.000000000000000000e+00,0.000000000000000000e+00,0.000000000000000000e+00,0.000000000000000000e+00,6.800000000000000000e+01,5.758615646981019154e+02,3.645784855113169556e+02,2.112900000000000000e+06,1.391699999999999882e-01,-5.906416300000108777e+01,1.000000000000000000e+00
1.385507027281919577e-03,3.888316196335763354e-03,1.209804126422906689e+00,-6.485129909433979378e+00,2.000000000000000000e+01,6.796344648741968475e-02,0.000000000000000000e+00,0.000000000000000000e+00,0.000000000000000000e+00,0.000000000000000000e+00,0.000000000000000000e+00,0.000000000000000000e+00,6.900000000000000000e+01,9.528488457601177970e+02,3.295359985475544136e+02,2.115500000000000000e+06,1.503200000000000092e-01,-6.615840000000029875e+01,1.000000000000000000e+00
1.397910228971429528e-03,3.746262351918068674e-03,1.198217245522891883e+00,-6.148347590951916963e+00,2.000000000000000000e+01,6.804829088338211485e-02,0.000000000000000000e+00,0.000000000000000000e+00,0.000000000000000000e+00,0.000000000000000000e+00,0.000000000000000000e+00,0.000000000000000000e+00,7.000000000000000000e+01,1.053686522910026952e+03,3.206587341932417417e+02,2.116000000000000000e+06,1.535900000000000043e-01,-7.073879999999928714e+01,1.000000000000000000e+00
1.360024408722193719e-03,3.605597907631801630e-03,1.232526126215037099e+00,-4.945399176793592311e+00,2.000000000000000000e+01,6.804374137973971670e-02,0.000000000000000000e+00,0.000000000000000000e+00,0.000000000000000000e+00,0.000000000000000000e+00,0.000000000000000000e+00,0.000000000000000000e+00,7.100000000000000000e+01,1.345049084488880908e+03,2.909947122764664869e+02,2.117600000000000000e+06,1.529999999999999971e-01,-6.469019100000137712e+01,1.000000000000000000e+00
1.385862273410473373e-03,3.915772800395847346e-03,1.206257212379523658e+00,-6.491647847524837367e+00,2.000000000000000000e+01,6.797241262947499585e-02,0.000000000000000000e+00,0.000000000000000000e+00,0.000000000000000000e+00,0.000000000000000000e+00,0.000000000000000000e+00,0.000000000000000000e+00,7.200000000000000000e+01,9.522648870601675526e+02,3.296991961654972556e+02,2.115500000000000000e+06,1.507400000000000129e-01,-6.671280000000037091e+01,1.000000000000000000e+00
1.316766381287880639e-03,3.469696230208858898e-03,1.224840508503068248e+00,-6.530038683117968645e+00,2.000000000000000000e+01,7.375602226104444048e-02,0.000000000000000000e+00,0.000000000000000000e+00,0.000000000000000000e+00,0.000000000000000000e+00,0.000000000000000000e+00,0.000000000000000000e+00,7.300000000000000000e+01,9.778502910065976721e+02,3.261608971083299480e+02,2.115700000000000000e+06,1.569299999999999862e-01,-6.800399100000196029e+01,1.000000000000000000e+00
1.300473310805790083e-03,3.985415998770095239e-03,1.365596757382192106e+00,-5.817141229194659147e+00,2.000000000000000000e+01,6.844449361526282194e-02,0.000000000000000000e+00,0.000000000000000000e+00,0.000000000000000000e+00,0.000000000000000000e+00,0.000000000000000000e+00,0.000000000000000000e+00,7.400000000000000000e+01,1.080672981967530177e+03,3.129643859522427647e+02,2.116400000000000000e+06,1.859500000000000042e-01,-7.418609599999716409e+01,1.000000000000000000e+00
1.424757775442899799e-03,4.126038318341639782e-03,1.229111226464472573e+00,-6.954620883195259395e+00,2.000000000000000000e+01,7.034452784764914923e-02,0.000000000000000000e+00,0.000000000000000000e+00,0.000000000000000000e+00,0.000000000000000000e+00,0.000000000000000000e+00,0.000000000000000000e+00,7.500000000000000000e+01,1.045995182543119427e+03,3.214553779857399718e+02,2.115900000000000000e+06,1.586799999999999877e-01,-6.828779999999966321e+01,1.000000000000000000e+00
1.433831391730867356e-03,3.972063369881644913e-03,1.303002808409161828e+00,-5.545405352618128170e+00,2.000000000000000000e+01,7.861770268413154072e-02,0.000000000000000000e+00,0.000000000000000000e+00,0.000000000000000000e+00,0.000000000000000000e+00,0.000000000000000000e+00,0.000000000000000000e+00,7.600000000000000000e+01,1.027414781021529052e+03,3.220060743136992869e+02,2.115800000000000000e+06,1.554399999999999948e-01,-6.364990499999821338e+01,1.000000000000000000e+00
1.385263994251344308e-03,4.055797001050628209e-03,1.290227453765699250e+00,-6.201911131698176760e+00,2.000000000000000000e+01,7.071553166271614399e-02,0.000000000000000000e+00,0.000000000000000000e+00,0.000000000000000000e+00,0.000000000000000000e+00,0.000000000000000000e+00,0.000000000000000000e+00,7.700000000000000000e+01,9.946475928755065752e+02,3.255300493516670031e+02,2.115700000000000000e+06,1.265900000000000081e-01,-5.009841900000041193e+01,1.000000000000000000e+00
1.340155865130249549e-03,3.565505979919707073e-03,1.201559205410306141e+00,-4.979452814813476458e+00,2.000000000000000000e+01,6.798528173007349629e-02,0.000000000000000000e+00,0.000000000000000000e+00,0.000000000000000000e+00,0.000000000000000000e+00,0.000000000000000000e+00,0.000000000000000000e+00,7.800000000000000000e+01,1.338007662023541798e+03,2.917439798033199736e+02,2.117600000000000000e+06,1.490799999999999903e-01,-6.400781099999981905e+01,1.000000000000000000e+00
1.357525620649932541e-03,3.668049460488983365e-03,1.216407791273238725e+00,-6.204029653848792236e+00,2.000000000000000000e+01,6.801760376925200524e-02,0.000000000000000000e+00,0.000000000000000000e+00,0.000000000000000000e+00,0.000000000000000000e+00,0.000000000000000000e+00,0.000000000000000000e+00,7.900000000000000000e+01,1.013843480107719756e+03,3.220701733045839319e+02,2.115900000000000000e+06,1.532600000000000073e-01,-6.613508700000026863e+01,1.000000000000000000e+00
1.385065411491881796e-03,3.558660814692625809e-03,1.235698306714008154e+00,-6.599149003505559108e+00,2.000000000000000000e+01,6.772825453204962820e-02,0.000000000000000000e+00,0.000000000000000000e+00,0.000000000000000000e+00,0.000000000000000000e+00,0.000000000000000000e+00,0.000000000000000000e+00,8.000000000000000000e+01,9.075088284729997667e+02,3.322137174326288687e+02,2.115400000000000000e+06,1.390899999999999914e-01,-5.498489700000117608e+01,1.000000000000000000e+00
1.007160968076723168e-03,4.129939393453269970e-03,1.414019251711708058e+00,-6.964012134337118631e+00,2.000000000000000000e+01,7.235577849362757885e-02,0.000000000000000000e+00,0.000000000000000000e+00,0.000000000000000000e+00,0.000000000000000000e+00,0.000000000000000000e+00,0.000000000000000000e+00,8.100000000000000000e+01,7.060110613411608256e+02,3.521180968517818428e+02,2.113600000000000000e+06,2.379300000000000026e-01,-1.176797819999999888e+02,1.000000000000000000e+00
1.392288447432435492e-03,3.762901227291662841e-03,1.227677079983084285e+00,-6.250255626459614078e+00,2.000000000000000000e+01,6.800320743186794026e-02,0.000000000000000000e+00,0.000000000000000000e+00,0.000000000000000000e+00,0.000000000000000000e+00,0.000000000000000000e+00,0.000000000000000000e+00,8.200000000000000000e+01,1.007385659533087846e+03,3.233232781531784781e+02,2.115900000000000000e+06,1.523700000000000054e-01,-6.616639999999938482e+01,1.000000000000000000e+00
1.295761747278044223e-03,3.754921354769682421e-03,1.240250680564098040e+00,-5.686400911813588976e+00,2.000000000000000000e+01,6.374387986789996352e-02,0.000000000000000000e+00,0.000000000000000000e+00,0.000000000000000000e+00,0.000000000000000000e+00,0.000000000000000000e+00,0.000000000000000000e+00,8.300000000000000000e+01,1.007316959314208816e+03,3.236418945168752543e+02,2.115900000000000000e+06,1.574299999999999866e-01,-6.940315199999909623e+01,1.000000000000000000e+00
1.317507720391132260e-03,3.838875934669536919e-03,1.322752412697998370e+00,-6.780271178981965186e+00,2.000000000000000000e+01,6.848916947327189642e-02,0.000000000000000000e+00,0.000000000000000000e+00,0.000000000000000000e+00,0.000000000000000000e+00,0.000000000000000000e+00,0.000000000000000000e+00,8.400000000000000000e+01,9.149602312868704530e+02,3.298391573882730654e+02,2.115500000000000000e+06,1.810299999999999965e-01,-8.016258899999792220e+01,1.000000000000000000e+00
1.387300098736730112e-03,3.783085931448491521e-03,1.221479795243513466e+00,-6.676007317654666373e+00,2.000000000000000000e+01,6.798686787470972770e-02,0.000000000000000000e+00,0.000000000000000000e+00,0.000000000000000000e+00,0.000000000000000000e+00,0.000000000000000000e+00,0.000000000000000000e+00,8.500000000000000000e+01,8.990981968037528986e+02,3.337721068465871781e+02,2.115200000000000000e+06,1.527999999999999914e-01,-6.666798600000173280e+01,1.000000000000000000e+00
1.418532298206959252e-03,3.795435789948162653e-03,1.229655342316446021e+00,-7.634823757234460828e+00,2.000000000000000000e+01,6.751389210059896562e-02,0.000000000000000000e+00,0.000000000000000000e+00,0.000000000000000000e+00,0.000000000000000000e+00,0.000000000000000000e+00,0.000000000000000000e+00,8.600000000000000000e+01,6.636545199518238860e+02,3.567625860862701757e+02,2.113600000000000000e+06,1.310399999999999898e-01,-5.103670000000056461e+01,1.000000000000000000e+00
1.468462308505519114e-03,3.289476996007968321e-03,1.260234016244296873e+00,-5.205352188383411516e+00,2.000000000000000000e+01,6.818931057760993508e-02,0.000000000000000000e+00,0.000000000000000000e+00,0.000000000000000000e+00,0.000000000000000000e+00,0.000000000000000000e+00,0.000000000000000000e+00,8.700000000000000000e+01,1.293774476335330974e+03,2.973483350294948195e+02,2.117400000000000000e+06,1.600499999999999978e-01,-7.242084000000035360e+01,1.000000000000000000e+00
1.282786360584567366e-03,4.254223530343439856e-03,1.154700505987657166e+00,-8.218371004922808254e+00,2.000000000000000000e+01,7.375718585595983368e-02,0.000000000000000000e+00,0.000000000000000000e+00,0.000000000000000000e+00,0.000000000000000000e+00,0.000000000000000000e+00,0.000000000000000000e+00,8.800000000000000000e+01,6.622499613413851876e+02,3.577207610698268923e+02,2.113400000000000000e+06,1.392700000000000049e-01,-5.922649200000003589e+01,1.000000000000000000e+00
1.330653375663814293e-03,3.842758339160758010e-03,1.196471844105102544e+00,-7.895863061481312783e+00,2.000000000000000000e+01,6.795452757720255033e-02,0.000000000000000000e+00,0.000000000000000000e+00,0.000000000000000000e+00,0.000000000000000000e+00,0.000000000000000000e+00,0.000000000000000000e+00,8.900000000000000000e+01,6.152609905064236955e+02,3.615807957061346656e+02,2.113100000000000000e+06,1.528799999999999881e-01,-6.694980299999869544e+01,1.000000000000000000e+00
1.638134408710620977e-03,3.762540112702543894e-03,1.563820284691247675e+00,-6.494324965786073989e+00,2.000000000000000000e+01,6.896585702685643915e-02,0.000000000000000000e+00,0.000000000000000000e+00,0.000000000000000000e+00,0.000000000000000000e+00,0.000000000000000000e+00,0.000000000000000000e+00,9.000000000000000000e+01,1.005433590394601310e+03,3.248916589937287540e+02,2.115700000000000000e+06,1.940099999999999880e-01,-9.106874700000386724e+01,1.000000000000000000e+00
1.189048978545506619e-03,4.453260948165256930e-03,1.069511338479968376e+00,-6.534415068953904893e+00,2.000000000000000000e+01,6.638317757313685896e-02,0.000000000000000000e+00,0.000000000000000000e+00,0.000000000000000000e+00,0.000000000000000000e+00,0.000000000000000000e+00,0.000000000000000000e+00,9.100000000000000000e+01,7.131844355070961683e+02,3.514001051586298559e+02,2.113900000000000000e+06,1.284299999999999886e-01,-5.193929299999859950e+01,1.000000000000000000e+00
1.258458028571153532e-03,3.287712953233135147e-03,1.015734668859048950e+00,-5.110272331458692641e+00,2.000000000000000000e+01,6.645283032739278395e-02,0.000000000000000000e+00,0.000000000000000000e+00,0.000000000000000000e+00,0.000000000000000000e+00,0.000000000000000000e+00,0.000000000000000000e+00,9.200000000000000000e+01,1.311631919170235960e+03,2.932608774954169348e+02,2.117500000000000000e+06,1.381000000000000005e-01,-5.697869300000196802e+01,1.000000000000000000e+00
1.377445911367271725e-03,3.963958821431571265e-03,1.186161825727828800e+00,-7.737431244658944607e+00,2.000000000000000000e+01,6.779183125093676821e-02,0.000000000000000000e+00,0.000000000000000000e+00,0.000000000000000000e+00,0.000000000000000000e+00,0.000000000000000000e+00,0.000000000000000000e+00,9.300000000000000000e+01,6.614942035268032896e+02,3.586276201421189285e+02,2.113400000000000000e+06,1.443200000000000038e-01,-6.338789999999905689e+01,1.000000000000000000e+00
1.338471235641061283e-03,3.950011075800115984e-03,1.162855736767165471e+00,-7.744376766394468703e+00,2.000000000000000000e+01,6.780760057721837986e-02,0.000000000000000000e+00,0.000000000000000000e+00,0.000000000000000000e+00,0.000000000000000000e+00,0.000000000000000000e+00,0.000000000000000000e+00,9.400000000000000000e+01,6.527342834032400560e+02,3.587289439377281610e+02,2.113400000000000000e+06,1.454400000000000137e-01,-6.417940000000200484e+01,1.000000000000000000e+00
1.419929814256860184e-03,3.964528759973290177e-03,1.101705177868642416e+00,-5.415190348182107982e+00,2.000000000000000000e+01,7.971861194916811388e-02,0.000000000000000000e+00,0.000000000000000000e+00,0.000000000000000000e+00,0.000000000000000000e+00,0.000000000000000000e+00,0.000000000000000000e+00,9.500000000000000000e+01,1.308307756866941872e+03,2.971854164024722422e+02,2.117300000000000000e+06,1.614099999999999979e-01,-7.011011400000009530e+01,1.000000000000000000e+00
1.114505958981439624e-03,3.481067674338927595e-03,1.271507961971875433e+00,-7.208096280901511221e+00,2.000000000000000000e+01,6.007186576735123323e-02,0.000000000000000000e+00,0.000000000000000000e+00,0.000000000000000000e+00,0.000000000000000000e+00,0.000000000000000000e+00,0.000000000000000000e+00,9.600000000000000000e+01,8.268240848577340785e+02,3.341505783116793395e+02,2.115200000000000000e+06,1.771199999999999997e-01,-7.501573199999991459e+01,1.000000000000000000e+00
1.348665407976133105e-03,3.846811826035547582e-03,1.187923557664034568e+00,-7.861897522066147559e+00,2.000000000000000000e+01,6.773527822413784316e-02,0.000000000000000000e+00,0.000000000000000000e+00,0.000000000000000000e+00,0.000000000000000000e+00,0.000000000000000000e+00,0.000000000000000000e+00,9.700000000000000000e+01,6.271796141229380055e+02,3.608045965503934553e+02,2.113200000000000000e+06,1.426099999999999868e-01,-6.075041700000017642e+01,1.000000000000000000e+00
1.373947918782557776e-03,4.093363799102854236e-03,1.191974636378809738e+00,-7.180419237835229396e+00,2.000000000000000000e+01,6.780585534801777947e-02,0.000000000000000000e+00,0.000000000000000000e+00,0.000000000000000000e+00,0.000000000000000000e+00,0.000000000000000000e+00,0.000000000000000000e+00,9.800000000000000000e+01,7.818795031057912865e+02,3.461113350801231832e+02,2.114300000000000000e+06,1.448500000000000065e-01,-6.292919999999907077e+01,1.000000000000000000e+00
1.397726852437630642e-03,3.986605059540650024e-03,1.181481461865398153e+00,-7.541748431265314245e+00,2.000000000000000000e+01,6.764214815471281117e-02,0.000000000000000000e+00,0.000000000000000000e+00,0.000000000000000000e+00,0.000000000000000000e+00,0.000000000000000000e+00,0.000000000000000000e+00,9.900000000000000000e+01,7.011653099597596110e+02,3.544762943793837735e+02,2.113700000000000000e+06,1.359200000000000130e-01,-5.792380000000055418e+01,1.000000000000000000e+00
1.355132238529124832e-03,3.883784773984553899e-03,1.167444760361004974e+00,-7.782522665309900667e+00,2.000000000000000000e+01,6.781132673506672093e-02,0.000000000000000000e+00,0.000000000000000000e+00,0.000000000000000000e+00,0.000000000000000000e+00,0.000000000000000000e+00,0.000000000000000000e+00,1.000000000000000000e+02,6.519785255886579307e+02,3.593000456035845787e+02,2.113400000000000000e+06,1.452299999999999980e-01,-6.449847600000070713e+01,1.000000000000000000e+00
1.325639322405149437e-03,3.849128453629788518e-03,1.188498117845842472e+00,-7.881165408013803386e+00,2.000000000000000000e+01,6.777831276719413489e-02,0.000000000000000000e+00,0.000000000000000000e+00,0.000000000000000000e+00,0.000000000000000000e+00,0.000000000000000000e+00,0.000000000000000000e+00,1.010000000000000000e+02,6.179387028998964979e+02,3.612351739880573405e+02,2.113200000000000000e+06,1.442700000000000093e-01,-6.086340000000103601e+01,1.000000000000000000e+00
1.364886947059077262e-03,3.806921921529898400e-03,1.216991460427224725e+00,-7.382657427119760918e+00,2.000000000000000000e+01,6.778806575667438439e-02,0.000000000000000000e+00,0.000000000000000000e+00,0.000000000000000000e+00,0.000000000000000000e+00,0.000000000000000000e+00,0.000000000000000000e+00,1.020000000000000000e+02,7.199840423225234645e+02,3.500950712784188568e+02,2.114000000000000000e+06,1.433200000000000029e-01,-5.955949999999926092e+01,1.000000000000000000e+00
1.304530649613674844e-03,4.265828667075081959e-03,1.185122567777204150e+00,-7.533929062075874761e+00,2.000000000000000000e+01,6.309928655169881606e-02,0.000000000000000000e+00,0.000000000000000000e+00,0.000000000000000000e+00,0.000000000000000000e+00,0.000000000000000000e+00,0.000000000000000000e+00,1.030000000000000000e+02,7.921506674407778519e+02,3.444775909941867553e+02,2.114300000000000000e+06,1.617699999999999971e-01,-6.663675200000105292e+01,1.000000000000000000e+00
1.319325739184431644e-03,3.661215592091893959e-03,1.096614489165255835e+00,-7.167248079496813418e+00,2.000000000000000000e+01,6.680505459875991925e-02,0.000000000000000000e+00,0.000000000000000000e+00,0.000000000000000000e+00,0.000000000000000000e+00,0.000000000000000000e+00,0.000000000000000000e+00,1.040000000000000000e+02,6.779107767860289187e+02,3.562134561677945612e+02,2.113600000000000000e+06,1.393199999999999994e-01,-5.985250000000146287e+01,1.000000000000000000e+00
1.390955143359187945e-03,4.120128351754360693e-03,1.185110917727343560e+00,-7.601486152312294742e+00,2.000000000000000000e+01,6.760534401464431131e-02,0.000000000000000000e+00,0.000000000000000000e+00,0.000000000000000000e+00,0.000000000000000000e+00,0.000000000000000000e+00,0.000000000000000000e+00,1.050000000000000000e+02,6.876325133741735272e+02,3.560085339784672556e+02,2.113600000000000000e+06,1.359599999999999975e-01,-5.684594200000171327e+01,1.000000000000000000e+00
1.338802999128958001e-03,3.865508892038007835e-03,1.147798408010643367e+00,-7.830756660024642102e+00,2.000000000000000000e+01,6.792176749318570850e-02,0.000000000000000000e+00,0.000000000000000000e+00,0.000000000000000000e+00,0.000000000000000000e+00,0.000000000000000000e+00,0.000000000000000000e+00,1.060000000000000000e+02,6.473771756093854037e+02,3.601626831069218042e+02,2.113300000000000000e+06,1.507900000000000074e-01,-7.038624100000113515e+01,1.000000000000000000e+00
1.322154620384359850e-03,3.371104100870857441e-03,1.283655773373258313e+00,-6.310041552885173211e+00,2.000000000000000000e+01,6.753869607244326889e-02,0.000000000000000000e+00,0.000000000000000000e+00,0.000000000000000000e+00,0.000000000000000000e+00,0.000000000000000000e+00,0.000000000000000000e+00,1.070000000000000000e+02,8.251481502243699424e+02,3.383908393465113704e+02,2.114900000000000000e+06,1.605300000000000060e-01,-7.069590000000148677e+01,1.000000000000000000e+00
1.603422865055631908e-03,4.170947215968639175e-03,1.129677573964426252e+00,-6.559489893060693966e+00,2.000000000000000000e+01,6.988709519109485846e-02,0.000000000000000000e+00,0.000000000000000000e+00,0.000000000000000000e+00,0.000000000000000000e+00,0.000000000000000000e+00,0.000000000000000000e+00,1.080000000000000000e+02,6.482703465600801565e+02,3.593173725535883705e+02,2.113300000000000000e+06,1.510100000000000053e-01,-6.596909999999931529e+01,1.000000000000000000e+00
1.286004421007168677e-03,3.944653082410268935e-03,1.177357639619699858e+00,-7.007366272514714112e+00,2.000000000000000000e+01,6.782301623851809402e-02,0.000000000000000000e+00,0.000000000000000000e+00,0.000000000000000000e+00,0.000000000000000000e+00,0.000000000000000000e+00,0.000000000000000000e+00,1.090000000000000000e+02,7.950292152650268918e+02,3.414675860398975829e+02,2.114600000000000000e+06,1.451900000000000135e-01,-6.061393800000134036e+01,1.000000000000000000e+00
1.367870997121033941e-03,3.578823449340936061e-03,1.248628550162263151e+00,-6.919873814408758150e+00,2.000000000000000000e+01,6.771361428713035258e-02,0.000000000000000000e+00,0.000000000000000000e+00,0.000000000000000000e+00,0.000000000000000000e+00,0.000000000000000000e+00,0.000000000000000000e+00,1.100000000000000000e+02,8.154267844813327883e+02,3.388032072352797286e+02,2.114900000000000000e+06,1.376499999999999946e-01,-5.253119999999866252e+01,1.000000000000000000e+00
1.007160968076723168e-03,4.129939393453269970e-03,1.414019251711708058e+00,-6.964012134337118631e+00,2.000000000000000000e+01,7.235577849362757885e-02,0.000000000000000000e+00,0.000000000000000000e+00,0.000000000000000000e+00,0.000000000000000000e+00,0.000000000000000000e+00,0.000000000000000000e+00,1.110000000000000000e+02,8.053228354696511815e+02,3.400846531943977311e+02,2.115100000000000000e+06,2.253799999999999970e-01,-7.992302700000288951e+01,1.000000000000000000e+00
1.183986628936367549e-03,4.180570823121342559e-03,1.229919271707428985e+00,-9.316426877600093803e+00,2.000000000000000000e+01,7.141838602192870922e-02,0.000000000000000000e+00,0.000000000000000000e+00,0.000000000000000000e+00,0.000000000000000000e+00,0.000000000000000000e+00,0.000000000000000000e+00,1.120000000000000000e+02,5.353951485846648666e+02,3.670029450059598162e+02,2.112800000000000000e+06,1.752499999999999891e-01,-7.121599799999980007e+01,1.000000000000000000e+00
1.609714288124454136e-03,3.624181597905316594e-03,1.067051695172764658e+00,-9.340406333016549212e+00,2.000000000000000000e+01,5.530362815349332273e-02,0.000000000000000000e+00,0.000000000000000000e+00,0.000000000000000000e+00,0.000000000000000000e+00,0.000000000000000000e+00,0.000000000000000000e+00,1.130000000000000000e+02,5.207447097292176750e+02,3.808493714473356135e+02,2.111600000000000000e+06,1.471500000000000030e-01,-7.038308700000162332e+01,1.000000000000000000e+00
1.278833123532699097e-03,4.069403619538874278e-03,1.150214456373270799e+00,-7.807326096390784897e+00,2.000000000000000000e+01,6.768087652103889351e-02,0.000000000000000000e+00,0.000000000000000000e+00,0.000000000000000000e+00,0.000000000000000000e+00,0.000000000000000000e+00,0.000000000000000000e+00,1.140000000000000000e+02,5.279185702427298565e+02,3.766847776212816825e+02,2.112000000000000000e+06,1.575999999999999901e-01,-7.511600000000024124e+01,1.000000000000000000e+00
1.345314224139983715e-03,4.044534740299081388e-03,1.169109669579196709e+00,-8.437909763678709041e+00,2.000000000000000000e+01,6.793108519267804235e-02,0.000000000000000000e+00,0.000000000000000000e+00,0.000000000000000000e+00,0.000000000000000000e+00,0.000000000000000000e+00,0.000000000000000000e+00,1.150000000000000000e+02,5.350626358867480121e+02,3.744084106223609751e+02,2.112100000000000000e+06,1.545799999999999952e-01,-7.110513799999884554e+01,1.000000000000000000e+00
1.527975634820973559e-03,4.325084434733087076e-03,1.285836399991220347e+00,-8.338282257228602390e+00,2.000000000000000000e+01,7.199278414222505529e-02,0.000000000000000000e+00,0.000000000000000000e+00,0.000000000000000000e+00,0.000000000000000000e+00,0.000000000000000000e+00,0.000000000000000000e+00,1.160000000000000000e+02,5.225952323682392944e+02,3.779805152340125574e+02,2.111900000000000000e+06,1.243299999999999961e-01,-5.322202199999950523e+01,1.000000000000000000e+00
1.336808015415291099e-03,4.116607495303120992e-03,1.167298168670852787e+00,-8.449428096359763884e+00,2.000000000000000000e+01,6.798970496484953163e-02,0.000000000000000000e+00,0.000000000000000000e+00,0.000000000000000000e+00,0.000000000000000000e+00,0.000000000000000000e+00,0.000000000000000000e+00,1.170000000000000000e+02,5.346160346497318869e+02,3.747052838594180457e+02,2.112100000000000000e+06,1.576299999999999923e-01,-7.402578699999892820e+01,1.000000000000000000e+00
2.461920491633008863e-03,3.926869838112316026e-03,8.764083009195654528e-01,2.452656279931975103e+00,2.000000000000000000e+01,6.794680629375496328e-02,0.000000000000000000e+00,0.000000000000000000e+00,0.000000000000000000e+00,0.000000000000000000e+00,0.000000000000000000e+00,0.000000000000000000e+00,1.180000000000000000e+02,5.400315828494982270e+03,1.381831052350717357e+02,2.119400000000000000e+06,9.896800000000000042e-02,-7.448820299999981387e+01,1.000000000000000000e+00
2.167352410463803131e-03,2.974084593290540496e-03,7.375034450274986497e-01,2.155478280066606800e+00,2.000000000000000000e+01,5.907865261214147179e-02,0.000000000000000000e+00,0.000000000000000000e+00,0.000000000000000000e+00,0.000000000000000000e+00,0.000000000000000000e+00,0.000000000000000000e+00,1.190000000000000000e+02,3.800706198481492265e+03,1.386429309071504861e+02,2.120200000000000000e+06,2.262599999999999889e-01,-4.585900159999659991e+02,1.000000000000000000e+00
2.155779851834654925e-03,3.194327953243723383e-03,6.708700082611540605e-01,2.047554036075230233e+00,2.000000000000000000e+01,6.946229295435132900e-02,0.000000000000000000e+00,0.000000000000000000e+00,0.000000000000000000e+00,0.000000000000000000e+00,0.000000000000000000e+00,0.000000000000000000e+00,1.200000000000000000e+02,3.581548749844080703e+03,1.397766899585890030e+02,2.120500000000000000e+06,2.932000000000000162e-01,-7.896482999998586365e+02,1.000000000000000000e+00
3.270362042163050577e-03,2.674136070624063156e-03,1.300930387937850652e+00,2.634910655719569395e+00,2.000000000000000000e+01,7.237649792059280829e-02,0.000000000000000000e+00,0.000000000000000000e+00,0.000000000000000000e+00,0.000000000000000000e+00,0.000000000000000000e+00,0.000000000000000000e+00,1.210000000000000000e+02,3.842585723414563290e+03,1.381956512125346705e+02,2.120400000000000000e+06,3.396600000000000175e-01,-5.793349999999503552e+02,1.000000000000000000e+00
1.392150176435748158e-03,3.632435633116443650e-03,1.217865072780504931e+00,-9.058959487585646286e+00,2.000000000000000000e+01,5.814503300128683050e-02,0.000000000000000000e+00,0.000000000000000000e+00,0.000000000000000000e+00,0.000000000000000000e+00,0.000000000000000000e+00,0.000000000000000000e+00,1.220000000000000000e+02,4.711122534330842768e+02,3.886029162826425818e+02,2.110900000000000000e+06,1.549399999999999944e-01,-7.263058600000050546e+01,1.000000000000000000e+00
3.514753976010134059e-03,4.415126747643533141e-03,6.423533116878368254e-01,2.416654087651228355e+00,2.000000000000000000e+01,6.481144736220374736e-02,0.000000000000000000e+00,0.000000000000000000e+00,0.000000000000000000e+00,0.000000000000000000e+00,0.000000000000000000e+00,0.000000000000000000e+00,1.230000000000000000e+02,4.672072728420701424e+03,1.381834771173181480e+02,2.120100000000000000e+06,4.614599999999999813e-01,-2.134055500000098618e+03,1.000000000000000000e+00
1.945458402727906749e-03,4.118436099843133386e-03,8.274621602964237210e-01,2.505907200824760039e+00,2.000000000000000000e+01,6.580065902104505204e-02,0.000000000000000000e+00,0.000000000000000000e+00,0.000000000000000000e+00,0.000000000000000000e+00,0.000000000000000000e+00,0.000000000000000000e+00,1.240000000000000000e+02,4.398361502887943061e+03,1.381835263298751784e+02,2.119900000000000000e+06,2.733200000000000074e-01,-5.778979560000344691e+02,1.000000000000000000e+00
2.342357197882085490e-03,2.032278561169685149e-03,6.420926242652168492e-01,2.106884631914728523e+00,2.000000000000000000e+01,6.419480099656185712e-02,0.000000000000000000e+00,0.000000000000000000e+00,0.000000000000000000e+00,0.000000000000000000e+00,0.000000000000000000e+00,0.000000000000000000e+00,1.250000000000000000e+02,4.434081446375397718e+03,1.381835178775006057e+02,2.119900000000000000e+06,4.758300000000000030e-02,-5.396140000000064418e+01,1.000000000000000000e+00
3.558052698127153659e-03,2.908844393644730800e-03,1.292151016781512229e+00,2.493807050974937045e+00,2.000000000000000000e+01,7.223042576488006294e-02,0.000000000000000000e+00,0.000000000000000000e+00,0.000000000000000000e+00,0.000000000000000000e+00,0.000000000000000000e+00,0.000000000000000000e+00,1.260000000000000000e+02,3.830553625528484645e+03,1.382344389947924128e+02,2.120500000000000000e+06,4.484799999999999898e-01,-1.005727999999994154e+03,1.000000000000000000e+00
3.558052698127153659e-03,2.908844393644730800e-03,1.292151016781512229e+00,2.493807050974937045e+00,2.000000000000000000e+01,7.223042576488006294e-02,0.000000000000000000e+00,0.000000000000000000e+00,0.000000000000000000e+00,0.000000000000000000e+00,0.000000000000000000e+00,0.000000000000000000e+00,1.270000000000000000e+02,3.830553625528484645e+03,1.382344389947924128e+02,2.120500000000000000e+06,4.484799999999999898e-01,-1.005727999999994154e+03,1.000000000000000000e+00
3.165654777200665321e-03,2.928586865667729723e-03,1.265523805514477518e+00,2.690713168421948076e+00,2.000000000000000000e+01,7.392338467314295281e-02,0.000000000000000000e+00,0.000000000000000000e+00,0.000000000000000000e+00,0.000000000000000000e+00,0.000000000000000000e+00,0.000000000000000000e+00,1.280000000000000000e+02,3.830553625528484645e+03,1.382344389947924128e+02,2.120500000000000000e+06,4.484799999999999898e-01,-1.005727999999994154e+03,1.000000000000000000e+00
1.350805113942236350e-03,3.822722341669552645e-03,1.130462838419491245e+00,-8.555502066134998529e+00,2.000000000000000000e+01,6.748796601887949165e-02,0.000000000000000000e+00,0.000000000000000000e+00,0.000000000000000000e+00,0.000000000000000000e+00,0.000000000000000000e+00,0.000000000000000000e+00,1.290000000000000000e+02,5.282636660614261928e+02,3.775623067866022211e+02,2.111900000000000000e+06,1.306900000000000006e-01,-5.651641500000073393e+01,1.000000000000000000e+00
1.408979038498783896e-03,4.076774178492699810e-03,1.151258998938594402e+00,-8.782497518907051770e+00,2.000000000000000000e+01,6.725574937189998659e-02,0.000000000000000000e+00,0.000000000000000000e+00,0.000000000000000000e+00,0.000000000000000000e+00,0.000000000000000000e+00,0.000000000000000000e+00,1.300000000000000000e+02,4.893805412531738739e+02,3.817264396581520032e+02,2.111500000000000000e+06,1.233899999999999997e-01,-5.063042599999933913e+01,1.000000000000000000e+00
1.502424506800201015e-03,4.217732998861714773e-03,1.175735425345050489e+00,-9.009483538159154037e+00,2.000000000000000000e+01,7.204596678838438850e-02,0.000000000000000000e+00,0.000000000000000000e+00,0.000000000000000000e+00,0.000000000000000000e+00,0.000000000000000000e+00,0.000000000000000000e+00,1.310000000000000000e+02,5.166236980951372288e+02,3.815821575294899617e+02,2.111500000000000000e+06,1.439100000000000101e-01,-6.789000000000042689e+01,1.000000000000000000e+00
1.432357311886674461e-03,4.797151303202032424e-03,1.251725205962290088e+00,-9.635605096486889565e+00,2.000000000000000000e+01,6.920537952583025176e-02,0.000000000000000000e+00,0.000000000000000000e+00,0.000000000000000000e+00,0.000000000000000000e+00,0.000000000000000000e+00,0.000000000000000000e+00,1.320000000000000000e+02,5.203698771513794554e+02,3.815555857411134184e+02,2.111400000000000000e+06,1.329100000000000004e-01,-5.359024299999913410e+01,1.000000000000000000e+00
1.438342255570341371e-03,4.396755825422501637e-03,1.196673564899952913e+00,-8.386546405340665089e+00,2.000000000000000000e+01,5.944180974617691710e-02,0.000000000000000000e+00,0.000000000000000000e+00,0.000000000000000000e+00,0.000000000000000000e+00,0.000000000000000000e+00,0.000000000000000000e+00,1.330000000000000000e+02,5.255184298787131638e+02,3.804169174277486718e+02,2.111700000000000000e+06,1.474999999999999922e-01,-7.049749499999926172e+01,1.000000000000000000e+00
1.751052682519958206e-03,5.304982562034334624e-03,1.131089470751673653e+00,-6.663854204106461232e+00,2.000000000000000000e+01,6.017153508804647111e-02,0.000000000000000000e+00,0.000000000000000000e+00,0.000000000000000000e+00,0.000000000000000000e+00,0.000000000000000000e+00,0.000000000000000000e+00,1.340000000000000000e+02,5.273735645595951382e+02,3.804073647853949751e+02,2.111700000000000000e+06,1.451999999999999957e-01,-6.909230399999771066e+01,1.000000000000000000e+00
1.488201960553090170e-03,4.008089440717388201e-03,1.024429252654644129e+00,-1.005430309843343295e+01,2.000000000000000000e+01,7.553030357010548368e-02,0.000000000000000000e+00,0.000000000000000000e+00,0.000000000000000000e+00,0.000000000000000000e+00,0.000000000000000000e+00,0.000000000000000000e+00,1.350000000000000000e+02,5.274766275974219525e+02,3.800764067361474190e+02,2.111700000000000000e+06,1.479300000000000059e-01,-6.985339999999939664e+01,1.000000000000000000e+00
1.581274496393690176e-03,3.343138140647761072e-03,1.164264541191220914e+00,-3.025097147918426543e+00,2.000000000000000000e+01,6.669118296143128344e-02,0.000000000000000000e+00,0.000000000000000000e+00,0.000000000000000000e+00,0.000000000000000000e+00,0.000000000000000000e+00,0.000000000000000000e+00,1.360000000000000000e+02,1.988141330208807176e+03,2.439116390466079167e+02,2.119600000000000000e+06,1.341600000000000015e-01,-7.342870399999803510e+01,1.000000000000000000e+00
1.380851623726254886e-03,3.138468871209136677e-03,9.760222960623903266e-01,-3.405604894881942180e+00,2.000000000000000000e+01,7.767786457008928058e-02,0.000000000000000000e+00,0.000000000000000000e+00,0.000000000000000000e+00,0.000000000000000000e+00,0.000000000000000000e+00,0.000000000000000000e+00,1.370000000000000000e+02,1.978804870852428849e+03,2.450162461511832817e+02,2.119500000000000000e+06,1.097700000000000065e-01,-5.401796400000144871e+01,1.000000000000000000e+00
1.471075017683014848e-03,3.460796654095288707e-03,1.225166223609540639e+00,-3.395630846129806812e+00,2.000000000000000000e+01,6.818991710093671998e-02,0.000000000000000000e+00,0.000000000000000000e+00,0.000000000000000000e+00,0.000000000000000000e+00,0.000000000000000000e+00,0.000000000000000000e+00,1.380000000000000000e+02,1.859186841798810974e+03,2.515968459328820188e+02,2.119300000000000000e+06,1.574800000000000089e-01,-7.438306100000208687e+01,1.000000000000000000e+00
1.280352150775176208e-03,3.861039916378783757e-03,1.140817382582884232e+00,-7.803202127667986154e+00,2.000000000000000000e+01,7.567733558138801941e-02,0.000000000000000000e+00,0.000000000000000000e+00,0.000000000000000000e+00,0.000000000000000000e+00,0.000000000000000000e+00,0.000000000000000000e+00,1.390000000000000000e+02,5.200247983818387638e+02,3.816442003756931740e+02,2.111500000000000000e+06,1.486599999999999866e-01,-7.332553800000123090e+01,1.000000000000000000e+00
1.351715780837128324e-03,3.670147220742918208e-03,9.952699166136054210e-01,-2.984434522031429449e+00,2.000000000000000000e+01,6.902123777360655299e-02,0.000000000000000000e+00,0.000000000000000000e+00,0.000000000000000000e+00,0.000000000000000000e+00,0.000000000000000000e+00,0.000000000000000000e+00,1.400000000000000000e+02,1.902429336419625315e+03,2.483743101479516042e+02,2.119300000000000000e+06,1.228199999999999986e-01,-5.410457499999860431e+01,1.000000000000000000e+00
1.285476922329024376e-03,3.902569305782442165e-03,1.080701191096646641e+00,-3.563256236349473305e+00,2.000000000000000000e+01,7.916776725178754914e-02,0.000000000000000000e+00,0.000000000000000000e+00,0.000000000000000000e+00,0.000000000000000000e+00,0.000000000000000000e+00,0.000000000000000000e+00,1.410000000000000000e+02,1.902429336419625315e+03,2.483743101479516042e+02,2.119300000000000000e+06,1.228199999999999986e-01,-5.410457499999860431e+01,1.000000000000000000e+00
1.276763637477946068e-03,3.952679776978409304e-03,9.769087388617709866e-01,-3.089975599064572087e+00,2.000000000000000000e+01,5.976361549869358553e-02,0.000000000000000000e+00,0.000000000000000000e+00,0.000000000000000000e+00,0.000000000000000000e+00,0.000000000000000000e+00,0.000000000000000000e+00,1.420000000000000000e+02,1.902429336419625315e+03,2.483743101479516042e+02,2.119300000000000000e+06,1.228199999999999986e-01,-5.410457499999860431e+01,1.000000000000000000e+00
1.522998149844259196e-03,2.782858105534787539e-03,9.096338150496965369e-01,-1.565580282642198284e+00,2.000000000000000000e+01,7.260323231354590123e-02,0.000000000000000000e+00,0.000000000000000000e+00,0.000000000000000000e+00,0.000000000000000000e+00,0.000000000000000000e+00,0.000000000000000000e+00,1.430000000000000000e+02,2.457577970849293251e+03,2.050571861334560992e+02,2.120700000000000000e+06,3.344099999999999850e-01,-5.546802419999926315e+02,1.000000000000000000e+00
1.386111480429887480e-03,3.607981843436961454e-03,9.754826205479225631e-01,-3.803503110665129139e+00,2.000000000000000000e+01,7.068536070039077579e-02,0.000000000000000000e+00,0.000000000000000000e+00,0.000000000000000000e+00,0.000000000000000000e+00,0.000000000000000000e+00,0.000000000000000000e+00,1.440000000000000000e+02,1.815949636648343130e+03,2.578822852709450899e+02,2.119200000000000000e+06,3.242700000000000027e-01,-3.248205000000203881e+02,1.000000000000000000e+00
1.327161026842374773e-03,4.416607617114391184e-03,1.297501319763445071e+00,-8.589771848191787740e+00,2.000000000000000000e+01,7.330720915137683980e-02,0.000000000000000000e+00,0.000000000000000000e+00,0.000000000000000000e+00,0.000000000000000000e+00,0.000000000000000000e+00,0.000000000000000000e+00,1.450000000000000000e+02,6.510548308516141560e+02,3.599728111111560906e+02,2.113200000000000000e+06,1.388999999999999957e-01,-6.181049999999984834e+01,1.000000000000000000e+00
1.072409416190412941e-03,3.290611807840862924e-03,1.574391185184196518e+00,-4.610139474281393035e+00,2.000000000000000000e+01,5.913684818885645011e-02,0.000000000000000000e+00,0.000000000000000000e+00,0.000000000000000000e+00,0.000000000000000000e+00,0.000000000000000000e+00,0.000000000000000000e+00,1.460000000000000000e+02,1.767977459477138382e+03,2.611995237300677672e+02,2.119000000000000000e+06,2.348399999999999932e-01,-1.491755999999979849e+02,1.000000000000000000e+00
1.324905162326709936e-03,3.965920012252968987e-03,1.172237433687597363e+00,-7.890254197916735102e+00,2.000000000000000000e+01,6.804700956294826297e-02,0.000000000000000000e+00,0.000000000000000000e+00,0.000000000000000000e+00,0.000000000000000000e+00,0.000000000000000000e+00,0.000000000000000000e+00,1.470000000000000000e+02,6.255325168135940430e+02,3.614471467381754337e+02,2.113100000000000000e+06,1.594500000000000084e-01,-7.477473099999785688e+01,1.000000000000000000e+00
1.351634534499051351e-03,3.981406863130536496e-03,1.144681268521548834e+00,-7.869825734287529073e+00,2.000000000000000000e+01,6.773015220098399514e-02,0.000000000000000000e+00,0.000000000000000000e+00,0.000000000000000000e+00,0.000000000000000000e+00,0.000000000000000000e+00,0.000000000000000000e+00,1.480000000000000000e+02,6.400275724776499828e+02,3.609786749105257400e+02,2.113200000000000000e+06,1.406900000000000095e-01,-6.354447000000010348e+01,1.000000000000000000e+00
1.385779461345066927e-03,3.579734549278613259e-03,1.197082269537406596e+00,-4.487083244581723029e+00,2.000000000000000000e+01,6.806166558892738638e-02,0.000000000000000000e+00,0.000000000000000000e+00,0.000000000000000000e+00,0.000000000000000000e+00,0.000000000000000000e+00,0.000000000000000000e+00,1.490000000000000000e+02,1.510375843755793085e+03,2.788875840162785380e+02,2.118200000000000000e+06,1.510799999999999921e-01,-6.800640000000055352e+01,1.000000000000000000e+00
1.470945065805033059e-03,3.404116171749617999e-03,1.252917006262728616e+00,-4.455570542136441325e+00,2.000000000000000000e+01,6.821499737367255067e-02,0.000000000000000000e+00,0.000000000000000000e+00,0.000000000000000000e+00,0.000000000000000000e+00,0.000000000000000000e+00,0.000000000000000000e+00,1.500000000000000000e+02,1.520847486544340427e+03,2.779201279512909650e+02,2.118300000000000000e+06,1.599299999999999888e-01,-7.364756600000204401e+01,1.000000000000000000e+00
1.261187777594865002e-03,4.121933021732090453e-03,1.148788556201717492e+00,-8.281745370397104011e+00,2.000000000000000000e+01,7.013064195686868896e-02,0.000000000000000000e+00,0.000000000000000000e+00,0.000000000000000000e+00,0.000000000000000000e+00,0.000000000000000000e+00,0.000000000000000000e+00,1.510000000000000000e+02,5.936186441067002306e+02,3.626261275918981255e+02,2.113100000000000000e+06,1.611899999999999999e-01,-6.995894400000183566e+01,1.000000000000000000e+00
1.662278007630936354e-03,3.609064701543930088e-03,1.240131833104160641e+00,-7.636629487410501405e+00,2.000000000000000000e+01,6.569043243261961373e-02,0.000000000000000000e+00,0.000000000000000000e+00,0.000000000000000000e+00,0.000000000000000000e+00,0.000000000000000000e+00,0.000000000000000000e+00,1.520000000000000000e+02,6.080812279706423169e+02,3.619608879144739717e+02,2.113100000000000000e+06,1.391600000000000059e-01,-5.517635900000125559e+01,1.000000000000000000e+00
1.309708780627024099e-03,3.908964895570497984e-03,1.061301928756933632e+00,-9.194822042249729321e+00,2.000000000000000000e+01,8.541554622762405347e-02,0.000000000000000000e+00,0.000000000000000000e+00,0.000000000000000000e+00,0.000000000000000000e+00,0.000000000000000000e+00,0.000000000000000000e+00,1.530000000000000000e+02,4.980079357153412047e+02,3.845983994069037522e+02,2.111200000000000000e+06,1.415200000000000069e-01,-6.824318999999852053e+01,1.000000000000000000e+00
1.287036602454290531e-03,4.015878634063390837e-03,1.172193890898371338e+00,-9.170691788082722340e+00,2.000000000000000000e+01,7.738630901973321541e-02,0.000000000000000000e+00,0.000000000000000000e+00,0.000000000000000000e+00,0.000000000000000000e+00,0.000000000000000000e+00,0.000000000000000000e+00,1.540000000000000000e+02,4.997929149277325678e+02,3.834492241512648434e+02,2.111300000000000000e+06,1.364700000000000080e-01,-6.223205899999881296e+01,1.000000000000000000e+00
1.493238607214491392e-03,4.166999269723206667e-03,9.789663898583649271e-01,-8.241562795112290729e+00,2.000000000000000000e+01,6.624246382706543146e-02,0.000000000000000000e+00,0.000000000000000000e+00,0.000000000000000000e+00,0.000000000000000000e+00,0.000000000000000000e+00,0.000000000000000000e+00,1.550000000000000000e+02,5.100649854228790900e+02,3.834458169519195394e+02,2.111300000000000000e+06,1.263600000000000001e-01,-5.774879999999907909e+01,1.000000000000000000e+00
1.415688836397493381e-03,3.831805426958773218e-03,1.122700215807568291e+00,-9.402262774745908658e+00,2.000000000000000000e+01,5.893622319610673788e-02,0.000000000000000000e+00,0.000000000000000000e+00,0.000000000000000000e+00,0.000000000000000000e+00,0.000000000000000000e+00,0.000000000000000000e+00,1.560000000000000000e+02,5.149403252259616011e+02,3.818897061214383370e+02,2.111500000000000000e+06,1.446800000000000030e-01,-6.802239999999910935e+01,1.000000000000000000e+00
1.268535128351726488e-03,3.295363882687303830e-03,1.284583372441547855e+00,-2.906575028205079736e+00,2.000000000000000000e+01,6.739263162441480604e-02,0.000000000000000000e+00,0.000000000000000000e+00,0.000000000000000000e+00,0.000000000000000000e+00,0.000000000000000000e+00,0.000000000000000000e+00,1.570000000000000000e+02,2.004278303326627793e+03,2.380891735400800542e+02,2.119700000000000000e+06,2.832100000000000173e-01,-1.860757620000123040e+02,1.000000000000000000e+00
1.401703026481388500e-03,3.584779974943707107e-03,1.197840899814553772e+00,-4.393008642140809883e+00,2.000000000000000000e+01,6.808330696091997869e-02,0.000000000000000000e+00,0.000000000000000000e+00,0.000000000000000000e+00,0.000000000000000000e+00,0.000000000000000000e+00,0.000000000000000000e+00,1.580000000000000000e+02,1.547741736103132780e+03,2.761784206820606187e+02,2.118300000000000000e+06,1.523599999999999954e-01,-6.977236899999954289e+01,1.000000000000000000e+00
1.296822132854130900e-03,3.736652243067449877e-03,1.198236240621209703e+00,-8.183282560634307146e+00,2.000000000000000000e+01,6.769882355246166494e-02,0.000000000000000000e+00,0.000000000000000000e+00,0.000000000000000000e+00,0.000000000000000000e+00,0.000000000000000000e+00,0.000000000000000000e+00,1.590000000000000000e+02,5.471128195152217586e+02,3.691975193311860721e+02,2.112600000000000000e+06,1.409299999999999997e-01,-5.641906499999812752e+01,1.000000000000000000e+00
1.315156229235897676e-03,3.883057929683483931e-03,1.185967568294432617e+00,-8.326498849317580664e+00,2.000000000000000000e+01,6.778849748718829282e-02,0.000000000000000000e+00,0.000000000000000000e+00,0.000000000000000000e+00,0.000000000000000000e+00,0.000000000000000000e+00,0.000000000000000000e+00,1.600000000000000000e+02,5.410354447700815399e+02,3.718560621472119010e+02,2.112400000000000000e+06,1.463599999999999901e-01,-6.180452999999917552e+01,1.000000000000000000e+00
1.292685564741681602e-03,4.190427810063957793e-03,1.064569194642113859e+00,-8.786801151296112167e+00,2.000000000000000000e+01,6.352248284013567448e-02,0.000000000000000000e+00,0.000000000000000000e+00,0.000000000000000000e+00,0.000000000000000000e+00,0.000000000000000000e+00,0.000000000000000000e+00,1.610000000000000000e+02,5.374986017057176468e+02,3.719346373359211384e+02,2.112300000000000000e+06,1.393899999999999861e-01,-5.833982199999900331e+01,1.000000000000000000e+00
1.517513470964414451e-03,3.744222808825624707e-03,1.133669765254335937e+00,-4.376924521364619736e+00,2.000000000000000000e+01,7.360338070912350594e-02,0.000000000000000000e+00,0.000000000000000000e+00,0.000000000000000000e+00,0.000000000000000000e+00,0.000000000000000000e+00,0.000000000000000000e+00,1.620000000000000000e+02,1.491351513159164142e+03,2.803002764546099002e+02,2.118100000000000000e+06,1.631100000000000050e-01,-7.342919999999931235e+01,1.000000000000000000e+00
1.347018427866007555e-03,3.523123371870428948e-03,1.184503585309117257e+00,-4.553081868372031771e+00,2.000000000000000000e+01,6.811016305878081489e-02,0.000000000000000000e+00,0.000000000000000000e+00,0.000000000000000000e+00,0.000000000000000000e+00,0.000000000000000000e+00,0.000000000000000000e+00,1.630000000000000000e+02,1.487435852446108811e+03,2.809790920361980398e+02,2.118100000000000000e+06,1.546700000000000019e-01,-7.062769999999727588e+01,1.000000000000000000e+00
1.333436046746784521e-03,3.843465145488993151e-03,1.166322161761884191e+00,-7.451856691100961605e+00,2.000000000000000000e+01,6.799984610323425716e-02,0.000000000000000000e+00,0.000000000000000000e+00,0.000000000000000000e+00,0.000000000000000000e+00,0.000000000000000000e+00,0.000000000000000000e+00,1.640000000000000000e+02,7.181998455347459185e+02,3.518737593385692435e+02,2.113900000000000000e+06,1.545300000000000007e-01,-7.167042900000073757e+01,1.000000000000000000e+00
1.304499229479275406e-03,4.117334573725149258e-03,1.482486328717073087e+00,-6.923454021628975497e+00,2.000000000000000000e+01,6.385935242265151912e-02,0.000000000000000000e+00,0.000000000000000000e+00,0.000000000000000000e+00,0.000000000000000000e+00,0.000000000000000000e+00,0.000000000000000000e+00,1.650000000000000000e+02,6.746816487320161286e+02,3.575086194847697243e+02,2.113600000000000000e+06,1.252600000000000102e-01,-5.037758300000026424e+01,1.000000000000000000e+00
1.503637954891478765e-03,4.766566670458657201e-03,1.300156268348633182e+00,-7.373306604023900590e+00,2.000000000000000000e+01,7.454398838511606951e-02,0.000000000000000000e+00,0.000000000000000000e+00,0.000000000000000000e+00,0.000000000000000000e+00,0.000000000000000000e+00,0.000000000000000000e+00,1.660000000000000000e+02,6.953638518057168767e+02,3.560847058179824671e+02,2.113500000000000000e+06,1.263700000000000101e-01,-5.353011899999931700e+01,1.000000000000000000e+00
1.649944855182780903e-03,3.381705423401628469e-03,1.451265629478258212e+00,-2.045988704467320396e+00,2.000000000000000000e+01,7.359723320219217768e-02,0.000000000000000000e+00,0.000000000000000000e+00,0.000000000000000000e+00,0.000000000000000000e+00,0.000000000000000000e+00,0.000000000000000000e+00,1.670000000000000000e+02,2.268458186093001586e+03,2.167565794798088916e+02,2.120400000000000000e+06,3.728799999999999892e-01,-3.201692200000282469e+02,1.000000000000000000e+00
1.162040783662066480e-03,2.952366137344800568e-03,1.035029753256257568e+00,-1.968500812093364027e+00,2.000000000000000000e+01,8.907012683887446935e-02,0.000000000000000000e+00,0.000000000000000000e+00,0.000000000000000000e+00,0.000000000000000000e+00,0.000000000000000000e+00,0.000000000000000000e+00,1.680000000000000000e+02,2.375692057838059100e+03,2.158493093042218050e+02,2.120300000000000000e+06,1.411399999999999877e-01,-7.961129599999831896e+01,1.000000000000000000e+00
1.364676603762261971e-03,3.752845814263616481e-03,1.141146301057286649e+00,-7.549549585244013983e+00,2.000000000000000000e+01,6.753396449321155681e-02,0.000000000000000000e+00,0.000000000000000000e+00,0.000000000000000000e+00,0.000000000000000000e+00,0.000000000000000000e+00,0.000000000000000000e+00,1.690000000000000000e+02,7.057664490311128702e+02,3.546895607231659255e+02,2.113800000000000000e+06,1.308300000000000018e-01,-5.569199999999941753e+01,1.000000000000000000e+00
1.395220563824153348e-03,4.115327043538036245e-03,1.187031471807398209e+00,-7.557399266677302663e+00,2.000000000000000000e+01,6.771907363175054539e-02,0.000000000000000000e+00,0.000000000000000000e+00,0.000000000000000000e+00,0.000000000000000000e+00,0.000000000000000000e+00,0.000000000000000000e+00,1.700000000000000000e+02,7.015108935212068673e+02,3.549001636003536078e+02,2.113600000000000000e+06,1.403500000000000025e-01,-6.114750000000037744e+01,1.000000000000000000e+00
1.312439593426610682e-03,4.603436077145696761e-03,1.173190060287403913e+00,-7.526203508430179490e+00,2.000000000000000000e+01,7.935018432828301604e-02,0.000000000000000000e+00,0.000000000000000000e+00,0.000000000000000000e+00,0.000000000000000000e+00,0.000000000000000000e+00,0.000000000000000000e+00,1.710000000000000000e+02,4.912429262767976184e+02,3.874681470361101105e+02,2.111000000000000000e+06,1.400399999999999978e-01,-6.764291399999939358e+01,1.000000000000000000e+00
1.328518723876687862e-03,4.131852750809716576e-03,1.191331899701608021e+00,-8.654194718605456416e+00,2.000000000000000000e+01,7.044901078022458574e-02,0.000000000000000000e+00,0.000000000000000000e+00,0.000000000000000000e+00,0.000000000000000000e+00,0.000000000000000000e+00,0.000000000000000000e+00,1.720000000000000000e+02,4.918598671174393075e+02,3.862962161066093927e+02,2.111100000000000000e+06,1.475200000000000122e-01,-7.126906399999955966e+01,1.000000000000000000e+00
1.491983726630410250e-03,3.788657617728384032e-03,1.116536375123088121e+00,-3.996533675396087837e+00,2.000000000000000000e+01,7.177855857259138328e-02,0.000000000000000000e+00,0.000000000000000000e+00,0.000000000000000000e+00,0.000000000000000000e+00,0.000000000000000000e+00,0.000000000000000000e+00,1.730000000000000000e+02,1.577692931014074475e+03,2.745982210407545381e+02,2.118300000000000000e+06,1.502799999999999969e-01,-6.859199999999759711e+01,1.000000000000000000e+00
1.277148499876971715e-03,3.243787968267360100e-03,1.221067194355649033e+00,-5.419063048425103446e+00,2.000000000000000000e+01,7.193695152856501018e-02,0.000000000000000000e+00,0.000000000000000000e+00,0.000000000000000000e+00,0.000000000000000000e+00,0.000000000000000000e+00,0.000000000000000000e+00,1.740000000000000000e+02,9.649745764120275453e+02,3.289795116480382831e+02,2.115500000000000000e+06,1.584200000000000053e-01,-7.257180000000103348e+01,1.000000000000000000e+00
1.470766244947631493e-03,3.247019173686546776e-03,1.295477302164230959e+00,-8.269867892239791018e+00,2.000000000000000000e+01,5.986989412311542053e-02,0.000000000000000000e+00,0.000000000000000000e+00,0.000000000000000000e+00,0.000000000000000000e+00,0.000000000000000000e+00,0.000000000000000000e+00,1.750000000000000000e+02,5.048430632982560837e+02,3.835344368867710614e+02,2.111300000000000000e+06,1.429499999999999937e-01,-6.693198200000118447e+01,1.000000000000000000e+00
1.435341133336544414e-03,3.421334279264494609e-03,9.279314459456396991e-01,-8.852850265761636805e+00,2.000000000000000000e+01,7.539150408561451355e-02,0.000000000000000000e+00,0.000000000000000000e+00,0.000000000000000000e+00,0.000000000000000000e+00,0.000000000000000000e+00,0.000000000000000000e+00,1.760000000000000000e+02,5.046040673142197761e+02,3.845869775482487398e+02,2.111200000000000000e+06,1.444900000000000073e-01,-6.963519999999982701e+01,1.000000000000000000e+00
1.162505235121205367e-03,4.162588036468475861e-03,1.097573275362521583e+00,-8.725948027203260793e+00,2.000000000000000000e+01,7.253146531229874572e-02,0.000000000000000000e+00,0.000000000000000000e+00,0.000000000000000000e+00,0.000000000000000000e+00,0.000000000000000000e+00,0.000000000000000000e+00,1.770000000000000000e+02,5.086564406392636783e+02,3.835239202239295082e+02,2.111300000000000000e+06,1.429300000000000015e-01,-7.091219000000079120e+01,1.000000000000000000e+00
1.343402572707436647e-03,3.620277519474953375e-03,1.198306006365340348e+00,-6.146906989747025207e+00,2.000000000000000000e+01,6.409361083874497156e-02,0.000000000000000000e+00,0.000000000000000000e+00,0.000000000000000000e+00,0.000000000000000000e+00,0.000000000000000000e+00,0.000000000000000000e+00,1.780000000000000000e+02,1.052143852132795246e+03,3.217231841259874159e+02,2.115900000000000000e+06,1.356199999999999906e-01,-5.734800000000059583e+01,1.000000000000000000e+00
1.442103623024450741e-03,3.903332388738127001e-03,1.565596283472329819e+00,-6.237254698040578305e+00,2.000000000000000000e+01,7.209335482075397705e-02,0.000000000000000000e+00,0.000000000000000000e+00,0.000000000000000000e+00,0.000000000000000000e+00,0.000000000000000000e+00,0.000000000000000000e+00,1.790000000000000000e+02,9.801202815854898063e+02,3.263575101056962353e+02,2.115600000000000000e+06,1.554000000000000103e-01,-6.269609000000153287e+01,1.000000000000000000e+00
1.387069059700032567e-03,3.479999446797978069e-03,1.193856592803651751e+00,-6.224858746497944573e+00,2.000000000000000000e+01,6.404735024164796842e-02,0.000000000000000000e+00,0.000000000000000000e+00,0.000000000000000000e+00,0.000000000000000000e+00,0.000000000000000000e+00,0.000000000000000000e+00,1.800000000000000000e+02,9.791928204842104151e+02,3.266492045543946574e+02,2.115600000000000000e+06,1.387700000000000045e-01,-6.033660000000122636e+01,1.000000000000000000e+00
1.474940069748918768e-03,3.633619994663451255e-03,1.204412661860187805e+00,-6.442063131887077354e+00,2.000000000000000000e+01,6.716623547275883677e-02,0.000000000000000000e+00,0.000000000000000000e+00,0.000000000000000000e+00,0.000000000000000000e+00,0.000000000000000000e+00,0.000000000000000000e+00,1.810000000000000000e+02,1.049052342283237522e+03,3.217320428618434676e+02,2.115900000000000000e+06,1.529699999999999949e-01,-6.963060000000038485e+01,1.000000000000000000e+00
1.232862162264447472e-03,3.538258450092307463e-03,1.241688617801675054e+00,-7.120561233211686769e+00,2.000000000000000000e+01,7.268354605784332900e-02,0.000000000000000000e+00,0.000000000000000000e+00,0.000000000000000000e+00,0.000000000000000000e+00,0.000000000000000000e+00,0.000000000000000000e+00,1.820000000000000000e+02,7.258925902150505181e+02,3.504901773422737392e+02,2.114000000000000000e+06,1.556599999999999928e-01,-6.917516899999857571e+01,1.000000000000000000e+00
1.362127374978696183e-03,3.832518917621137097e-03,1.208361720595164002e+00,-7.412711325279849106e+00,2.000000000000000000e+01,6.785418169957418977e-02,0.000000000000000000e+00,0.000000000000000000e+00,0.000000000000000000e+00,0.000000000000000000e+00,0.000000000000000000e+00,0.000000000000000000e+00,1.830000000000000000e+02,7.201901544583092800e+02,3.508350391314539252e+02,2.114000000000000000e+06,1.470700000000000063e-01,-6.251579999999907500e+01,1.000000000000000000e+00
1.481346310262113665e-03,3.365294141184173738e-03,1.204650589741940392e+00,-4.015842010407491891e+00,2.000000000000000000e+01,6.810525699938341226e-02,0.000000000000000000e+00,0.000000000000000000e+00,0.000000000000000000e+00,0.000000000000000000e+00,0.000000000000000000e+00,0.000000000000000000e+00,1.840000000000000000e+02,1.659524144633695869e+03,2.673671130128740288e+02,2.118700000000000000e+06,1.526099999999999957e-01,-7.276695800000076986e+01,1.000000000000000000e+00
1.389696672041647969e-03,3.185890269101224193e-03,9.999665643655009095e-01,-3.848312020977086245e+00,2.000000000000000000e+01,7.414211880806469146e-02,0.000000000000000000e+00,0.000000000000000000e+00,0.000000000000000000e+00,0.000000000000000000e+00,0.000000000000000000e+00,0.000000000000000000e+00,1.850000000000000000e+02,1.657605528356463537e+03,2.700590372732471565e+02,2.118600000000000000e+06,1.290999999999999925e-01,-5.414400000000110680e+01,1.000000000000000000e+00
1.684330160480576252e-03,3.417020067931102797e-03,1.311281071622333982e+00,-4.766255957364501583e+00,2.000000000000000000e+01,6.934239641720769953e-02,0.000000000000000000e+00,0.000000000000000000e+00,0.000000000000000000e+00,0.000000000000000000e+00,0.000000000000000000e+00,0.000000000000000000e+00,1.860000000000000000e+02,1.627659341393684826e+03,2.709477761331596639e+02,2.118500000000000000e+06,1.544899999999999884e-01,-6.327339999999886544e+01,1.000000000000000000e+00
1.423893321400132930e-03,3.804533994924201752e-03,1.230727824575211793e+00,-6.225521853483100720e+00,2.000000000000000000e+01,6.787500455547851308e-02,0.000000000000000000e+00,0.000000000000000000e+00,0.000000000000000000e+00,0.000000000000000000e+00,0.000000000000000000e+00,0.000000000000000000e+00,1.870000000000000000e+02,1.022911908999755383e+03,3.226436407695236426e+02,2.115900000000000000e+06,1.456500000000000017e-01,-6.251403899999893099e+01,1.000000000000000000e+00
1.400921204242364842e-03,4.097545951371392436e-03,1.192138194384701366e+00,-7.273094571090833682e+00,2.000000000000000000e+01,6.741951343505875327e-02,0.000000000000000000e+00,0.000000000000000000e+00,0.000000000000000000e+00,0.000000000000000000e+00,0.000000000000000000e+00,0.000000000000000000e+00,1.880000000000000000e+02,7.487666419969382332e+02,3.478181796423909304e+02,2.114200000000000000e+06,1.268700000000000105e-01,-5.015580000000067429e+01,1.000000000000000000e+00
1.499967301361985117e-03,3.960556982294973286e-03,1.206147671375451980e+00,-6.413059125368313573e+00,2.000000000000000000e+01,7.182843922647257073e-02,0.000000000000000000e+00,0.000000000000000000e+00,0.000000000000000000e+00,0.000000000000000000e+00,0.000000000000000000e+00,0.000000000000000000e+00,1.890000000000000000e+02,9.108805258900097215e+02,3.335684368194861804e+02,2.115200000000000000e+06,1.546099999999999974e-01,-6.885902099999870529e+01,1.000000000000000000e+00
1.250568259788232672e-03,3.663098660044601055e-03,1.284786473062927925e+00,-5.344156579499565574e+00,2.000000000000000000e+01,6.521216299276418049e-02,0.000000000000000000e+00,0.000000000000000000e+00,0.000000000000000000e+00,0.000000000000000000e+00,0.000000000000000000e+00,0.000000000000000000e+00,1.900000000000000000e+02,1.294327834657252879e+03,2.984160335522471428e+02,2.117300000000000000e+06,2.323500000000000010e-01,-1.262976000000067813e+02,1.000000000000000000e+00
2.701087268462195202e-03,3.097245859604237823e-03,1.383032786075158338e+00,1.049153529151685138e-01,2.000000000000000000e+01,7.287407945071777693e-02,0.000000000000000000e+00,0.000000000000000000e+00,0.000000000000000000e+00,0.000000000000000000e+00,0.000000000000000000e+00,0.000000000000000000e+00,1.910000000000000000e+02,3.285065000289750969e+03,1.669142438744119374e+02,2.121000000000000000e+06,2.056199999999999972e-01,-1.869085080000059520e+02,1.000000000000000000e+00
2.506910284847739361e-03,3.193303957442121879e-03,1.360383860184612104e+00,3.429029935924482464e-01,2.000000000000000000e+01,7.295357951635447757e-02,0.000000000000000000e+00,0.000000000000000000e+00,0.000000000000000000e+00,0.000000000000000000e+00,0.000000000000000000e+00,0.000000000000000000e+00,1.920000000000000000e+02,3.324914861981892500e+03,1.618954924286936716e+02,2.120900000000000000e+06,1.941199999999999870e-01,-1.582758979999969711e+02,1.000000000000000000e+00
1.650097468864754856e-03,3.265158510596637229e-03,9.528225323026352500e-01,-1.748576062625195604e-02,2.000000000000000000e+01,6.810420403312707205e-02,0.000000000000000000e+00,0.000000000000000000e+00,0.000000000000000000e+00,0.000000000000000000e+00,0.000000000000000000e+00,0.000000000000000000e+00,1.930000000000000000e+02,3.220387092959038910e+03,1.695155193511611742e+02,2.120700000000000000e+06,1.412499999999999867e-01,-1.092849999999977229e+02,1.000000000000000000e+00
2.560224452163723397e-03,3.020793724261222959e-03,1.108343176639374983e+00,-2.605992139370543192e-01,2.000000000000000000e+01,7.296326309040558622e-02,0.000000000000000000e+00,0.000000000000000000e+00,0.000000000000000000e+00,0.000000000000000000e+00,0.000000000000000000e+00,0.000000000000000000e+00,1.940000000000000000e+02,3.188349477484327508e+03,1.739936732947757889e+02,2.121000000000000000e+06,2.403099999999999958e-01,-3.429533270000163157e+02,1.000000000000000000e+00
1.384364005991055432e-03,3.776644154272120260e-03,1.209542745504835093e+00,-7.085882327039110251e+00,2.000000000000000000e+01,6.788508141486507275e-02,0.000000000000000000e+00,0.000000000000000000e+00,0.000000000000000000e+00,0.000000000000000000e+00,0.000000000000000000e+00,0.000000000000000000e+00,1.950000000000000000e+02,8.033789661640677195e+02,3.438173417393776958e+02,2.114500000000000000e+06,1.481800000000000062e-01,-6.426326900000211140e+01,1.000000000000000000e+00
1.345396351924357716e-03,4.029310366683214531e-03,1.133348226581609719e+00,-8.592030140325991994e+00,2.000000000000000000e+01,6.762054031328953996e-02,0.000000000000000000e+00,0.000000000000000000e+00,0.000000000000000000e+00,0.000000000000000000e+00,0.000000000000000000e+00,0.000000000000000000e+00,1.960000000000000000e+02,5.284369929141888633e+02,3.784336739868543873e+02,2.111800000000000000e+06,1.366799999999999959e-01,-6.155570900000023471e+01,1.000000000000000000e+00
1.345396351924357716e-03,4.029310366683214531e-03,1.133348226581609719e+00,-8.592030140325991994e+00,2.000000000000000000e+01,6.762054031328953996e-02,0.000000000000000000e+00,0.000000000000000000e+00,0.000000000000000000e+00,0.000000000000000000e+00,0.000000000000000000e+00,0.000000000000000000e+00,1.970000000000000000e+02,5.284369929141888633e+02,3.784336739868543873e+02,2.111800000000000000e+06,1.366799999999999959e-01,-6.155570900000023471e+01,1.000000000000000000e+00
1.345396351924357716e-03,4.029310366683214531e-03,1.133348226581609719e+00,-8.592030140325991994e+00,2.000000000000000000e+01,6.762054031328953996e-02,0.000000000000000000e+00,0.000000000000000000e+00,0.000000000000000000e+00,0.000000000000000000e+00,0.000000000000000000e+00,0.000000000000000000e+00,1.980000000000000000e+02,5.284369929141888633e+02,3.784336739868543873e+02,2.111800000000000000e+06,1.366799999999999959e-01,-6.155570900000023471e+01,1.000000000000000000e+00
1.305473073897394634e-03,3.561434240096967956e-03,1.115091155555721247e+00,-5.102076965743028047e+00,2.000000000000000000e+01,6.791236260645723555e-02,0.000000000000000000e+00,0.000000000000000000e+00,0.000000000000000000e+00,0.000000000000000000e+00,0.000000000000000000e+00,0.000000000000000000e+00,1.990000000000000000e+02,1.329905322537925031e+03,2.945670679329099357e+02,2.117500000000000000e+06,1.429400000000000115e-01,-6.598949999999989302e+01,1.000000000000000000e+00
