1.903138695459639061e-03,4.978637868208747250e-03,4.126166704775278138e-01,2.589993470009330334e+00,2.000000000000000000e+01,7.380069264895219860e-02,0.000000000000000000e+00,0.000000000000000000e+00,0.000000000000000000e+00,0.000000000000000000e+00,0.000000000000000000e+00,0.000000000000000000e+00,0.000000000000000000e+00,5.213096503396264779e+03,1.381830716020471641e+02,2.119600000000000000e+06,3.749399999999999955e-01,-1.650653526000441161e+03,1.000000000000000000e+00
3.427674828771281983e-03,3.948077204231717832e-03,7.561691715417795390e-01,2.454123538104756808e+00,2.000000000000000000e+01,7.140031533688274978e-02,0.000000000000000000e+00,0.000000000000000000e+00,0.000000000000000000e+00,0.000000000000000000e+00,0.000000000000000000e+00,0.000000000000000000e+00,1.000000000000000000e+00,4.672072728420701424e+03,1.381834771173181480e+02,2.120100000000000000e+06,4.614599999999999813e-01,-2.134055500000098618e+03,1.000000000000000000e+00
2.031687215325819144e-03,4.408409579476075917e-03,8.117450427816811365e-01,2.577837052910937565e+00,2.000000000000000000e+01,7.284568464597487858e-02,0.000000000000000000e+00,0.000000000000000000e+00,0.000000000000000000e+00,0.000000000000000000e+00,0.000000000000000000e+00,0.000000000000000000e+00,2.000000000000000000e+00,4.398361502887943061e+03,1.381835263298751784e+02,2.119900000000000000e+06,2.733200000000000074e-01,-5.778979560000344691e+02,1.000000000000000000e+00
2.696776953337984631e-03,3.128854742595570896e-03,7.317915185479619833e-01,2.610890618303463473e+00,2.000000000000000000e+01,7.370326681146863179e-02,0.000000000000000000e+00,0.000000000000000000e+00,0.000000000000000000e+00,0.000000000000000000e+00,0.000000000000000000e+00,0.000000000000000000e+00,3.000000000000000000e+00,4.004044980366723394e+03,1.381861730787641989e+02,2.120100000000000000e+06,2.925699999999999967e-01,-8.942352999998099676e+02,1.000000000000000000e+00
3.558052698127153659e-03,2.908844393644730800e-03,1.292151016781512229e+00,2.493807050974937045e+00,2.000000000000000000e+01,7.223042576488006294e-02,0.000000000000000000e+00,0.000000000000000000e+00,0.000000000000000000e+00,0.000000000000000000e+00,0.000000000000000000e+00,0.000000000000000000e+00,4.000000000000000000e+00,3.830553625528484645e+03,1.382344389947924128e+02,2.120500000000000000e+06,4.484799999999999898e-01,-1.005727999999994154e+03,1.000000000000000000e+00
2.435926518106031752e-03,2.485623805170088328e-03,6.930746787678462306e-01,2.560185324778462945e+00,2.000000000000000000e+01,7.476803549699159723e-02,0.000000000000000000e+00,0.000000000000000000e+00,0.000000000000000000e+00,0.000000000000000000e+00,0.000000000000000000e+00,0.000000000000000000e+00,5.000000000000000000e+00,3.925392870184532512e+03,1.381872107507784619e+02,2.120100000000000000e+06,1.805499999999999883e-01,-3.839135999999641626e+02,1.000000000000000000e+00
5.556123571040076387e-04,3.355900744307529875e-03,4.350898292190373828e-01,1.899999104676579398e+00,2.000000000000000000e+01,7.046948519140988632e-02,0.000000000000000000e+00,0.000000000000000000e+00,0.000000000000000000e+00,0.000000000000000000e+00,0.000000000000000000e+00,0.000000000000000000e+00,6.000000000000000000e+00,3.345099435783400168e+03,1.414068934349543554e+02,2.120300000000000000e+06,8.417499999999999982e-02,-5.607500700000161942e+01,1.000000000000000000e+00
1.066735715061746005e-03,1.625198760915415319e-03,6.284207701509247901e-01,1.517407158009493884e+00,2.000000000000000000e+01,7.048632856382376632e-02,0.000000000000000000e+00,0.000000000000000000e+00,0.000000000000000000e+00,0.000000000000000000e+00,0.000000000000000000e+00,0.000000000000000000e+00,7.000000000000000000e+00,3.339138210177802193e+03,1.441420077627831233e+02,2.120500000000000000e+06,3.333999999999999742e-01,-5.455622130001585219e+02,1.000000000000000000e+00
2.379627443362585838e-03,3.737447636690120843e-03,1.240372503522991332e+00,7.283499795158521195e-01,2.000000000000000000e+01,7.200869405486062802e-02,0.000000000000000000e+00,0.000000000000000000e+00,0.000000000000000000e+00,0.000000000000000000e+00,0.000000000000000000e+00,0.000000000000000000e+00,8.000000000000000000e+00,3.310180813744742409e+03,1.553403934122025021e+02,2.120900000000000000e+06,4.616999999999999993e-01,-8.405331350001513329e+02,1.000000000000000000e+00
1.335972300999704269e-03,1.126228015644802896e-03,7.252336623299011631e-01,2.849485417949473298e-01,2.000000000000000000e+01,7.377998254560561020e-02,0.000000000000000000e+00,0.000000000000000000e+00,0.000000000000000000e+00,0.000000000000000000e+00,0.000000000000000000e+00,0.000000000000000000e+00,9.000000000000000000e+00,2.859393057942302221e+03,1.624343157934981718e+02,2.121000000000000000e+06,8.417900000000000382e-02,-6.628674700000094333e+01,1.000000000000000000e+00
1.555238871457268130e-03,5.118883280419840413e-03,9.330477998259791850e-01,-7.613286441553668737e+00,2.000000000000000000e+01,6.672708531876933580e-02,0.000000000000000000e+00,0.000000000000000000e+00,0.000000000000000000e+00,0.000000000000000000e+00,0.000000000000000000e+00,0.000000000000000000e+00,1.000000000000000000e+01,8.697080368746516115e+02,3.562837277821631687e+02,2.113300000000000000e+06,1.013099999999999973e-01,-5.696446700000073093e+01,1.000000000000000000e+00
1.651324932786068025e-03,3.706057219534792703e-03,1.089374881681835605e+00,-7.597478131615762464e+00,2.000000000000000000e+01,6.790930838296478644e-02,0.000000000000000000e+00,0.000000000000000000e+00,0.000000000000000000e+00,0.000000000000000000e+00,0.000000000000000000e+00,0.000000000000000000e+00,1.100000000000000000e+01,8.713123767487793430e+02,3.559129986149151819e+02,2.113700000000000000e+06,1.431499999999999995e-01,-8.662194200000210742e+01,1.000000000000000000e+00
1.527286800156380702e-03,3.041917925841754276e-03,6.943342456329872903e-01,2.061913368502294563e+00,2.000000000000000000e+01,7.497114851599884222e-02,0.000000000000000000e+00,0.000000000000000000e+00,0.000000000000000000e+00,0.000000000000000000e+00,0.000000000000000000e+00,0.000000000000000000e+00,1.200000000000000000e+01,3.522838432448312687e+03,1.392088616301796549e+02,2.120300000000000000e+06,1.440800000000000136e-01,-1.738260370000043906e+02,1.000000000000000000e+00
1.737643348271657260e-03,4.684038298245177430e-03,9.604257004320932989e-01,-8.010047415378052094e+00,2.000000000000000000e+01,6.310309285826508352e-02,0.000000000000000000e+00,0.000000000000000000e+00,0.000000000000000000e+00,0.000000000000000000e+00,0.000000000000000000e+00,0.000000000000000000e+00,1.300000000000000000e+01,8.771840484794095119e+02,3.510299914528783347e+02,2.113800000000000000e+06,9.376500000000000112e-02,-5.258260000000067436e+01,1.000000000000000000e+00
1.531739892169884038e-03,3.636151886604183092e-03,1.096813214040837536e+00,-6.853317617733032385e+00,2.000000000000000000e+01,7.192229495290157482e-02,0.000000000000000000e+00,0.000000000000000000e+00,0.000000000000000000e+00,0.000000000000000000e+00,0.000000000000000000e+00,0.000000000000000000e+00,1.400000000000000000e+01,9.715497574016337694e+02,3.350281739712181661e+02,2.115000000000000000e+06,1.219699999999999951e-01,-6.035965800000175818e+01,1.000000000000000000e+00
1.525801344307116695e-03,4.792404618264071992e-03,1.049350665644165792e+00,-7.683877217349813549e+00,2.000000000000000000e+01,6.721796644709487900e-02,0.000000000000000000e+00,0.000000000000000000e+00,0.000000000000000000e+00,0.000000000000000000e+00,0.000000000000000000e+00,0.000000000000000000e+00,1.500000000000000000e+01,7.785725351636230016e+02,3.577401606537259227e+02,2.113200000000000000e+06,1.190299999999999969e-01,-6.042999599999954086e+01,1.000000000000000000e+00
1.676801476359338593e-03,4.752439860766232392e-03,9.789257934232157288e-01,-7.596145649398249766e+00,2.000000000000000000e+01,6.928058053420758922e-02,0.000000000000000000e+00,0.000000000000000000e+00,0.000000000000000000e+00,0.000000000000000000e+00,0.000000000000000000e+00,0.000000000000000000e+00,1.600000000000000000e+01,7.408296653203411779e+02,3.667124317694089655e+02,2.112700000000000000e+06,1.765400000000000025e-01,-1.240634999999961536e+02,1.000000000000000000e+00
1.005754406202461404e-03,2.140051680717753018e-03,8.494963328962311655e-01,-4.508436466756589045e-01,2.000000000000000000e+01,7.481871556290072001e-02,0.000000000000000000e+00,0.000000000000000000e+00,0.000000000000000000e+00,0.000000000000000000e+00,0.000000000000000000e+00,0.000000000000000000e+00,1.700000000000000000e+01,2.646702156762786217e+03,1.797039220100648151e+02,2.120900000000000000e+06,3.865999999999999992e-01,-5.168201999998709653e+02,1.000000000000000000e+00
1.510956106738185929e-03,4.812908003237430579e-03,9.028947039862713630e-01,-7.182088246810870658e+00,2.000000000000000000e+01,6.720288114270883684e-02,0.000000000000000000e+00,0.000000000000000000e+00,0.000000000000000000e+00,0.000000000000000000e+00,0.000000000000000000e+00,0.000000000000000000e+00,1.800000000000000000e+01,9.513764742534203833e+02,3.461465394785393528e+02,2.114100000000000000e+06,1.135700000000000043e-01,-7.252847999999825390e+01,1.000000000000000000e+00
1.939587748403612732e-03,4.310829654450273885e-03,1.072895472906972625e+00,-7.334499052638601135e+00,2.000000000000000000e+01,6.700679955172308966e-02,0.000000000000000000e+00,0.000000000000000000e+00,0.000000000000000000e+00,0.000000000000000000e+00,0.000000000000000000e+00,0.000000000000000000e+00,1.900000000000000000e+01,9.501769459726608602e+02,3.490131266472830021e+02,2.114000000000000000e+06,1.083199999999999996e-01,-6.169231800000098076e+01,1.000000000000000000e+00
1.432256510570381353e-03,4.893014692218429496e-03,9.851051122078694489e-01,-7.955915285015555227e+00,2.000000000000000000e+01,6.785446406566721100e-02,0.000000000000000000e+00,0.000000000000000000e+00,0.000000000000000000e+00,0.000000000000000000e+00,0.000000000000000000e+00,0.000000000000000000e+00,2.000000000000000000e+01,7.720889293834035243e+02,3.631474733874910044e+02,2.112800000000000000e+06,1.448299999999999865e-01,-9.288841800000422211e+01,1.000000000000000000e+00
1.630875756266217565e-03,3.277921820318698866e-03,1.251795375813216538e+00,-1.115942972834129066e+01,2.000000000000000000e+01,6.812418471956714627e-02,0.000000000000000000e+00,0.000000000000000000e+00,0.000000000000000000e+00,0.000000000000000000e+00,0.000000000000000000e+00,0.000000000000000000e+00,2.100000000000000000e+01,4.764621400603534198e+02,4.315633935123649962e+02,2.106700000000000000e+06,1.710500000000000076e-01,-9.258700099999676070e+01,1.000000000000000000e+00
1.507037082167922339e-03,3.221368854392832153e-03,1.232555410123219009e+00,-1.305854594383367484e+00,2.000000000000000000e+01,6.925809303740960987e-02,0.000000000000000000e+00,0.000000000000000000e+00,0.000000000000000000e+00,0.000000000000000000e+00,0.000000000000000000e+00,0.000000000000000000e+00,2.200000000000000000e+01,2.617367525693976859e+03,1.983950086140043823e+02,2.120500000000000000e+06,2.564500000000000113e-01,-1.890267789999942067e+02,1.000000000000000000e+00
1.883773958861358414e-03,5.262645526928872754e-03,1.132884046352039320e+00,-1.072828408498671493e+01,2.000000000000000000e+01,7.204350880694522508e-02,0.000000000000000000e+00,0.000000000000000000e+00,0.000000000000000000e+00,0.000000000000000000e+00,0.000000000000000000e+00,0.000000000000000000e+00,2.300000000000000000e+01,4.804594082137795112e+02,4.225923729810600662e+02,2.108300000000000000e+06,3.320000000000000173e-01,-4.527880000000143355e+02,1.000000000000000000e+00
1.596112893392572169e-03,5.493213103623139845e-03,9.609708051549343821e-01,-1.039303931882849419e+01,2.000000000000000000e+01,7.211261873802059241e-02,0.000000000000000000e+00,0.000000000000000000e+00,0.000000000000000000e+00,0.000000000000000000e+00,0.000000000000000000e+00,0.000000000000000000e+00,2.400000000000000000e+01,4.875957306994762916e+02,4.159283781355147198e+02,2.109000000000000000e+06,3.438300000000000245e-01,-5.563123999999726266e+02,1.000000000000000000e+00
1.511924622019703967e-03,4.683865645495383437e-03,9.959605549657829515e-01,-6.542210907790842356e+00,2.000000000000000000e+01,6.696200179888533999e-02,0.000000000000000000e+00,0.000000000000000000e+00,0.000000000000000000e+00,0.000000000000000000e+00,0.000000000000000000e+00,0.000000000000000000e+00,2.500000000000000000e+01,1.083665118612668493e+03,3.309295812951177140e+02,2.115200000000000000e+06,1.073299999999999949e-01,-5.463360000000069761e+01,1.000000000000000000e+00
1.546860395965078379e-03,4.992403238537481726e-03,1.124431110422469793e+00,-9.716962747045686299e+00,2.000000000000000000e+01,6.908227627627223921e-02,0.000000000000000000e+00,0.000000000000000000e+00,0.000000000000000000e+00,0.000000000000000000e+00,0.000000000000000000e+00,0.000000000000000000e+00,2.600000000000000000e+01,4.896813811983034270e+02,4.095099384010720769e+02,2.109700000000000000e+06,3.625599999999999934e-01,-5.063196600001092520e+02,1.000000000000000000e+00
1.814839208064810989e-03,4.123356467042588527e-03,1.033766330220460938e+00,-8.892806981503277086e+00,2.000000000000000000e+01,6.051774246508835609e-02,0.000000000000000000e+00,0.000000000000000000e+00,0.000000000000000000e+00,0.000000000000000000e+00,0.000000000000000000e+00,0.000000000000000000e+00,2.700000000000000000e+01,4.991951474620575482e+02,4.000776701345704396e+02,2.109900000000000000e+06,1.119099999999999956e-01,-5.500440000000096319e+01,1.000000000000000000e+00
1.587691975819015668e-03,4.483294851338445568e-03,1.129794450699962427e+00,-8.415584230291358381e+00,2.000000000000000000e+01,6.716903442360380727e-02,0.000000000000000000e+00,0.000000000000000000e+00,0.000000000000000000e+00,0.000000000000000000e+00,0.000000000000000000e+00,0.000000000000000000e+00,2.800000000000000000e+01,6.002664164911171838e+02,3.738505576044399845e+02,2.112100000000000000e+06,1.192300000000000026e-01,-5.446805699999918460e+01,1.000000000000000000e+00
1.810784780207131068e-03,4.064821651120272862e-03,1.206090490875457943e+00,-6.340129613816379184e+00,2.000000000000000000e+01,6.243123380928485705e-02,0.000000000000000000e+00,0.000000000000000000e+00,0.000000000000000000e+00,0.000000000000000000e+00,0.000000000000000000e+00,0.000000000000000000e+00,2.900000000000000000e+01,1.168254062498134317e+03,3.259453404661440459e+02,2.115700000000000000e+06,1.263100000000000056e-01,-6.820315900000024101e+01,1.000000000000000000e+00
1.853124523385720228e-03,5.083857408109341246e-03,1.136452096978783910e+00,-1.059019138903608592e+01,2.000000000000000000e+01,7.156207385466555049e-02,0.000000000000000000e+00,0.000000000000000000e+00,0.000000000000000000e+00,0.000000000000000000e+00,0.000000000000000000e+00,0.000000000000000000e+00,3.000000000000000000e+01,5.905342588870270220e+02,3.959782091782327598e+02,2.110700000000000000e+06,1.598600000000000021e-01,-1.275003590000045364e+02,1.000000000000000000e+00
1.661532854223629835e-03,5.350477205187196411e-03,1.076793175220839061e+00,-9.572657496395311938e+00,2.000000000000000000e+01,7.210660364868759498e-02,0.000000000000000000e+00,0.000000000000000000e+00,0.000000000000000000e+00,0.000000000000000000e+00,0.000000000000000000e+00,0.000000000000000000e+00,3.100000000000000000e+01,5.440858140667780845e+02,3.994183212065750581e+02,2.110700000000000000e+06,3.203900000000000081e-01,-4.177714000000813144e+02,1.000000000000000000e+00
1.381031777485581353e-03,4.717954294855631128e-03,9.592229937159471032e-01,-6.191275724440330031e+00,2.000000000000000000e+01,6.769861362325260701e-02,0.000000000000000000e+00,0.000000000000000000e+00,0.000000000000000000e+00,0.000000000000000000e+00,0.000000000000000000e+00,0.000000000000000000e+00,3.200000000000000000e+01,1.238431746993391243e+03,3.217374027189463845e+02,2.115700000000000000e+06,1.320399999999999907e-01,-8.129427799999997717e+01,1.000000000000000000e+00
1.654500484963609573e-03,5.456691157904286493e-03,9.305804158865236264e-01,-8.898129092201182644e+00,2.000000000000000000e+01,7.443783944167273181e-02,0.000000000000000000e+00,0.000000000000000000e+00,0.000000000000000000e+00,0.000000000000000000e+00,0.000000000000000000e+00,0.000000000000000000e+00,3.300000000000000000e+01,5.655268947056184743e+02,3.984834290737734364e+02,2.110500000000000000e+06,1.781500000000000028e-01,-1.629046999999941647e+02,1.000000000000000000e+00
1.680184514455256971e-03,5.331993066902658909e-03,1.097418528943674865e+00,-9.555689040898158737e+00,2.000000000000000000e+01,7.197853035434348401e-02,0.000000000000000000e+00,0.000000000000000000e+00,0.000000000000000000e+00,0.000000000000000000e+00,0.000000000000000000e+00,0.000000000000000000e+00,3.400000000000000000e+01,5.555605038374609421e+02,3.989978819231058083e+02,2.110700000000000000e+06,3.590599999999999903e-01,-5.041120000000405525e+02,1.000000000000000000e+00
1.373609336927675891e-03,3.229894739097759204e-03,1.007718398982365260e+00,-5.648599815498082322e+00,2.000000000000000000e+01,6.780243501812521778e-02,0.000000000000000000e+00,0.000000000000000000e+00,0.000000000000000000e+00,0.000000000000000000e+00,0.000000000000000000e+00,0.000000000000000000e+00,3.500000000000000000e+01,1.288060842037839620e+03,3.077919485527344818e+02,2.116800000000000000e+06,1.325300000000000089e-01,-7.387540000000039697e+01,1.000000000000000000e+00
1.425739042166123110e-03,3.773454497415721330e-03,1.456014286587370199e+00,-2.262561175491470511e+00,2.000000000000000000e+01,7.009698240417311377e-02,0.000000000000000000e+00,0.000000000000000000e+00,0.000000000000000000e+00,0.000000000000000000e+00,0.000000000000000000e+00,0.000000000000000000e+00,3.600000000000000000e+01,2.417985680758257786e+03,2.205675660406002976e+02,2.120100000000000000e+06,2.074699999999999878e-01,-1.008858690000033249e+02,1.000000000000000000e+00
1.542963629659991958e-03,4.109104908321270337e-03,9.436124340033749114e-01,-5.494953029663978583e+00,2.000000000000000000e+01,6.730276217126213156e-02,0.000000000000000000e+00,0.000000000000000000e+00,0.000000000000000000e+00,0.000000000000000000e+00,0.000000000000000000e+00,0.000000000000000000e+00,3.700000000000000000e+01,1.424839376745289883e+03,3.044836723345811720e+02,2.116800000000000000e+06,1.138099999999999945e-01,-6.974314800000003345e+01,1.000000000000000000e+00
1.529960682139663679e-03,4.552671136805562860e-03,9.236276900400096634e-01,-5.393916007368743770e+00,2.000000000000000000e+01,6.687522067436010853e-02,0.000000000000000000e+00,0.000000000000000000e+00,0.000000000000000000e+00,0.000000000000000000e+00,0.000000000000000000e+00,0.000000000000000000e+00,3.800000000000000000e+01,1.502571627886163924e+03,3.024840286193590373e+02,2.116800000000000000e+06,1.016100000000000059e-01,-5.788499999999820034e+01,1.000000000000000000e+00
1.340500821502357137e-03,3.787464286620364530e-03,1.314376079015794563e+00,-2.463125878016160453e+00,2.000000000000000000e+01,7.264986159460232185e-02,0.000000000000000000e+00,0.000000000000000000e+00,0.000000000000000000e+00,0.000000000000000000e+00,0.000000000000000000e+00,0.000000000000000000e+00,3.900000000000000000e+01,2.230600941912343387e+03,2.271463993248780469e+02,2.120000000000000000e+06,2.077199999999999880e-01,-1.089338999999981183e+02,1.000000000000000000e+00
1.815649299576139845e-03,3.984498904568180289e-03,1.041577616289077968e+00,-5.254074502229351573e+00,2.000000000000000000e+01,6.717618428952680520e-02,0.000000000000000000e+00,0.000000000000000000e+00,0.000000000000000000e+00,0.000000000000000000e+00,0.000000000000000000e+00,0.000000000000000000e+00,4.000000000000000000e+01,1.533364939904309267e+03,2.987930886709438596e+02,2.117200000000000000e+06,1.096799999999999997e-01,-6.337805100000046110e+01,1.000000000000000000e+00
1.461257756086558474e-03,4.363341370811966817e-03,1.040917236155799230e+00,-4.900602613269410490e+00,2.000000000000000000e+01,6.755150787301493487e-02,0.000000000000000000e+00,0.000000000000000000e+00,0.000000000000000000e+00,0.000000000000000000e+00,0.000000000000000000e+00,0.000000000000000000e+00,4.100000000000000000e+01,1.578931966176541209e+03,2.899868266949290501e+02,2.117500000000000000e+06,1.261500000000000121e-01,-6.705989999999910367e+01,1.000000000000000000e+00
1.502961018572168033e-03,4.035095343155103986e-03,8.236915851920515452e-01,-5.223281084966174603e+00,2.000000000000000000e+01,6.703688075779509759e-02,0.000000000000000000e+00,0.000000000000000000e+00,0.000000000000000000e+00,0.000000000000000000e+00,0.000000000000000000e+00,0.000000000000000000e+00,4.200000000000000000e+01,1.568160277914727203e+03,2.978702247481064660e+02,2.117200000000000000e+06,1.021900000000000031e-01,-7.074120000000021946e+01,1.000000000000000000e+00
1.599634128879716313e-03,3.820746603733897809e-03,8.290182450161938110e-01,-3.388493038449219341e+00,2.000000000000000000e+01,7.342306068315176959e-02,0.000000000000000000e+00,0.000000000000000000e+00,0.000000000000000000e+00,0.000000000000000000e+00,0.000000000000000000e+00,0.000000000000000000e+00,4.300000000000000000e+01,2.194067161539036533e+03,2.513973209384641052e+02,2.119300000000000000e+06,1.972299999999999887e-01,-2.556250689999843644e+02,1.000000000000000000e+00
1.329886202109848998e-03,4.086787374785982342e-03,8.523413032154379954e-01,-4.665446107710807588e+00,2.000000000000000000e+01,7.289598412732870014e-02,0.000000000000000000e+00,0.000000000000000000e+00,0.000000000000000000e+00,0.000000000000000000e+00,0.000000000000000000e+00,0.000000000000000000e+00,4.400000000000000000e+01,1.714475478001328156e+03,2.842344858845503381e+02,2.118100000000000000e+06,2.360800000000000121e-01,-2.899821530000459688e+02,1.000000000000000000e+00
1.524017464973813265e-03,3.857042381834163442e-03,8.822742517250748984e-01,-4.263447080255819088e+00,2.000000000000000000e+01,6.753365201355771008e-02,0.000000000000000000e+00,0.000000000000000000e+00,0.000000000000000000e+00,0.000000000000000000e+00,0.000000000000000000e+00,0.000000000000000000e+00,4.500000000000000000e+01,1.892174958747222945e+03,2.733251698615303553e+02,2.118400000000000000e+06,1.169499999999999984e-01,-8.265160000000282992e+01,1.000000000000000000e+00
1.579703566074386160e-03,4.134488421248213794e-03,8.710473216005085728e-01,-4.390178345039774221e+00,2.000000000000000000e+01,6.675860149329387871e-02,0.000000000000000000e+00,0.000000000000000000e+00,0.000000000000000000e+00,0.000000000000000000e+00,0.000000000000000000e+00,0.000000000000000000e+00,4.600000000000000000e+01,1.841768799076614641e+03,2.761052425327686706e+02,2.118100000000000000e+06,9.526999999999999358e-02,-5.930304199999823567e+01,1.000000000000000000e+00
1.462445420652086665e-03,4.256921769117735094e-03,7.817987101758208102e-01,-3.683691006138209545e+00,2.000000000000000000e+01,7.421202334585498550e-02,0.000000000000000000e+00,0.000000000000000000e+00,0.000000000000000000e+00,0.000000000000000000e+00,0.000000000000000000e+00,0.000000000000000000e+00,4.700000000000000000e+01,2.140608058573137896e+03,2.586517266430947188e+02,2.119000000000000000e+06,1.347099999999999964e-01,-1.320176969999940013e+02,1.000000000000000000e+00
1.529961247488169753e-03,3.708392214229092390e-03,1.015780990074185430e+00,-4.562698848262641604e+00,2.000000000000000000e+01,7.322234982578658402e-02,0.000000000000000000e+00,0.000000000000000000e+00,0.000000000000000000e+00,0.000000000000000000e+00,0.000000000000000000e+00,0.000000000000000000e+00,4.800000000000000000e+01,1.800958238365530860e+03,2.812733899333598515e+02,2.118200000000000000e+06,1.802300000000000013e-01,-1.505519999999964114e+02,1.000000000000000000e+00
1.409847041670219889e-03,4.118538643238276592e-03,8.220172687879523377e-01,-3.580733748024250485e+00,2.000000000000000000e+01,7.219939828072516330e-02,0.000000000000000000e+00,0.000000000000000000e+00,0.000000000000000000e+00,0.000000000000000000e+00,0.000000000000000000e+00,0.000000000000000000e+00,4.900000000000000000e+01,2.172915923907638444e+03,2.562756452351850385e+02,2.119200000000000000e+06,4.134499999999999842e-01,-9.173459999997447767e+02,1.000000000000000000e+00
1.608085248898294536e-03,4.362694451028738957e-03,9.293439848487796695e-01,-4.650195519536016064e+00,2.000000000000000000e+01,6.717867557344042728e-02,0.000000000000000000e+00,0.000000000000000000e+00,0.000000000000000000e+00,0.000000000000000000e+00,0.000000000000000000e+00,0.000000000000000000e+00,5.000000000000000000e+01,1.777382045862313362e+03,2.838160838119204641e+02,2.117800000000000000e+06,1.095900000000000069e-01,-6.935840000000040106e+01,1.000000000000000000e+00
2.102395658497711612e-03,2.024042224159036587e-03,1.423916821940851785e+00,-3.743775374834657832e+00,2.000000000000000000e+01,6.352693019467009483e-02,0.000000000000000000e+00,0.000000000000000000e+00,0.000000000000000000e+00,0.000000000000000000e+00,0.000000000000000000e+00,0.000000000000000000e+00,5.100000000000000000e+01,1.998548868061472831e+03,2.667260142701780410e+02,2.119000000000000000e+06,2.645000000000000129e-01,-2.130808770000106165e+02,1.000000000000000000e+00
1.609398048837948174e-03,4.116946687343643607e-03,9.218771532563898585e-01,-3.775988107178441133e+00,2.000000000000000000e+01,6.678423138456335284e-02,0.000000000000000000e+00,0.000000000000000000e+00,0.000000000000000000e+00,0.000000000000000000e+00,0.000000000000000000e+00,0.000000000000000000e+00,5.200000000000000000e+01,2.038197185415281410e+03,2.606923190505324328e+02,2.118800000000000000e+06,9.621699999999999697e-02,-5.561742099999931099e+01,1.000000000000000000e+00
1.382789451157192488e-03,3.993051164624307307e-03,8.630048786750442735e-01,-4.631036605567199871e+00,2.000000000000000000e+01,7.510791114955440995e-02,0.000000000000000000e+00,0.000000000000000000e+00,0.000000000000000000e+00,0.000000000000000000e+00,0.000000000000000000e+00,0.000000000000000000e+00,5.300000000000000000e+01,1.783794747213043365e+03,2.832800498987788274e+02,2.118000000000000000e+06,9.702199999999999713e-02,-5.518169999999944508e+01,1.000000000000000000e+00
1.330142502737720681e-03,4.186447775048675671e-03,8.592758113218307292e-01,-4.303819584651771279e+00,2.000000000000000000e+01,7.696488587128766379e-02,0.000000000000000000e+00,0.000000000000000000e+00,0.000000000000000000e+00,0.000000000000000000e+00,0.000000000000000000e+00,0.000000000000000000e+00,5.400000000000000000e+01,1.929568242271227064e+03,2.703814698031355874e+02,2.118600000000000000e+06,1.365399999999999947e-01,-1.041126660000036566e+02,1.000000000000000000e+00
1.337100412444020264e-03,4.474933201987622323e-03,7.326743011958967156e-01,-3.914650220217231968e+00,2.000000000000000000e+01,7.427292305604518696e-02,0.000000000000000000e+00,0.000000000000000000e+00,0.000000000000000000e+00,0.000000000000000000e+00,0.000000000000000000e+00,0.000000000000000000e+00,5.500000000000000000e+01,2.037172707640722138e+03,2.642549362954430308e+02,2.118700000000000000e+06,1.325399999999999912e-01,-1.326313919999979589e+02,1.000000000000000000e+00
1.362681300047679980e-03,4.107652531656896290e-03,8.076459642675143380e-01,-4.048243655054222678e+00,2.000000000000000000e+01,7.416726952060673228e-02,0.000000000000000000e+00,0.000000000000000000e+00,0.000000000000000000e+00,0.000000000000000000e+00,0.000000000000000000e+00,0.000000000000000000e+00,5.600000000000000000e+01,1.975175831221651606e+03,2.683556653628372146e+02,2.118700000000000000e+06,1.321799999999999919e-01,-1.125829739999956303e+02,1.000000000000000000e+00
1.400677519997970376e-03,4.193274158413117132e-03,7.271261780596127711e-01,-4.086652184188818815e+00,2.000000000000000000e+01,6.614918811560191458e-02,0.000000000000000000e+00,0.000000000000000000e+00,0.000000000000000000e+00,0.000000000000000000e+00,0.000000000000000000e+00,0.000000000000000000e+00,5.700000000000000000e+01,1.959358865140687612e+03,2.694462135922113362e+02,2.118400000000000000e+06,8.131399999999999739e-02,-5.440550000000074249e+01,1.000000000000000000e+00
1.786612950312390117e-03,4.785197069088442147e-03,1.155487089205119222e+00,-1.105855536799834304e+01,2.000000000000000000e+01,7.223403079202050936e-02,0.000000000000000000e+00,0.000000000000000000e+00,0.000000000000000000e+00,0.000000000000000000e+00,0.000000000000000000e+00,0.000000000000000000e+00,5.800000000000000000e+01,4.806769452369189253e+02,4.294215789627573940e+02,2.107500000000000000e+06,2.668699999999999961e-01,-2.850876620000000798e+02,1.000000000000000000e+00
2.004946121362260591e-03,3.783074290547172244e-03,1.383264062474063749e+00,-8.968460042570471913e+00,2.000000000000000000e+01,6.723462059697396520e-02,0.000000000000000000e+00,0.000000000000000000e+00,0.000000000000000000e+00,0.000000000000000000e+00,0.000000000000000000e+00,0.000000000000000000e+00,5.900000000000000000e+01,4.878477784709822345e+02,4.164435871483373717e+02,2.108200000000000000e+06,1.233599999999999974e-01,-6.215137000000038370e+01,1.000000000000000000e+00
1.730962789280377553e-03,5.258453875497237813e-03,9.459241525032531239e-01,-9.485711532893747133e+00,2.000000000000000000e+01,7.335042996498274126e-02,0.000000000000000000e+00,0.000000000000000000e+00,0.000000000000000000e+00,0.000000000000000000e+00,0.000000000000000000e+00,0.000000000000000000e+00,6.000000000000000000e+01,5.976493445294294133e+02,3.972046103601296636e+02,2.110500000000000000e+06,1.637200000000000044e-01,-1.600020999999952664e+02,1.000000000000000000e+00
1.851612487903819436e-03,5.619502803599059869e-03,1.025825710463436735e+00,-1.009963982853468600e+01,2.000000000000000000e+01,7.691404680161961771e-02,0.000000000000000000e+00,0.000000000000000000e+00,0.000000000000000000e+00,0.000000000000000000e+00,0.000000000000000000e+00,0.000000000000000000e+00,6.100000000000000000e+01,5.921524547200073130e+02,3.972136845290412452e+02,2.110500000000000000e+06,1.516500000000000070e-01,-1.306837620000015647e+02,1.000000000000000000e+00
1.378395510167752585e-03,5.910963511193961274e-03,1.003182890449610065e+00,-9.225883978382707795e+00,2.000000000000000000e+01,8.020129270593247262e-02,0.000000000000000000e+00,0.000000000000000000e+00,0.000000000000000000e+00,0.000000000000000000e+00,0.000000000000000000e+00,0.000000000000000000e+00,6.200000000000000000e+01,5.856936091939361404e+02,3.988010940242150468e+02,2.110500000000000000e+06,1.553799999999999903e-01,-1.047129999999983170e+02,1.000000000000000000e+00
1.720501316936132652e-03,4.833981257517677536e-03,1.123476865736029229e+00,-9.848484325230163705e+00,2.000000000000000000e+01,7.292888903456423710e-02,0.000000000000000000e+00,0.000000000000000000e+00,0.000000000000000000e+00,0.000000000000000000e+00,0.000000000000000000e+00,0.000000000000000000e+00,6.300000000000000000e+01,5.758009066653413583e+02,3.992625432832481920e+02,2.110400000000000000e+06,1.539500000000000035e-01,-1.162981319999963716e+02,1.000000000000000000e+00
1.552726240737280954e-03,3.450750875732005833e-03,1.191791981718973048e+00,-1.145735379720718861e+01,2.000000000000000000e+01,8.141309616959609141e-02,0.000000000000000000e+00,0.000000000000000000e+00,0.000000000000000000e+00,0.000000000000000000e+00,0.000000000000000000e+00,0.000000000000000000e+00,6.400000000000000000e+01,4.924875527955774146e+02,4.171231153306493979e+02,2.108100000000000000e+06,1.192799999999999971e-01,-5.376414300000040924e+01,1.000000000000000000e+00
1.573565024924711677e-03,4.853821622760150223e-03,1.027398723513551326e+00,-9.715654162341772704e+00,2.000000000000000000e+01,6.377686405003356318e-02,0.000000000000000000e+00,0.000000000000000000e+00,0.000000000000000000e+00,0.000000000000000000e+00,0.000000000000000000e+00,0.000000000000000000e+00,6.500000000000000000e+01,5.094378006251009197e+02,4.080103561833215622e+02,2.109600000000000000e+06,2.110200000000000131e-01,-2.060034000000184164e+02,1.000000000000000000e+00
2.187826415441743427e-03,3.670125646774189537e-03,1.039838744014998539e+00,-9.266196359485677547e+00,2.000000000000000000e+01,6.937105405537290215e-02,0.000000000000000000e+00,0.000000000000000000e+00,0.000000000000000000e+00,0.000000000000000000e+00,0.000000000000000000e+00,0.000000000000000000e+00,6.600000000000000000e+01,5.185422663093235087e+02,4.034883518976673713e+02,2.109600000000000000e+06,1.213499999999999995e-01,-6.243512100000049969e+01,1.000000000000000000e+00
1.525163994994237996e-03,5.253507254667432250e-03,9.609289920628886206e-01,-8.468152323782135227e+00,2.000000000000000000e+01,7.342510028230579688e-02,0.000000000000000000e+00,0.000000000000000000e+00,0.000000000000000000e+00,0.000000000000000000e+00,0.000000000000000000e+00,0.000000000000000000e+00,6.700000000000000000e+01,7.252740053327808027e+02,3.752010272920794591e+02,2.112400000000000000e+06,1.529600000000000126e-01,-1.219992000000077894e+02,1.000000000000000000e+00
1.700931473565872208e-03,4.931051638110936150e-03,9.975178667278580269e-01,-9.189612757053188474e+00,2.000000000000000000e+01,6.282684329562422676e-02,0.000000000000000000e+00,0.000000000000000000e+00,0.000000000000000000e+00,0.000000000000000000e+00,0.000000000000000000e+00,0.000000000000000000e+00,6.800000000000000000e+01,7.175248693499904675e+02,3.773531252486714607e+02,2.111700000000000000e+06,1.058299999999999935e-01,-6.995669999999986999e+01,1.000000000000000000e+00
1.998438257479937929e-03,5.317478487363576194e-03,1.025769941633650317e+00,-9.935104026266758481e+00,2.000000000000000000e+01,5.647923700805342756e-02,0.000000000000000000e+00,0.000000000000000000e+00,0.000000000000000000e+00,0.000000000000000000e+00,0.000000000000000000e+00,0.000000000000000000e+00,6.900000000000000000e+01,6.415119352658675780e+02,3.851271525713251549e+02,2.111000000000000000e+06,1.184599999999999959e-01,-6.902240000000006148e+01,1.000000000000000000e+00
1.609340827317411312e-03,3.457661511498331865e-03,8.673759710732714678e-01,-8.678163044819759975e+00,2.000000000000000000e+01,7.033590999047598102e-02,0.000000000000000000e+00,0.000000000000000000e+00,0.000000000000000000e+00,0.000000000000000000e+00,0.000000000000000000e+00,0.000000000000000000e+00,7.000000000000000000e+01,6.415311666675048627e+02,3.802811885080877801e+02,2.111800000000000000e+06,9.247500000000000164e-02,-5.016760000000090969e+01,1.000000000000000000e+00
1.552592867029483573e-03,4.825272515614011798e-03,1.081983076420670820e+00,-9.097039160452759177e+00,2.000000000000000000e+01,7.327351507194648783e-02,0.000000000000000000e+00,0.000000000000000000e+00,0.000000000000000000e+00,0.000000000000000000e+00,0.000000000000000000e+00,0.000000000000000000e+00,7.100000000000000000e+01,6.015860416070611336e+02,3.893803375153383399e+02,2.111300000000000000e+06,1.574299999999999866e-01,-1.027574950000024785e+02,1.000000000000000000e+00
2.365276623658442955e-03,4.755572098258888450e-03,8.786110089858059080e-01,2.291968531030798673e+00,2.000000000000000000e+01,8.168211231905152248e-02,0.000000000000000000e+00,0.000000000000000000e+00,0.000000000000000000e+00,0.000000000000000000e+00,0.000000000000000000e+00,0.000000000000000000e+00,7.200000000000000000e+01,5.400315828494982270e+03,1.381831052350717357e+02,2.119400000000000000e+06,9.896800000000000042e-02,-7.448820299999981387e+01,1.000000000000000000e+00
2.073860010082184506e-03,4.023596553594877348e-03,7.679696544998028118e-01,2.785954358931860053e+00,2.000000000000000000e+01,7.878722753128493406e-02,0.000000000000000000e+00,0.000000000000000000e+00,0.000000000000000000e+00,0.000000000000000000e+00,0.000000000000000000e+00,0.000000000000000000e+00,7.300000000000000000e+01,4.842814124118954169e+03,1.381834994597554100e+02,2.119800000000000000e+06,5.316199999999999815e-01,-1.856764884000892607e+03,1.000000000000000000e+00
2.302561776411600654e-03,3.374045638769006868e-03,6.282245320371563357e-01,2.420291960952646981e+00,2.000000000000000000e+01,8.515287527352456698e-02,0.000000000000000000e+00,0.000000000000000000e+00,0.000000000000000000e+00,0.000000000000000000e+00,0.000000000000000000e+00,0.000000000000000000e+00,7.400000000000000000e+01,4.749722100846272042e+03,1.381835104020395022e+02,2.119900000000000000e+06,4.466999999999999860e-01,-1.713240999999141650e+03,1.000000000000000000e+00
1.548050796484944005e-03,4.476742451211926030e-03,1.060723608060003542e+00,-7.740657521719669809e+00,2.000000000000000000e+01,6.789866251127267549e-02,0.000000000000000000e+00,0.000000000000000000e+00,0.000000000000000000e+00,0.000000000000000000e+00,0.000000000000000000e+00,0.000000000000000000e+00,7.500000000000000000e+01,7.794977708544740835e+02,3.586750798512273377e+02,2.113300000000000000e+06,1.455700000000000049e-01,-8.823600000000159582e+01,1.000000000000000000e+00
1.698118196953366139e-03,4.712811589878604206e-03,1.015515506623948960e+00,-8.013572770393453837e+00,2.000000000000000000e+01,6.955765600659170877e-02,0.000000000000000000e+00,0.000000000000000000e+00,0.000000000000000000e+00,0.000000000000000000e+00,0.000000000000000000e+00,0.000000000000000000e+00,7.600000000000000000e+01,7.656417829614807715e+02,3.696175976543449906e+02,2.112300000000000000e+06,1.075600000000000028e-01,-6.331379999999934682e+01,1.000000000000000000e+00
1.908081428985584959e-03,5.126933760726998940e-03,1.220625674643115444e+00,-1.097472899931939772e+01,2.000000000000000000e+01,7.274806662049836115e-02,0.000000000000000000e+00,0.000000000000000000e+00,0.000000000000000000e+00,0.000000000000000000e+00,0.000000000000000000e+00,0.000000000000000000e+00,7.700000000000000000e+01,5.057049051858154485e+02,4.154296204072123828e+02,2.108800000000000000e+06,1.805400000000000060e-01,-1.798991789999924720e+02,1.000000000000000000e+00
1.786612950312390117e-03,4.785197069088442147e-03,1.155487089205119222e+00,-1.105855536799834304e+01,2.000000000000000000e+01,7.223403079202050936e-02,0.000000000000000000e+00,0.000000000000000000e+00,0.000000000000000000e+00,0.000000000000000000e+00,0.000000000000000000e+00,0.000000000000000000e+00,7.800000000000000000e+01,5.311838795135739701e+02,4.064350302352636959e+02,2.109700000000000000e+06,1.715599999999999903e-01,-1.504169859999991843e+02,1.000000000000000000e+00
1.793871317701175531e-03,4.031107365480943172e-03,1.502921839224377054e+00,-6.738341101590185289e+00,2.000000000000000000e+01,8.567549669462828921e-02,0.000000000000000000e+00,0.000000000000000000e+00,0.000000000000000000e+00,0.000000000000000000e+00,0.000000000000000000e+00,0.000000000000000000e+00,7.900000000000000000e+01,5.379489070172675156e+02,4.047879050677094597e+02,2.109900000000000000e+06,1.777199999999999891e-01,-1.599530129999949679e+02,1.000000000000000000e+00
1.775376847268393416e-03,4.835034813602265627e-03,7.996321557601838714e-01,2.430499491000804202e+00,2.000000000000000000e+01,7.348908161248407511e-02,0.000000000000000000e+00,0.000000000000000000e+00,0.000000000000000000e+00,0.000000000000000000e+00,0.000000000000000000e+00,0.000000000000000000e+00,8.000000000000000000e+01,4.493500198522799110e+03,1.381835375788437545e+02,2.119900000000000000e+06,2.318600000000000105e-01,-5.188432149999111971e+02,1.000000000000000000e+00
1.491131364542743138e-03,4.554057450505179412e-03,1.232292009151713996e+00,-7.434563652596569483e+00,2.000000000000000000e+01,6.958850253499865302e-02,0.000000000000000000e+00,0.000000000000000000e+00,0.000000000000000000e+00,0.000000000000000000e+00,0.000000000000000000e+00,0.000000000000000000e+00,8.100000000000000000e+01,8.802147996649483730e+02,3.514044224180248079e+02,2.113500000000000000e+06,3.795100000000000140e-01,-3.404449999999726515e+02,1.000000000000000000e+00
1.817703947764144233e-03,4.890535516240481460e-03,9.997925235803390986e-01,-9.924604072300748925e+00,2.000000000000000000e+01,6.990962147153745310e-02,0.000000000000000000e+00,0.000000000000000000e+00,0.000000000000000000e+00,0.000000000000000000e+00,0.000000000000000000e+00,0.000000000000000000e+00,8.200000000000000000e+01,7.684655754382522446e+02,3.735660941284513115e+02,2.112000000000000000e+06,1.059400000000000064e-01,-7.035839999999949157e+01,1.000000000000000000e+00
2.243709773924968797e-03,4.494445206415260442e-03,1.075588163550288856e+00,-9.549267896192361604e+00,2.000000000000000000e+01,6.505704273067118570e-02,0.000000000000000000e+00,0.000000000000000000e+00,0.000000000000000000e+00,0.000000000000000000e+00,0.000000000000000000e+00,0.000000000000000000e+00,8.300000000000000000e+01,7.696313471441936827e+02,3.719384300440617039e+02,2.112100000000000000e+06,1.130099999999999993e-01,-7.202099200000087365e+01,1.000000000000000000e+00
2.685110897821862529e-03,1.399181556923798954e-03,5.234688333964878648e-01,2.495047256271059499e+00,2.000000000000000000e+01,6.774955304002704126e-02,0.000000000000000000e+00,0.000000000000000000e+00,0.000000000000000000e+00,0.000000000000000000e+00,0.000000000000000000e+00,0.000000000000000000e+00,8.400000000000000000e+01,6.090682477052821923e+03,1.381832146778848767e+02,2.119400000000000000e+06,3.793199999999999905e-01,-6.632041099999460130e+02,1.000000000000000000e+00
2.804775469550941334e-03,2.054514618712374209e-03,7.213572125412615055e-01,2.305590874963053150e+00,2.000000000000000000e+01,7.608272308568948816e-02,0.000000000000000000e+00,0.000000000000000000e+00,0.000000000000000000e+00,0.000000000000000000e+00,0.000000000000000000e+00,0.000000000000000000e+00,8.500000000000000000e+01,4.222129161208475125e+03,1.381870225583206491e+02,2.120200000000000000e+06,1.331199999999999883e-01,-2.522457870000200160e+02,1.000000000000000000e+00
3.544796907607768686e-03,3.437788883791303811e-03,6.943750942615370958e-01,2.222329160937630110e+00,2.000000000000000000e+01,6.285522336583748704e-02,0.000000000000000000e+00,0.000000000000000000e+00,0.000000000000000000e+00,0.000000000000000000e+00,0.000000000000000000e+00,0.000000000000000000e+00,8.600000000000000000e+01,7.134662749942943265e+03,1.381832354892634385e+02,2.118500000000000000e+06,6.479200000000000514e-01,-1.824385550000797593e+03,1.000000000000000000e+00
2.365328256710115713e-03,4.234399431031290323e-03,6.840534987334891959e-01,2.572598320251497483e+00,2.000000000000000000e+01,6.647603305147586905e-02,0.000000000000000000e+00,0.000000000000000000e+00,0.000000000000000000e+00,0.000000000000000000e+00,0.000000000000000000e+00,0.000000000000000000e+00,8.700000000000000000e+01,6.592964226393697572e+03,1.381834138508737624e+02,2.118700000000000000e+06,3.289300000000000002e-01,-7.035624330000161990e+02,1.000000000000000000e+00
2.417005649629953411e-03,4.305621851391930842e-03,7.233101631276205312e-01,2.569823123217859440e+00,2.000000000000000000e+01,7.252145644870548746e-02,0.000000000000000000e+00,0.000000000000000000e+00,0.000000000000000000e+00,0.000000000000000000e+00,0.000000000000000000e+00,0.000000000000000000e+00,8.800000000000000000e+01,4.604424702021229677e+03,1.381847512861509699e+02,2.120000000000000000e+06,4.616399999999999948e-01,-1.843292393000722541e+03,1.000000000000000000e+00
2.468838196502291544e-03,4.068126131185302238e-03,3.704237832587605195e-01,3.070781118694723144e+00,2.000000000000000000e+01,5.042125485681025338e-02,0.000000000000000000e+00,0.000000000000000000e+00,0.000000000000000000e+00,0.000000000000000000e+00,0.000000000000000000e+00,0.000000000000000000e+00,8.900000000000000000e+01,7.530389876461927088e+03,1.381832758480795462e+02,2.118300000000000000e+06,2.331900000000000084e-01,-4.993790000000230975e+02,1.000000000000000000e+00
4.055189325813622452e-03,1.338321285826518225e-03,8.472776228869624005e-01,2.071648592599149019e+00,2.000000000000000000e+01,4.588233013150769951e-02,0.000000000000000000e+00,0.000000000000000000e+00,0.000000000000000000e+00,0.000000000000000000e+00,0.000000000000000000e+00,0.000000000000000000e+00,9.000000000000000000e+01,7.144134297116669586e+03,1.381832776006636152e+02,2.119200000000000000e+06,2.165300000000000002e-01,-4.040883900000150675e+02,1.000000000000000000e+00
2.569489008965727354e-03,2.741591047246159062e-03,8.032487422459726467e-01,1.920111547134378815e+00,2.000000000000000000e+01,8.002168279451617183e-02,0.000000000000000000e+00,0.000000000000000000e+00,0.000000000000000000e+00,0.000000000000000000e+00,0.000000000000000000e+00,0.000000000000000000e+00,9.100000000000000000e+01,3.852224898081367428e+03,1.385529777057093384e+02,2.120200000000000000e+06,1.772900000000000031e-01,-3.274572100000007708e+02,1.000000000000000000e+00
1.739373250202005602e-03,4.975743652281523419e-03,8.523673609919364402e-01,-7.597465059199574711e+00,2.000000000000000000e+01,6.657533224015318996e-02,0.000000000000000000e+00,0.000000000000000000e+00,0.000000000000000000e+00,0.000000000000000000e+00,0.000000000000000000e+00,0.000000000000000000e+00,9.200000000000000000e+01,9.313684485884239166e+02,3.559126853078958561e+02,2.113400000000000000e+06,9.371699999999999475e-02,-6.550271000000130073e+01,1.000000000000000000e+00
1.680034187360347243e-03,4.632642182911048470e-03,1.011213314985456524e+00,-8.169462103986047552e+00,2.000000000000000000e+01,6.823012014881973952e-02,0.000000000000000000e+00,0.000000000000000000e+00,0.000000000000000000e+00,0.000000000000000000e+00,0.000000000000000000e+00,0.000000000000000000e+00,9.300000000000000000e+01,7.794496924495767871e+02,3.689078825972315485e+02,2.112400000000000000e+06,1.671100000000000085e-01,-1.288560000000001082e+02,1.000000000000000000e+00
1.539339147512668125e-03,4.701172279759436093e-03,8.934126775205242232e-01,-7.444579196313212854e+00,2.000000000000000000e+01,6.785039434799022828e-02,0.000000000000000000e+00,0.000000000000000000e+00,0.000000000000000000e+00,0.000000000000000000e+00,0.000000000000000000e+00,0.000000000000000000e+00,9.400000000000000000e+01,9.455477515380127898e+02,3.516742255771678174e+02,2.113700000000000000e+06,1.388900000000000134e-01,-1.073195999999962282e+02,1.000000000000000000e+00
1.467951709180179967e-03,4.762046507019604066e-03,9.153964467645022696e-01,-7.199148411688412352e+00,2.000000000000000000e+01,4.967483972219315785e-02,0.000000000000000000e+00,0.000000000000000000e+00,0.000000000000000000e+00,0.000000000000000000e+00,0.000000000000000000e+00,0.000000000000000000e+00,9.500000000000000000e+01,1.202614939431459561e+03,3.269185814167791477e+02,2.115400000000000000e+06,1.090099999999999958e-01,-6.719957999999942899e+01,1.000000000000000000e+00
1.485329406354420241e-03,4.403621919913142113e-03,1.021932065294750336e+00,-7.045961664686945625e+00,2.000000000000000000e+01,6.824343849828656827e-02,0.000000000000000000e+00,0.000000000000000000e+00,0.000000000000000000e+00,0.000000000000000000e+00,0.000000000000000000e+00,0.000000000000000000e+00,9.600000000000000000e+01,9.742777713407143665e+02,3.426727165427710702e+02,2.114500000000000000e+06,1.637500000000000067e-01,-1.124639999999932201e+02,1.000000000000000000e+00
1.491131364542743138e-03,4.554057450505179412e-03,1.232292009151713996e+00,-7.434563652596569483e+00,2.000000000000000000e+01,6.958850253499865302e-02,0.000000000000000000e+00,0.000000000000000000e+00,0.000000000000000000e+00,0.000000000000000000e+00,0.000000000000000000e+00,0.000000000000000000e+00,9.700000000000000000e+01,1.044233444610216793e+03,3.394816100095214892e+02,2.115100000000000000e+06,2.994700000000000140e-01,-2.686201999999688041e+02,1.000000000000000000e+00
1.420947826180346020e-03,4.385516207089684704e-03,9.034665159185517602e-01,-6.235199887859545598e+00,2.000000000000000000e+01,6.789921658135400495e-02,0.000000000000000000e+00,0.000000000000000000e+00,0.000000000000000000e+00,0.000000000000000000e+00,0.000000000000000000e+00,0.000000000000000000e+00,9.800000000000000000e+01,1.244820904759479163e+03,3.229070711819204007e+02,2.115700000000000000e+06,1.392799999999999871e-01,-1.000391040000031921e+02,1.000000000000000000e+00
1.634820215905245008e-03,2.769243581369937226e-03,6.210164014218348960e-01,1.510782418763417567e+00,2.000000000000000000e+01,5.899329597014231485e-02,0.000000000000000000e+00,0.000000000000000000e+00,0.000000000000000000e+00,0.000000000000000000e+00,0.000000000000000000e+00,0.000000000000000000e+00,9.900000000000000000e+01,3.637917690173643223e+03,1.400761993957846414e+02,2.120100000000000000e+06,1.209400000000000058e-01,-1.075654859999974491e+02,1.000000000000000000e+00
1.485485230731387486e-03,1.842132953411821945e-03,1.387104164904646053e+00,-6.571117159309203259e+00,2.000000000000000000e+01,6.826518908764998839e-02,0.000000000000000000e+00,0.000000000000000000e+00,0.000000000000000000e+00,0.000000000000000000e+00,0.000000000000000000e+00,0.000000000000000000e+00,1.000000000000000000e+02,1.157018123341630371e+03,3.315951555188812563e+02,2.115800000000000000e+06,1.650399999999999923e-01,-6.628049999999943509e+01,1.000000000000000000e+00
1.251520342388115579e-03,3.509560711312736687e-03,1.544829743916366072e+00,-2.250444051927011468e+00,2.000000000000000000e+01,7.365259244647526238e-02,0.000000000000000000e+00,0.000000000000000000e+00,0.000000000000000000e+00,0.000000000000000000e+00,0.000000000000000000e+00,0.000000000000000000e+00,1.010000000000000000e+02,2.497118633535448680e+03,2.221986444068599553e+02,2.120100000000000000e+06,4.729099999999999970e-01,-4.585983840000773171e+02,1.000000000000000000e+00
2.785883200437582613e-03,2.752870787917127519e-03,7.753824654290246698e-01,2.456293274973145646e+00,2.000000000000000000e+01,6.000117800588831984e-02,0.000000000000000000e+00,0.000000000000000000e+00,0.000000000000000000e+00,0.000000000000000000e+00,0.000000000000000000e+00,0.000000000000000000e+00,1.020000000000000000e+02,4.127015308032752728e+03,1.382252159442647610e+02,2.120000000000000000e+06,1.292200000000000015e-01,-2.323596159999974873e+02,1.000000000000000000e+00
2.432800473991498982e-03,2.549051325530357973e-03,7.831720263264945192e-01,2.395978383042145499e+00,2.000000000000000000e+01,8.001210319470453136e-02,0.000000000000000000e+00,0.000000000000000000e+00,0.000000000000000000e+00,0.000000000000000000e+00,0.000000000000000000e+00,0.000000000000000000e+00,1.030000000000000000e+02,4.127015308032752728e+03,1.382252159442647610e+02,2.120000000000000000e+06,1.292200000000000015e-01,-2.323596159999974873e+02,1.000000000000000000e+00
1.990363686368962302e-03,2.780315769908791451e-03,7.857915280017395698e-01,2.812322828868223379e+00,2.000000000000000000e+01,8.592202127311159010e-02,0.000000000000000000e+00,0.000000000000000000e+00,0.000000000000000000e+00,0.000000000000000000e+00,0.000000000000000000e+00,0.000000000000000000e+00,1.040000000000000000e+02,4.127015308032752728e+03,1.382252159442647610e+02,2.120000000000000000e+06,1.292200000000000015e-01,-2.323596159999974873e+02,1.000000000000000000e+00
1.815649299576139845e-03,3.984498904568180289e-03,1.041577616289077968e+00,-5.254074502229351573e+00,2.000000000000000000e+01,6.717618428952680520e-02,0.000000000000000000e+00,0.000000000000000000e+00,0.000000000000000000e+00,0.000000000000000000e+00,0.000000000000000000e+00,0.000000000000000000e+00,1.050000000000000000e+02,1.534541767180111265e+03,3.003605794944487570e+02,2.117000000000000000e+06,9.958000000000000185e-02,-5.752631300000096104e+01,1.000000000000000000e+00
1.397661781136328059e-03,4.104125392333164354e-03,9.989892833164977226e-01,-6.253846802954813100e+00,2.000000000000000000e+01,7.260301710885536108e-02,0.000000000000000000e+00,0.000000000000000000e+00,0.000000000000000000e+00,0.000000000000000000e+00,0.000000000000000000e+00,0.000000000000000000e+00,1.060000000000000000e+02,1.489239783079254266e+03,3.064689278770878218e+02,2.116900000000000000e+06,1.404799999999999938e-01,-1.063473129999956797e+02,1.000000000000000000e+00
1.444448733324080799e-03,4.377957751619710076e-03,8.900734775280828570e-01,-5.701744634016830737e+00,2.000000000000000000e+01,7.321799770213906211e-02,0.000000000000000000e+00,0.000000000000000000e+00,0.000000000000000000e+00,0.000000000000000000e+00,0.000000000000000000e+00,0.000000000000000000e+00,1.070000000000000000e+02,1.500553799289771177e+03,3.047102103248674894e+02,2.116600000000000000e+06,1.148900000000000060e-01,-6.885645300000018665e+01,1.000000000000000000e+00
2.417005649629953411e-03,4.305621851391930842e-03,7.233101631276205312e-01,2.569823123217859440e+00,2.000000000000000000e+01,7.252145644870548746e-02,0.000000000000000000e+00,0.000000000000000000e+00,0.000000000000000000e+00,0.000000000000000000e+00,0.000000000000000000e+00,0.000000000000000000e+00,1.080000000000000000e+02,5.760661995081934037e+03,1.381842432483053926e+02,2.119100000000000000e+06,8.327199999999999880e-02,-1.001179100000003075e+02,1.000000000000000000e+00
1.508887803505149991e-03,4.130608221278905812e-03,9.691035303550035174e-01,-5.719273907196804174e+00,2.000000000000000000e+01,6.770931649655620443e-02,0.000000000000000000e+00,0.000000000000000000e+00,0.000000000000000000e+00,0.000000000000000000e+00,0.000000000000000000e+00,0.000000000000000000e+00,1.090000000000000000e+02,1.381601806456064423e+03,3.098455345521589948e+02,2.116600000000000000e+06,1.284299999999999886e-01,-8.219019999999865433e+01,1.000000000000000000e+00
1.551461837873606290e-03,4.104149434591808365e-03,9.380033452286501428e-01,-5.838345260230261680e+00,2.000000000000000000e+01,6.749071427829031466e-02,0.000000000000000000e+00,0.000000000000000000e+00,0.000000000000000000e+00,0.000000000000000000e+00,0.000000000000000000e+00,0.000000000000000000e+00,1.100000000000000000e+02,1.354267600745425625e+03,3.135803294034942610e+02,2.116400000000000000e+06,1.201200000000000045e-01,-7.744659999999875311e+01,1.000000000000000000e+00
1.627893909842420637e-03,3.888847860330090118e-03,8.926245772707581683e-01,-5.674591015927885174e+00,2.000000000000000000e+01,6.694902100498878461e-02,0.000000000000000000e+00,0.000000000000000000e+00,0.000000000000000000e+00,0.000000000000000000e+00,0.000000000000000000e+00,0.000000000000000000e+00,1.110000000000000000e+02,1.417703032118272404e+03,3.085080407759201648e+02,2.116600000000000000e+06,1.004599999999999937e-01,-6.474053100000023164e+01,1.000000000000000000e+00
1.372336387053826098e-03,4.678076613193655336e-03,8.880017103790180943e-01,-5.997375024496704121e+00,2.000000000000000000e+01,6.732150404774307761e-02,0.000000000000000000e+00,0.000000000000000000e+00,0.000000000000000000e+00,0.000000000000000000e+00,0.000000000000000000e+00,0.000000000000000000e+00,1.120000000000000000e+02,1.299220386504513499e+03,3.173768901588819062e+02,2.116000000000000000e+06,1.154599999999999932e-01,-7.148067900000167185e+01,1.000000000000000000e+00
1.522877611392428610e-03,4.706513975394076982e-03,1.022779588892701375e+00,-5.845880325722104587e+00,2.000000000000000000e+01,6.712479767175774659e-02,0.000000000000000000e+00,0.000000000000000000e+00,0.000000000000000000e+00,0.000000000000000000e+00,0.000000000000000000e+00,0.000000000000000000e+00,1.130000000000000000e+02,1.314154948985972851e+03,3.137929872819587445e+02,2.116200000000000000e+06,1.118999999999999995e-01,-5.680827299999934610e+01,1.000000000000000000e+00
1.623621516136944821e-03,4.032793554976299086e-03,9.542480643842696786e-01,-6.717149388529443321e+00,2.000000000000000000e+01,6.265245891779749887e-02,0.000000000000000000e+00,0.000000000000000000e+00,0.000000000000000000e+00,0.000000000000000000e+00,0.000000000000000000e+00,0.000000000000000000e+00,1.140000000000000000e+02,1.273606465017445544e+03,3.246164209046815472e+02,2.115700000000000000e+06,1.403200000000000003e-01,-1.061896889999982108e+02,1.000000000000000000e+00
1.484944235013059555e-03,4.449756505021471714e-03,1.095730972488611066e+00,-6.373057983826823758e+00,2.000000000000000000e+01,7.242097296276558960e-02,0.000000000000000000e+00,0.000000000000000000e+00,0.000000000000000000e+00,0.000000000000000000e+00,0.000000000000000000e+00,0.000000000000000000e+00,1.150000000000000000e+02,1.239970250548143895e+03,3.266539681368097376e+02,2.115900000000000000e+06,2.618199999999999972e-01,-2.553704999999801544e+02,1.000000000000000000e+00
1.698118196953366139e-03,4.712811589878604206e-03,1.015515506623948960e+00,-8.013572770393453837e+00,2.000000000000000000e+01,6.955765600659170877e-02,0.000000000000000000e+00,0.000000000000000000e+00,0.000000000000000000e+00,0.000000000000000000e+00,0.000000000000000000e+00,0.000000000000000000e+00,1.160000000000000000e+02,9.354839162190673960e+02,3.648738139375009837e+02,2.112400000000000000e+06,3.776999999999999802e-01,-4.426120000000152572e+02,1.000000000000000000e+00
1.594032472198166853e-03,4.760022606355969813e-03,8.784717011260951836e-01,-6.798423677744731108e+00,2.000000000000000000e+01,6.662028999758420889e-02,0.000000000000000000e+00,0.000000000000000000e+00,0.000000000000000000e+00,0.000000000000000000e+00,0.000000000000000000e+00,0.000000000000000000e+00,1.170000000000000000e+02,1.091716008700416069e+03,3.359468569040644184e+02,2.114800000000000000e+06,9.518200000000000272e-02,-5.860569899999940446e+01,1.000000000000000000e+00
1.580262302132856090e-03,6.096599702127090264e-03,8.446661810022465522e-01,-5.918265234370287509e+00,2.000000000000000000e+01,7.871339402914444283e-02,0.000000000000000000e+00,0.000000000000000000e+00,0.000000000000000000e+00,0.000000000000000000e+00,0.000000000000000000e+00,0.000000000000000000e+00,1.180000000000000000e+02,1.089348968946178275e+03,3.363036829626310009e+02,2.114700000000000000e+06,1.142800000000000066e-01,-7.243900000000138562e+01,1.000000000000000000e+00
1.682490286551071744e-03,3.699363368638805463e-03,5.437003445313236538e-01,-1.244843204580132090e+00,2.000000000000000000e+01,7.184249582553052516e-02,0.000000000000000000e+00,0.000000000000000000e+00,0.000000000000000000e+00,0.000000000000000000e+00,0.000000000000000000e+00,0.000000000000000000e+00,1.190000000000000000e+02,2.858318936035088882e+03,1.983816511488515744e+02,2.120700000000000000e+06,2.666100000000000136e-01,-7.331262409999955025e+02,1.000000000000000000e+00
2.423303796144473179e-03,2.484884353588001464e-03,7.281861230998578627e-01,2.317859534196076154e+00,2.000000000000000000e+01,7.545756851243919094e-02,0.000000000000000000e+00,0.000000000000000000e+00,0.000000000000000000e+00,0.000000000000000000e+00,0.000000000000000000e+00,0.000000000000000000e+00,1.200000000000000000e+02,3.983757724282731033e+03,1.385916191357420075e+02,2.120300000000000000e+06,1.202600000000000058e-01,-1.833410900000054085e+02,1.000000000000000000e+00
2.145007011678850585e-03,3.670712688645808800e-03,8.641861924484868229e-01,-2.469028721728215858e-01,2.000000000000000000e+01,7.917980319855962013e-02,0.000000000000000000e+00,0.000000000000000000e+00,0.000000000000000000e+00,0.000000000000000000e+00,0.000000000000000000e+00,0.000000000000000000e+00,1.210000000000000000e+02,3.198396804993654769e+03,1.740209775592270489e+02,2.120800000000000000e+06,1.615300000000000069e-01,-1.955898429999969608e+02,1.000000000000000000e+00
2.027958073905406812e-03,4.107792583712193898e-03,7.847547653819038072e-01,-1.067090075108318575e-01,2.000000000000000000e+01,7.281370262474715083e-02,0.000000000000000000e+00,0.000000000000000000e+00,0.000000000000000000e+00,0.000000000000000000e+00,0.000000000000000000e+00,0.000000000000000000e+00,1.220000000000000000e+02,3.300161634343412061e+03,1.711993196855648023e+02,2.120800000000000000e+06,1.784399999999999875e-01,-2.487524259999779588e+02,1.000000000000000000e+00
1.608303721613860409e-03,5.376226666088283063e-03,1.034320050481320363e+00,-6.644791882035959496e+00,2.000000000000000000e+01,6.774592805030307807e-02,0.000000000000000000e+00,0.000000000000000000e+00,0.000000000000000000e+00,0.000000000000000000e+00,0.000000000000000000e+00,0.000000000000000000e+00,1.230000000000000000e+02,1.191128428988607538e+03,3.331636727030632414e+02,2.114800000000000000e+06,1.376100000000000101e-01,-8.645679999999899223e+01,1.000000000000000000e+00
1.475101149630052202e-03,4.982544186949981746e-03,8.909919985364838091e-01,-5.837364454317928164e+00,2.000000000000000000e+01,6.677800013042176075e-02,0.000000000000000000e+00,0.000000000000000000e+00,0.000000000000000000e+00,0.000000000000000000e+00,0.000000000000000000e+00,0.000000000000000000e+00,1.240000000000000000e+02,1.390415590970556877e+03,3.135524086419591185e+02,2.116100000000000000e+06,1.004799999999999999e-01,-5.855789700000109121e+01,1.000000000000000000e+00
1.437450976420933096e-03,4.367659712456697235e-03,8.400459448190902290e-01,-3.553830394764686318e+00,2.000000000000000000e+01,7.472765542116274751e-02,0.000000000000000000e+00,0.000000000000000000e+00,0.000000000000000000e+00,0.000000000000000000e+00,0.000000000000000000e+00,0.000000000000000000e+00,1.250000000000000000e+02,2.206547868769667730e+03,2.556349903237397996e+02,2.119100000000000000e+06,1.090300000000000019e-01,-7.496350000000313685e+01,1.000000000000000000e+00
1.486287882960784764e-03,4.198594410443221014e-03,8.357351605964231656e-01,-4.586288604988298268e+00,2.000000000000000000e+01,7.364368689707359583e-02,0.000000000000000000e+00,0.000000000000000000e+00,0.000000000000000000e+00,0.000000000000000000e+00,0.000000000000000000e+00,0.000000000000000000e+00,1.260000000000000000e+02,1.830399643848358210e+03,2.819828243036076287e+02,2.118100000000000000e+06,1.650899999999999868e-01,-1.746038249999915024e+02,1.000000000000000000e+00
1.594323540763659466e-03,4.186674091903414170e-03,7.164170867232748652e-01,-2.832439407710172663e+00,2.000000000000000000e+01,7.357685795485387203e-02,0.000000000000000000e+00,0.000000000000000000e+00,0.000000000000000000e+00,0.000000000000000000e+00,0.000000000000000000e+00,0.000000000000000000e+00,1.270000000000000000e+02,2.404069228709576237e+03,2.371059686179348205e+02,2.119700000000000000e+06,2.095200000000000118e-01,-3.562567649999693344e+02,1.000000000000000000e+00
1.600426317450453139e-03,4.627807116305150681e-03,8.009673568201999272e-01,-3.166025863724518441e+00,2.000000000000000000e+01,7.811454057999293876e-02,0.000000000000000000e+00,0.000000000000000000e+00,0.000000000000000000e+00,0.000000000000000000e+00,0.000000000000000000e+00,0.000000000000000000e+00,1.280000000000000000e+02,2.261049811438414963e+03,2.509212742602082926e+02,2.119200000000000000e+06,1.784300000000000053e-01,-2.255337049999830583e+02,1.000000000000000000e+00
1.796051516061191291e-03,3.749867043763211415e-03,1.035697447631443779e+00,-2.522514564255616154e+00,2.000000000000000000e+01,6.104144745531705357e-02,0.000000000000000000e+00,0.000000000000000000e+00,0.000000000000000000e+00,0.000000000000000000e+00,0.000000000000000000e+00,0.000000000000000000e+00,1.290000000000000000e+02,2.357900939254541299e+03,2.375475903965884470e+02,2.119800000000000000e+06,3.285799999999999832e-01,-6.396273970000846703e+02,1.000000000000000000e+00
1.887033273541589970e-03,3.776929468195314166e-03,9.049556222003005690e-01,-3.362476587378015136e+00,2.000000000000000000e+01,7.353429491024732201e-02,0.000000000000000000e+00,0.000000000000000000e+00,0.000000000000000000e+00,0.000000000000000000e+00,0.000000000000000000e+00,0.000000000000000000e+00,1.300000000000000000e+02,2.308950146731381665e+03,2.506563922420727124e+02,2.119400000000000000e+06,1.825799999999999923e-01,-2.266287000000119747e+02,1.000000000000000000e+00
1.650218632805764774e-03,4.118380541316028071e-03,8.732615704731960804e-01,-3.095620987012007053e+00,2.000000000000000000e+01,7.372660214286858027e-02,0.000000000000000000e+00,0.000000000000000000e+00,0.000000000000000000e+00,0.000000000000000000e+00,0.000000000000000000e+00,0.000000000000000000e+00,1.310000000000000000e+02,2.336523662269783017e+03,2.428279427103033470e+02,2.119500000000000000e+06,1.587399999999999922e-01,-1.648349999999963416e+02,1.000000000000000000e+00
1.804050921565113902e-03,3.792395136603729684e-03,8.580806642152665198e-01,-3.212546483408567521e+00,2.000000000000000000e+01,7.358276829063262192e-02,0.000000000000000000e+00,0.000000000000000000e+00,0.000000000000000000e+00,0.000000000000000000e+00,0.000000000000000000e+00,0.000000000000000000e+00,1.320000000000000000e+02,2.326975335432142856e+03,2.460279324994606327e+02,2.119500000000000000e+06,1.839999999999999969e-01,-2.386678770000197005e+02,1.000000000000000000e+00
1.609099092669856066e-03,5.257705179931388903e-03,6.010144729699570254e-01,-3.255013796752139754e+00,2.000000000000000000e+01,7.900276871265068945e-02,0.000000000000000000e+00,0.000000000000000000e+00,0.000000000000000000e+00,0.000000000000000000e+00,0.000000000000000000e+00,0.000000000000000000e+00,1.330000000000000000e+02,2.323210751510651335e+03,2.480105619953742746e+02,2.119300000000000000e+06,1.938699999999999868e-01,-3.812278230000624148e+02,1.000000000000000000e+00
1.431729002780220139e-03,4.072019408374206485e-03,7.499599923401583101e-01,-3.986773104111065891e+00,2.000000000000000000e+01,7.108090386362599100e-02,0.000000000000000000e+00,0.000000000000000000e+00,0.000000000000000000e+00,0.000000000000000000e+00,0.000000000000000000e+00,0.000000000000000000e+00,1.340000000000000000e+02,2.152217344451508779e+03,2.592220796311721642e+02,2.119000000000000000e+06,1.678399999999999892e-01,-2.190936000000135664e+02,1.000000000000000000e+00
1.491393037124324594e-03,4.475074156375750782e-03,1.354224586473604441e+00,-4.832312192129658790e+00,2.000000000000000000e+01,7.083232585985885232e-02,0.000000000000000000e+00,0.000000000000000000e+00,0.000000000000000000e+00,0.000000000000000000e+00,0.000000000000000000e+00,0.000000000000000000e+00,1.350000000000000000e+02,1.595959503391023190e+03,2.924790911519314704e+02,2.117700000000000000e+06,3.668600000000000194e-01,-3.909184000000494166e+02,1.000000000000000000e+00
1.343643169015980949e-03,4.723026129754855258e-03,1.255199673780029057e+00,-4.340763869256741181e+00,2.000000000000000000e+01,6.055906005435518491e-02,0.000000000000000000e+00,0.000000000000000000e+00,0.000000000000000000e+00,0.000000000000000000e+00,0.000000000000000000e+00,0.000000000000000000e+00,1.360000000000000000e+02,1.663718990309999754e+03,2.902292986062702198e+02,2.117900000000000000e+06,4.868700000000000250e-01,-6.997115510000193126e+02,1.000000000000000000e+00
1.411386909927521936e-03,3.934050764081067214e-03,8.620863197520211019e-01,-4.727886591930380078e+00,2.000000000000000000e+01,7.347254553006610234e-02,0.000000000000000000e+00,0.000000000000000000e+00,0.000000000000000000e+00,0.000000000000000000e+00,0.000000000000000000e+00,0.000000000000000000e+00,1.370000000000000000e+02,1.744534981821780093e+03,2.858712143200780815e+02,2.118000000000000000e+06,1.736999999999999933e-01,-1.744924300000104438e+02,1.000000000000000000e+00
1.482224055374699052e-03,3.966876767558370417e-03,9.297497148275777334e-01,-4.898591708368705611e+00,2.000000000000000000e+01,7.469429709530406303e-02,0.000000000000000000e+00,0.000000000000000000e+00,0.000000000000000000e+00,0.000000000000000000e+00,0.000000000000000000e+00,0.000000000000000000e+00,1.380000000000000000e+02,1.734515490123972768e+03,2.899409996231406126e+02,2.117800000000000000e+06,1.073800000000000032e-01,-6.219459999999988753e+01,1.000000000000000000e+00
1.391493068622212887e-03,4.006075591724399948e-03,8.455884443379872994e-01,-4.732966430451419626e+00,2.000000000000000000e+01,7.318516782357148420e-02,0.000000000000000000e+00,0.000000000000000000e+00,0.000000000000000000e+00,0.000000000000000000e+00,0.000000000000000000e+00,0.000000000000000000e+00,1.390000000000000000e+02,1.739142345630678392e+03,2.859989878042104010e+02,2.118000000000000000e+06,2.030000000000000138e-01,-2.336433129999813332e+02,1.000000000000000000e+00
1.567298795945985942e-03,4.389427556619058569e-03,9.235890415859301372e-01,-4.726543990020717345e+00,2.000000000000000000e+01,7.259806940756213800e-02,0.000000000000000000e+00,0.000000000000000000e+00,0.000000000000000000e+00,0.000000000000000000e+00,0.000000000000000000e+00,0.000000000000000000e+00,1.400000000000000000e+02,1.774520786884398831e+03,2.858373087426058419e+02,2.118000000000000000e+06,2.826699999999999768e-01,-4.155135149999754276e+02,1.000000000000000000e+00
1.989364907469409489e-03,3.257993815115896481e-03,7.921247157954375284e-01,-3.498614319353636759e-01,2.000000000000000000e+01,7.565482065066529704e-02,0.000000000000000000e+00,0.000000000000000000e+00,0.000000000000000000e+00,0.000000000000000000e+00,0.000000000000000000e+00,0.000000000000000000e+00,1.410000000000000000e+02,3.257917037617053211e+03,1.756502329026867244e+02,2.120800000000000000e+06,9.619900000000000673e-02,-8.725080000000249925e+01,1.000000000000000000e+00
2.027958073905406812e-03,4.107792583712193898e-03,7.847547653819038072e-01,-1.067090075108318575e-01,2.000000000000000000e+01,7.281370262474715083e-02,0.000000000000000000e+00,0.000000000000000000e+00,0.000000000000000000e+00,0.000000000000000000e+00,0.000000000000000000e+00,0.000000000000000000e+00,1.420000000000000000e+02,3.308988350895180247e+03,1.712973941721337496e+02,2.120800000000000000e+06,3.453899999999999748e-01,-9.247679999997993718e+02,1.000000000000000000e+00
2.137711927849205058e-03,3.972239370954413692e-03,8.801992256107680213e-01,-1.757830769316482300e+00,2.000000000000000000e+01,7.259901583172798101e-02,0.000000000000000000e+00,0.000000000000000000e+00,0.000000000000000000e+00,0.000000000000000000e+00,0.000000000000000000e+00,0.000000000000000000e+00,1.430000000000000000e+02,2.826368111827236135e+03,2.090856745893188133e+02,2.120400000000000000e+06,3.803400000000000114e-01,-9.765004340003292782e+02,1.000000000000000000e+00
1.872704424996502826e-03,4.011892212301190058e-03,7.857268643678401165e-01,-1.890141175992846811e+00,2.000000000000000000e+01,7.394636722901266890e-02,0.000000000000000000e+00,0.000000000000000000e+00,0.000000000000000000e+00,0.000000000000000000e+00,0.000000000000000000e+00,0.000000000000000000e+00,1.440000000000000000e+02,2.786707047806949049e+03,2.120408684268570880e+02,2.120300000000000000e+06,1.674499999999999877e-01,-2.386813590000135719e+02,1.000000000000000000e+00
1.768444278955666818e-03,3.925468969222569056e-03,8.502670355873559460e-01,-1.500907743064176847e+00,2.000000000000000000e+01,7.374596562148508228e-02,0.000000000000000000e+00,0.000000000000000000e+00,0.000000000000000000e+00,0.000000000000000000e+00,0.000000000000000000e+00,0.000000000000000000e+00,1.450000000000000000e+02,2.836835271297195504e+03,2.034604456805173811e+02,2.120500000000000000e+06,1.658199999999999952e-01,-1.957164930000081426e+02,1.000000000000000000e+00
1.939787784197806843e-03,3.254314024619659514e-03,9.315892299486812078e-01,-1.960210375128710547e+00,2.000000000000000000e+01,7.980617107820581202e-02,0.000000000000000000e+00,0.000000000000000000e+00,0.000000000000000000e+00,0.000000000000000000e+00,0.000000000000000000e+00,0.000000000000000000e+00,1.460000000000000000e+02,2.681746589100094297e+03,2.160826542385015046e+02,2.120300000000000000e+06,1.274700000000000000e-01,-1.070450219999958819e+02,1.000000000000000000e+00
1.723448530574609025e-03,5.223837553960903463e-03,8.424661953815064663e-01,-5.587277685239012470e+00,2.000000000000000000e+01,6.141022749457988872e-02,0.000000000000000000e+00,0.000000000000000000e+00,0.000000000000000000e+00,0.000000000000000000e+00,0.000000000000000000e+00,0.000000000000000000e+00,1.470000000000000000e+02,1.337360641436044261e+03,3.204910693064384759e+02,2.115700000000000000e+06,8.880899999999999905e-02,-5.553310100000086891e+01,1.000000000000000000e+00
1.605740212485936213e-03,3.888361655471412291e-03,8.811135793927973303e-01,-5.852373207183218184e+00,2.000000000000000000e+01,6.676765217434704747e-02,0.000000000000000000e+00,0.000000000000000000e+00,0.000000000000000000e+00,0.000000000000000000e+00,0.000000000000000000e+00,0.000000000000000000e+00,1.480000000000000000e+02,1.359316992956392596e+03,3.139736148603747097e+02,2.116400000000000000e+06,9.584299999999999764e-02,-5.942162999999926143e+01,1.000000000000000000e+00
1.462965470348856750e-03,4.037408029399875906e-03,9.654842083287615839e-01,-5.622364156371096655e+00,2.000000000000000000e+01,7.327093660063647984e-02,0.000000000000000000e+00,0.000000000000000000e+00,0.000000000000000000e+00,0.000000000000000000e+00,0.000000000000000000e+00,0.000000000000000000e+00,1.490000000000000000e+02,1.501674158978200012e+03,3.071152102282642318e+02,2.116900000000000000e+06,1.763000000000000123e-01,-1.517141369999921778e+02,1.000000000000000000e+00
1.397661781136328059e-03,4.104125392333164354e-03,9.989892833164977226e-01,-6.253846802954813100e+00,2.000000000000000000e+01,7.260301710885536108e-02,0.000000000000000000e+00,0.000000000000000000e+00,0.000000000000000000e+00,0.000000000000000000e+00,0.000000000000000000e+00,0.000000000000000000e+00,1.500000000000000000e+02,1.290182558349081546e+03,3.234233569377431081e+02,2.116100000000000000e+06,2.472900000000000098e-01,-2.565796000000134995e+02,1.000000000000000000e+00
1.657157086136105441e-03,4.853830976145003320e-03,9.133377442357055731e-01,-7.391237170486068209e+00,2.000000000000000000e+01,7.347207121019119769e-02,0.000000000000000000e+00,0.000000000000000000e+00,0.000000000000000000e+00,0.000000000000000000e+00,0.000000000000000000e+00,0.000000000000000000e+00,1.510000000000000000e+02,1.085036617613217004e+03,3.503012309655098875e+02,2.114200000000000000e+06,1.642500000000000071e-01,-1.648152719999959004e+02,1.000000000000000000e+00
1.777664448246145910e-03,4.374135266826685228e-03,8.119774353688331558e-01,-4.951074200911920187e+00,2.000000000000000000e+01,5.674055981046913916e-02,0.000000000000000000e+00,0.000000000000000000e+00,0.000000000000000000e+00,0.000000000000000000e+00,0.000000000000000000e+00,0.000000000000000000e+00,1.520000000000000000e+02,1.514327911079062687e+03,3.056489385868380850e+02,2.116600000000000000e+06,9.156200000000000450e-02,-5.198300100000049184e+01,1.000000000000000000e+00
1.672242470144167954e-03,4.252699041209883138e-03,7.642014801445182748e-01,-2.124063981340674978e+00,2.000000000000000000e+01,7.394485732037975323e-02,0.000000000000000000e+00,0.000000000000000000e+00,0.000000000000000000e+00,0.000000000000000000e+00,0.000000000000000000e+00,0.000000000000000000e+00,1.530000000000000000e+02,2.691035582919138506e+03,2.188904947842159174e+02,2.120100000000000000e+06,1.608199999999999907e-01,-2.130672589999905142e+02,1.000000000000000000e+00
1.501333124545432655e-03,4.489003852762814446e-03,9.037393801371449431e-01,-4.449924413118288236e+00,2.000000000000000000e+01,7.253690512981053606e-02,0.000000000000000000e+00,0.000000000000000000e+00,0.000000000000000000e+00,0.000000000000000000e+00,0.000000000000000000e+00,0.000000000000000000e+00,1.540000000000000000e+02,1.848833679439500884e+03,2.777531769993870512e+02,2.118300000000000000e+06,2.939899999999999736e-01,-4.472449870000368719e+02,1.000000000000000000e+00
1.263839171972948360e-03,3.949631389163061473e-03,6.050933212565987596e-01,-4.405874381913609028e+00,2.000000000000000000e+01,7.071217959261065500e-02,0.000000000000000000e+00,0.000000000000000000e+00,0.000000000000000000e+00,0.000000000000000000e+00,0.000000000000000000e+00,0.000000000000000000e+00,1.550000000000000000e+02,1.842965598721052402e+03,2.798189204942335664e+02,2.118200000000000000e+06,1.552199999999999969e-01,-1.859118360000062751e+02,1.000000000000000000e+00
1.477502739873730753e-03,4.029609734145024255e-03,9.804990627821814630e-01,-5.362561003873709709e+00,2.000000000000000000e+01,7.331578271738234398e-02,0.000000000000000000e+00,0.000000000000000000e+00,0.000000000000000000e+00,0.000000000000000000e+00,0.000000000000000000e+00,0.000000000000000000e+00,1.560000000000000000e+02,1.574720899395467541e+03,3.017491800035512597e+02,2.117200000000000000e+06,1.705299999999999871e-01,-1.404109500000059541e+02,1.000000000000000000e+00
1.776022690387490813e-03,3.830720876623291450e-03,9.004742648467551902e-01,-2.909257902405712581e+00,2.000000000000000000e+01,7.361389611994004212e-02,0.000000000000000000e+00,0.000000000000000000e+00,0.000000000000000000e+00,0.000000000000000000e+00,0.000000000000000000e+00,0.000000000000000000e+00,1.570000000000000000e+02,2.391876292411384838e+03,2.388696442886609077e+02,2.119700000000000000e+06,1.716900000000000093e-01,-1.918079999999881124e+02,1.000000000000000000e+00
1.844201479255466649e-03,4.416896595389928348e-03,8.561464405549497059e-01,-1.144383804881457189e+00,2.000000000000000000e+01,7.334516730937634676e-02,0.000000000000000000e+00,0.000000000000000000e+00,0.000000000000000000e+00,0.000000000000000000e+00,0.000000000000000000e+00,0.000000000000000000e+00,1.580000000000000000e+02,3.078284136960830892e+03,1.942642782171708973e+02,2.120500000000000000e+06,1.982800000000000118e-01,-2.740198859999891852e+02,1.000000000000000000e+00
1.830762780916536181e-03,3.461303172062659035e-03,7.889690005531362349e-01,-1.172689294461326082e+00,2.000000000000000000e+01,7.476214254323601538e-02,0.000000000000000000e+00,0.000000000000000000e+00,0.000000000000000000e+00,0.000000000000000000e+00,0.000000000000000000e+00,0.000000000000000000e+00,1.590000000000000000e+02,2.970430630970688071e+03,1.949525426565041926e+02,2.120600000000000000e+06,1.209400000000000058e-01,-1.292068610000011404e+02,1.000000000000000000e+00
1.934694153779251092e-03,3.428739946099815770e-03,8.155872015935092811e-01,-9.125447062616800498e-01,2.000000000000000000e+01,7.527476997530986591e-02,0.000000000000000000e+00,0.000000000000000000e+00,0.000000000000000000e+00,0.000000000000000000e+00,0.000000000000000000e+00,0.000000000000000000e+00,1.600000000000000000e+02,3.085616134149555364e+03,1.891648901357612260e+02,2.120700000000000000e+06,1.032399999999999984e-01,-9.217049999999906618e+01,1.000000000000000000e+00
2.003495346492576053e-03,3.443902217887917332e-03,7.962466650743589280e-01,-1.270764447289667975e+00,2.000000000000000000e+01,7.388458911047099398e-02,0.000000000000000000e+00,0.000000000000000000e+00,0.000000000000000000e+00,0.000000000000000000e+00,0.000000000000000000e+00,0.000000000000000000e+00,1.610000000000000000e+02,2.924502329925474896e+03,1.974719661657671850e+02,2.120700000000000000e+06,1.842499999999999971e-01,-2.894349449999945136e+02,1.000000000000000000e+00
1.733747419722708738e-03,3.709942988940001865e-03,8.195697232736030013e-01,-2.547717516551256445e+00,2.000000000000000000e+01,7.335751255464792453e-02,0.000000000000000000e+00,0.000000000000000000e+00,0.000000000000000000e+00,0.000000000000000000e+00,0.000000000000000000e+00,0.000000000000000000e+00,1.620000000000000000e+02,2.462779898988753303e+03,2.295412669722138901e+02,2.120000000000000000e+06,2.187000000000000055e-01,-3.299223999999811667e+02,1.000000000000000000e+00
1.630043381227390658e-03,4.101136153298027068e-03,7.195021820588118899e-01,-2.656104966429795766e+00,2.000000000000000000e+01,7.335806707301019414e-02,0.000000000000000000e+00,0.000000000000000000e+00,0.000000000000000000e+00,0.000000000000000000e+00,0.000000000000000000e+00,0.000000000000000000e+00,1.630000000000000000e+02,2.448808202662068652e+03,2.325366188515639010e+02,2.119900000000000000e+06,2.406699999999999950e-01,-4.685134590000419621e+02,1.000000000000000000e+00
1.444448733324080799e-03,4.377957751619710076e-03,8.900734775280828570e-01,-5.701744634016830737e+00,2.000000000000000000e+01,7.321799770213906211e-02,0.000000000000000000e+00,0.000000000000000000e+00,0.000000000000000000e+00,0.000000000000000000e+00,0.000000000000000000e+00,0.000000000000000000e+00,1.640000000000000000e+02,1.475027877704893854e+03,3.093047728191625083e+02,2.116700000000000000e+06,1.888100000000000056e-01,-1.953237140000044860e+02,1.000000000000000000e+00
1.520591892438801634e-03,5.145063960122595211e-03,9.574601689451651687e-01,-5.761353496691161702e+00,2.000000000000000000e+01,7.020132937230111336e-02,0.000000000000000000e+00,0.000000000000000000e+00,0.000000000000000000e+00,0.000000000000000000e+00,0.000000000000000000e+00,0.000000000000000000e+00,1.650000000000000000e+02,1.494693166041539143e+03,3.081584291418019461e+02,2.116300000000000000e+06,1.087000000000000050e-01,-6.914596499999744594e+01,1.000000000000000000e+00
1.376990273172014551e-03,4.275425666422670752e-03,7.790816997072007588e-01,-4.016494790040736618e+00,2.000000000000000000e+01,7.468916380736065341e-02,0.000000000000000000e+00,0.000000000000000000e+00,0.000000000000000000e+00,0.000000000000000000e+00,0.000000000000000000e+00,0.000000000000000000e+00,1.660000000000000000e+02,2.025013763456594688e+03,2.673876455631115050e+02,2.118700000000000000e+06,1.137399999999999939e-01,-8.987219999999847175e+01,1.000000000000000000e+00
1.547924556458681869e-03,4.313454141011820696e-03,7.826892372522735730e-01,-4.010366357208420496e+00,2.000000000000000000e+01,7.329473303653855076e-02,0.000000000000000000e+00,0.000000000000000000e+00,0.000000000000000000e+00,0.000000000000000000e+00,0.000000000000000000e+00,0.000000000000000000e+00,1.670000000000000000e+02,2.034527965544174322e+03,2.671938855209312464e+02,2.118700000000000000e+06,2.170300000000000007e-01,-3.215711999999822979e+02,1.000000000000000000e+00
1.354739639034256054e-03,4.174385056231990493e-03,7.768804245870837288e-01,-4.121870170083425933e+00,2.000000000000000000e+01,7.431861692584790235e-02,0.000000000000000000e+00,0.000000000000000000e+00,0.000000000000000000e+00,0.000000000000000000e+00,0.000000000000000000e+00,0.000000000000000000e+00,1.680000000000000000e+02,1.965289538365108683e+03,2.703682195500724674e+02,2.118600000000000000e+06,1.281200000000000117e-01,-1.126916650000013220e+02,1.000000000000000000e+00
1.334968473966272875e-03,3.607816900198802454e-03,9.166482291910060809e-01,-5.631776456208517523e+00,2.000000000000000000e+01,7.470637696830098595e-02,0.000000000000000000e+00,0.000000000000000000e+00,0.000000000000000000e+00,0.000000000000000000e+00,0.000000000000000000e+00,0.000000000000000000e+00,1.690000000000000000e+02,1.501914602711052567e+03,3.073526746499026103e+02,2.116900000000000000e+06,1.066899999999999932e-01,-5.687100000000128119e+01,1.000000000000000000e+00
2.885623883561654317e-03,3.458118680716909532e-03,1.320869049470939416e+00,-4.008081631793870336e+00,2.000000000000000000e+01,7.259469470667063995e-02,0.000000000000000000e+00,0.000000000000000000e+00,0.000000000000000000e+00,0.000000000000000000e+00,0.000000000000000000e+00,0.000000000000000000e+00,1.700000000000000000e+02,1.982594848011966633e+03,2.692327492932564610e+02,2.118700000000000000e+06,1.062799999999999995e-01,-5.658554000000000173e+01,1.000000000000000000e+00
1.300705996543969614e-03,3.487726401057428174e-03,8.575237851382119247e-01,-5.588589685683507113e+00,2.000000000000000000e+01,7.334169170684065597e-02,0.000000000000000000e+00,0.000000000000000000e+00,0.000000000000000000e+00,0.000000000000000000e+00,0.000000000000000000e+00,0.000000000000000000e+00,1.710000000000000000e+02,1.527740664328367302e+03,3.063120828037978640e+02,2.117000000000000000e+06,1.852900000000000102e-01,-1.835291439999881220e+02,1.000000000000000000e+00
1.529472346711674598e-03,3.697132354706960528e-03,8.980352959122018808e-01,-4.292863996640594593e+00,2.000000000000000000e+01,7.256447929847566203e-02,0.000000000000000000e+00,0.000000000000000000e+00,0.000000000000000000e+00,0.000000000000000000e+00,0.000000000000000000e+00,0.000000000000000000e+00,1.720000000000000000e+02,1.897493303282534271e+03,2.738840291892389018e+02,2.118500000000000000e+06,3.215899999999999870e-01,-5.335225560000586711e+02,1.000000000000000000e+00
1.529640343558398823e-03,3.708164100019224578e-03,8.922358166974857507e-01,-4.296487430479476899e+00,2.000000000000000000e+01,7.269030272887416766e-02,0.000000000000000000e+00,0.000000000000000000e+00,0.000000000000000000e+00,0.000000000000000000e+00,0.000000000000000000e+00,0.000000000000000000e+00,1.730000000000000000e+02,1.895466800768348548e+03,2.739564778344835645e+02,2.118500000000000000e+06,2.886799999999999922e-01,-4.471169999999374340e+02,1.000000000000000000e+00
1.449954781452177533e-03,3.948790768935378677e-03,9.674189161102240142e-01,-5.616860474583146079e+00,2.000000000000000000e+01,7.369449368317464166e-02,0.000000000000000000e+00,0.000000000000000000e+00,0.000000000000000000e+00,0.000000000000000000e+00,0.000000000000000000e+00,0.000000000000000000e+00,1.740000000000000000e+02,1.509471405743561036e+03,3.069791145976614075e+02,2.116900000000000000e+06,1.461899999999999866e-01,-1.045926119999959525e+02,1.000000000000000000e+00
1.640233905192048109e-03,4.707600605809186822e-03,9.093702936431815598e-01,-7.243905375817777603e+00,2.000000000000000000e+01,7.403919691662506908e-02,0.000000000000000000e+00,0.000000000000000000e+00,0.000000000000000000e+00,0.000000000000000000e+00,0.000000000000000000e+00,0.000000000000000000e+00,1.750000000000000000e+02,1.137138321158298822e+03,3.473201605237132981e+02,2.114500000000000000e+06,1.317800000000000082e-01,-1.066006500000017354e+02,1.000000000000000000e+00
1.408379694979473027e-03,4.429486652418742135e-03,7.324557525678814240e-01,-3.828364092146935072e+00,2.000000000000000000e+01,7.427946494994919213e-02,0.000000000000000000e+00,0.000000000000000000e+00,0.000000000000000000e+00,0.000000000000000000e+00,0.000000000000000000e+00,0.000000000000000000e+00,1.760000000000000000e+02,2.086695431582457331e+03,2.619416579119875905e+02,2.118800000000000000e+06,1.351100000000000079e-01,-1.438496450000077687e+02,1.000000000000000000e+00
1.701804820568186653e-03,3.375629689344632808e-03,7.820918249966443137e-01,-4.275985238848293513e+00,2.000000000000000000e+01,7.257054914236421572e-02,0.000000000000000000e+00,0.000000000000000000e+00,0.000000000000000000e+00,0.000000000000000000e+00,0.000000000000000000e+00,0.000000000000000000e+00,1.770000000000000000e+02,2.070065353633824543e+03,2.635563517383472458e+02,2.118900000000000000e+06,2.265199999999999991e-01,-3.380129999999642791e+02,1.000000000000000000e+00
1.711619234748081161e-03,3.959621077614917072e-03,8.476999943214218458e-01,-4.599019664763449811e+00,2.000000000000000000e+01,6.684266445657396916e-02,0.000000000000000000e+00,0.000000000000000000e+00,0.000000000000000000e+00,0.000000000000000000e+00,0.000000000000000000e+00,0.000000000000000000e+00,1.780000000000000000e+02,1.835184712787186982e+03,2.823583525123402183e+02,2.117900000000000000e+06,9.566399999999999904e-02,-6.779559600000038699e+01,1.000000000000000000e+00
1.780337104542115958e-03,5.242359387945051338e-03,1.010692810189040891e+00,-5.881164809036288688e+00,2.000000000000000000e+01,7.427231506438573827e-02,0.000000000000000000e+00,0.000000000000000000e+00,0.000000000000000000e+00,0.000000000000000000e+00,0.000000000000000000e+00,0.000000000000000000e+00,1.790000000000000000e+02,1.365940099830588224e+03,3.189846047229667647e+02,2.115700000000000000e+06,1.112299999999999955e-01,-6.859019699999920761e+01,1.000000000000000000e+00
1.604347453506114931e-03,4.440582323228296768e-03,1.005715455931283975e+00,-5.730936437758693103e+00,2.000000000000000000e+01,6.555567247812908727e-02,0.000000000000000000e+00,0.000000000000000000e+00,0.000000000000000000e+00,0.000000000000000000e+00,0.000000000000000000e+00,0.000000000000000000e+00,1.800000000000000000e+02,1.596365309931096363e+03,2.965181923051892454e+02,2.117100000000000000e+06,1.004899999999999960e-01,-5.711778800000107736e+01,1.000000000000000000e+00
1.448933257977650215e-03,4.362257771144444768e-03,1.044543441026064334e+00,-5.146909337425514153e+00,2.000000000000000000e+01,7.195501673261744946e-02,0.000000000000000000e+00,0.000000000000000000e+00,0.000000000000000000e+00,0.000000000000000000e+00,0.000000000000000000e+00,0.000000000000000000e+00,1.810000000000000000e+02,1.603383417961157647e+03,2.957275981434347614e+02,2.117600000000000000e+06,4.278000000000000136e-01,-6.876470999998952038e+02,1.000000000000000000e+00
1.800489621193103419e-03,4.294287454025221863e-03,1.031087964791746803e+00,-4.788223248596238157e+00,2.000000000000000000e+01,8.481840767298236272e-02,0.000000000000000000e+00,0.000000000000000000e+00,0.000000000000000000e+00,0.000000000000000000e+00,0.000000000000000000e+00,0.000000000000000000e+00,1.820000000000000000e+02,1.652222022041042692e+03,2.929474108577105653e+02,2.117700000000000000e+06,4.212799999999999878e-01,-6.830087669999386435e+02,1.000000000000000000e+00
1.452491743156500512e-03,4.015102101441594268e-03,9.702038431154216269e-01,-5.125671710079610754e+00,2.000000000000000000e+01,7.379592473262454322e-02,0.000000000000000000e+00,0.000000000000000000e+00,0.000000000000000000e+00,0.000000000000000000e+00,0.000000000000000000e+00,0.000000000000000000e+00,1.830000000000000000e+02,1.644159772558573422e+03,2.951689348448440455e+02,2.117500000000000000e+06,1.407400000000000040e-01,-9.510599999999719500e+01,1.000000000000000000e+00
1.747031042031411355e-03,4.697660579561162286e-03,8.373675176485455562e-01,-5.950828579344740632e+00,2.000000000000000000e+01,7.575948120115413853e-02,0.000000000000000000e+00,0.000000000000000000e+00,0.000000000000000000e+00,0.000000000000000000e+00,0.000000000000000000e+00,0.000000000000000000e+00,1.840000000000000000e+02,1.440497757372925435e+03,3.131625211869663872e+02,2.116100000000000000e+06,1.082700000000000051e-01,-6.992459799999835468e+01,1.000000000000000000e+00
1.450669876513313670e-03,4.736059205411244366e-03,7.986796639299262868e-01,-5.803650334843944769e+00,2.000000000000000000e+01,6.281442926987995667e-02,0.000000000000000000e+00,0.000000000000000000e+00,0.000000000000000000e+00,0.000000000000000000e+00,0.000000000000000000e+00,0.000000000000000000e+00,1.850000000000000000e+02,1.468862186107190837e+03,3.119436791737989552e+02,2.116300000000000000e+06,1.064500000000000030e-01,-7.494763099999809697e+01,1.000000000000000000e+00
1.975678945085783313e-03,4.002335723471364508e-03,7.891512342321755913e-01,-9.969326549652264280e-01,2.000000000000000000e+01,7.442442927529194230e-02,0.000000000000000000e+00,0.000000000000000000e+00,0.000000000000000000e+00,0.000000000000000000e+00,0.000000000000000000e+00,0.000000000000000000e+00,1.860000000000000000e+02,3.162970944742950905e+03,1.909587985743383172e+02,2.120600000000000000e+06,1.370899999999999896e-01,-1.727032739999965258e+02,1.000000000000000000e+00
1.524972543367953803e-03,4.206831907169810043e-03,9.580964814673582630e-01,-4.960450547927077736e+00,2.000000000000000000e+01,7.336189067644369177e-02,0.000000000000000000e+00,0.000000000000000000e+00,0.000000000000000000e+00,0.000000000000000000e+00,0.000000000000000000e+00,0.000000000000000000e+00,1.870000000000000000e+02,1.710854573527967432e+03,2.913277035074056016e+02,2.117700000000000000e+06,1.706199999999999939e-01,-1.499573500000114450e+02,1.000000000000000000e+00
1.529848058816086435e-03,4.129842082770335612e-03,8.523326280066042537e-01,-4.982846996800791572e+00,2.000000000000000000e+01,6.744178926246972849e-02,0.000000000000000000e+00,0.000000000000000000e+00,0.000000000000000000e+00,0.000000000000000000e+00,0.000000000000000000e+00,0.000000000000000000e+00,1.880000000000000000e+02,1.706845789750362883e+03,2.918178471612174008e+02,2.117500000000000000e+06,1.135499999999999982e-01,-8.343599999999949546e+01,1.000000000000000000e+00
1.358669301493375687e-03,3.616291883454371501e-03,7.877161844671863866e-01,-5.674133971424642375e+00,2.000000000000000000e+01,6.959512349514195007e-02,0.000000000000000000e+00,0.000000000000000000e+00,0.000000000000000000e+00,0.000000000000000000e+00,0.000000000000000000e+00,0.000000000000000000e+00,1.890000000000000000e+02,1.545460234313713272e+03,3.045293606489464082e+02,2.117100000000000000e+06,1.023700000000000027e-01,-5.842979999999906227e+01,1.000000000000000000e+00
1.448235212198911628e-03,4.378227313905015856e-03,8.561562007667873342e-01,-3.584633704621341899e+00,2.000000000000000000e+01,7.467876621735584919e-02,0.000000000000000000e+00,0.000000000000000000e+00,0.000000000000000000e+00,0.000000000000000000e+00,0.000000000000000000e+00,0.000000000000000000e+00,1.900000000000000000e+02,2.196971484982625952e+03,2.563678537232947861e+02,2.119000000000000000e+06,1.095799999999999969e-01,-7.365544200000080366e+01,1.000000000000000000e+00
1.594451462381820967e-03,4.667818599926508438e-03,7.402605525510672635e-01,-3.628496947142938467e+00,2.000000000000000000e+01,7.299707128338650541e-02,0.000000000000000000e+00,0.000000000000000000e+00,0.000000000000000000e+00,0.000000000000000000e+00,0.000000000000000000e+00,0.000000000000000000e+00,1.910000000000000000e+02,2.195941074993421353e+03,2.573931522579521243e+02,2.119000000000000000e+06,2.765699999999999825e-01,-5.651225879998821711e+02,1.000000000000000000e+00
1.718421497878932017e-03,4.297423501488513778e-03,9.558111900971679731e-01,-4.672273123294068853e+00,2.000000000000000000e+01,6.738574801541467874e-02,0.000000000000000000e+00,0.000000000000000000e+00,0.000000000000000000e+00,0.000000000000000000e+00,0.000000000000000000e+00,0.000000000000000000e+00,1.920000000000000000e+02,1.783118195548453059e+03,2.844194099548947179e+02,2.117800000000000000e+06,1.154000000000000026e-01,-7.731044999999807033e+01,1.000000000000000000e+00
1.538981299366642616e-03,4.156660965795753657e-03,8.094386450314121628e-01,-3.439312668113346572e+00,2.000000000000000000e+01,7.243240369377276777e-02,0.000000000000000000e+00,0.000000000000000000e+00,0.000000000000000000e+00,0.000000000000000000e+00,0.000000000000000000e+00,0.000000000000000000e+00,1.930000000000000000e+02,2.231814184246165496e+03,2.527826809052293697e+02,2.119300000000000000e+06,3.771300000000000208e-01,-8.494767000002110535e+02,1.000000000000000000e+00
1.394427161159673230e-03,3.976338624171100490e-03,9.746997616695385336e-01,-5.261685122404800907e+00,2.000000000000000000e+01,7.421444362781434712e-02,0.000000000000000000e+00,0.000000000000000000e+00,0.000000000000000000e+00,0.000000000000000000e+00,0.000000000000000000e+00,0.000000000000000000e+00,1.940000000000000000e+02,1.580104429999944387e+03,2.990212683183055447e+02,2.117400000000000000e+06,1.195399999999999935e-01,-6.747008399999735673e+01,1.000000000000000000e+00
1.640925457070884722e-03,4.572662474323668791e-03,8.012037812707769602e-01,-3.758787770150404217e+00,2.000000000000000000e+01,7.316384936231022651e-02,0.000000000000000000e+00,0.000000000000000000e+00,0.000000000000000000e+00,0.000000000000000000e+00,0.000000000000000000e+00,0.000000000000000000e+00,1.950000000000000000e+02,2.160054754926705300e+03,2.603072328081614160e+02,2.118900000000000000e+06,2.295800000000000063e-01,-3.657789000000256010e+02,1.000000000000000000e+00
1.440317352439510288e-03,4.665303502789864415e-03,8.425687351376138778e-01,-5.774008576720019548e+00,2.000000000000000000e+01,7.264538317855204208e-02,0.000000000000000000e+00,0.000000000000000000e+00,0.000000000000000000e+00,0.000000000000000000e+00,0.000000000000000000e+00,0.000000000000000000e+00,1.960000000000000000e+02,1.479939828394470396e+03,3.116316744419464158e+02,2.116700000000000000e+06,2.810000000000000275e-01,-4.447199999999727993e+02,1.000000000000000000e+00
1.798907813225381330e-03,4.906406222918270089e-03,1.016332857941914414e+00,-7.129849125413705302e+00,2.000000000000000000e+01,7.256575768750225808e-02,0.000000000000000000e+00,0.000000000000000000e+00,0.000000000000000000e+00,0.000000000000000000e+00,0.000000000000000000e+00,0.000000000000000000e+00,1.970000000000000000e+02,1.176876125003029529e+03,3.449573753654154302e+02,2.114700000000000000e+06,2.613199999999999967e-01,-3.409123949999774368e+02,1.000000000000000000e+00
2.029779521726590534e-03,4.419466663686588692e-03,7.332914340651779384e-01,-1.273899677902600391e+00,2.000000000000000000e+01,7.337715799955828178e-02,0.000000000000000000e+00,0.000000000000000000e+00,0.000000000000000000e+00,0.000000000000000000e+00,0.000000000000000000e+00,0.000000000000000000e+00,1.980000000000000000e+02,3.046308476372944369e+03,1.975545568556210299e+02,2.120500000000000000e+06,2.558799999999999963e-01,-5.989206170000672955e+02,1.000000000000000000e+00
1.593391883620728661e-03,4.612160272815362880e-03,1.078625766641230665e+00,-5.500423879301034269e+00,2.000000000000000000e+01,7.304043903879726962e-02,0.000000000000000000e+00,0.000000000000000000e+00,0.000000000000000000e+00,0.000000000000000000e+00,0.000000000000000000e+00,0.000000000000000000e+00,1.990000000000000000e+02,1.560337869410715939e+03,3.045758319539572767e+02,2.117000000000000000e+06,1.831899999999999917e-01,-1.449630000000029781e+02,1.000000000000000000e+00
