1.903138695459639061e-03,4.978637868208747250e-03,4.126166704775278138e-01,2.589993470009330334e+00,2.000000000000000000e+01,7.380069264895219860e-02,0.000000000000000000e+00,0.000000000000000000e+00,0.000000000000000000e+00,0.000000000000000000e+00,0.000000000000000000e+00,0.000000000000000000e+00,0.000000000000000000e+00,5.213096503396264779e+03,1.381830716020471641e+02,2.119600000000000000e+06,3.749399999999999955e-01,-1.650653526000441161e+03,1.000000000000000000e+00
3.427674828771281983e-03,3.948077204231717832e-03,7.561691715417795390e-01,2.454123538104756808e+00,2.000000000000000000e+01,7.140031533688274978e-02,0.000000000000000000e+00,0.000000000000000000e+00,0.000000000000000000e+00,0.000000000000000000e+00,0.000000000000000000e+00,0.000000000000000000e+00,1.000000000000000000e+00,4.672072728420701424e+03,1.381834771173181480e+02,2.120100000000000000e+06,4.614599999999999813e-01,-2.134055500000098618e+03,1.000000000000000000e+00
2.125991282208302118e-03,4.187732687546800309e-03,7.809854108570349895e-01,2.579226902388418008e+00,2.000000000000000000e+01,7.185715421214362852e-02,0.000000000000000000e+00,0.000000000000000000e+00,0.000000000000000000e+00,0.000000000000000000e+00,0.000000000000000000e+00,0.000000000000000000e+00,2.000000000000000000e+00,4.398361502887943061e+03,1.381835263298751784e+02,2.119900000000000000e+06,2.733200000000000074e-01,-5.778979560000344691e+02,1.000000000000000000e+00
2.746135330354450635e-03,1.853988816162661967e-03,5.713779427345889728e-01,2.402663777120856103e+00,2.000000000000000000e+01,6.942734958025673087e-02,0.000000000000000000e+00,0.000000000000000000e+00,0.000000000000000000e+00,0.000000000000000000e+00,0.000000000000000000e+00,0.000000000000000000e+00,3.000000000000000000e+00,4.434081446375397718e+03,1.381835178775006057e+02,2.119900000000000000e+06,4.758300000000000030e-02,-5.396140000000064418e+01,1.000000000000000000e+00
2.180466121876323098e-03,2.856268282066567500e-03,5.805494018073574791e-01,2.597416270252152160e+00,2.000000000000000000e+01,7.629849607380176368e-02,0.000000000000000000e+00,0.000000000000000000e+00,0.000000000000000000e+00,0.000000000000000000e+00,0.000000000000000000e+00,0.000000000000000000e+00,4.000000000000000000e+00,4.047332589036115678e+03,1.381836158305488027e+02,2.120000000000000000e+06,1.088800000000000046e-01,-1.956195640000134404e+02,1.000000000000000000e+00
2.813044954951266288e-03,3.310110009240876949e-03,7.630644394660245355e-01,2.792263612468741663e+00,2.000000000000000000e+01,7.054363352406994858e-02,0.000000000000000000e+00,0.000000000000000000e+00,0.000000000000000000e+00,0.000000000000000000e+00,0.000000000000000000e+00,0.000000000000000000e+00,5.000000000000000000e+00,4.004044980366723394e+03,1.381861730787641989e+02,2.120100000000000000e+06,2.925699999999999967e-01,-8.942352999998099676e+02,1.000000000000000000e+00
2.435926518106031752e-03,2.485623805170088328e-03,6.930746787678462306e-01,2.560185324778462945e+00,2.000000000000000000e+01,7.476803549699159723e-02,0.000000000000000000e+00,0.000000000000000000e+00,0.000000000000000000e+00,0.000000000000000000e+00,0.000000000000000000e+00,0.000000000000000000e+00,6.000000000000000000e+00,3.925392870184532512e+03,1.381872107507784619e+02,2.120100000000000000e+06,1.805499999999999883e-01,-3.839135999999641626e+02,1.000000000000000000e+00
3.558052698127153659e-03,2.908844393644730800e-03,1.292151016781512229e+00,2.493807050974937045e+00,2.000000000000000000e+01,7.223042576488006294e-02,0.000000000000000000e+00,0.000000000000000000e+00,0.000000000000000000e+00,0.000000000000000000e+00,0.000000000000000000e+00,0.000000000000000000e+00,7.000000000000000000e+00,3.830553625528484645e+03,1.382344389947924128e+02,2.120500000000000000e+06,4.484799999999999898e-01,-1.005727999999994154e+03,1.000000000000000000e+00
1.527286800156380702e-03,3.041917925841754276e-03,6.943342456329872903e-01,2.061913368502294563e+00,2.000000000000000000e+01,7.497114851599884222e-02,0.000000000000000000e+00,0.000000000000000000e+00,0.000000000000000000e+00,0.000000000000000000e+00,0.000000000000000000e+00,0.000000000000000000e+00,8.000000000000000000e+00,3.522838432448312687e+03,1.392088616301796549e+02,2.120300000000000000e+06,1.440800000000000136e-01,-1.738260370000043906e+02,1.000000000000000000e+00
5.556123571040076387e-04,3.355900744307529875e-03,4.350898292190373828e-01,1.899999104676579398e+00,2.000000000000000000e+01,7.046948519140988632e-02,0.000000000000000000e+00,0.000000000000000000e+00,0.000000000000000000e+00,0.000000000000000000e+00,0.000000000000000000e+00,0.000000000000000000e+00,9.000000000000000000e+00,3.345099435783400168e+03,1.414068934349543554e+02,2.120300000000000000e+06,8.417499999999999982e-02,-5.607500700000161942e+01,1.000000000000000000e+00
1.066735715061746005e-03,1.625198760915415319e-03,6.284207701509247901e-01,1.517407158009493884e+00,2.000000000000000000e+01,7.048632856382376632e-02,0.000000000000000000e+00,0.000000000000000000e+00,0.000000000000000000e+00,0.000000000000000000e+00,0.000000000000000000e+00,0.000000000000000000e+00,1.000000000000000000e+01,3.339138210177802193e+03,1.441420077627831233e+02,2.120500000000000000e+06,3.333999999999999742e-01,-5.455622130001585219e+02,1.000000000000000000e+00
1.972987154326097305e-03,3.287856551143761730e-03,7.595065544521155676e-01,2.089605255453470978e+00,2.000000000000000000e+01,6.874576772020873916e-02,0.000000000000000000e+00,0.000000000000000000e+00,0.000000000000000000e+00,0.000000000000000000e+00,0.000000000000000000e+00,0.000000000000000000e+00,1.100000000000000000e+01,3.800706198481492265e+03,1.386429309071504861e+02,2.120200000000000000e+06,2.262599999999999889e-01,-4.585900159999659991e+02,1.000000000000000000e+00
1.677583116368919127e-03,3.420179773920339027e-03,9.005989820240528632e-01,7.661731280696939539e-01,2.000000000000000000e+01,7.208748662034698829e-02,0.000000000000000000e+00,0.000000000000000000e+00,0.000000000000000000e+00,0.000000000000000000e+00,0.000000000000000000e+00,0.000000000000000000e+00,1.200000000000000000e+01,3.296717534236670417e+03,1.546831637546637808e+02,2.120900000000000000e+06,4.639400000000000190e-01,-1.096342732999831014e+03,1.000000000000000000e+00
1.367631571031832942e-03,3.517875019482498682e-03,1.290314085738073491e+00,-3.126275699933329211e+00,2.000000000000000000e+01,7.153171984441328290e-02,0.000000000000000000e+00,0.000000000000000000e+00,0.000000000000000000e+00,0.000000000000000000e+00,0.000000000000000000e+00,0.000000000000000000e+00,1.300000000000000000e+01,2.030999724284354215e+03,2.435973449130776487e+02,2.119700000000000000e+06,6.589199999999999502e-01,-9.742896000004254802e+02,1.000000000000000000e+00
1.367631571031832942e-03,3.517875019482498682e-03,1.290314085738073491e+00,-3.126275699933329211e+00,2.000000000000000000e+01,7.153171984441328290e-02,0.000000000000000000e+00,0.000000000000000000e+00,0.000000000000000000e+00,0.000000000000000000e+00,0.000000000000000000e+00,0.000000000000000000e+00,1.400000000000000000e+01,2.030999724284354215e+03,2.435973449130776487e+02,2.119700000000000000e+06,6.589199999999999502e-01,-9.742896000004254802e+02,1.000000000000000000e+00
1.508419081355779961e-03,3.518647461621121283e-03,1.420500754498569274e+00,-3.267726511966572822e+00,2.000000000000000000e+01,6.091527369383593904e-02,0.000000000000000000e+00,0.000000000000000000e+00,0.000000000000000000e+00,0.000000000000000000e+00,0.000000000000000000e+00,0.000000000000000000e+00,1.500000000000000000e+01,2.030999724284354215e+03,2.435973449130776487e+02,2.119700000000000000e+06,6.589199999999999502e-01,-9.742896000004254802e+02,1.000000000000000000e+00
1.453862889750406591e-03,1.129518940027193601e-03,7.019133968727182538e-01,2.797774846292153672e-01,2.000000000000000000e+01,7.099867418110530903e-02,0.000000000000000000e+00,0.000000000000000000e+00,0.000000000000000000e+00,0.000000000000000000e+00,0.000000000000000000e+00,0.000000000000000000e+00,1.600000000000000000e+01,2.859393057942302221e+03,1.624343157934981718e+02,2.121000000000000000e+06,8.417900000000000382e-02,-6.628674700000094333e+01,1.000000000000000000e+00
1.340857337509942290e-03,3.688971746853816729e-03,1.030192151881636153e+00,-3.204166918781435669e+00,2.000000000000000000e+01,7.259598434854859506e-02,0.000000000000000000e+00,0.000000000000000000e+00,0.000000000000000000e+00,0.000000000000000000e+00,0.000000000000000000e+00,0.000000000000000000e+00,1.700000000000000000e+01,2.026786930536542286e+03,2.457745754047524258e+02,2.119500000000000000e+06,2.483799999999999897e-01,-2.343621000000219965e+02,1.000000000000000000e+00
1.489466509840108119e-03,3.687403434758319744e-03,1.165236990416707030e+00,-3.001098155755841823e+00,2.000000000000000000e+01,6.783697006964777010e-02,0.000000000000000000e+00,0.000000000000000000e+00,0.000000000000000000e+00,0.000000000000000000e+00,0.000000000000000000e+00,0.000000000000000000e+00,1.800000000000000000e+01,2.057595740512669636e+03,2.407631501850360962e+02,2.119500000000000000e+06,1.379799999999999915e-01,-6.482069799999887039e+01,1.000000000000000000e+00
1.132729910086059319e-03,3.485118484996041315e-03,1.222167924103152892e+00,-4.131264097746452535e+00,2.000000000000000000e+01,7.111992630585377284e-02,0.000000000000000000e+00,0.000000000000000000e+00,0.000000000000000000e+00,0.000000000000000000e+00,0.000000000000000000e+00,0.000000000000000000e+00,1.900000000000000000e+01,1.767977459477138382e+03,2.611995237300677672e+02,2.119000000000000000e+06,2.348399999999999932e-01,-1.491755999999979849e+02,1.000000000000000000e+00
1.470561321293537352e-03,3.373211683558620388e-03,1.285805004022347653e+00,-2.059853745206826847e+00,2.000000000000000000e+01,6.906827957548333785e-02,0.000000000000000000e+00,0.000000000000000000e+00,0.000000000000000000e+00,0.000000000000000000e+00,0.000000000000000000e+00,0.000000000000000000e+00,2.000000000000000000e+01,2.362578872050830341e+03,2.170776938694844489e+02,2.120200000000000000e+06,2.341900000000000093e-01,-1.452847789999995314e+02,1.000000000000000000e+00
1.578574396331262637e-03,3.342066111877850174e-03,1.108299263183570860e+00,6.107241056562228154e-01,2.000000000000000000e+01,7.255288091442198273e-02,0.000000000000000000e+00,0.000000000000000000e+00,0.000000000000000000e+00,0.000000000000000000e+00,0.000000000000000000e+00,0.000000000000000000e+00,2.100000000000000000e+01,3.097696676862203276e+03,1.573468826663183791e+02,2.120800000000000000e+06,2.513299999999999979e-01,-2.384801229999884811e+02,1.000000000000000000e+00
1.371803357520159092e-03,3.933972315739513517e-03,1.047625329747110978e+00,-1.984131961693295310e+00,2.000000000000000000e+01,7.220157362433646253e-02,0.000000000000000000e+00,0.000000000000000000e+00,0.000000000000000000e+00,0.000000000000000000e+00,0.000000000000000000e+00,0.000000000000000000e+00,2.200000000000000000e+01,2.379435739120469862e+03,2.147275636519015620e+02,2.120300000000000000e+06,3.400599999999999734e-01,-4.174508240000184855e+02,1.000000000000000000e+00
1.720761910280736544e-03,3.365014113273788725e-03,1.014332901539630960e+00,-3.375096066134886108e-01,2.000000000000000000e+01,7.224988847455476870e-02,0.000000000000000000e+00,0.000000000000000000e+00,0.000000000000000000e+00,0.000000000000000000e+00,0.000000000000000000e+00,0.000000000000000000e+00,2.300000000000000000e+01,2.819114562707988625e+03,1.753993640374757206e+02,2.120900000000000000e+06,3.883599999999999830e-01,-6.804873539997964826e+02,1.000000000000000000e+00
1.012836486096805417e-03,1.955726819979886587e-03,7.646756893318051862e-01,-4.091060898533807055e-01,2.000000000000000000e+01,7.736635140274568390e-02,0.000000000000000000e+00,0.000000000000000000e+00,0.000000000000000000e+00,0.000000000000000000e+00,0.000000000000000000e+00,0.000000000000000000e+00,2.400000000000000000e+01,2.646702156762786217e+03,1.797039220100648151e+02,2.120900000000000000e+06,3.865999999999999992e-01,-5.168201999998709653e+02,1.000000000000000000e+00
1.471935278247575758e-03,3.416336783614341670e-03,9.477850713766009516e-01,-1.654813433483523166e+00,2.000000000000000000e+01,7.243486472464694126e-02,0.000000000000000000e+00,0.000000000000000000e+00,0.000000000000000000e+00,0.000000000000000000e+00,0.000000000000000000e+00,0.000000000000000000e+00,2.500000000000000000e+01,2.436091976195731149e+03,2.070616364000907765e+02,2.120500000000000000e+06,3.315199999999999814e-01,-4.994529930000467175e+02,1.000000000000000000e+00
1.926923533645138152e-03,2.850843436872764567e-03,9.926656201596681939e-01,3.694825300689246195e-01,2.000000000000000000e+01,7.299204940362201410e-02,0.000000000000000000e+00,0.000000000000000000e+00,0.000000000000000000e+00,0.000000000000000000e+00,0.000000000000000000e+00,0.000000000000000000e+00,2.600000000000000000e+01,3.078514164298338983e+03,1.613914901657360588e+02,2.121000000000000000e+06,2.348999999999999977e-01,-3.036936240000083558e+02,1.000000000000000000e+00
1.289134362791821481e-03,3.629437110812930561e-03,1.082705956641563994e+00,-3.174825780313838219e+00,2.000000000000000000e+01,6.439174666591315765e-02,0.000000000000000000e+00,0.000000000000000000e+00,0.000000000000000000e+00,0.000000000000000000e+00,0.000000000000000000e+00,0.000000000000000000e+00,2.700000000000000000e+01,1.845263585900274165e+03,2.584479651292399467e+02,2.118900000000000000e+06,1.329799999999999871e-01,-6.019200000000162021e+01,1.000000000000000000e+00
1.459632404984753835e-03,3.683381079921709770e-03,1.166203609234236716e+00,-3.722488581442195965e+00,2.000000000000000000e+01,6.755896725808500924e-02,0.000000000000000000e+00,0.000000000000000000e+00,0.000000000000000000e+00,0.000000000000000000e+00,0.000000000000000000e+00,0.000000000000000000e+00,2.800000000000000000e+01,1.809920420277993571e+03,2.595146165710566493e+02,2.118900000000000000e+06,1.258700000000000097e-01,-5.382570200000112237e+01,1.000000000000000000e+00
1.603181751362433823e-03,3.604683225802918917e-03,1.101646735059738313e+00,-2.819041221062098757e+00,2.000000000000000000e+01,7.220497539337239479e-02,0.000000000000000000e+00,0.000000000000000000e+00,0.000000000000000000e+00,0.000000000000000000e+00,0.000000000000000000e+00,0.000000000000000000e+00,2.900000000000000000e+01,2.164456844842224655e+03,2.367819777761523881e+02,2.119900000000000000e+06,3.614800000000000235e-01,-4.930797240001106161e+02,1.000000000000000000e+00
1.352916720428077885e-03,4.979896857384267031e-03,1.240720860647555490e+00,-9.977889693593676057e+00,2.000000000000000000e+01,7.182760386503617145e-02,0.000000000000000000e+00,0.000000000000000000e+00,0.000000000000000000e+00,0.000000000000000000e+00,0.000000000000000000e+00,0.000000000000000000e+00,3.000000000000000000e+01,4.270103128568665625e+02,4.075329956930839330e+02,2.110100000000000000e+06,3.434400000000000230e-01,-3.006366000000035115e+02,1.000000000000000000e+00
1.277968302699503686e-03,3.591032259117669240e-03,9.790677302197601239e-01,-3.654226549573879268e+00,2.000000000000000000e+01,7.687482930205645493e-02,0.000000000000000000e+00,0.000000000000000000e+00,0.000000000000000000e+00,0.000000000000000000e+00,0.000000000000000000e+00,0.000000000000000000e+00,3.100000000000000000e+01,1.881208555708543599e+03,2.578928780380056196e+02,2.119200000000000000e+06,4.873100000000000209e-01,-7.207270980002189162e+02,1.000000000000000000e+00
1.637708691868748796e-03,3.517275715746161387e-03,1.314999830205499043e+00,-2.175475409233111002e+00,2.000000000000000000e+01,6.844381591198936410e-02,0.000000000000000000e+00,0.000000000000000000e+00,0.000000000000000000e+00,0.000000000000000000e+00,0.000000000000000000e+00,0.000000000000000000e+00,3.200000000000000000e+01,2.320752438869270009e+03,2.202139860003142928e+02,2.120100000000000000e+06,1.732200000000000129e-01,-8.812439999999789109e+01,1.000000000000000000e+00
1.383755121546591553e-03,4.195381055485944595e-03,1.029454490178514314e+00,-5.445586692704600829e+00,2.000000000000000000e+01,7.017437817822277935e-02,0.000000000000000000e+00,0.000000000000000000e+00,0.000000000000000000e+00,0.000000000000000000e+00,0.000000000000000000e+00,0.000000000000000000e+00,3.300000000000000000e+01,1.582593393945543085e+03,2.854929536936143677e+02,2.117800000000000000e+06,1.298900000000000055e-01,-6.959037700000095583e+01,1.000000000000000000e+00
1.532478721494906233e-03,3.543525427880074748e-03,1.008741758039064740e+00,-4.529523525809842077e+00,2.000000000000000000e+01,6.756086335570878065e-02,0.000000000000000000e+00,0.000000000000000000e+00,0.000000000000000000e+00,0.000000000000000000e+00,0.000000000000000000e+00,0.000000000000000000e+00,3.400000000000000000e+01,1.635509653621381403e+03,2.802457129409039567e+02,2.118100000000000000e+06,1.227599999999999941e-01,-7.011499100000116869e+01,1.000000000000000000e+00
1.682606875583430965e-03,3.453932913193502856e-03,1.220693995092708040e+00,-2.280250691817763187e+00,2.000000000000000000e+01,6.825924208313774444e-02,0.000000000000000000e+00,0.000000000000000000e+00,0.000000000000000000e+00,0.000000000000000000e+00,0.000000000000000000e+00,0.000000000000000000e+00,3.500000000000000000e+01,2.319756407779626443e+03,2.225876590726849997e+02,2.120100000000000000e+06,1.584599999999999898e-01,-8.740379999999808547e+01,1.000000000000000000e+00
1.437343685086503583e-03,3.762776418787209566e-03,1.187544562134647874e+00,-3.209637539345239432e+00,2.000000000000000000e+01,6.766842300982946201e-02,0.000000000000000000e+00,0.000000000000000000e+00,0.000000000000000000e+00,0.000000000000000000e+00,0.000000000000000000e+00,0.000000000000000000e+00,3.600000000000000000e+01,1.989183306031208531e+03,2.459395570599367034e+02,2.119400000000000000e+06,1.303799999999999959e-01,-5.508500000000172747e+01,1.000000000000000000e+00
1.561098035388573495e-03,3.431788069152623150e-03,9.297619429282049097e-01,-1.598029877699300272e+00,2.000000000000000000e+01,7.251113581840185063e-02,0.000000000000000000e+00,0.000000000000000000e+00,0.000000000000000000e+00,0.000000000000000000e+00,0.000000000000000000e+00,0.000000000000000000e+00,3.700000000000000000e+01,2.501925026231580887e+03,2.058129946425383139e+02,2.120600000000000000e+06,3.268199999999999994e-01,-5.274585209999617064e+02,1.000000000000000000e+00
1.572222469787789689e-03,3.202714650396506352e-03,1.030599624195973618e+00,-2.800247197230229190e+00,2.000000000000000000e+01,7.235236441141595920e-02,0.000000000000000000e+00,0.000000000000000000e+00,0.000000000000000000e+00,0.000000000000000000e+00,0.000000000000000000e+00,0.000000000000000000e+00,3.800000000000000000e+01,2.171223026445136838e+03,2.363194333835141379e+02,2.119900000000000000e+06,3.465599999999999792e-01,-5.015203999999210964e+02,1.000000000000000000e+00
1.357113502825520223e-03,3.933944989780094673e-03,1.085979809966183485e+00,-3.607647672853719900e+00,2.000000000000000000e+01,7.207197541225893178e-02,0.000000000000000000e+00,0.000000000000000000e+00,0.000000000000000000e+00,0.000000000000000000e+00,0.000000000000000000e+00,0.000000000000000000e+00,3.900000000000000000e+01,1.899584093443915208e+03,2.569085201814584707e+02,2.119200000000000000e+06,3.819799999999999862e-01,-4.788817709999489693e+02,1.000000000000000000e+00
1.324077723869027546e-03,3.977212641770861215e-03,1.250465026482781239e+00,-3.491541614034057606e+00,2.000000000000000000e+01,6.857522395424815731e-02,0.000000000000000000e+00,0.000000000000000000e+00,0.000000000000000000e+00,0.000000000000000000e+00,0.000000000000000000e+00,0.000000000000000000e+00,4.000000000000000000e+01,1.905045234565268856e+03,2.499448346735370876e+02,2.119200000000000000e+06,1.359599999999999975e-01,-5.226432599999908746e+01,1.000000000000000000e+00
1.296178860652386642e-03,3.670669954883334831e-03,1.225004421203587768e+00,-3.419984877624292707e+00,2.000000000000000000e+01,6.867037529362347847e-02,0.000000000000000000e+00,0.000000000000000000e+00,0.000000000000000000e+00,0.000000000000000000e+00,0.000000000000000000e+00,0.000000000000000000e+00,4.100000000000000000e+01,1.902950079795441525e+03,2.522654537309427099e+02,2.119200000000000000e+06,1.922399999999999942e-01,-9.944639999999968438e+01,1.000000000000000000e+00
1.488515036487491998e-03,3.994283480139419057e-03,1.150733193077951633e+00,-4.567848230285954436e+00,2.000000000000000000e+01,6.766043791636260074e-02,0.000000000000000000e+00,0.000000000000000000e+00,0.000000000000000000e+00,0.000000000000000000e+00,0.000000000000000000e+00,0.000000000000000000e+00,4.200000000000000000e+01,1.607383412961485192e+03,2.814297609893293384e+02,2.118000000000000000e+06,1.307800000000000074e-01,-6.020482899999861104e+01,1.000000000000000000e+00
1.442910872948147301e-03,3.424378011617187738e-03,1.209562868888954590e+00,-3.809053449640391165e+00,2.000000000000000000e+01,6.757362681904165169e-02,0.000000000000000000e+00,0.000000000000000000e+00,0.000000000000000000e+00,0.000000000000000000e+00,0.000000000000000000e+00,0.000000000000000000e+00,4.300000000000000000e+01,1.688469075632335262e+03,2.614675378635494098e+02,2.118900000000000000e+06,1.260900000000000076e-01,-5.055309999999894188e+01,1.000000000000000000e+00
1.449214246784292755e-03,3.735274195050527178e-03,1.261165010987935986e+00,-4.182988764680057869e+00,2.000000000000000000e+01,6.826468680470267059e-02,0.000000000000000000e+00,0.000000000000000000e+00,0.000000000000000000e+00,0.000000000000000000e+00,0.000000000000000000e+00,0.000000000000000000e+00,4.400000000000000000e+01,1.641947901493705558e+03,2.717900553311990279e+02,2.118500000000000000e+06,1.643400000000000138e-01,-7.573439999999985162e+01,1.000000000000000000e+00
1.602623196444559906e-03,3.428568927075538193e-03,8.853949089959149976e-01,-4.252593038147089111e+00,2.000000000000000000e+01,6.958940776308171483e-02,0.000000000000000000e+00,0.000000000000000000e+00,0.000000000000000000e+00,0.000000000000000000e+00,0.000000000000000000e+00,0.000000000000000000e+00,4.500000000000000000e+01,1.590351445596202893e+03,2.852750946421160165e+02,2.117900000000000000e+06,1.059800000000000048e-01,-5.629540000000150712e+01,1.000000000000000000e+00
1.369298795698125791e-03,3.730741645351470272e-03,1.193567583722824565e+00,-2.624849715661648375e+00,2.000000000000000000e+01,7.167143463747729926e-02,0.000000000000000000e+00,0.000000000000000000e+00,0.000000000000000000e+00,0.000000000000000000e+00,0.000000000000000000e+00,0.000000000000000000e+00,4.600000000000000000e+01,2.184474264493169358e+03,2.316850445089926041e+02,2.120000000000000000e+06,5.641300000000000203e-01,-8.477242410002772885e+02,1.000000000000000000e+00
1.548518262709132256e-03,2.773039901183368527e-03,9.221595191326563690e-01,-1.177994316024856936e+00,2.000000000000000000e+01,7.015084240579742836e-02,0.000000000000000000e+00,0.000000000000000000e+00,0.000000000000000000e+00,0.000000000000000000e+00,0.000000000000000000e+00,0.000000000000000000e+00,4.700000000000000000e+01,2.535446136870491046e+03,1.955582149974777906e+02,2.120600000000000000e+06,9.783899999999999542e-02,-5.125499999999863832e+01,1.000000000000000000e+00
1.491583074540123958e-03,3.027673783114252087e-03,1.023248082125015390e+00,-1.195056692914215901e+00,2.000000000000000000e+01,7.352161853209678022e-02,0.000000000000000000e+00,0.000000000000000000e+00,0.000000000000000000e+00,0.000000000000000000e+00,0.000000000000000000e+00,0.000000000000000000e+00,4.800000000000000000e+01,2.589326543222683085e+03,1.955090788184750181e+02,2.120700000000000000e+06,1.584299999999999875e-01,-1.120981819999961857e+02,1.000000000000000000e+00
1.404338996797399814e-03,4.222790314291402503e-03,1.226174289889212510e+00,-5.832451227235393887e+00,2.000000000000000000e+01,6.754583997556713737e-02,0.000000000000000000e+00,0.000000000000000000e+00,0.000000000000000000e+00,0.000000000000000000e+00,0.000000000000000000e+00,0.000000000000000000e+00,4.900000000000000000e+01,1.163046741485509756e+03,3.134117107370859117e+02,2.116300000000000000e+06,1.306200000000000139e-01,-5.054400000000062931e+01,1.000000000000000000e+00
1.415015208612797979e-03,3.650736604367655659e-03,1.245046585405540363e+00,-2.288701798437732915e+00,2.000000000000000000e+01,6.816968609888848785e-02,0.000000000000000000e+00,0.000000000000000000e+00,0.000000000000000000e+00,0.000000000000000000e+00,0.000000000000000000e+00,0.000000000000000000e+00,5.000000000000000000e+01,2.258318163563328653e+03,2.227767454629843371e+02,2.120000000000000000e+06,1.577099999999999891e-01,-6.999582800000025884e+01,1.000000000000000000e+00
1.516801135894691897e-03,3.887809792491006729e-03,1.091360692644822716e+00,-5.915864345972135396e+00,2.000000000000000000e+01,6.163926034173834723e-02,0.000000000000000000e+00,0.000000000000000000e+00,0.000000000000000000e+00,0.000000000000000000e+00,0.000000000000000000e+00,0.000000000000000000e+00,5.100000000000000000e+01,1.131922595428499335e+03,3.147311212409711629e+02,2.116400000000000000e+06,1.220799999999999941e-01,-5.003289999999935844e+01,1.000000000000000000e+00
1.340500821502357137e-03,3.787464286620364530e-03,1.314376079015794563e+00,-2.463125878016160453e+00,2.000000000000000000e+01,7.264986159460232185e-02,0.000000000000000000e+00,0.000000000000000000e+00,0.000000000000000000e+00,0.000000000000000000e+00,0.000000000000000000e+00,0.000000000000000000e+00,5.200000000000000000e+01,2.230600941912343387e+03,2.271463993248780469e+02,2.120000000000000000e+06,2.077199999999999880e-01,-1.089338999999981183e+02,1.000000000000000000e+00
1.624455748329260880e-03,3.393418652750153017e-03,1.161784935668144225e+00,-2.608267055305749427e+00,2.000000000000000000e+01,7.254540884792327893e-02,0.000000000000000000e+00,0.000000000000000000e+00,0.000000000000000000e+00,0.000000000000000000e+00,0.000000000000000000e+00,0.000000000000000000e+00,5.300000000000000000e+01,2.221087100032141279e+03,2.312292598950834872e+02,2.120000000000000000e+06,2.541399999999999770e-01,-2.344500229999796375e+02,1.000000000000000000e+00
1.425604321574632394e-03,3.778258747136405311e-03,1.183133612104313004e+00,-5.736019342943933452e+00,2.000000000000000000e+01,6.822173828144953434e-02,0.000000000000000000e+00,0.000000000000000000e+00,0.000000000000000000e+00,0.000000000000000000e+00,0.000000000000000000e+00,0.000000000000000000e+00,5.400000000000000000e+01,1.212568379735108465e+03,3.103815034725481041e+02,2.116600000000000000e+06,1.623699999999999866e-01,-8.232715600000210543e+01,1.000000000000000000e+00
1.260845711544781016e-03,3.508766085439923334e-03,1.328507919955099537e+00,-4.745888381192793659e+00,2.000000000000000000e+01,6.864568816524956041e-02,0.000000000000000000e+00,0.000000000000000000e+00,0.000000000000000000e+00,0.000000000000000000e+00,0.000000000000000000e+00,0.000000000000000000e+00,5.500000000000000000e+01,1.377084083644909924e+03,2.863203741115855792e+02,2.117900000000000000e+06,1.955600000000000116e-01,-8.608358400000135191e+01,1.000000000000000000e+00
1.321468919751963298e-03,4.257525227378641808e-03,1.106581401098043482e+00,-6.004145775474706070e+00,2.000000000000000000e+01,6.782232600060640604e-02,0.000000000000000000e+00,0.000000000000000000e+00,0.000000000000000000e+00,0.000000000000000000e+00,0.000000000000000000e+00,0.000000000000000000e+00,5.600000000000000000e+01,1.123035904224304204e+03,3.175071429726918382e+02,2.116100000000000000e+06,1.414499999999999924e-01,-6.648982999999914512e+01,1.000000000000000000e+00
1.187548895180277854e-03,4.295398858573898360e-03,1.070089865618564895e+00,-6.058011724452625479e+00,2.000000000000000000e+01,6.746120034599339954e-02,0.000000000000000000e+00,0.000000000000000000e+00,0.000000000000000000e+00,0.000000000000000000e+00,0.000000000000000000e+00,0.000000000000000000e+00,5.700000000000000000e+01,1.081784830187627676e+03,3.185987692405870462e+02,2.116000000000000000e+06,1.271799999999999875e-01,-5.274719999999885545e+01,1.000000000000000000e+00
1.403952284136373478e-03,3.617546044634747417e-03,1.176151444308515037e+00,-5.073997054107262095e+00,2.000000000000000000e+01,6.812870460180919796e-02,0.000000000000000000e+00,0.000000000000000000e+00,0.000000000000000000e+00,0.000000000000000000e+00,0.000000000000000000e+00,0.000000000000000000e+00,5.800000000000000000e+01,1.372875299254050333e+03,2.938764475053845331e+02,2.117500000000000000e+06,1.558700000000000085e-01,-7.520759999999908985e+01,1.000000000000000000e+00
1.425227296910144088e-03,3.917900405007684710e-03,1.317901595111660829e+00,-5.555099983678571718e+00,2.000000000000000000e+01,6.655582229717987852e-02,0.000000000000000000e+00,0.000000000000000000e+00,0.000000000000000000e+00,0.000000000000000000e+00,0.000000000000000000e+00,0.000000000000000000e+00,5.900000000000000000e+01,1.244093859510080847e+03,3.048673869281490738e+02,2.116800000000000000e+06,1.481300000000000117e-01,-6.692156700000025182e+01,1.000000000000000000e+00
1.324313707293908911e-03,4.547843051987463144e-03,1.245640742175671667e+00,-8.057941528943739939e+00,2.000000000000000000e+01,6.795152588146476103e-02,0.000000000000000000e+00,0.000000000000000000e+00,0.000000000000000000e+00,0.000000000000000000e+00,0.000000000000000000e+00,0.000000000000000000e+00,6.000000000000000000e+01,6.083993490904543933e+02,3.661656568342532978e+02,2.112600000000000000e+06,1.585699999999999887e-01,-6.509617499999866652e+01,1.000000000000000000e+00
1.525505658767176576e-03,3.788925023610756858e-03,1.207506581269332191e+00,-7.032428243057711192e+00,2.000000000000000000e+01,6.564472074859520334e-02,0.000000000000000000e+00,0.000000000000000000e+00,0.000000000000000000e+00,0.000000000000000000e+00,0.000000000000000000e+00,0.000000000000000000e+00,6.100000000000000000e+01,8.479647502081397761e+02,3.425038005532597367e+02,2.114600000000000000e+06,1.476200000000000012e-01,-7.030980000000226937e+01,1.000000000000000000e+00
1.499479518809229694e-03,4.758806661509831261e-03,1.252733281470219451e+00,-9.701594884321343315e+00,2.000000000000000000e+01,7.192310107392486940e-02,0.000000000000000000e+00,0.000000000000000000e+00,0.000000000000000000e+00,0.000000000000000000e+00,0.000000000000000000e+00,0.000000000000000000e+00,6.200000000000000000e+01,4.673043449235054823e+02,4.024122041236544192e+02,2.110500000000000000e+06,3.247599999999999931e-01,-3.001517689999869845e+02,1.000000000000000000e+00
1.457522245268163142e-03,3.876609639383712686e-03,1.212328564423764021e+00,-6.253190571106255646e+00,2.000000000000000000e+01,6.807748364591156842e-02,0.000000000000000000e+00,0.000000000000000000e+00,0.000000000000000000e+00,0.000000000000000000e+00,0.000000000000000000e+00,0.000000000000000000e+00,6.300000000000000000e+01,1.045723442950130675e+03,3.234050814071908349e+02,2.115800000000000000e+06,1.562000000000000055e-01,-7.411499999999878696e+01,1.000000000000000000e+00
1.436193955525909369e-03,3.981928119731319507e-03,1.204413848729088521e+00,-6.165852597116622036e+00,2.000000000000000000e+01,6.803146667824383487e-02,0.000000000000000000e+00,0.000000000000000000e+00,0.000000000000000000e+00,0.000000000000000000e+00,0.000000000000000000e+00,0.000000000000000000e+00,6.400000000000000000e+01,1.064853392625421066e+03,3.210908671542816251e+02,2.115900000000000000e+06,1.527300000000000046e-01,-7.122609599999961461e+01,1.000000000000000000e+00
1.519528537780738585e-03,4.171317657007776215e-03,1.256316220274978912e+00,-7.803833471887633877e+00,2.000000000000000000e+01,6.443210074225691475e-02,0.000000000000000000e+00,0.000000000000000000e+00,0.000000000000000000e+00,0.000000000000000000e+00,0.000000000000000000e+00,0.000000000000000000e+00,6.500000000000000000e+01,7.859696641230420937e+02,3.473246932735781343e+02,2.114200000000000000e+06,1.238999999999999962e-01,-5.294889900000055150e+01,1.000000000000000000e+00
1.495807227314849275e-03,3.750220520896685884e-03,1.161102514064689117e+00,-5.319467030588741707e+00,2.000000000000000000e+01,6.799671411102532759e-02,0.000000000000000000e+00,0.000000000000000000e+00,0.000000000000000000e+00,0.000000000000000000e+00,0.000000000000000000e+00,0.000000000000000000e+00,6.600000000000000000e+01,1.337443272141734269e+03,3.006514990459957630e+02,2.117100000000000000e+06,1.470599999999999963e-01,-7.410236199999975781e+01,1.000000000000000000e+00
1.495048770099621348e-03,4.194452693029552572e-03,1.029659776741028709e+00,-7.503703123168923739e+00,2.000000000000000000e+01,6.632745185249881714e-02,0.000000000000000000e+00,0.000000000000000000e+00,0.000000000000000000e+00,0.000000000000000000e+00,0.000000000000000000e+00,0.000000000000000000e+00,6.700000000000000000e+01,7.859445406367891565e+02,3.507667722721171231e+02,2.113800000000000000e+06,1.484000000000000041e-01,-7.767518400000049894e+01,1.000000000000000000e+00
1.397060633628941732e-03,3.880549326069288388e-03,1.245831330232162193e+00,-5.498896763321432068e+00,2.000000000000000000e+01,6.847339806547690644e-02,0.000000000000000000e+00,0.000000000000000000e+00,0.000000000000000000e+00,0.000000000000000000e+00,0.000000000000000000e+00,0.000000000000000000e+00,6.800000000000000000e+01,1.272050394104023098e+03,3.045502661674086653e+02,2.116900000000000000e+06,1.798200000000000076e-01,-9.103848500000044908e+01,1.000000000000000000e+00
1.495246737945200377e-03,3.793306266905741193e-03,1.217270910753757818e+00,-5.323107498381377312e+00,2.000000000000000000e+01,6.809877673423407607e-02,0.000000000000000000e+00,0.000000000000000000e+00,0.000000000000000000e+00,0.000000000000000000e+00,0.000000000000000000e+00,0.000000000000000000e+00,6.900000000000000000e+01,1.319032259637741390e+03,3.007481430125703241e+02,2.117100000000000000e+06,1.544699999999999962e-01,-7.410167099999999607e+01,1.000000000000000000e+00
1.511306435755607833e-03,4.241908458452967393e-03,1.160090647097811400e+00,-7.213485083868315328e+00,2.000000000000000000e+01,6.788050732774711382e-02,0.000000000000000000e+00,0.000000000000000000e+00,0.000000000000000000e+00,0.000000000000000000e+00,0.000000000000000000e+00,0.000000000000000000e+00,7.000000000000000000e+01,8.315201787483547378e+02,3.467743703107661872e+02,2.114200000000000000e+06,1.465899999999999981e-01,-7.398912299999820164e+01,1.000000000000000000e+00
1.390090284973270968e-03,4.210877749666035869e-03,1.177819942624551253e+00,-7.434401693099105479e+00,2.000000000000000000e+01,6.746239143404529626e-02,0.000000000000000000e+00,0.000000000000000000e+00,0.000000000000000000e+00,0.000000000000000000e+00,0.000000000000000000e+00,0.000000000000000000e+00,7.100000000000000000e+01,7.131844355070961683e+02,3.514001051586298559e+02,2.113900000000000000e+06,1.284299999999999886e-01,-5.193929299999859950e+01,1.000000000000000000e+00
1.460924406806527647e-03,4.098605954248830084e-03,1.198299408668135779e+00,-6.666113166867480011e+00,2.000000000000000000e+01,6.797369596963823146e-02,0.000000000000000000e+00,0.000000000000000000e+00,0.000000000000000000e+00,0.000000000000000000e+00,0.000000000000000000e+00,0.000000000000000000e+00,7.200000000000000000e+01,9.411463507164946805e+02,3.335829056688109517e+02,2.115100000000000000e+06,1.517100000000000115e-01,-7.144289999999956819e+01,1.000000000000000000e+00
1.398503869814194788e-03,4.163329285172580330e-03,1.216769807733122377e+00,-6.862211120134668718e+00,2.000000000000000000e+01,6.763341052039978374e-02,0.000000000000000000e+00,0.000000000000000000e+00,0.000000000000000000e+00,0.000000000000000000e+00,0.000000000000000000e+00,0.000000000000000000e+00,7.300000000000000000e+01,8.578185761702524132e+02,3.373252981790946023e+02,2.114800000000000000e+06,1.350200000000000011e-01,-5.414091299999908813e+01,1.000000000000000000e+00
1.438282672795263874e-03,3.868111145689081057e-03,1.182378900809947897e+00,-7.671514792547767136e+00,2.000000000000000000e+01,6.736290633272207229e-02,0.000000000000000000e+00,0.000000000000000000e+00,0.000000000000000000e+00,0.000000000000000000e+00,0.000000000000000000e+00,0.000000000000000000e+00,7.400000000000000000e+01,6.746816487320161286e+02,3.575086194847697243e+02,2.113600000000000000e+06,1.252600000000000102e-01,-5.037758300000026424e+01,1.000000000000000000e+00
1.577195433885185362e-03,4.009304240972830224e-03,1.183064167146671952e+00,-8.598764063475737629e+00,2.000000000000000000e+01,6.743372353085079485e-02,0.000000000000000000e+00,0.000000000000000000e+00,0.000000000000000000e+00,0.000000000000000000e+00,0.000000000000000000e+00,0.000000000000000000e+00,7.500000000000000000e+01,5.481547152029730796e+02,3.785853852241324944e+02,2.111900000000000000e+06,1.280499999999999972e-01,-5.787626700000162572e+01,1.000000000000000000e+00
1.478927860001824201e-03,3.730283343402333515e-03,1.256138810891786806e+00,-5.427812763501771443e+00,2.000000000000000000e+01,6.856622710202944782e-02,0.000000000000000000e+00,0.000000000000000000e+00,0.000000000000000000e+00,0.000000000000000000e+00,0.000000000000000000e+00,0.000000000000000000e+00,7.600000000000000000e+01,1.317146918954416378e+03,3.032177048784860744e+02,2.117000000000000000e+06,1.865100000000000091e-01,-1.017552000000049617e+02,1.000000000000000000e+00
1.660449092367332572e-03,3.212014987765296654e-03,1.429713032794679428e+00,-6.101584432424766113e+00,2.000000000000000000e+01,6.151684545526389658e-02,0.000000000000000000e+00,0.000000000000000000e+00,0.000000000000000000e+00,0.000000000000000000e+00,0.000000000000000000e+00,0.000000000000000000e+00,7.700000000000000000e+01,8.772218701964261527e+02,3.355989202440267718e+02,2.115000000000000000e+06,1.351999999999999869e-01,-5.294159999999909871e+01,1.000000000000000000e+00
1.562243747606674102e-03,4.381021093487902016e-03,1.130815633163035905e+00,-8.517001810855038713e+00,2.000000000000000000e+01,7.421274764996040052e-02,0.000000000000000000e+00,0.000000000000000000e+00,0.000000000000000000e+00,0.000000000000000000e+00,0.000000000000000000e+00,0.000000000000000000e+00,7.800000000000000000e+01,6.742086381539562581e+02,3.603620051810317477e+02,2.113200000000000000e+06,1.298999999999999877e-01,-5.838371000000097411e+01,1.000000000000000000e+00
1.564208232688036682e-03,4.136206302462612158e-03,1.177435392948948278e+00,-7.862720756363364316e+00,2.000000000000000000e+01,6.723377725841868380e-02,0.000000000000000000e+00,0.000000000000000000e+00,0.000000000000000000e+00,0.000000000000000000e+00,0.000000000000000000e+00,0.000000000000000000e+00,7.900000000000000000e+01,6.680957980663833951e+02,3.608224709789085978e+02,2.113100000000000000e+06,1.208800000000000013e-01,-5.114247300000079122e+01,1.000000000000000000e+00
1.546305476558360254e-03,4.164499478016308286e-03,1.140030384931439489e+00,-7.960838149606145109e+00,2.000000000000000000e+01,6.726402787163440755e-02,0.000000000000000000e+00,0.000000000000000000e+00,0.000000000000000000e+00,0.000000000000000000e+00,0.000000000000000000e+00,0.000000000000000000e+00,8.000000000000000000e+01,6.570017327201355783e+02,3.632869209012742999e+02,2.113000000000000000e+06,1.209400000000000058e-01,-5.421271600000098090e+01,1.000000000000000000e+00
1.559810778913649524e-03,4.110414857165164970e-03,1.162056715476438740e+00,-7.880458128309131283e+00,2.000000000000000000e+01,6.720858238078095126e-02,0.000000000000000000e+00,0.000000000000000000e+00,0.000000000000000000e+00,0.000000000000000000e+00,0.000000000000000000e+00,0.000000000000000000e+00,8.100000000000000000e+01,6.674774453121056013e+02,3.612189168847310725e+02,2.113100000000000000e+06,1.201699999999999990e-01,-5.147999999999924370e+01,1.000000000000000000e+00
1.501105525770782788e-03,4.087958418973094976e-03,1.218948070144080909e+00,-8.413275759494331041e+00,2.000000000000000000e+01,6.782631603626212979e-02,0.000000000000000000e+00,0.000000000000000000e+00,0.000000000000000000e+00,0.000000000000000000e+00,0.000000000000000000e+00,0.000000000000000000e+00,8.200000000000000000e+01,5.696553780100490485e+02,3.737941985780204277e+02,2.112200000000000000e+06,1.485899999999999999e-01,-6.859524299999998220e+01,1.000000000000000000e+00
1.503286118396696906e-03,3.829239445405406474e-03,1.222473819893553637e+00,-6.258653578610625878e+00,2.000000000000000000e+01,6.746216302008188614e-02,0.000000000000000000e+00,0.000000000000000000e+00,0.000000000000000000e+00,0.000000000000000000e+00,0.000000000000000000e+00,0.000000000000000000e+00,8.300000000000000000e+01,1.023601907711820104e+03,3.235570541214316904e+02,2.115800000000000000e+06,1.271799999999999875e-01,-5.070120000000095928e+01,1.000000000000000000e+00
1.544495524721221881e-03,4.225406063731460340e-03,1.129057161156525879e+00,-7.956491869563494745e+00,2.000000000000000000e+01,6.729583013292811389e-02,0.000000000000000000e+00,0.000000000000000000e+00,0.000000000000000000e+00,0.000000000000000000e+00,0.000000000000000000e+00,0.000000000000000000e+00,8.400000000000000000e+01,6.613645677557149156e+02,3.631637196557049947e+02,2.113000000000000000e+06,1.221499999999999947e-01,-5.630489800000079015e+01,1.000000000000000000e+00
1.465916587295307272e-03,3.970089072978392856e-03,1.213955790226898479e+00,-6.506493218970256009e+00,2.000000000000000000e+01,6.808670799596792944e-02,0.000000000000000000e+00,0.000000000000000000e+00,0.000000000000000000e+00,0.000000000000000000e+00,0.000000000000000000e+00,0.000000000000000000e+00,8.500000000000000000e+01,9.796451144714591237e+02,3.300686716699842691e+02,2.115400000000000000e+06,1.582999999999999963e-01,-7.564611600000135638e+01,1.000000000000000000e+00
1.693153033011872291e-03,3.995918085221732662e-03,1.258081678346511634e+00,-8.772161366445528685e+00,2.000000000000000000e+01,6.805095448763787136e-02,0.000000000000000000e+00,0.000000000000000000e+00,0.000000000000000000e+00,0.000000000000000000e+00,0.000000000000000000e+00,0.000000000000000000e+00,8.600000000000000000e+01,5.076257981146670772e+02,3.835580648040501046e+02,2.111300000000000000e+06,1.237100000000000005e-01,-5.356119999999882708e+01,1.000000000000000000e+00
1.230367003050316082e-03,5.061721391618785072e-03,1.265876950940419299e+00,-9.030573582826511014e+00,2.000000000000000000e+01,7.173096090501378252e-02,0.000000000000000000e+00,0.000000000000000000e+00,0.000000000000000000e+00,0.000000000000000000e+00,0.000000000000000000e+00,0.000000000000000000e+00,8.700000000000000000e+01,4.945951490716848298e+02,3.876174938549796138e+02,2.112000000000000000e+06,3.959900000000000087e-01,-3.351749999999676106e+02,1.000000000000000000e+00
1.579743348561888977e-03,4.104803841377775361e-03,1.159736814469669586e+00,-8.722293471573479451e+00,2.000000000000000000e+01,6.728902562390159936e-02,0.000000000000000000e+00,0.000000000000000000e+00,0.000000000000000000e+00,0.000000000000000000e+00,0.000000000000000000e+00,0.000000000000000000e+00,8.800000000000000000e+01,5.355171219988814073e+02,3.808770748197937905e+02,2.111600000000000000e+06,1.234299999999999981e-01,-5.572168599999846350e+01,1.000000000000000000e+00
1.708865898791289608e-03,4.248270609647586057e-03,1.306582869167893124e+00,-9.175241334226567957e+00,2.000000000000000000e+01,7.176434642898936456e-02,0.000000000000000000e+00,0.000000000000000000e+00,0.000000000000000000e+00,0.000000000000000000e+00,0.000000000000000000e+00,0.000000000000000000e+00,8.900000000000000000e+01,4.985605529148111827e+02,3.873273247749876873e+02,2.111000000000000000e+06,1.222000000000000031e-01,-5.395321700000082643e+01,1.000000000000000000e+00
1.509111090309526830e-03,4.233088568943655511e-03,1.099623188301344312e+00,-6.241925120213819511e+00,2.000000000000000000e+01,6.327346576469336514e-02,0.000000000000000000e+00,0.000000000000000000e+00,0.000000000000000000e+00,0.000000000000000000e+00,0.000000000000000000e+00,0.000000000000000000e+00,9.000000000000000000e+01,9.981600945443972250e+02,3.284347402518557715e+02,2.115400000000000000e+06,1.256899999999999962e-01,-5.005287900000051593e+01,1.000000000000000000e+00
1.484430057824891918e-03,4.011242133018467701e-03,1.370255495407687985e+00,-6.307225478762601867e+00,2.000000000000000000e+01,6.855267769304346226e-02,0.000000000000000000e+00,0.000000000000000000e+00,0.000000000000000000e+00,0.000000000000000000e+00,0.000000000000000000e+00,0.000000000000000000e+00,9.100000000000000000e+01,1.005433590394601310e+03,3.248916589937287540e+02,2.115700000000000000e+06,1.940099999999999880e-01,-9.106874700000386724e+01,1.000000000000000000e+00
2.465651506036752125e-03,3.894121570179229740e-03,6.657551563658257177e-01,2.470231872711174059e+00,2.000000000000000000e+01,8.088693723451825801e-02,0.000000000000000000e+00,0.000000000000000000e+00,0.000000000000000000e+00,0.000000000000000000e+00,0.000000000000000000e+00,0.000000000000000000e+00,9.200000000000000000e+01,5.400315828494982270e+03,1.381831052350717357e+02,2.119400000000000000e+06,9.896800000000000042e-02,-7.448820299999981387e+01,1.000000000000000000e+00
2.196381881921866987e-03,4.231018126986760969e-03,8.931135735616858584e-01,2.237340614482670187e+00,2.000000000000000000e+01,8.591661267806863234e-02,0.000000000000000000e+00,0.000000000000000000e+00,0.000000000000000000e+00,0.000000000000000000e+00,0.000000000000000000e+00,0.000000000000000000e+00,9.300000000000000000e+01,4.842814124118954169e+03,1.381834994597554100e+02,2.119800000000000000e+06,5.316199999999999815e-01,-1.856764884000892607e+03,1.000000000000000000e+00
2.472237125270690047e-03,3.480873751246343125e-03,5.439381487020727990e-01,2.470714055803069353e+00,2.000000000000000000e+01,9.009604046526087373e-02,0.000000000000000000e+00,0.000000000000000000e+00,0.000000000000000000e+00,0.000000000000000000e+00,0.000000000000000000e+00,0.000000000000000000e+00,9.400000000000000000e+01,4.749722100846272042e+03,1.381835104020395022e+02,2.119900000000000000e+06,4.466999999999999860e-01,-1.713240999999141650e+03,1.000000000000000000e+00
3.070260491911636427e-03,1.841856762772726063e-03,4.027560152004994731e-01,2.198688624661395252e+00,2.000000000000000000e+01,1.048296501052107393e-01,0.000000000000000000e+00,0.000000000000000000e+00,0.000000000000000000e+00,0.000000000000000000e+00,0.000000000000000000e+00,0.000000000000000000e+00,9.500000000000000000e+01,6.090682477052821923e+03,1.381832146778848767e+02,2.119400000000000000e+06,3.793199999999999905e-01,-6.632041099999460130e+02,1.000000000000000000e+00
2.550430050419168638e-03,4.052787722016730661e-03,1.345120690281025544e+00,6.847304978026187428e-01,2.000000000000000000e+01,7.064656451694539818e-02,0.000000000000000000e+00,0.000000000000000000e+00,0.000000000000000000e+00,0.000000000000000000e+00,0.000000000000000000e+00,0.000000000000000000e+00,9.600000000000000000e+01,3.310180813744742409e+03,1.553403934122025021e+02,2.120900000000000000e+06,4.616999999999999993e-01,-8.405331350001513329e+02,1.000000000000000000e+00
4.448701432251966209e-03,2.918504195394138519e-03,6.849470116226225036e-01,2.575070908221966270e+00,2.000000000000000000e+01,6.362673448103417506e-02,0.000000000000000000e+00,0.000000000000000000e+00,0.000000000000000000e+00,0.000000000000000000e+00,0.000000000000000000e+00,0.000000000000000000e+00,9.700000000000000000e+01,7.134662749942943265e+03,1.381832354892634385e+02,2.118500000000000000e+06,6.479200000000000514e-01,-1.824385550000797593e+03,1.000000000000000000e+00
1.735850377840776832e-03,4.013951876117266386e-03,9.131404357815753325e-01,2.854159016355902967e+00,2.000000000000000000e+01,7.208821490440699142e-02,0.000000000000000000e+00,0.000000000000000000e+00,0.000000000000000000e+00,0.000000000000000000e+00,0.000000000000000000e+00,0.000000000000000000e+00,9.800000000000000000e+01,6.592964226393697572e+03,1.381834138508737624e+02,2.118700000000000000e+06,3.289300000000000002e-01,-7.035624330000161990e+02,1.000000000000000000e+00
2.374051215692057817e-03,4.461508705253435826e-03,4.233994126934918500e-01,2.822909778167151718e+00,2.000000000000000000e+01,6.125409972780509332e-02,0.000000000000000000e+00,0.000000000000000000e+00,0.000000000000000000e+00,0.000000000000000000e+00,0.000000000000000000e+00,0.000000000000000000e+00,9.900000000000000000e+01,7.530389876461927088e+03,1.381832758480795462e+02,2.118300000000000000e+06,2.331900000000000084e-01,-4.993790000000230975e+02,1.000000000000000000e+00
4.056792882908817274e-03,1.313962283423834214e-03,7.948265151325210054e-01,1.555798740741254349e+00,2.000000000000000000e+01,3.849158574447079928e-02,0.000000000000000000e+00,0.000000000000000000e+00,0.000000000000000000e+00,0.000000000000000000e+00,0.000000000000000000e+00,0.000000000000000000e+00,1.000000000000000000e+02,7.144134297116669586e+03,1.381832776006636152e+02,2.119200000000000000e+06,2.165300000000000002e-01,-4.040883900000150675e+02,1.000000000000000000e+00
2.658671903252813294e-03,3.244918477942151415e-03,9.464939210866528674e-01,1.510716466443728700e+00,2.000000000000000000e+01,7.574849784180205658e-02,0.000000000000000000e+00,0.000000000000000000e+00,0.000000000000000000e+00,0.000000000000000000e+00,0.000000000000000000e+00,0.000000000000000000e+00,1.010000000000000000e+02,3.852224898081367428e+03,1.385529777057093384e+02,2.120200000000000000e+06,1.772900000000000031e-01,-3.274572100000007708e+02,1.000000000000000000e+00
1.475486222410461170e-03,3.899645087656294744e-03,1.039184020956784860e+00,-4.739005247863630643e+00,2.000000000000000000e+01,6.773917527277242834e-02,0.000000000000000000e+00,0.000000000000000000e+00,0.000000000000000000e+00,0.000000000000000000e+00,0.000000000000000000e+00,0.000000000000000000e+00,1.020000000000000000e+02,1.583486447190091894e+03,2.861498315445525122e+02,2.117800000000000000e+06,1.309500000000000108e-01,-7.286549400000021137e+01,1.000000000000000000e+00
2.264713645486755855e-03,5.532557887752440583e-03,7.382783028065196262e-01,2.862888185795544160e+00,2.000000000000000000e+01,8.478828082629748242e-02,0.000000000000000000e+00,0.000000000000000000e+00,0.000000000000000000e+00,0.000000000000000000e+00,0.000000000000000000e+00,0.000000000000000000e+00,1.030000000000000000e+02,4.493500198522799110e+03,1.381835375788437545e+02,2.119900000000000000e+06,2.318600000000000105e-01,-5.188432149999111971e+02,1.000000000000000000e+00
1.964899630993469700e-03,3.158771433497601418e-03,1.002010236651633246e+00,5.622668903265219953e-01,2.000000000000000000e+01,7.561200171086730759e-02,0.000000000000000000e+00,0.000000000000000000e+00,0.000000000000000000e+00,0.000000000000000000e+00,0.000000000000000000e+00,0.000000000000000000e+00,1.040000000000000000e+02,3.242520965196525594e+03,1.583815053798100791e+02,2.120900000000000000e+06,2.664599999999999747e-01,-4.942311690000521480e+02,1.000000000000000000e+00
1.737463446541199054e-03,3.367023624355537127e-03,9.463046075715039196e-01,5.087719126273022585e-01,2.000000000000000000e+01,7.204311787246865662e-02,0.000000000000000000e+00,0.000000000000000000e+00,0.000000000000000000e+00,0.000000000000000000e+00,0.000000000000000000e+00,0.000000000000000000e+00,1.050000000000000000e+02,3.211472994086074777e+03,1.590087885177896112e+02,2.120900000000000000e+06,4.818799999999999750e-01,-1.120538700000200379e+03,1.000000000000000000e+00
1.732249158723541630e-03,3.427243175048041556e-03,9.607038605033452194e-01,5.033352886409867555e-01,2.000000000000000000e+01,7.216682611058258812e-02,0.000000000000000000e+00,0.000000000000000000e+00,0.000000000000000000e+00,0.000000000000000000e+00,0.000000000000000000e+00,0.000000000000000000e+00,1.060000000000000000e+02,3.130590281735287590e+03,1.590949367180600973e+02,2.120900000000000000e+06,4.272299999999999986e-01,-8.828530360000920609e+02,1.000000000000000000e+00
1.769328367448586665e-03,3.234370993985853562e-03,7.920710452133803425e-01,3.973815398602236204e-01,2.000000000000000000e+01,7.313180805146876629e-02,0.000000000000000000e+00,0.000000000000000000e+00,0.000000000000000000e+00,0.000000000000000000e+00,0.000000000000000000e+00,0.000000000000000000e+00,1.070000000000000000e+02,3.122175732042742311e+03,1.608801209677614565e+02,2.120900000000000000e+06,2.680199999999999805e-01,-5.187916659999013973e+02,1.000000000000000000e+00
1.470570471358788843e-03,3.911493076581893866e-03,1.029799668934217260e+00,-4.569969559361394928e+00,2.000000000000000000e+01,6.758045455944583502e-02,0.000000000000000000e+00,0.000000000000000000e+00,0.000000000000000000e+00,0.000000000000000000e+00,0.000000000000000000e+00,0.000000000000000000e+00,1.080000000000000000e+02,1.628816565721020424e+03,2.814939340094414320e+02,2.118000000000000000e+06,1.252900000000000125e-01,-6.800877100000172959e+01,1.000000000000000000e+00
1.601142493661382882e-03,3.763633861743572503e-03,1.117214278725231935e+00,-4.774927293126231653e+00,2.000000000000000000e+01,6.407283305528742312e-02,0.000000000000000000e+00,0.000000000000000000e+00,0.000000000000000000e+00,0.000000000000000000e+00,0.000000000000000000e+00,0.000000000000000000e+00,1.090000000000000000e+02,1.608075065948412202e+03,2.834764724850716675e+02,2.117900000000000000e+06,1.263199999999999878e-01,-6.933727200000019764e+01,1.000000000000000000e+00
1.886529117556626179e-03,3.955450594365114529e-03,1.258935352787277084e+00,-3.465437534958663690e+00,2.000000000000000000e+01,7.858142698393233427e-02,0.000000000000000000e+00,0.000000000000000000e+00,0.000000000000000000e+00,0.000000000000000000e+00,0.000000000000000000e+00,0.000000000000000000e+00,1.100000000000000000e+02,1.609135161023562659e+03,2.824864401306282389e+02,2.118000000000000000e+06,1.569299999999999862e-01,-8.262387900000186391e+01,1.000000000000000000e+00
3.690891839579304046e-03,2.173424347095248999e-03,5.399967001375728382e-01,2.237938255521596531e+00,2.000000000000000000e+01,6.846319062720612747e-02,0.000000000000000000e+00,0.000000000000000000e+00,0.000000000000000000e+00,0.000000000000000000e+00,0.000000000000000000e+00,0.000000000000000000e+00,1.110000000000000000e+02,4.222129161208475125e+03,1.381870225583206491e+02,2.120200000000000000e+06,1.331199999999999883e-01,-2.522457870000200160e+02,1.000000000000000000e+00
1.437331552732203348e-03,4.006450398550037532e-03,1.166439110774692089e+00,-5.349199259414402441e+00,2.000000000000000000e+01,6.800748199375367120e-02,0.000000000000000000e+00,0.000000000000000000e+00,0.000000000000000000e+00,0.000000000000000000e+00,0.000000000000000000e+00,0.000000000000000000e+00,1.120000000000000000e+02,1.329890399550361053e+03,3.014196728071198663e+02,2.117000000000000000e+06,1.494699999999999918e-01,-7.280800000000297700e+01,1.000000000000000000e+00
1.425340521026822582e-03,3.756631223216770447e-03,1.190756329346877473e+00,-5.751995273941838072e+00,2.000000000000000000e+01,6.848124238803643404e-02,0.000000000000000000e+00,0.000000000000000000e+00,0.000000000000000000e+00,0.000000000000000000e+00,0.000000000000000000e+00,0.000000000000000000e+00,1.130000000000000000e+02,1.232181890537316349e+03,3.109102720077514164e+02,2.116600000000000000e+06,1.786399999999999932e-01,-1.000825000000035061e+02,1.000000000000000000e+00
1.971360564421010923e-03,2.997675321481398786e-03,6.919371125139792689e-01,2.039753049721467981e+00,2.000000000000000000e+01,7.345586836812009746e-02,0.000000000000000000e+00,0.000000000000000000e+00,0.000000000000000000e+00,0.000000000000000000e+00,0.000000000000000000e+00,0.000000000000000000e+00,1.140000000000000000e+02,3.581548749844080703e+03,1.397766899585890030e+02,2.120500000000000000e+06,2.932000000000000162e-01,-7.896482999998586365e+02,1.000000000000000000e+00
1.867444639537565272e-03,2.615148299889227031e-03,6.815918099548041731e-01,2.593080379358425169e+00,2.000000000000000000e+01,7.887580563269702694e-02,0.000000000000000000e+00,0.000000000000000000e+00,0.000000000000000000e+00,0.000000000000000000e+00,0.000000000000000000e+00,0.000000000000000000e+00,1.150000000000000000e+02,4.009551989511848205e+03,1.382269182533293872e+02,2.120000000000000000e+06,9.176700000000000135e-02,-1.115730000000023949e+02,1.000000000000000000e+00
1.378361532732052955e-03,3.843137275633034568e-03,1.010255321220567160e+00,-5.511155944265347273e+00,2.000000000000000000e+01,6.755144510928230706e-02,0.000000000000000000e+00,0.000000000000000000e+00,0.000000000000000000e+00,0.000000000000000000e+00,0.000000000000000000e+00,0.000000000000000000e+00,1.160000000000000000e+02,1.303376777584240017e+03,3.047593737150515949e+02,2.116900000000000000e+06,1.239299999999999985e-01,-6.513299400000165917e+01,1.000000000000000000e+00
1.295534554212065224e-03,5.609035690741835320e-03,1.271406363766450109e+00,-8.567386777678459353e+00,2.000000000000000000e+01,7.265610461517151009e-02,0.000000000000000000e+00,0.000000000000000000e+00,0.000000000000000000e+00,0.000000000000000000e+00,0.000000000000000000e+00,0.000000000000000000e+00,1.170000000000000000e+02,4.750041963303396528e+02,4.035639027506013008e+02,2.110200000000000000e+06,2.352200000000000124e-01,-1.495871519999917609e+02,1.000000000000000000e+00
1.591312516107816532e-03,3.904309012494132369e-03,1.171586954251444546e+00,-9.746712672324063576e+00,2.000000000000000000e+01,6.757077129093506940e-02,0.000000000000000000e+00,0.000000000000000000e+00,0.000000000000000000e+00,0.000000000000000000e+00,0.000000000000000000e+00,0.000000000000000000e+00,1.180000000000000000e+02,4.856631204232820096e+02,4.033772369591927713e+02,2.109600000000000000e+06,1.364700000000000080e-01,-6.676854699999884701e+01,1.000000000000000000e+00
1.877978592152259717e-03,3.247224050588585348e-03,6.780834482154640686e-01,2.470060716113850585e+00,2.000000000000000000e+01,6.821450463128474195e-02,0.000000000000000000e+00,0.000000000000000000e+00,0.000000000000000000e+00,0.000000000000000000e+00,0.000000000000000000e+00,0.000000000000000000e+00,1.190000000000000000e+02,3.945324970320593366e+03,1.382579670106712797e+02,2.120000000000000000e+06,1.336900000000000033e-01,-1.941423659999947517e+02,1.000000000000000000e+00
1.959933860761011153e-03,2.624607154411512811e-03,4.817178137496105350e-01,2.502993379670059415e+00,2.000000000000000000e+01,8.196397296010847489e-02,0.000000000000000000e+00,0.000000000000000000e+00,0.000000000000000000e+00,0.000000000000000000e+00,0.000000000000000000e+00,0.000000000000000000e+00,1.200000000000000000e+02,3.945302015358477092e+03,1.385103619185179014e+02,2.120200000000000000e+06,1.024599999999999955e-01,-1.583399999999965075e+02,1.000000000000000000e+00
1.184152009428869959e-03,3.569892994691264108e-03,1.278553327069323231e+00,-4.979658130150128592e+00,2.000000000000000000e+01,6.646662395771343879e-02,0.000000000000000000e+00,0.000000000000000000e+00,0.000000000000000000e+00,0.000000000000000000e+00,0.000000000000000000e+00,0.000000000000000000e+00,1.210000000000000000e+02,1.486525813269557148e+03,2.874917657405137561e+02,2.117700000000000000e+06,1.778099999999999958e-01,-8.708334700000199291e+01,1.000000000000000000e+00
1.544273052150421438e-03,3.740897931083045705e-03,1.123563591572263709e+00,-4.752536427297103572e+00,2.000000000000000000e+01,6.767939196953484671e-02,0.000000000000000000e+00,0.000000000000000000e+00,0.000000000000000000e+00,0.000000000000000000e+00,0.000000000000000000e+00,0.000000000000000000e+00,1.220000000000000000e+02,1.544123408026519655e+03,2.864837504417106402e+02,2.117800000000000000e+06,1.297899999999999887e-01,-6.515722200000038811e+01,1.000000000000000000e+00
1.364008529661482529e-03,3.879108838646196794e-03,1.260160196634313223e+00,-4.973270649647250963e+00,2.000000000000000000e+01,6.855982725131645750e-02,0.000000000000000000e+00,0.000000000000000000e+00,0.000000000000000000e+00,0.000000000000000000e+00,0.000000000000000000e+00,0.000000000000000000e+00,1.230000000000000000e+02,1.426076965443687641e+03,2.916090568881566014e+02,2.117600000000000000e+06,1.870799999999999963e-01,-9.411668999999716334e+01,1.000000000000000000e+00
1.699583607033515855e-03,3.712016009458041828e-03,1.065314393431135320e+00,-4.503758736647559324e+00,2.000000000000000000e+01,7.397062077121964452e-02,0.000000000000000000e+00,0.000000000000000000e+00,0.000000000000000000e+00,0.000000000000000000e+00,0.000000000000000000e+00,0.000000000000000000e+00,1.240000000000000000e+02,1.423195855520336181e+03,2.932181813068042402e+02,2.117500000000000000e+06,1.342299999999999882e-01,-6.245099999999879259e+01,1.000000000000000000e+00
1.384232103944892187e-03,3.668999756679251420e-03,1.274115585403236661e+00,-5.827628414199107709e+00,2.000000000000000000e+01,6.481775939482729842e-02,0.000000000000000000e+00,0.000000000000000000e+00,0.000000000000000000e+00,0.000000000000000000e+00,0.000000000000000000e+00,0.000000000000000000e+00,1.250000000000000000e+02,1.143364359168512919e+03,3.165640731013265281e+02,2.116300000000000000e+06,1.583199999999999885e-01,-7.770560399999989443e+01,1.000000000000000000e+00
1.497242402755291331e-03,4.153610472966723366e-03,1.098057908494310952e+00,-6.516243921826806229e+00,2.000000000000000000e+01,6.994956702275764715e-02,0.000000000000000000e+00,0.000000000000000000e+00,0.000000000000000000e+00,0.000000000000000000e+00,0.000000000000000000e+00,0.000000000000000000e+00,1.260000000000000000e+02,1.138421331990515000e+03,3.167899197200168260e+02,2.116200000000000000e+06,1.337500000000000078e-01,-6.046319999999874995e+01,1.000000000000000000e+00
1.449280166461817693e-03,3.995077883069497390e-03,1.129921419142835060e+00,-6.101300550637644982e+00,2.000000000000000000e+01,6.739434160821355935e-02,0.000000000000000000e+00,0.000000000000000000e+00,0.000000000000000000e+00,0.000000000000000000e+00,0.000000000000000000e+00,0.000000000000000000e+00,1.270000000000000000e+02,1.102085685445649915e+03,3.195502321911987451e+02,2.116000000000000000e+06,1.213400000000000034e-01,-5.298509999999897957e+01,1.000000000000000000e+00
1.417820520512531705e-03,3.862749564847518975e-03,1.097832512814853168e+00,-4.253643881572698682e+00,2.000000000000000000e+01,6.743407867687542523e-02,0.000000000000000000e+00,0.000000000000000000e+00,0.000000000000000000e+00,0.000000000000000000e+00,0.000000000000000000e+00,0.000000000000000000e+00,1.280000000000000000e+02,1.681727211061764365e+03,2.731505214585642989e+02,2.118400000000000000e+06,1.205399999999999944e-01,-5.388437999999872829e+01,1.000000000000000000e+00
1.618793043036315929e-03,3.845718551794982242e-03,1.232403710558518384e+00,-4.640940771917151153e+00,2.000000000000000000e+01,7.380335460534614977e-02,0.000000000000000000e+00,0.000000000000000000e+00,0.000000000000000000e+00,0.000000000000000000e+00,0.000000000000000000e+00,0.000000000000000000e+00,1.290000000000000000e+02,1.643704417412702469e+03,2.740599084427442449e+02,2.118400000000000000e+06,1.302200000000000024e-01,-6.081119999999944525e+01,1.000000000000000000e+00
1.416619714608972295e-03,3.333132619194629966e-03,1.223560380993095942e+00,-3.724434531307203144e+00,2.000000000000000000e+01,7.184791755369229760e-02,0.000000000000000000e+00,0.000000000000000000e+00,0.000000000000000000e+00,0.000000000000000000e+00,0.000000000000000000e+00,0.000000000000000000e+00,1.300000000000000000e+02,1.814850539064171244e+03,2.595574111460686026e+02,2.119200000000000000e+06,4.778800000000000270e-01,-6.180438050001985175e+02,1.000000000000000000e+00
1.494630514267328205e-03,3.966013885082293917e-03,1.112376867420481252e+00,-6.765563527828836854e+00,2.000000000000000000e+01,6.775660299038906154e-02,0.000000000000000000e+00,0.000000000000000000e+00,0.000000000000000000e+00,0.000000000000000000e+00,0.000000000000000000e+00,0.000000000000000000e+00,1.310000000000000000e+02,9.594238491046787658e+02,3.353409613402447462e+02,2.115000000000000000e+06,1.370800000000000074e-01,-7.061336099999968496e+01,1.000000000000000000e+00
1.531739892169884038e-03,3.636151886604183092e-03,1.096813214040837536e+00,-6.853317617733032385e+00,2.000000000000000000e+01,7.192229495290157482e-02,0.000000000000000000e+00,0.000000000000000000e+00,0.000000000000000000e+00,0.000000000000000000e+00,0.000000000000000000e+00,0.000000000000000000e+00,1.320000000000000000e+02,9.715497574016337694e+02,3.350281739712181661e+02,2.115000000000000000e+06,1.219699999999999951e-01,-6.035965800000175818e+01,1.000000000000000000e+00
1.467071593895449876e-03,3.982095930532159739e-03,1.179075892415292870e+00,-6.407280860654253729e+00,2.000000000000000000e+01,6.790143598197981301e-02,0.000000000000000000e+00,0.000000000000000000e+00,0.000000000000000000e+00,0.000000000000000000e+00,0.000000000000000000e+00,0.000000000000000000e+00,1.330000000000000000e+02,1.014882897677892288e+03,3.275495170944705592e+02,2.115600000000000000e+06,1.462700000000000111e-01,-6.963359999999990180e+01,1.000000000000000000e+00
1.431659973624842047e-03,3.907541614361210829e-03,1.109730244238565033e+00,-5.799704570817803884e+00,2.000000000000000000e+01,6.588924600548586030e-02,0.000000000000000000e+00,0.000000000000000000e+00,0.000000000000000000e+00,0.000000000000000000e+00,0.000000000000000000e+00,0.000000000000000000e+00,1.340000000000000000e+02,1.015326479838866703e+03,3.252630760529650047e+02,2.115700000000000000e+06,1.516299999999999870e-01,-7.113971700000006138e+01,1.000000000000000000e+00
1.580561801154656797e-03,3.729861075296335253e-03,1.151169241502124851e+00,-6.676029196459619897e+00,2.000000000000000000e+01,6.729781238636653451e-02,0.000000000000000000e+00,0.000000000000000000e+00,0.000000000000000000e+00,0.000000000000000000e+00,0.000000000000000000e+00,0.000000000000000000e+00,1.350000000000000000e+02,9.777615600910072544e+02,3.337725214595753869e+02,2.115200000000000000e+06,1.190500000000000030e-01,-5.327970000000033224e+01,1.000000000000000000e+00
1.524171002661299512e-03,3.829879485986047855e-03,1.077398999532666046e+00,-6.728107027469044432e+00,2.000000000000000000e+01,6.719422397900082222e-02,0.000000000000000000e+00,0.000000000000000000e+00,0.000000000000000000e+00,0.000000000000000000e+00,0.000000000000000000e+00,0.000000000000000000e+00,1.360000000000000000e+02,9.751881068140215802e+02,3.347120575066729202e+02,2.115100000000000000e+06,1.145800000000000013e-01,-5.415280000000116445e+01,1.000000000000000000e+00
1.392646183099135668e-03,4.243252146040555825e-03,1.183886264250289866e+00,-5.593339079593897090e+00,2.000000000000000000e+01,6.801404135642007132e-02,0.000000000000000000e+00,0.000000000000000000e+00,0.000000000000000000e+00,0.000000000000000000e+00,0.000000000000000000e+00,0.000000000000000000e+00,1.370000000000000000e+02,1.252791534112316185e+03,3.064203936760861211e+02,2.116600000000000000e+06,1.511500000000000066e-01,-7.011382999999764820e+01,1.000000000000000000e+00
1.487411720260467919e-03,3.307177917236728965e-03,1.497882326536525310e+00,-6.721769219529734052e+00,2.000000000000000000e+01,7.672617040661582066e-02,0.000000000000000000e+00,0.000000000000000000e+00,0.000000000000000000e+00,0.000000000000000000e+00,0.000000000000000000e+00,0.000000000000000000e+00,1.380000000000000000e+02,1.258348779626502619e+03,3.055654137638714474e+02,2.116800000000000000e+06,1.320800000000000030e-01,-5.788642900000148472e+01,1.000000000000000000e+00
1.570555388968784436e-03,3.834418355405962934e-03,1.222674442656463301e+00,-6.089464179171797831e+00,2.000000000000000000e+01,7.161227906008481303e-02,0.000000000000000000e+00,0.000000000000000000e+00,0.000000000000000000e+00,0.000000000000000000e+00,0.000000000000000000e+00,0.000000000000000000e+00,1.390000000000000000e+02,1.246841795918065600e+03,3.064850105625879451e+02,2.116800000000000000e+06,1.489399999999999891e-01,-7.057459400000122685e+01,1.000000000000000000e+00
1.494495535748389210e-03,4.010393822062223099e-03,1.188085083595709524e+00,-6.557054468552960813e+00,2.000000000000000000e+01,6.797062406593844253e-02,0.000000000000000000e+00,0.000000000000000000e+00,0.000000000000000000e+00,0.000000000000000000e+00,0.000000000000000000e+00,0.000000000000000000e+00,1.400000000000000000e+02,9.839761742805493441e+02,3.312748584205821203e+02,2.115300000000000000e+06,1.501699999999999979e-01,-7.295700000000100260e+01,1.000000000000000000e+00
1.607322351785142687e-03,2.844159002977153863e-03,9.130222102767781012e-01,-2.461802489237689771e-03,2.000000000000000000e+01,6.927019694208885747e-02,0.000000000000000000e+00,0.000000000000000000e+00,0.000000000000000000e+00,0.000000000000000000e+00,0.000000000000000000e+00,0.000000000000000000e+00,1.410000000000000000e+02,2.929491204975636265e+03,1.692025842472577892e+02,2.121000000000000000e+06,3.025700000000000056e-01,-4.882041999999643735e+02,1.000000000000000000e+00
1.767451852684273628e-03,3.022676711862539150e-03,8.809949756557994283e-01,3.607320502887501057e-02,2.000000000000000000e+01,7.324449190546448996e-02,0.000000000000000000e+00,0.000000000000000000e+00,0.000000000000000000e+00,0.000000000000000000e+00,0.000000000000000000e+00,0.000000000000000000e+00,1.420000000000000000e+02,3.017491864847328998e+03,1.683837360531818774e+02,2.120900000000000000e+06,2.193799999999999917e-01,-3.012734999999757406e+02,1.000000000000000000e+00
1.848534238304657892e-03,2.934447748760101414e-03,8.301449605392297038e-01,1.357365111805546309e-01,2.000000000000000000e+01,7.329927447455260314e-02,0.000000000000000000e+00,0.000000000000000000e+00,0.000000000000000000e+00,0.000000000000000000e+00,0.000000000000000000e+00,0.000000000000000000e+00,1.430000000000000000e+02,3.039979073180553314e+03,1.662530235844400863e+02,2.121000000000000000e+06,2.438700000000000034e-01,-4.140504940000198530e+02,1.000000000000000000e+00
1.665259560310821275e-03,3.539839010732465617e-03,1.033728926541600757e+00,-4.171279108911428501e+00,2.000000000000000000e+01,6.691727701098157399e-02,0.000000000000000000e+00,0.000000000000000000e+00,0.000000000000000000e+00,0.000000000000000000e+00,0.000000000000000000e+00,0.000000000000000000e+00,1.440000000000000000e+02,1.764121959848929237e+03,2.715352335939056161e+02,2.118500000000000000e+06,1.024700000000000055e-01,-5.155949999999977251e+01,1.000000000000000000e+00
1.610010333188817509e-03,3.893777316952934560e-03,1.120957380615055010e+00,-4.151866585970737766e+00,2.000000000000000000e+01,6.727022813777806809e-02,0.000000000000000000e+00,0.000000000000000000e+00,0.000000000000000000e+00,0.000000000000000000e+00,0.000000000000000000e+00,0.000000000000000000e+00,1.450000000000000000e+02,1.766801064867682953e+03,2.710943944185048622e+02,2.118500000000000000e+06,1.151699999999999946e-01,-5.361333299999927249e+01,1.000000000000000000e+00
1.425572479291634977e-03,3.723248012065855442e-03,1.184386752455046210e+00,-4.186638911383052886e+00,2.000000000000000000e+01,6.152057940416558179e-02,0.000000000000000000e+00,0.000000000000000000e+00,0.000000000000000000e+00,0.000000000000000000e+00,0.000000000000000000e+00,0.000000000000000000e+00,1.460000000000000000e+02,1.713253311992846193e+03,2.715921070905577608e+02,2.118500000000000000e+06,1.218999999999999945e-01,-5.749646500000113747e+01,1.000000000000000000e+00
1.506431045454322297e-03,3.974834543631785427e-03,1.176113605198191525e+00,-7.081150937919922228e+00,2.000000000000000000e+01,6.765177829153348754e-02,0.000000000000000000e+00,0.000000000000000000e+00,0.000000000000000000e+00,0.000000000000000000e+00,0.000000000000000000e+00,0.000000000000000000e+00,1.470000000000000000e+02,8.482076979742233789e+02,3.436871127193117559e+02,2.114500000000000000e+06,1.347500000000000087e-01,-6.144480000000150710e+01,1.000000000000000000e+00
2.484496236250263810e-03,2.599976571961811617e-03,5.266512184561699117e-01,2.994581495124154280e+00,2.000000000000000000e+01,6.862017732245295765e-02,0.000000000000000000e+00,0.000000000000000000e+00,0.000000000000000000e+00,0.000000000000000000e+00,0.000000000000000000e+00,0.000000000000000000e+00,1.480000000000000000e+02,4.221834837848949974e+03,1.382127270738210711e+02,2.119800000000000000e+06,9.157400000000000262e-02,-1.205954160000038939e+02,1.000000000000000000e+00
1.446370822158132580e-03,3.546247961085107099e-03,1.022571302508169300e+00,-2.478211437436814712e+00,2.000000000000000000e+01,7.257370757837117159e-02,0.000000000000000000e+00,0.000000000000000000e+00,0.000000000000000000e+00,0.000000000000000000e+00,0.000000000000000000e+00,0.000000000000000000e+00,1.490000000000000000e+02,2.253166263628201705e+03,2.275661939487035283e+02,2.120000000000000000e+06,2.653200000000000003e-01,-2.840908000000314928e+02,1.000000000000000000e+00
1.623869706123849720e-03,5.376179854038654927e-03,1.257634220262222158e+00,-7.835584840697216613e+00,2.000000000000000000e+01,5.985510316877790116e-02,0.000000000000000000e+00,0.000000000000000000e+00,0.000000000000000000e+00,0.000000000000000000e+00,0.000000000000000000e+00,0.000000000000000000e+00,1.500000000000000000e+02,6.002664164911171838e+02,3.738505576044399845e+02,2.112100000000000000e+06,1.192300000000000026e-01,-5.446805699999918460e+01,1.000000000000000000e+00
1.506651829821689138e-03,4.479082513020016774e-03,1.108320699154374811e+00,-8.395662749326405105e+00,2.000000000000000000e+01,6.286041146936587054e-02,0.000000000000000000e+00,0.000000000000000000e+00,0.000000000000000000e+00,0.000000000000000000e+00,0.000000000000000000e+00,0.000000000000000000e+00,1.510000000000000000e+02,5.858721150826710300e+02,3.744408290657723910e+02,2.112100000000000000e+06,1.209699999999999942e-01,-5.713362900000068123e+01,1.000000000000000000e+00
1.746927892483411291e-03,3.304015884135356063e-03,9.290465878213245432e-01,5.122303474334234386e-01,2.000000000000000000e+01,7.165303797608638114e-02,0.000000000000000000e+00,0.000000000000000000e+00,0.000000000000000000e+00,0.000000000000000000e+00,0.000000000000000000e+00,0.000000000000000000e+00,1.520000000000000000e+02,3.171014465360287886e+03,1.593471419770050659e+02,2.120900000000000000e+06,2.873200000000000198e-01,-5.124599999999959437e+02,1.000000000000000000e+00
1.672866321328333149e-03,3.886696615534865080e-03,1.314666163583123604e+00,-2.519017676668242167e+00,2.000000000000000000e+01,7.637824625363630326e-02,0.000000000000000000e+00,0.000000000000000000e+00,0.000000000000000000e+00,0.000000000000000000e+00,0.000000000000000000e+00,0.000000000000000000e+00,1.530000000000000000e+02,2.304060331642831443e+03,2.233542738696174297e+02,2.120100000000000000e+06,4.160400000000000209e-01,-5.320443590000942322e+02,1.000000000000000000e+00
1.546792034170770555e-03,3.569921947350016347e-03,1.027208283693252788e+00,-2.413753668908309002e+00,2.000000000000000000e+01,7.254170778824253762e-02,0.000000000000000000e+00,0.000000000000000000e+00,0.000000000000000000e+00,0.000000000000000000e+00,0.000000000000000000e+00,0.000000000000000000e+00,1.540000000000000000e+02,2.300797471176757881e+03,2.258191222639018463e+02,2.120100000000000000e+06,2.802600000000000091e-01,-3.304413360000063449e+02,1.000000000000000000e+00
1.497371812888203743e-03,3.845647812866539485e-03,1.085019266854144959e+00,-2.648630650722462399e+00,2.000000000000000000e+01,7.227385038771849679e-02,0.000000000000000000e+00,0.000000000000000000e+00,0.000000000000000000e+00,0.000000000000000000e+00,0.000000000000000000e+00,0.000000000000000000e+00,1.550000000000000000e+02,2.210137157186758031e+03,2.323338613870429015e+02,2.119900000000000000e+06,3.237499999999999822e-01,-3.864255999999631399e+02,1.000000000000000000e+00
1.561637426326088415e-03,4.080571627156187077e-03,1.207798108667290649e+00,-8.888038501266256830e+00,2.000000000000000000e+01,7.044533154113691298e-02,0.000000000000000000e+00,0.000000000000000000e+00,0.000000000000000000e+00,0.000000000000000000e+00,0.000000000000000000e+00,0.000000000000000000e+00,1.560000000000000000e+02,5.374753254857902220e+02,3.809477860033051684e+02,2.111600000000000000e+06,1.218999999999999945e-01,-5.428639999999971621e+01,1.000000000000000000e+00
1.502417277097884817e-03,4.162983083646677566e-03,1.160155160832039511e+00,-7.025773568764837940e+00,2.000000000000000000e+01,6.758614661026828008e-02,0.000000000000000000e+00,0.000000000000000000e+00,0.000000000000000000e+00,0.000000000000000000e+00,0.000000000000000000e+00,0.000000000000000000e+00,1.570000000000000000e+02,8.689903667444485791e+02,3.420543917591179479e+02,2.114500000000000000e+06,1.330399999999999916e-01,-6.113180699999893619e+01,1.000000000000000000e+00
1.756616740625448030e-03,3.736506837211536758e-03,1.201515142629627997e+00,-7.806393645730516972e+00,2.000000000000000000e+01,6.907716497341237494e-02,0.000000000000000000e+00,0.000000000000000000e+00,0.000000000000000000e+00,0.000000000000000000e+00,0.000000000000000000e+00,0.000000000000000000e+00,1.580000000000000000e+02,5.097931527663394604e+02,3.851496150282840745e+02,2.111100000000000000e+06,1.218199999999999977e-01,-5.359940000000013782e+01,1.000000000000000000e+00
1.524489399930658001e-03,3.927628609500638177e-03,1.214272561765498359e+00,-6.786996119424475893e+00,2.000000000000000000e+01,6.785556013002791431e-02,0.000000000000000000e+00,0.000000000000000000e+00,0.000000000000000000e+00,0.000000000000000000e+00,0.000000000000000000e+00,0.000000000000000000e+00,1.590000000000000000e+02,9.218781897036255941e+02,3.357281459084333619e+02,2.115000000000000000e+06,1.448800000000000088e-01,-6.771640000000195414e+01,1.000000000000000000e+00
1.501738161022871327e-03,3.913474173169743421e-03,1.253665939415405273e+00,-6.828853453479597491e+00,2.000000000000000000e+01,6.831427245891089073e-02,0.000000000000000000e+00,0.000000000000000000e+00,0.000000000000000000e+00,0.000000000000000000e+00,0.000000000000000000e+00,0.000000000000000000e+00,1.600000000000000000e+02,9.083122013335328120e+02,3.365710151862897987e+02,2.114900000000000000e+06,1.730599999999999916e-01,-8.726678100000131622e+01,1.000000000000000000e+00
1.526164757172156564e-03,4.071277096906631039e-03,1.182717194848228459e+00,-6.784203360852723463e+00,2.000000000000000000e+01,6.798179911110482920e-02,0.000000000000000000e+00,0.000000000000000000e+00,0.000000000000000000e+00,0.000000000000000000e+00,0.000000000000000000e+00,0.000000000000000000e+00,1.610000000000000000e+02,9.396376644614888392e+02,3.356759945332906341e+02,2.115000000000000000e+06,1.506899999999999906e-01,-7.604616500000139467e+01,1.000000000000000000e+00
1.344759467531516164e-03,4.076357767634332038e-03,8.853469259872803754e-01,-6.149559842062529702e-01,2.000000000000000000e+01,7.569445002009692058e-02,0.000000000000000000e+00,0.000000000000000000e+00,0.000000000000000000e+00,0.000000000000000000e+00,0.000000000000000000e+00,0.000000000000000000e+00,1.620000000000000000e+02,2.759945974254873818e+03,1.838026674227712078e+02,2.120800000000000000e+06,3.449400000000000244e-01,-5.166236629999306160e+02,1.000000000000000000e+00
1.631345616819490857e-03,3.588829210738353828e-03,8.687830091117856313e-01,-1.163629557142987103e+00,2.000000000000000000e+01,7.232265055028479217e-02,0.000000000000000000e+00,0.000000000000000000e+00,0.000000000000000000e+00,0.000000000000000000e+00,0.000000000000000000e+00,0.000000000000000000e+00,1.630000000000000000e+02,2.681921473128485559e+03,1.954309203388605454e+02,2.120700000000000000e+06,2.063599999999999879e-01,-2.580253480000193917e+02,1.000000000000000000e+00
1.357213765912544667e-03,4.953866206728782876e-03,1.139585045624017967e+00,-7.042787839835910724e+00,2.000000000000000000e+01,6.223896330364507568e-02,0.000000000000000000e+00,0.000000000000000000e+00,0.000000000000000000e+00,0.000000000000000000e+00,0.000000000000000000e+00,0.000000000000000000e+00,1.640000000000000000e+02,7.906118008518001261e+02,3.477994696544027420e+02,2.114000000000000000e+06,1.349400000000000044e-01,-6.078360000000151331e+01,1.000000000000000000e+00
1.552573899572872156e-03,3.981939303260234944e-03,1.205030870393070330e+00,-7.407152439792204390e+00,2.000000000000000000e+01,6.795914802112680564e-02,0.000000000000000000e+00,0.000000000000000000e+00,0.000000000000000000e+00,0.000000000000000000e+00,0.000000000000000000e+00,0.000000000000000000e+00,1.650000000000000000e+02,7.875201188150126654e+02,3.506944116755977916e+02,2.114000000000000000e+06,1.508899999999999963e-01,-7.485508200000165857e+01,1.000000000000000000e+00
1.789506123959543971e-03,3.053413656808811379e-03,6.750638853004784501e-01,1.601961721502441982e+00,2.000000000000000000e+01,7.481333152988538238e-02,0.000000000000000000e+00,0.000000000000000000e+00,0.000000000000000000e+00,0.000000000000000000e+00,0.000000000000000000e+00,0.000000000000000000e+00,1.660000000000000000e+02,3.572618919819537041e+03,1.433996294135502296e+02,2.120500000000000000e+06,1.362400000000000000e-01,-2.001827849999953628e+02,1.000000000000000000e+00
1.625795113014223388e-03,3.633361613277694569e-03,1.180254438490203617e+00,-4.766023959903434637e+00,2.000000000000000000e+01,7.486619429868718312e-02,0.000000000000000000e+00,0.000000000000000000e+00,0.000000000000000000e+00,0.000000000000000000e+00,0.000000000000000000e+00,0.000000000000000000e+00,1.670000000000000000e+02,1.544569934648794060e+03,2.865030497537739507e+02,2.117800000000000000e+06,2.880900000000000127e-01,-1.987874999999868351e+02,1.000000000000000000e+00
1.501303301537337039e-03,3.928460142032649469e-03,1.313202989882754634e+00,-5.239942211219300816e+00,2.000000000000000000e+01,7.215666507614702796e-02,0.000000000000000000e+00,0.000000000000000000e+00,0.000000000000000000e+00,0.000000000000000000e+00,0.000000000000000000e+00,0.000000000000000000e+00,1.680000000000000000e+02,1.426283055857307318e+03,2.916866595233313433e+02,2.117600000000000000e+06,1.887999999999999956e-01,-9.784809300000436849e+01,1.000000000000000000e+00
1.669055243618746938e-03,3.757377262271939956e-03,9.796715445934836008e-01,-2.114349646441366026e+00,2.000000000000000000e+01,6.700434416770512103e-02,0.000000000000000000e+00,0.000000000000000000e+00,0.000000000000000000e+00,0.000000000000000000e+00,0.000000000000000000e+00,0.000000000000000000e+00,1.690000000000000000e+02,2.480068639647656710e+03,2.136394021148452396e+02,2.120300000000000000e+06,3.511199999999999877e-01,-5.246383249999219061e+02,1.000000000000000000e+00
1.652305518818960629e-03,3.427198161581306718e-03,1.019587434319785713e+00,-1.687798187563687380e+00,2.000000000000000000e+01,7.251943101806510028e-02,0.000000000000000000e+00,0.000000000000000000e+00,0.000000000000000000e+00,0.000000000000000000e+00,0.000000000000000000e+00,0.000000000000000000e+00,1.700000000000000000e+02,2.499493769369994425e+03,2.077433151627548682e+02,2.120500000000000000e+06,2.982699999999999796e-01,-4.006674920000127713e+02,1.000000000000000000e+00
1.527993135173095650e-03,4.186165382493972631e-03,1.300661179830640668e+00,-5.629709555668644505e+00,2.000000000000000000e+01,7.330112728597916461e-02,0.000000000000000000e+00,0.000000000000000000e+00,0.000000000000000000e+00,0.000000000000000000e+00,0.000000000000000000e+00,0.000000000000000000e+00,1.710000000000000000e+02,1.326218932205231340e+03,3.035319719697479286e+02,2.116900000000000000e+06,1.566400000000000015e-01,-7.505460700000115537e+01,1.000000000000000000e+00
1.609919043541577265e-03,2.402121521109201047e-03,6.260364956559628657e-01,1.409829684830474106e+00,2.000000000000000000e+01,5.412593918384248082e-02,0.000000000000000000e+00,0.000000000000000000e+00,0.000000000000000000e+00,0.000000000000000000e+00,0.000000000000000000e+00,0.000000000000000000e+00,1.720000000000000000e+02,3.637917690173643223e+03,1.400761993957846414e+02,2.120100000000000000e+06,1.209400000000000058e-01,-1.075654859999974491e+02,1.000000000000000000e+00
2.100204447381263592e-03,3.377956473404435979e-03,6.715525264319741616e-01,2.024980673998212133e+00,2.000000000000000000e+01,7.334596821490330099e-02,0.000000000000000000e+00,0.000000000000000000e+00,0.000000000000000000e+00,0.000000000000000000e+00,0.000000000000000000e+00,0.000000000000000000e+00,1.730000000000000000e+02,3.786945851480958936e+03,1.398690730113200686e+02,2.120400000000000000e+06,3.257700000000000040e-01,-1.034600000000189766e+03,1.000000000000000000e+00
1.362060006996029630e-03,3.467941860421926408e-03,1.300169864542742415e+00,-5.161895400431209424e+00,2.000000000000000000e+01,7.240741619196341960e-02,0.000000000000000000e+00,0.000000000000000000e+00,0.000000000000000000e+00,0.000000000000000000e+00,0.000000000000000000e+00,0.000000000000000000e+00,1.740000000000000000e+02,1.379714680758179384e+03,2.959727230629279688e+02,2.117400000000000000e+06,1.982399999999999995e-01,-1.057931459999974209e+02,1.000000000000000000e+00
1.299949237063075013e-03,3.893359934897504780e-03,9.473303409145794607e-01,-8.341992638532131465e+00,2.000000000000000000e+01,6.734133896734705027e-02,0.000000000000000000e+00,0.000000000000000000e+00,0.000000000000000000e+00,0.000000000000000000e+00,0.000000000000000000e+00,0.000000000000000000e+00,1.750000000000000000e+02,6.128345481778834483e+02,3.721762794579249771e+02,2.112400000000000000e+06,1.202899999999999942e-01,-6.426283899999785376e+01,1.000000000000000000e+00
1.299949237063075013e-03,3.893359934897504780e-03,9.473303409145794607e-01,-8.341992638532131465e+00,2.000000000000000000e+01,6.734133896734705027e-02,0.000000000000000000e+00,0.000000000000000000e+00,0.000000000000000000e+00,0.000000000000000000e+00,0.000000000000000000e+00,0.000000000000000000e+00,1.760000000000000000e+02,6.128345481778834483e+02,3.721762794579249771e+02,2.112400000000000000e+06,1.202899999999999942e-01,-6.426283899999785376e+01,1.000000000000000000e+00
1.579855323497744452e-03,3.772302754935750145e-03,1.182437056925736529e+00,-1.022495403444935747e+01,2.000000000000000000e+01,6.771876204813689903e-02,0.000000000000000000e+00,0.000000000000000000e+00,0.000000000000000000e+00,0.000000000000000000e+00,0.000000000000000000e+00,0.000000000000000000e+00,1.770000000000000000e+02,4.701465041441794028e+02,4.119990930850116797e+02,2.108700000000000000e+06,1.448699999999999988e-01,-7.310179599999737832e+01,1.000000000000000000e+00
1.201303630609294086e-03,4.309821625010873923e-03,1.228659799955832854e+00,-8.643123232951099411e+00,2.000000000000000000e+01,6.545380847550137660e-02,0.000000000000000000e+00,0.000000000000000000e+00,0.000000000000000000e+00,0.000000000000000000e+00,0.000000000000000000e+00,0.000000000000000000e+00,1.780000000000000000e+02,6.227971031961910739e+02,3.683614619341267939e+02,2.112400000000000000e+06,2.673699999999999966e-01,-1.615175679999887848e+02,1.000000000000000000e+00
1.543838607887814155e-03,4.289142346895713671e-03,1.129117087357414562e+00,-8.096570377180972500e+00,2.000000000000000000e+01,6.729603293511959849e-02,0.000000000000000000e+00,0.000000000000000000e+00,0.000000000000000000e+00,0.000000000000000000e+00,0.000000000000000000e+00,0.000000000000000000e+00,1.790000000000000000e+02,6.403118076469204425e+02,3.671972027539971464e+02,2.112700000000000000e+06,1.222199999999999953e-01,-5.640783200000079489e+01,1.000000000000000000e+00
1.390109820016310329e-03,2.557531751937938604e-03,6.149404405020887365e-01,-1.374796752703623781e+00,2.000000000000000000e+01,7.478177196287992545e-02,0.000000000000000000e+00,0.000000000000000000e+00,0.000000000000000000e+00,0.000000000000000000e+00,0.000000000000000000e+00,0.000000000000000000e+00,1.800000000000000000e+02,2.570890589923108564e+03,2.009397151820527085e+02,2.120600000000000000e+06,1.059900000000000009e-01,-7.605959999999771526e+01,1.000000000000000000e+00
1.512158369077298663e-03,4.052077580334339894e-03,1.167838443233160550e+00,-4.498274763052806158e+00,2.000000000000000000e+01,6.759862527203043536e-02,0.000000000000000000e+00,0.000000000000000000e+00,0.000000000000000000e+00,0.000000000000000000e+00,0.000000000000000000e+00,0.000000000000000000e+00,1.810000000000000000e+02,1.651481427582527658e+03,2.792457379566725990e+02,2.118100000000000000e+06,1.285600000000000076e-01,-5.755680000000081975e+01,1.000000000000000000e+00
1.566268128753104966e-03,3.978354703387705638e-03,1.098963924960574268e+00,-5.518197385649758147e+00,2.000000000000000000e+01,7.145348067532907022e-02,0.000000000000000000e+00,0.000000000000000000e+00,0.000000000000000000e+00,0.000000000000000000e+00,0.000000000000000000e+00,0.000000000000000000e+00,1.820000000000000000e+02,1.189664284589282943e+03,3.153363697602655407e+02,2.116400000000000000e+06,1.727499999999999869e-01,-9.252764399999647082e+01,1.000000000000000000e+00
1.520210023912723285e-03,4.064460663657497655e-03,1.159150719993714995e+00,-7.488473821283177401e+00,2.000000000000000000e+01,6.765634461859038051e-02,0.000000000000000000e+00,0.000000000000000000e+00,0.000000000000000000e+00,0.000000000000000000e+00,0.000000000000000000e+00,0.000000000000000000e+00,1.830000000000000000e+02,7.661920116422459159e+02,3.529223665905362850e+02,2.113800000000000000e+06,1.353100000000000136e-01,-6.485375999999972407e+01,1.000000000000000000e+00
1.458308427118632086e-03,4.280102312845372042e-03,1.083881536457599104e+00,-7.470671585149485594e+00,2.000000000000000000e+01,6.735859505737509800e-02,0.000000000000000000e+00,0.000000000000000000e+00,0.000000000000000000e+00,0.000000000000000000e+00,0.000000000000000000e+00,0.000000000000000000e+00,1.840000000000000000e+02,7.707631208449915903e+02,3.524032519482120165e+02,2.113700000000000000e+06,1.235499999999999932e-01,-5.841719999999937585e+01,1.000000000000000000e+00
1.440777903886262352e-03,3.975028121170895608e-03,1.302871310128306259e+00,-6.482711618055138736e+00,2.000000000000000000e+01,5.568213431986950013e-02,0.000000000000000000e+00,0.000000000000000000e+00,0.000000000000000000e+00,0.000000000000000000e+00,0.000000000000000000e+00,0.000000000000000000e+00,1.850000000000000000e+02,7.638284381434697252e+02,3.545685061534882720e+02,2.113500000000000000e+06,1.307999999999999996e-01,-6.284760000000084545e+01,1.000000000000000000e+00
1.206848633721994968e-03,4.945181964525859238e-03,1.190415934784310181e+00,-7.583841420199350480e+00,2.000000000000000000e+01,6.809957399909175035e-02,0.000000000000000000e+00,0.000000000000000000e+00,0.000000000000000000e+00,0.000000000000000000e+00,0.000000000000000000e+00,0.000000000000000000e+00,1.860000000000000000e+02,7.384097374744825402e+02,3.555801173480337525e+02,2.113400000000000000e+06,1.672899999999999943e-01,-7.153427399999709735e+01,1.000000000000000000e+00
1.615191645526538886e-03,3.982311466671901307e-03,9.481108940912712502e-01,-6.887716327529592952e+00,2.000000000000000000e+01,6.892525745132886683e-02,0.000000000000000000e+00,0.000000000000000000e+00,0.000000000000000000e+00,0.000000000000000000e+00,0.000000000000000000e+00,0.000000000000000000e+00,1.870000000000000000e+02,9.772863769075585196e+02,3.347840489589964363e+02,2.115000000000000000e+06,1.212199999999999944e-01,-6.071099999999919561e+01,1.000000000000000000e+00
1.547151895822643361e-03,3.732228459810223511e-03,1.219033663378576993e+00,-6.304771449026367769e+00,2.000000000000000000e+01,6.790177015647010095e-02,0.000000000000000000e+00,0.000000000000000000e+00,0.000000000000000000e+00,0.000000000000000000e+00,0.000000000000000000e+00,0.000000000000000000e+00,1.880000000000000000e+02,1.054001843559498411e+03,3.248249385521990575e+02,2.115800000000000000e+06,1.452299999999999980e-01,-6.873881100000102151e+01,1.000000000000000000e+00
1.475720241993125435e-03,3.837007943400070654e-03,1.260724460368488398e+00,-5.632743101885036907e+00,2.000000000000000000e+01,6.848975703091622624e-02,0.000000000000000000e+00,0.000000000000000000e+00,0.000000000000000000e+00,0.000000000000000000e+00,0.000000000000000000e+00,0.000000000000000000e+00,1.890000000000000000e+02,1.248219413346330612e+03,3.073773994189905352e+02,2.116700000000000000e+06,1.812400000000000122e-01,-9.505439999999906320e+01,1.000000000000000000e+00
1.706723129059770734e-03,3.462490513154008794e-03,1.105123710568589601e+00,-7.771638688898850233e+00,2.000000000000000000e+01,6.406913271463263171e-02,0.000000000000000000e+00,0.000000000000000000e+00,0.000000000000000000e+00,0.000000000000000000e+00,0.000000000000000000e+00,0.000000000000000000e+00,1.900000000000000000e+02,6.879093534438039796e+02,3.580343752693058264e+02,2.113500000000000000e+06,1.262600000000000111e-01,-5.098079999999950473e+01,1.000000000000000000e+00
1.429714293410502607e-03,4.022807306636639463e-03,1.125236902770349046e+00,-5.517321059672136485e+00,2.000000000000000000e+01,6.744370376422949287e-02,0.000000000000000000e+00,0.000000000000000000e+00,0.000000000000000000e+00,0.000000000000000000e+00,0.000000000000000000e+00,0.000000000000000000e+00,1.910000000000000000e+02,1.289847000703029835e+03,3.048682931561514806e+02,2.116800000000000000e+06,1.223899999999999988e-01,-5.357770799999932620e+01,1.000000000000000000e+00
1.281958772318162691e-03,3.759386893492339121e-03,1.070442533115888883e+00,-5.179360250473044935e+00,2.000000000000000000e+01,7.063528370577766557e-02,0.000000000000000000e+00,0.000000000000000000e+00,0.000000000000000000e+00,0.000000000000000000e+00,0.000000000000000000e+00,0.000000000000000000e+00,1.920000000000000000e+02,1.285763204281346361e+03,3.054973819926669307e+02,2.116700000000000000e+06,1.254899999999999904e-01,-5.980390900000044496e+01,1.000000000000000000e+00
1.478455374348263372e-03,4.569545934271343826e-03,1.080829001400851919e+00,-8.030864057226372310e+00,2.000000000000000000e+01,6.405856877381038705e-02,0.000000000000000000e+00,0.000000000000000000e+00,0.000000000000000000e+00,0.000000000000000000e+00,0.000000000000000000e+00,0.000000000000000000e+00,1.930000000000000000e+02,7.026850690947188696e+02,3.580112501021985736e+02,2.113300000000000000e+06,1.416600000000000081e-01,-6.447639999999771021e+01,1.000000000000000000e+00
1.576363675227792412e-03,4.038371435515719643e-03,1.223001639786707395e+00,-6.193985157925964380e+00,2.000000000000000000e+01,6.748233541128956237e-02,0.000000000000000000e+00,0.000000000000000000e+00,0.000000000000000000e+00,0.000000000000000000e+00,0.000000000000000000e+00,0.000000000000000000e+00,1.940000000000000000e+02,1.083230701175569720e+03,3.218076258947380666e+02,2.115900000000000000e+06,1.277300000000000102e-01,-5.363619299999869838e+01,1.000000000000000000e+00
1.426435696338013061e-03,3.829337325896189307e-03,1.046668849503976206e+00,-6.447376818427799527e+00,2.000000000000000000e+01,6.982698055134711757e-02,0.000000000000000000e+00,0.000000000000000000e+00,0.000000000000000000e+00,0.000000000000000000e+00,0.000000000000000000e+00,0.000000000000000000e+00,1.950000000000000000e+02,9.954522291272237453e+02,3.324818602177878688e+02,2.115200000000000000e+06,1.325500000000000012e-01,-6.630544499999862751e+01,1.000000000000000000e+00
1.457902721279824782e-03,4.019434622832968040e-03,1.208261121883853484e+00,-6.347235558986128012e+00,2.000000000000000000e+01,6.768170163612947932e-02,0.000000000000000000e+00,0.000000000000000000e+00,0.000000000000000000e+00,0.000000000000000000e+00,0.000000000000000000e+00,0.000000000000000000e+00,1.960000000000000000e+02,1.016394315768866250e+03,3.259689939890302526e+02,2.115600000000000000e+06,1.365800000000000070e-01,-5.793119999999939296e+01,1.000000000000000000e+00
1.319183680958670559e-03,3.907470332540972750e-03,1.093101606436745366e+00,-3.738163482000649740e+00,2.000000000000000000e+01,6.762946299166211483e-02,0.000000000000000000e+00,0.000000000000000000e+00,0.000000000000000000e+00,0.000000000000000000e+00,0.000000000000000000e+00,0.000000000000000000e+00,1.970000000000000000e+02,1.828502201231981871e+03,2.598579999153132007e+02,2.118900000000000000e+06,1.294899999999999940e-01,-5.812437399999908649e+01,1.000000000000000000e+00
1.611856179003086928e-03,3.254859392991970267e-03,1.005703154937032773e+00,-3.483703951385269004e+00,2.000000000000000000e+01,6.978672100179307558e-02,0.000000000000000000e+00,0.000000000000000000e+00,0.000000000000000000e+00,0.000000000000000000e+00,0.000000000000000000e+00,0.000000000000000000e+00,1.980000000000000000e+02,1.889462797204353137e+03,2.593528371826595844e+02,2.119000000000000000e+06,1.230500000000000066e-01,-7.178392799999947727e+01,1.000000000000000000e+00
1.931805905855985472e-03,2.807992243184311704e-03,6.993529739915128607e-01,1.873834351795246267e+00,2.000000000000000000e+01,7.532884424703420456e-02,0.000000000000000000e+00,0.000000000000000000e+00,0.000000000000000000e+00,0.000000000000000000e+00,0.000000000000000000e+00,0.000000000000000000e+00,1.990000000000000000e+02,3.704859867578913509e+03,1.409711532998510677e+02,2.120400000000000000e+06,1.135700000000000043e-01,-1.467032000000068592e+02,1.000000000000000000e+00
