3.436956928853633457e-03,9.750789531249122108e-04,4.494759938104663233e-01,2.593856357586091121e+00,2.000000000000000000e+01,7.245115744345502484e-02,0.000000000000000000e+00,0.000000000000000000e+00,0.000000000000000000e+00,0.000000000000000000e+00,0.000000000000000000e+00,0.000000000000000000e+00,0.000000000000000000e+00,7.144134297116669586e+03,1.381832776006636152e+02,2.119200000000000000e+06,2.165300000000000002e-01,-4.040883900000150675e+02,1.000000000000000000e+00
2.222023113655855180e-03,3.944871595629323609e-03,5.053742348972154463e-01,2.578958282901378407e+00,2.000000000000000000e+01,7.014378243780863831e-02,0.000000000000000000e+00,0.000000000000000000e+00,0.000000000000000000e+00,0.000000000000000000e+00,0.000000000000000000e+00,0.000000000000000000e+00,1.000000000000000000e+00,6.592964226393697572e+03,1.381834138508737624e+02,2.118700000000000000e+06,3.289300000000000002e-01,-7.035624330000161990e+02,1.000000000000000000e+00
1.793610314344381640e-03,4.988546959379587011e-03,8.934502876463706889e-01,2.600789581411212747e+00,2.000000000000000000e+01,7.079009981556856623e-02,0.000000000000000000e+00,0.000000000000000000e+00,0.000000000000000000e+00,0.000000000000000000e+00,0.000000000000000000e+00,0.000000000000000000e+00,2.000000000000000000e+00,5.799113628486433299e+03,1.381840670422283495e+02,2.119200000000000000e+06,6.907600000000000406e-01,-1.726306400000241865e+03,1.000000000000000000e+00
1.485485230731387486e-03,1.842132953411821945e-03,1.387104164904646053e+00,-6.571117159309203259e+00,2.000000000000000000e+01,6.826518908764998839e-02,0.000000000000000000e+00,0.000000000000000000e+00,0.000000000000000000e+00,0.000000000000000000e+00,0.000000000000000000e+00,0.000000000000000000e+00,3.000000000000000000e+00,1.157018123341630371e+03,3.315951555188812563e+02,2.115800000000000000e+06,1.650399999999999923e-01,-6.628049999999943509e+01,1.000000000000000000e+00
3.449415705969330684e-03,3.784230465897161534e-03,4.935593860041372904e-01,2.649665801202620408e+00,2.000000000000000000e+01,7.680808648403841810e-02,0.000000000000000000e+00,0.000000000000000000e+00,0.000000000000000000e+00,0.000000000000000000e+00,0.000000000000000000e+00,0.000000000000000000e+00,4.000000000000000000e+00,4.677938752876291801e+03,1.382045248571189973e+02,2.119900000000000000e+06,1.575300000000000034e-01,-6.031326199999439268e+02,1.000000000000000000e+00
4.197233342956209305e-03,1.807652928637229484e-03,1.328872415142863916e+00,2.178558051847332422e+00,2.000000000000000000e+01,7.272363204959281235e-02,0.000000000000000000e+00,0.000000000000000000e+00,0.000000000000000000e+00,0.000000000000000000e+00,0.000000000000000000e+00,0.000000000000000000e+00,5.000000000000000000e+00,4.249151179133189544e+03,1.390669271685819979e+02,2.121100000000000000e+06,3.679600000000000093e-01,-7.389518000000090296e+02,1.000000000000000000e+00
2.233964811638877810e-03,3.856536502848906429e-03,5.243507324157730132e-01,2.795399688503100055e+00,2.000000000000000000e+01,7.378045820647319286e-02,0.000000000000000000e+00,0.000000000000000000e+00,0.000000000000000000e+00,0.000000000000000000e+00,0.000000000000000000e+00,0.000000000000000000e+00,6.000000000000000000e+00,4.494543661575931765e+03,1.384103894285160834e+02,2.119800000000000000e+06,3.642400000000000082e-01,-1.674837296999218324e+03,1.000000000000000000e+00
3.976110682913610792e-03,2.065079980716902699e-03,1.035466967539075078e+00,2.342559720881680185e+00,2.000000000000000000e+01,6.777794184216043294e-02,0.000000000000000000e+00,0.000000000000000000e+00,0.000000000000000000e+00,0.000000000000000000e+00,0.000000000000000000e+00,0.000000000000000000e+00,7.000000000000000000e+00,4.272985806194697034e+03,1.385241769826049847e+02,2.120000000000000000e+06,1.073999999999999955e-01,-1.264336200000006016e+02,1.000000000000000000e+00
1.560207803198827847e-03,4.101835689431142240e-03,9.582722747475909131e-01,-6.088829800309621731e+00,2.000000000000000000e+01,7.369503693604437244e-02,0.000000000000000000e+00,0.000000000000000000e+00,0.000000000000000000e+00,0.000000000000000000e+00,0.000000000000000000e+00,0.000000000000000000e+00,8.000000000000000000e+00,1.436985657677569179e+03,3.192693816702688991e+02,2.116300000000000000e+06,1.467700000000000116e-01,-1.157000000000049198e+02,1.000000000000000000e+00
1.769447090609653842e-03,5.436135123441378572e-03,8.731304185533164119e-01,-1.002416648969216162e+01,2.000000000000000000e+01,7.411359213653305467e-02,0.000000000000000000e+00,0.000000000000000000e+00,0.000000000000000000e+00,0.000000000000000000e+00,0.000000000000000000e+00,0.000000000000000000e+00,9.000000000000000000e+00,5.763676189078809102e+02,4.082144071896059927e+02,2.109400000000000000e+06,1.281499999999999861e-01,-1.171084620000021346e+02,1.000000000000000000e+00
3.449820122162433958e-03,4.459655041503729142e-03,1.017868169790115074e+00,2.409563732703654093e+00,2.000000000000000000e+01,7.215522851394040593e-02,0.000000000000000000e+00,0.000000000000000000e+00,0.000000000000000000e+00,0.000000000000000000e+00,0.000000000000000000e+00,0.000000000000000000e+00,1.000000000000000000e+01,4.579668936431611655e+03,1.383677974603341170e+02,2.120200000000000000e+06,5.429699999999999527e-01,-2.013764999999722249e+03,1.000000000000000000e+00
2.078816866101669374e-03,5.690628421781621440e-03,8.666831179485887660e-01,-8.642565403316559980e+00,2.000000000000000000e+01,7.428167167147989303e-02,0.000000000000000000e+00,0.000000000000000000e+00,0.000000000000000000e+00,0.000000000000000000e+00,0.000000000000000000e+00,0.000000000000000000e+00,1.100000000000000000e+01,8.671990934233896269e+02,3.795045049515903202e+02,2.112000000000000000e+06,1.269299999999999873e-01,-1.363823999999968919e+02,1.000000000000000000e+00
9.904676588359528910e-04,4.758388082498086168e-03,3.459749563625408308e-01,-6.934739254710362566e+00,2.000000000000000000e+01,8.377485317996945235e-02,0.000000000000000000e+00,0.000000000000000000e+00,0.000000000000000000e+00,0.000000000000000000e+00,0.000000000000000000e+00,0.000000000000000000e+00,1.200000000000000000e+01,1.013541557133057495e+03,3.454198054141533021e+02,2.114500000000000000e+06,8.435299999999999743e-02,-1.356264270000054353e+02,1.000000000000000000e+00
1.745334284437299313e-03,6.371496793352172949e-03,6.540901748560614681e-01,-8.895325540042684054e+00,2.000000000000000000e+01,7.318653624028395588e-02,0.000000000000000000e+00,0.000000000000000000e+00,0.000000000000000000e+00,0.000000000000000000e+00,0.000000000000000000e+00,0.000000000000000000e+00,1.300000000000000000e+01,8.268428337355065878e+02,3.839047800717370933e+02,2.111600000000000000e+06,2.720799999999999885e-01,-6.714798479999931260e+02,1.000000000000000000e+00
2.013427600557242750e-03,5.844660350013014018e-03,6.934948982554118846e-01,-9.138772603508634518e+00,2.000000000000000000e+01,7.959964947831957294e-02,0.000000000000000000e+00,0.000000000000000000e+00,0.000000000000000000e+00,0.000000000000000000e+00,0.000000000000000000e+00,0.000000000000000000e+00,1.400000000000000000e+01,9.561073552694352884e+02,3.779872459368845625e+02,2.112000000000000000e+06,1.422299999999999953e-01,-2.405264429999895128e+02,1.000000000000000000e+00
1.539508209994897969e-03,6.348677852685283979e-03,4.126080235583791112e-01,-8.908829936624197643e+00,2.000000000000000000e+01,7.611110358028749800e-02,0.000000000000000000e+00,0.000000000000000000e+00,0.000000000000000000e+00,0.000000000000000000e+00,0.000000000000000000e+00,0.000000000000000000e+00,1.500000000000000000e+01,8.139303577916737140e+02,3.842247519718090416e+02,2.111400000000000000e+06,1.327699999999999991e-01,-3.072793379999897638e+02,1.000000000000000000e+00
2.134583890211222239e-03,6.485880690111502089e-03,7.674704580909650353e-01,-9.006908713396583721e+00,2.000000000000000000e+01,7.389931623873664812e-02,0.000000000000000000e+00,0.000000000000000000e+00,0.000000000000000000e+00,0.000000000000000000e+00,0.000000000000000000e+00,0.000000000000000000e+00,1.600000000000000000e+01,8.137633811595809448e+02,3.869240202084600924e+02,2.111200000000000000e+06,1.603900000000000048e-01,-2.589055459999904087e+02,1.000000000000000000e+00
2.039589780599651830e-03,4.268123565847927944e-03,9.303699033435769428e-01,-9.500546870275343281e+00,2.000000000000000000e+01,6.632189090255206920e-02,0.000000000000000000e+00,0.000000000000000000e+00,0.000000000000000000e+00,0.000000000000000000e+00,0.000000000000000000e+00,0.000000000000000000e+00,1.700000000000000000e+01,6.238356473453201261e+02,3.975884426058987628e+02,2.110100000000000000e+06,8.947299999999999698e-02,-5.861600000000001387e+01,1.000000000000000000e+00
1.524121241211226366e-03,5.990327876739639373e-03,5.861971031775686791e-01,-9.299187826108283872e+00,2.000000000000000000e+01,7.497992444448819960e-02,0.000000000000000000e+00,0.000000000000000000e+00,0.000000000000000000e+00,0.000000000000000000e+00,0.000000000000000000e+00,0.000000000000000000e+00,1.800000000000000000e+01,6.769379857530967683e+02,3.932046944490408009e+02,2.110700000000000000e+06,1.212499999999999967e-01,-1.796796000000084916e+02,1.000000000000000000e+00
1.674994771321923828e-03,6.684698307786205579e-03,8.660428640061048622e-01,-5.895655892458849578e+00,2.000000000000000000e+01,7.314159625889736505e-02,0.000000000000000000e+00,0.000000000000000000e+00,0.000000000000000000e+00,0.000000000000000000e+00,0.000000000000000000e+00,0.000000000000000000e+00,1.900000000000000000e+01,1.733296376312423945e+03,3.151158197788745952e+02,2.116100000000000000e+06,1.908499999999999919e-01,-2.381277450000115721e+02,1.000000000000000000e+00
1.038095722754245505e-03,2.069338394927961421e-03,8.582393714061981038e-01,-5.154292060841427769e-01,2.000000000000000000e+01,7.016940109998932862e-02,0.000000000000000000e+00,0.000000000000000000e+00,0.000000000000000000e+00,0.000000000000000000e+00,0.000000000000000000e+00,0.000000000000000000e+00,2.000000000000000000e+01,2.646702156762786217e+03,1.797039220100648151e+02,2.120900000000000000e+06,3.865999999999999992e-01,-5.168201999998709653e+02,1.000000000000000000e+00
5.392068302648137966e-04,3.402549160366634406e-03,4.583331107275572247e-01,1.821434627170340548e+00,2.000000000000000000e+01,7.586377235108894557e-02,0.000000000000000000e+00,0.000000000000000000e+00,0.000000000000000000e+00,0.000000000000000000e+00,0.000000000000000000e+00,0.000000000000000000e+00,2.100000000000000000e+01,3.345099435783400168e+03,1.414068934349543554e+02,2.120300000000000000e+06,8.417499999999999982e-02,-5.607500700000161942e+01,1.000000000000000000e+00
1.363291091301313497e-03,1.071041084506962632e-03,6.623145891532997709e-01,3.154190247850934270e-01,2.000000000000000000e+01,6.728018565380802785e-02,0.000000000000000000e+00,0.000000000000000000e+00,0.000000000000000000e+00,0.000000000000000000e+00,0.000000000000000000e+00,0.000000000000000000e+00,2.200000000000000000e+01,2.859393057942302221e+03,1.624343157934981718e+02,2.121000000000000000e+06,8.417900000000000382e-02,-6.628674700000094333e+01,1.000000000000000000e+00
1.066735715061746005e-03,1.625198760915415319e-03,6.284207701509247901e-01,1.517407158009493884e+00,2.000000000000000000e+01,7.048632856382376632e-02,0.000000000000000000e+00,0.000000000000000000e+00,0.000000000000000000e+00,0.000000000000000000e+00,0.000000000000000000e+00,0.000000000000000000e+00,2.300000000000000000e+01,3.339138210177802193e+03,1.441420077627831233e+02,2.120500000000000000e+06,3.333999999999999742e-01,-5.455622130001585219e+02,1.000000000000000000e+00
2.379627443362585838e-03,3.737447636690120843e-03,1.240372503522991332e+00,7.283499795158521195e-01,2.000000000000000000e+01,7.200869405486062802e-02,0.000000000000000000e+00,0.000000000000000000e+00,0.000000000000000000e+00,0.000000000000000000e+00,0.000000000000000000e+00,0.000000000000000000e+00,2.400000000000000000e+01,3.310180813744742409e+03,1.553403934122025021e+02,2.120900000000000000e+06,4.616999999999999993e-01,-8.405331350001513329e+02,1.000000000000000000e+00
2.215719350253432703e-03,4.433118392427326526e-03,9.775288221768310137e-01,-5.423597491706177109e+00,2.000000000000000000e+01,7.397988798636438712e-02,0.000000000000000000e+00,0.000000000000000000e+00,0.000000000000000000e+00,0.000000000000000000e+00,0.000000000000000000e+00,0.000000000000000000e+00,2.500000000000000000e+01,1.878713300197553963e+03,3.031299119701529889e+02,2.117100000000000000e+06,1.420800000000000118e-01,-1.446315859999996576e+02,1.000000000000000000e+00
2.257812993863113002e-03,2.115208122618959623e-03,1.477262052754860111e+00,-3.995821443495145786e+00,2.000000000000000000e+01,6.938921473189191280e-02,0.000000000000000000e+00,0.000000000000000000e+00,0.000000000000000000e+00,0.000000000000000000e+00,0.000000000000000000e+00,0.000000000000000000e+00,2.600000000000000000e+01,1.998548868061472831e+03,2.667260142701780410e+02,2.119000000000000000e+06,2.645000000000000129e-01,-2.130808770000106165e+02,1.000000000000000000e+00
1.507617363583477936e-03,3.967708361129376748e-03,1.425313545519769409e+00,-2.190019525019501145e+00,2.000000000000000000e+01,7.264694734173389457e-02,0.000000000000000000e+00,0.000000000000000000e+00,0.000000000000000000e+00,0.000000000000000000e+00,0.000000000000000000e+00,0.000000000000000000e+00,2.700000000000000000e+01,2.417985680758257786e+03,2.205675660406002976e+02,2.120100000000000000e+06,2.074699999999999878e-01,-1.008858690000033249e+02,1.000000000000000000e+00
1.452872392828527971e-03,3.044027842395628878e-03,7.068048672376429087e-01,2.146096552311583139e+00,2.000000000000000000e+01,7.425282386255331601e-02,0.000000000000000000e+00,0.000000000000000000e+00,0.000000000000000000e+00,0.000000000000000000e+00,0.000000000000000000e+00,0.000000000000000000e+00,2.800000000000000000e+01,3.522838432448312687e+03,1.392088616301796549e+02,2.120300000000000000e+06,1.440800000000000136e-01,-1.738260370000043906e+02,1.000000000000000000e+00
2.242811712522125005e-03,4.302577689112838111e-03,9.670238358368015152e-01,-5.652771585178941294e+00,2.000000000000000000e+01,7.318199781123926884e-02,0.000000000000000000e+00,0.000000000000000000e+00,0.000000000000000000e+00,0.000000000000000000e+00,0.000000000000000000e+00,0.000000000000000000e+00,2.900000000000000000e+01,1.828614282693576797e+03,3.079038228569352782e+02,2.116800000000000000e+06,2.153500000000000136e-01,-3.166382449999915139e+02,1.000000000000000000e+00
1.644864323415988656e-03,5.675920246132419231e-03,7.886209107632182747e-01,-5.003566574037837889e+00,2.000000000000000000e+01,7.252347258229593918e-02,0.000000000000000000e+00,0.000000000000000000e+00,0.000000000000000000e+00,0.000000000000000000e+00,0.000000000000000000e+00,0.000000000000000000e+00,3.000000000000000000e+01,1.892980325181765011e+03,2.922658363938645039e+02,2.117500000000000000e+06,3.361899999999999888e-01,-7.591628850001213777e+02,1.000000000000000000e+00
2.365970566868434363e-03,3.780582846146323794e-03,1.172776497023472198e+00,-3.169634223081905233e+00,2.000000000000000000e+01,7.236918742740819366e-02,0.000000000000000000e+00,0.000000000000000000e+00,0.000000000000000000e+00,0.000000000000000000e+00,0.000000000000000000e+00,0.000000000000000000e+00,3.100000000000000000e+01,2.377114303597677917e+03,2.447697883433370976e+02,2.119600000000000000e+06,3.458800000000000208e-01,-5.628737790000170662e+02,1.000000000000000000e+00
1.322439182163208469e-03,4.228852431680038028e-03,5.419351143034331075e-01,-3.391830621411390467e+00,2.000000000000000000e+01,7.362932671773737836e-02,0.000000000000000000e+00,0.000000000000000000e+00,0.000000000000000000e+00,0.000000000000000000e+00,0.000000000000000000e+00,0.000000000000000000e+00,3.200000000000000000e+01,2.262211013268739862e+03,2.514908184802478672e+02,2.119300000000000000e+06,2.650100000000000233e-01,-7.012381709998928727e+02,1.000000000000000000e+00
2.340240413921115641e-03,5.710981351698129344e-03,1.050103059510669068e+00,-8.693580243934656338e+00,2.000000000000000000e+01,7.283539122427161450e-02,0.000000000000000000e+00,0.000000000000000000e+00,0.000000000000000000e+00,0.000000000000000000e+00,0.000000000000000000e+00,0.000000000000000000e+00,3.300000000000000000e+01,8.688480874607197393e+02,3.804273536407221172e+02,2.112000000000000000e+06,2.183199999999999863e-01,-2.983499999999970669e+02,1.000000000000000000e+00
2.325156054947550947e-03,5.896274989711770831e-03,9.305515452748278626e-01,-9.316570833718406774e+00,2.000000000000000000e+01,7.180761795641886491e-02,0.000000000000000000e+00,0.000000000000000000e+00,0.000000000000000000e+00,0.000000000000000000e+00,0.000000000000000000e+00,0.000000000000000000e+00,3.400000000000000000e+01,9.364939544016700665e+02,3.801314951662225781e+02,2.111900000000000000e+06,1.068500000000000005e-01,-9.437686300000183337e+01,1.000000000000000000e+00
1.821944013507735549e-03,5.721448081024619811e-03,4.055719408656566771e-01,2.547868630125853517e+00,2.000000000000000000e+01,7.257589553795959492e-02,0.000000000000000000e+00,0.000000000000000000e+00,0.000000000000000000e+00,0.000000000000000000e+00,0.000000000000000000e+00,0.000000000000000000e+00,3.500000000000000000e+01,6.342823464656417855e+03,1.381919416346609069e+02,2.119200000000000000e+06,4.795300000000000118e-01,-1.771520876999381244e+03,1.000000000000000000e+00
2.988479623474693796e-03,4.618902291111672345e-03,7.715062917953245947e-01,2.536839189778490766e+00,2.000000000000000000e+01,7.133969116648104791e-02,0.000000000000000000e+00,0.000000000000000000e+00,0.000000000000000000e+00,0.000000000000000000e+00,0.000000000000000000e+00,0.000000000000000000e+00,3.600000000000000000e+01,6.012028764356430656e+03,1.381977111406808945e+02,2.119400000000000000e+06,7.587500000000000355e-01,-2.684518800000305873e+03,1.000000000000000000e+00
2.702887671682649776e-03,5.822948402587501196e-03,1.152599820850463752e+00,-9.341839794363094640e+00,2.000000000000000000e+01,7.230774455827619629e-02,0.000000000000000000e+00,0.000000000000000000e+00,0.000000000000000000e+00,0.000000000000000000e+00,0.000000000000000000e+00,0.000000000000000000e+00,3.700000000000000000e+01,8.001659370458663716e+02,3.939836641057863744e+02,2.110900000000000000e+06,3.128500000000000170e-01,-5.346533999999719526e+02,1.000000000000000000e+00
1.822157823957123047e-03,6.451550788861859856e-03,5.596086735054557337e-01,-9.113508543186689792e+00,2.000000000000000000e+01,7.849927666598331688e-02,0.000000000000000000e+00,0.000000000000000000e+00,0.000000000000000000e+00,0.000000000000000000e+00,0.000000000000000000e+00,0.000000000000000000e+00,3.800000000000000000e+01,8.628615523021222771e+02,3.897750959892152309e+02,2.111000000000000000e+06,5.581300000000000150e-02,-5.271624400000072797e+01,1.000000000000000000e+00
1.979570446693702367e-03,3.920838246473109558e-03,1.038007288604731571e+00,-1.071080920768928912e+01,2.000000000000000000e+01,6.133656989649874380e-02,0.000000000000000000e+00,0.000000000000000000e+00,0.000000000000000000e+00,0.000000000000000000e+00,0.000000000000000000e+00,0.000000000000000000e+00,3.900000000000000000e+01,5.834143758325600402e+02,4.264414797341648864e+02,2.107200000000000000e+06,1.027799999999999964e-01,-6.784032000000036078e+01,1.000000000000000000e+00
1.856690932428930975e-03,6.034549391822745419e-03,6.880381190170874461e-01,-1.052854917785958477e+01,2.000000000000000000e+01,7.457925582348187699e-02,0.000000000000000000e+00,0.000000000000000000e+00,0.000000000000000000e+00,0.000000000000000000e+00,0.000000000000000000e+00,0.000000000000000000e+00,4.000000000000000000e+01,5.862831531677469457e+02,4.190709708189708067e+02,2.108200000000000000e+06,1.295499999999999985e-01,-1.861332999999869173e+02,1.000000000000000000e+00
3.045176637141307728e-03,4.608327859080494845e-03,1.119807575525706422e+00,-1.029190835163663031e+01,2.000000000000000000e+01,6.633525824623830169e-02,0.000000000000000000e+00,0.000000000000000000e+00,0.000000000000000000e+00,0.000000000000000000e+00,0.000000000000000000e+00,0.000000000000000000e+00,4.100000000000000000e+01,6.221834717300228021e+02,4.135584925727549717e+02,2.108400000000000000e+06,9.332999999999999630e-02,-6.475699999999953604e+01,1.000000000000000000e+00
1.687157808708035327e-03,6.051158153324237912e-03,7.579749111855043076e-01,-1.002191503517238047e+01,2.000000000000000000e+01,7.221697288305300999e-02,0.000000000000000000e+00,0.000000000000000000e+00,0.000000000000000000e+00,0.000000000000000000e+00,0.000000000000000000e+00,0.000000000000000000e+00,4.200000000000000000e+01,6.625989629657200339e+02,4.081802348938186924e+02,2.109600000000000000e+06,3.854899999999999993e-01,-1.071351115999525746e+03,1.000000000000000000e+00
1.698568224399536839e-03,6.277083245417896216e-03,7.734831068787126895e-01,-9.567442690526718252e+00,2.000000000000000000e+01,7.250528701030507783e-02,0.000000000000000000e+00,0.000000000000000000e+00,0.000000000000000000e+00,0.000000000000000000e+00,0.000000000000000000e+00,0.000000000000000000e+00,4.300000000000000000e+01,6.628905554550093484e+02,3.992897718256990061e+02,2.110500000000000000e+06,3.236499999999999932e-01,-7.360024679998330157e+02,1.000000000000000000e+00
2.552174275082051691e-03,5.274544023812947208e-03,1.188234487573864850e+00,-8.130879179803947920e+00,2.000000000000000000e+01,7.304130287439382363e-02,0.000000000000000000e+00,0.000000000000000000e+00,0.000000000000000000e+00,0.000000000000000000e+00,0.000000000000000000e+00,0.000000000000000000e+00,4.400000000000000000e+01,1.071574120195512933e+03,3.680407569338041753e+02,2.113000000000000000e+06,1.837199999999999944e-01,-1.902948790000108374e+02,1.000000000000000000e+00
1.324446882087355806e-03,6.173892349085550665e-03,6.130893121965215187e-01,-8.434760770590395751e+00,2.000000000000000000e+01,7.143846849283591594e-02,0.000000000000000000e+00,0.000000000000000000e+00,0.000000000000000000e+00,0.000000000000000000e+00,0.000000000000000000e+00,0.000000000000000000e+00,4.500000000000000000e+01,1.053426155548193492e+03,3.743283217012257182e+02,2.112200000000000000e+06,4.792600000000000193e-01,-1.307660790000155885e+03,1.000000000000000000e+00
1.913110243653607691e-03,6.362773011936947477e-03,7.633313692085839097e-01,-7.965252861118349514e+00,2.000000000000000000e+01,7.264200944590458453e-02,0.000000000000000000e+00,0.000000000000000000e+00,0.000000000000000000e+00,0.000000000000000000e+00,0.000000000000000000e+00,0.000000000000000000e+00,4.600000000000000000e+01,1.091077021731477316e+03,3.634133947901611350e+02,2.113300000000000000e+06,3.318300000000000138e-01,-8.588777229998528355e+02,1.000000000000000000e+00
1.847066414628517140e-03,5.608143658024275155e-03,5.635529205769910233e-01,-8.568837479278213820e+00,2.000000000000000000e+01,7.441317808409995960e-02,0.000000000000000000e+00,0.000000000000000000e+00,0.000000000000000000e+00,0.000000000000000000e+00,0.000000000000000000e+00,0.000000000000000000e+00,4.700000000000000000e+01,1.029209727674548049e+03,3.778898995986415912e+02,2.112100000000000000e+06,1.976100000000000079e-01,-4.903195879999723843e+02,1.000000000000000000e+00
2.169315019037613285e-03,4.276884286414501385e-03,1.414351737275404419e+00,-1.077003091599290485e+01,2.000000000000000000e+01,6.810926299939937256e-02,0.000000000000000000e+00,0.000000000000000000e+00,0.000000000000000000e+00,0.000000000000000000e+00,0.000000000000000000e+00,0.000000000000000000e+00,4.800000000000000000e+01,5.926895255861546730e+02,4.231303960920605505e+02,2.107300000000000000e+06,1.762299999999999978e-01,-9.868950000000229750e+01,1.000000000000000000e+00
1.882995975300488095e-03,6.373302840969952490e-03,1.091578282983332704e+00,-7.111584608004996255e+00,2.000000000000000000e+01,7.331896397392193010e-02,0.000000000000000000e+00,0.000000000000000000e+00,0.000000000000000000e+00,0.000000000000000000e+00,0.000000000000000000e+00,0.000000000000000000e+00,4.900000000000000000e+01,1.278044501984761609e+03,3.444991846834060425e+02,2.114600000000000000e+06,1.590000000000000024e-01,-1.225839509999974979e+02,1.000000000000000000e+00
2.082386746776197610e-03,6.357710131854683346e-03,7.249450189298540792e-01,-7.006244450455177741e+00,2.000000000000000000e+01,7.338655143682046300e-02,0.000000000000000000e+00,0.000000000000000000e+00,0.000000000000000000e+00,0.000000000000000000e+00,0.000000000000000000e+00,0.000000000000000000e+00,5.000000000000000000e+01,1.376216818330308342e+03,3.414311149651526875e+02,2.114700000000000000e+06,2.342400000000000038e-01,-5.195977999999386157e+02,1.000000000000000000e+00
2.763891154678919937e-03,1.949449083799557154e-03,5.623312846559329614e-01,2.669904496364999602e+00,2.000000000000000000e+01,7.860309637946374939e-02,0.000000000000000000e+00,0.000000000000000000e+00,0.000000000000000000e+00,0.000000000000000000e+00,0.000000000000000000e+00,0.000000000000000000e+00,5.100000000000000000e+01,4.733524351760032005e+03,1.382203705084971261e+02,2.120300000000000000e+06,7.604199999999999848e-02,-1.339613819999971156e+02,1.000000000000000000e+00
3.438811537178388528e-03,1.179478522997642886e-03,9.966361054750724202e-01,2.301426881653448220e+00,2.000000000000000000e+01,6.913812925024316602e-02,0.000000000000000000e+00,0.000000000000000000e+00,0.000000000000000000e+00,0.000000000000000000e+00,0.000000000000000000e+00,0.000000000000000000e+00,5.200000000000000000e+01,4.357476965130787903e+03,1.386391512588255068e+02,2.120000000000000000e+06,1.572099999999999886e-01,-2.253625800000068864e+02,1.000000000000000000e+00
2.135000135670406512e-03,5.632528571471633397e-03,6.031454025644511496e-01,-8.599790019058072943e+00,2.000000000000000000e+01,7.548519840155573646e-02,0.000000000000000000e+00,0.000000000000000000e+00,0.000000000000000000e+00,0.000000000000000000e+00,0.000000000000000000e+00,0.000000000000000000e+00,5.300000000000000000e+01,1.031377062265063614e+03,3.786082556964557284e+02,2.112000000000000000e+06,1.194700000000000067e-01,-2.208312009999902159e+02,1.000000000000000000e+00
2.081323228255631784e-03,3.575653470739872681e-03,1.068744621371009007e+00,-1.064284855666715934e+01,2.000000000000000000e+01,6.735117864213005512e-02,0.000000000000000000e+00,0.000000000000000000e+00,0.000000000000000000e+00,0.000000000000000000e+00,0.000000000000000000e+00,0.000000000000000000e+00,5.400000000000000000e+01,6.135544234695519208e+02,4.303930337693608408e+02,2.106800000000000000e+06,1.043499999999999983e-01,-7.297426899999953775e+01,1.000000000000000000e+00
2.750925441549814492e-03,6.747273427193806183e-03,8.832400612718107613e-01,-9.571218604076758396e+00,2.000000000000000000e+01,7.316313527045571752e-02,0.000000000000000000e+00,0.000000000000000000e+00,0.000000000000000000e+00,0.000000000000000000e+00,0.000000000000000000e+00,0.000000000000000000e+00,5.500000000000000000e+01,7.933776599952087736e+02,3.993829098576997012e+02,2.110300000000000000e+06,2.335099999999999953e-01,-4.677616999999685845e+02,1.000000000000000000e+00
2.022711001916937916e-03,4.112265885432646838e-03,7.733964031733902011e-01,-9.691048295328984707e+00,2.000000000000000000e+01,6.708142538450082015e-02,0.000000000000000000e+00,0.000000000000000000e+00,0.000000000000000000e+00,0.000000000000000000e+00,0.000000000000000000e+00,0.000000000000000000e+00,5.600000000000000000e+01,7.819487345679267492e+02,4.021805057605491243e+02,2.109800000000000000e+06,1.012399999999999967e-01,-9.804758200000220825e+01,1.000000000000000000e+00
1.524121241211226366e-03,5.990327876739639373e-03,5.861971031775686791e-01,-9.299187826108283872e+00,2.000000000000000000e+01,7.497992444448819960e-02,0.000000000000000000e+00,0.000000000000000000e+00,0.000000000000000000e+00,0.000000000000000000e+00,0.000000000000000000e+00,0.000000000000000000e+00,5.700000000000000000e+01,7.401027961363039367e+02,4.033419187232078116e+02,2.109800000000000000e+06,8.346000000000000640e-02,-8.004009899999816469e+01,1.000000000000000000e+00
1.825761569959494929e-03,6.554974648411964616e-03,3.629796175899699939e-01,-9.861670851441170171e+00,2.000000000000000000e+01,7.677958766783941902e-02,0.000000000000000000e+00,0.000000000000000000e+00,0.000000000000000000e+00,0.000000000000000000e+00,0.000000000000000000e+00,0.000000000000000000e+00,5.800000000000000000e+01,7.646055943836772713e+02,4.056166940755935570e+02,2.109500000000000000e+06,1.432499999999999885e-01,-4.643543429999101591e+02,1.000000000000000000e+00
2.725240843750154247e-03,5.769567913305941043e-03,6.244774536677384358e-01,-8.266913448919371632e+00,2.000000000000000000e+01,6.436044103461247001e-02,0.000000000000000000e+00,0.000000000000000000e+00,0.000000000000000000e+00,0.000000000000000000e+00,0.000000000000000000e+00,0.000000000000000000e+00,5.900000000000000000e+01,1.146153918071724775e+03,3.707296620602305666e+02,2.112000000000000000e+06,5.790000000000000008e-02,-6.203893899999969364e+01,1.000000000000000000e+00
2.300350065323253802e-03,5.585700035738020916e-03,6.892622407376219895e-01,-8.307417668870957783e+00,2.000000000000000000e+01,7.664506912967450347e-02,0.000000000000000000e+00,0.000000000000000000e+00,0.000000000000000000e+00,0.000000000000000000e+00,0.000000000000000000e+00,0.000000000000000000e+00,6.000000000000000000e+01,1.117108313556029088e+03,3.714771800891707016e+02,2.112500000000000000e+06,7.789500000000000590e-02,-8.617370799999888220e+01,1.000000000000000000e+00
1.410291817672811336e-03,4.785271035406810092e-03,4.322156846702807087e-01,-1.203070794983095304e+01,2.000000000000000000e+01,7.814037448575800182e-02,0.000000000000000000e+00,0.000000000000000000e+00,0.000000000000000000e+00,0.000000000000000000e+00,0.000000000000000000e+00,0.000000000000000000e+00,6.100000000000000000e+01,6.221106530750248567e+02,4.473696197956909941e+02,2.104900000000000000e+06,6.803199999999999525e-02,-9.714899999999720137e+01,1.000000000000000000e+00
2.511544826119958135e-03,5.588412169902569511e-03,7.998517787223379250e-01,-8.314397228081961799e+00,2.000000000000000000e+01,7.634596335673199397e-02,0.000000000000000000e+00,0.000000000000000000e+00,0.000000000000000000e+00,0.000000000000000000e+00,0.000000000000000000e+00,0.000000000000000000e+00,6.200000000000000000e+01,1.132326930411472858e+03,3.716137853009491891e+02,2.112500000000000000e+06,7.858800000000000507e-02,-7.217784599999987449e+01,1.000000000000000000e+00
3.440845534546932427e-03,3.981409213681824828e-03,1.114748815074678046e+00,-6.085579445310479230e+00,2.000000000000000000e+01,6.698665932786157517e-02,0.000000000000000000e+00,0.000000000000000000e+00,0.000000000000000000e+00,0.000000000000000000e+00,0.000000000000000000e+00,0.000000000000000000e+00,6.300000000000000000e+01,1.808179176557392111e+03,3.191970776177487892e+02,2.116100000000000000e+06,9.866600000000000370e-02,-8.338690000000049452e+01,1.000000000000000000e+00
2.461777405432282427e-03,5.427426177070074700e-03,8.087227151811187120e-01,-6.055453028928646120e+00,2.000000000000000000e+01,7.611075091526986469e-02,0.000000000000000000e+00,0.000000000000000000e+00,0.000000000000000000e+00,0.000000000000000000e+00,0.000000000000000000e+00,0.000000000000000000e+00,6.400000000000000000e+01,1.821678690546507823e+03,3.185445946163086433e+02,2.116100000000000000e+06,8.327800000000000480e-02,-7.804571699999874568e+01,1.000000000000000000e+00
2.695270331596276957e-03,5.797415112297543867e-03,8.814680114436275193e-01,-8.571839299517797883e+00,2.000000000000000000e+01,7.451523516295172067e-02,0.000000000000000000e+00,0.000000000000000000e+00,0.000000000000000000e+00,0.000000000000000000e+00,0.000000000000000000e+00,0.000000000000000000e+00,6.500000000000000000e+01,1.073698081669625708e+03,3.779621374159259517e+02,2.112100000000000000e+06,1.250600000000000045e-01,-1.618790659999961861e+02,1.000000000000000000e+00
1.781087810261784742e-03,6.573960760861367186e-03,3.855148322723745968e-01,-9.692121000017941412e+00,2.000000000000000000e+01,7.592075116677092506e-02,0.000000000000000000e+00,0.000000000000000000e+00,0.000000000000000000e+00,0.000000000000000000e+00,0.000000000000000000e+00,0.000000000000000000e+00,6.600000000000000000e+01,8.013600278469635896e+02,4.022041783746489614e+02,2.109800000000000000e+06,1.825499999999999901e-01,-6.073837770000415048e+02,1.000000000000000000e+00
2.710821305549367035e-03,6.371530707055664267e-03,9.883915238695625272e-01,-1.045305810872997654e+01,2.000000000000000000e+01,7.302288162778720892e-02,0.000000000000000000e+00,0.000000000000000000e+00,0.000000000000000000e+00,0.000000000000000000e+00,0.000000000000000000e+00,0.000000000000000000e+00,6.700000000000000000e+01,6.261652579741427189e+02,4.173308615891460249e+02,2.108600000000000000e+06,2.104999999999999927e-01,-3.456537750000147184e+02,1.000000000000000000e+00
1.952136088972539771e-03,5.493455112398334950e-03,6.705861351465410847e-01,-1.035575869651711045e+01,2.000000000000000000e+01,7.530617841436641757e-02,0.000000000000000000e+00,0.000000000000000000e+00,0.000000000000000000e+00,0.000000000000000000e+00,0.000000000000000000e+00,0.000000000000000000e+00,6.800000000000000000e+01,6.456459548888938116e+02,4.150555058549027194e+02,2.108600000000000000e+06,1.074800000000000061e-01,-1.452946109999944042e+02,1.000000000000000000e+00
1.517910802750036718e-03,5.029948057118497663e-03,6.044618249282326383e-01,-6.095609430529526307e+00,2.000000000000000000e+01,7.501931911035594758e-02,0.000000000000000000e+00,0.000000000000000000e+00,0.000000000000000000e+00,0.000000000000000000e+00,0.000000000000000000e+00,0.000000000000000000e+00,6.900000000000000000e+01,1.487419732205322816e+03,3.194213874829310953e+02,2.116100000000000000e+06,1.220699999999999980e-01,-1.742663999999930695e+02,1.000000000000000000e+00
1.633949002676162235e-03,4.361216815015571749e-03,7.055201156466338608e-01,-1.139222211003558982e+01,2.000000000000000000e+01,7.225884252012133857e-02,0.000000000000000000e+00,0.000000000000000000e+00,0.000000000000000000e+00,0.000000000000000000e+00,0.000000000000000000e+00,0.000000000000000000e+00,7.000000000000000000e+01,6.442487407598313212e+02,4.183195727791049308e+02,2.108000000000000000e+06,1.638300000000000034e-01,-1.702887999999984174e+02,1.000000000000000000e+00
2.552174275082051691e-03,5.274544023812947208e-03,1.188234487573864850e+00,-8.130879179803947920e+00,2.000000000000000000e+01,7.304130287439382363e-02,0.000000000000000000e+00,0.000000000000000000e+00,0.000000000000000000e+00,0.000000000000000000e+00,0.000000000000000000e+00,0.000000000000000000e+00,7.100000000000000000e+01,1.174646858286281258e+03,3.628987736361083876e+02,2.113600000000000000e+06,4.605600000000000249e-01,-1.036173559000255636e+03,1.000000000000000000e+00
2.833036589723849762e-03,5.689585484326560236e-03,1.178391703118740752e+00,-7.558860835839524839e+00,2.000000000000000000e+01,8.077180257175518852e-02,0.000000000000000000e+00,0.000000000000000000e+00,0.000000000000000000e+00,0.000000000000000000e+00,0.000000000000000000e+00,0.000000000000000000e+00,7.200000000000000000e+01,1.205175547945448443e+03,3.546575485266786814e+02,2.113900000000000000e+06,1.447499999999999898e-01,-1.020165829999982350e+02,1.000000000000000000e+00
2.211296138963138487e-03,5.605152689871627236e-03,9.389394822294395704e-01,-7.808072241966389271e+00,2.000000000000000000e+01,7.233437311693163840e-02,0.000000000000000000e+00,0.000000000000000000e+00,0.000000000000000000e+00,0.000000000000000000e+00,0.000000000000000000e+00,0.000000000000000000e+00,7.300000000000000000e+01,1.198002989541749685e+03,3.597370639071630762e+02,2.113700000000000000e+06,3.787099999999999911e-01,-9.090157999998210698e+02,1.000000000000000000e+00
1.778938755049515406e-03,3.840747244291135322e-03,3.976311479215273725e-01,2.659858286633306257e+00,2.000000000000000000e+01,6.904929654325800414e-02,0.000000000000000000e+00,0.000000000000000000e+00,0.000000000000000000e+00,0.000000000000000000e+00,0.000000000000000000e+00,0.000000000000000000e+00,7.400000000000000000e+01,6.546938844453778074e+03,1.382119800084967380e+02,2.118700000000000000e+06,1.684400000000000064e-01,-3.182631000000064319e+02,1.000000000000000000e+00
2.360639491775685158e-03,6.961225288909521879e-03,9.246193719430705338e-01,-1.072506428996638839e+01,2.000000000000000000e+01,7.248388252591426995e-02,0.000000000000000000e+00,0.000000000000000000e+00,0.000000000000000000e+00,0.000000000000000000e+00,0.000000000000000000e+00,0.000000000000000000e+00,7.500000000000000000e+01,6.432485462732395263e+02,4.225493832217783279e+02,2.108200000000000000e+06,3.084799999999999764e-01,-6.436872999999175136e+02,1.000000000000000000e+00
2.360639491775685158e-03,6.961225288909521879e-03,9.246193719430705338e-01,-1.072506428996638839e+01,2.000000000000000000e+01,7.248388252591426995e-02,0.000000000000000000e+00,0.000000000000000000e+00,0.000000000000000000e+00,0.000000000000000000e+00,0.000000000000000000e+00,0.000000000000000000e+00,7.600000000000000000e+01,6.997486528602496492e+02,4.122802876345869549e+02,2.109100000000000000e+06,3.738600000000000256e-01,-1.068400959999921270e+03,1.000000000000000000e+00
1.826758581770009278e-03,6.001337612183407950e-03,5.586754729101170991e-01,-1.016955556463339860e+01,2.000000000000000000e+01,7.836670979535627357e-02,0.000000000000000000e+00,0.000000000000000000e+00,0.000000000000000000e+00,0.000000000000000000e+00,0.000000000000000000e+00,0.000000000000000000e+00,7.700000000000000000e+01,7.035643583190441177e+02,4.108076925141138531e+02,2.109000000000000000e+06,5.734199999999999714e-02,-5.560169999999947521e+01,1.000000000000000000e+00
2.013007936336402327e-03,6.841813671082324667e-03,7.492512255171783764e-01,-7.567282432350253885e+00,2.000000000000000000e+01,7.363403367809176481e-02,0.000000000000000000e+00,0.000000000000000000e+00,0.000000000000000000e+00,0.000000000000000000e+00,0.000000000000000000e+00,0.000000000000000000e+00,7.800000000000000000e+01,1.209098790586137739e+03,3.551596287102409519e+02,2.113700000000000000e+06,1.814399999999999902e-01,-3.125518000000175221e+02,1.000000000000000000e+00
2.695264741311150652e-03,5.836239677976383378e-03,8.605051768364831988e-01,-5.882924745757378560e+00,2.000000000000000000e+01,7.327779578123297388e-02,0.000000000000000000e+00,0.000000000000000000e+00,0.000000000000000000e+00,0.000000000000000000e+00,0.000000000000000000e+00,0.000000000000000000e+00,7.900000000000000000e+01,1.857048228976967039e+03,3.147910233038576848e+02,2.116300000000000000e+06,2.439500000000000002e-01,-5.227382270000692870e+02,1.000000000000000000e+00
2.081875724965997349e-03,6.152260467126010289e-03,7.302726790946379998e-01,-7.195879582643504691e+00,2.000000000000000000e+01,7.342646058498963901e-02,0.000000000000000000e+00,0.000000000000000000e+00,0.000000000000000000e+00,0.000000000000000000e+00,0.000000000000000000e+00,0.000000000000000000e+00,8.000000000000000000e+01,1.316422758592916807e+03,3.464303754717721517e+02,2.114400000000000000e+06,2.309900000000000009e-01,-4.976673999999290459e+02,1.000000000000000000e+00
2.988479623474693796e-03,4.618902291111672345e-03,7.715062917953245947e-01,2.536839189778490766e+00,2.000000000000000000e+01,7.133969116648104791e-02,0.000000000000000000e+00,0.000000000000000000e+00,0.000000000000000000e+00,0.000000000000000000e+00,0.000000000000000000e+00,0.000000000000000000e+00,8.100000000000000000e+01,5.516015688702877924e+03,1.382472418731341577e+02,2.119700000000000000e+06,6.845999999999999863e-01,-2.880029649999879439e+03,1.000000000000000000e+00
3.619129884889503261e-03,3.156433968374708701e-03,1.265518021808311744e+00,2.708458882673897783e+00,2.000000000000000000e+01,6.990052677274104231e-02,0.000000000000000000e+00,0.000000000000000000e+00,0.000000000000000000e+00,0.000000000000000000e+00,0.000000000000000000e+00,0.000000000000000000e+00,8.200000000000000000e+01,5.239276059681602419e+03,1.382619063847800476e+02,2.119100000000000000e+06,4.697600000000000109e-01,-7.522486800000887115e+02,1.000000000000000000e+00
1.793610314344381640e-03,4.988546959379587011e-03,8.934502876463706889e-01,2.600789581411212747e+00,2.000000000000000000e+01,7.079009981556856623e-02,0.000000000000000000e+00,0.000000000000000000e+00,0.000000000000000000e+00,0.000000000000000000e+00,0.000000000000000000e+00,0.000000000000000000e+00,8.300000000000000000e+01,5.147509867471811958e+03,1.383329909260408499e+02,2.119500000000000000e+06,2.120400000000000063e-01,-3.215739999999943848e+02,1.000000000000000000e+00
2.350664577988732535e-03,5.703614564542896018e-03,7.346094038195781772e-01,-7.171770735660647489e+00,2.000000000000000000e+01,7.651117102695149941e-02,0.000000000000000000e+00,0.000000000000000000e+00,0.000000000000000000e+00,0.000000000000000000e+00,0.000000000000000000e+00,0.000000000000000000e+00,8.400000000000000000e+01,1.425523501802851115e+03,3.459259587464961783e+02,2.114400000000000000e+06,7.809499999999999775e-02,-7.828863300000060121e+01,1.000000000000000000e+00
1.513182865933064471e-03,4.627585087271578884e-03,4.370302746431078966e-01,-1.117606793156118172e+01,2.000000000000000000e+01,7.250602394263611084e-02,0.000000000000000000e+00,0.000000000000000000e+00,0.000000000000000000e+00,0.000000000000000000e+00,0.000000000000000000e+00,0.000000000000000000e+00,8.500000000000000000e+01,6.242754125969098595e+02,4.474219920813285967e+02,2.104900000000000000e+06,7.487800000000000011e-02,-1.013541000000037542e+02,1.000000000000000000e+00
3.351212606480346527e-03,5.937741837263115462e-03,5.616134439160044289e-01,2.449103390048623652e+00,2.000000000000000000e+01,7.392804492333368560e-02,0.000000000000000000e+00,0.000000000000000000e+00,0.000000000000000000e+00,0.000000000000000000e+00,0.000000000000000000e+00,0.000000000000000000e+00,8.600000000000000000e+01,5.358334984113290375e+03,1.382957331344194927e+02,2.119900000000000000e+06,3.535800000000000054e-01,-1.918670899999495532e+03,1.000000000000000000e+00
1.608790587273036974e-03,4.976041705944051971e-03,5.667725368722589252e-01,-1.218361209495393460e+01,2.000000000000000000e+01,7.761121247375390997e-02,0.000000000000000000e+00,0.000000000000000000e+00,0.000000000000000000e+00,0.000000000000000000e+00,0.000000000000000000e+00,0.000000000000000000e+00,8.700000000000000000e+01,6.419084709589916429e+02,4.505416323917323211e+02,2.104600000000000000e+06,6.502900000000000347e-02,-6.264334399999921033e+01,1.000000000000000000e+00
3.506263225395960925e-03,4.816142999845754620e-03,1.054784391129023557e+00,-1.358025467659425800e+01,2.000000000000000000e+01,6.441567911476721309e-02,0.000000000000000000e+00,0.000000000000000000e+00,0.000000000000000000e+00,0.000000000000000000e+00,0.000000000000000000e+00,0.000000000000000000e+00,8.800000000000000000e+01,6.431038022256176419e+02,4.707331607874667725e+02,2.101400000000000000e+06,7.581400000000000639e-02,-5.077490000000027948e+01,1.000000000000000000e+00
2.920632829773709208e-03,6.521395667692409318e-03,8.063830891628505082e-01,-7.791407826574595852e+00,2.000000000000000000e+01,7.560438125403343146e-02,0.000000000000000000e+00,0.000000000000000000e+00,0.000000000000000000e+00,0.000000000000000000e+00,0.000000000000000000e+00,0.000000000000000000e+00,8.900000000000000000e+01,1.321515127010742617e+03,3.594469350029804104e+02,2.113300000000000000e+06,9.704599999999999338e-02,-1.215140160000040197e+02,1.000000000000000000e+00
2.325156054947550947e-03,5.896274989711770831e-03,9.305515452748278626e-01,-9.316570833718406774e+00,2.000000000000000000e+01,7.180761795641886491e-02,0.000000000000000000e+00,0.000000000000000000e+00,0.000000000000000000e+00,0.000000000000000000e+00,0.000000000000000000e+00,0.000000000000000000e+00,9.000000000000000000e+01,1.078473875213737074e+03,3.935123989053904552e+02,2.111000000000000000e+06,5.353900000000000325e-01,-1.814352499999463362e+03,1.000000000000000000e+00
2.089729870430379922e-03,4.926374501607432531e-03,1.038245578902647237e+00,-6.258759428624406596e+00,2.000000000000000000e+01,7.697606209669362320e-02,0.000000000000000000e+00,0.000000000000000000e+00,0.000000000000000000e+00,0.000000000000000000e+00,0.000000000000000000e+00,0.000000000000000000e+00,9.100000000000000000e+01,1.590758224978502540e+03,3.203851772290412896e+02,2.115800000000000000e+06,1.699700000000000100e-01,-1.792079999999928361e+02,1.000000000000000000e+00
1.807785683295883971e-03,4.625245113525007154e-03,7.419588080307895073e-01,-6.128180806308220596e+00,2.000000000000000000e+01,7.523894295505412222e-02,0.000000000000000000e+00,0.000000000000000000e+00,0.000000000000000000e+00,0.000000000000000000e+00,0.000000000000000000e+00,0.000000000000000000e+00,9.200000000000000000e+01,1.616953236665769737e+03,3.201741113560385656e+02,2.116100000000000000e+06,1.053499999999999992e-01,-1.081792649999996740e+02,1.000000000000000000e+00
3.677472385156132020e-03,3.990166784823372809e-03,4.593287284601085818e-01,2.734603704398225421e+00,2.000000000000000000e+01,6.931224215052074478e-02,0.000000000000000000e+00,0.000000000000000000e+00,0.000000000000000000e+00,0.000000000000000000e+00,0.000000000000000000e+00,0.000000000000000000e+00,9.300000000000000000e+01,6.098872390055853430e+03,1.382487944340348633e+02,2.119700000000000000e+06,6.946900000000000297e-01,-3.094553939999103477e+03,1.000000000000000000e+00
2.948025391299044333e-03,6.224843962111765994e-03,7.690541229195515527e-01,-7.844918530761957776e+00,2.000000000000000000e+01,7.478703852949257491e-02,0.000000000000000000e+00,0.000000000000000000e+00,0.000000000000000000e+00,0.000000000000000000e+00,0.000000000000000000e+00,0.000000000000000000e+00,9.400000000000000000e+01,1.330519451968861631e+03,3.604463364606482401e+02,2.113200000000000000e+06,1.338000000000000023e-01,-2.412454849999872408e+02,1.000000000000000000e+00
3.134969293448560193e-03,4.641470263204090438e-03,7.597309230237464517e-01,2.683295566526303855e+00,2.000000000000000000e+01,7.068718592099143549e-02,0.000000000000000000e+00,0.000000000000000000e+00,0.000000000000000000e+00,0.000000000000000000e+00,0.000000000000000000e+00,0.000000000000000000e+00,9.500000000000000000e+01,6.896270990124549826e+03,1.382331376479065739e+02,2.118600000000000000e+06,6.333600000000000341e-01,-1.830840000000472628e+03,1.000000000000000000e+00
2.202914751109456577e-03,5.727249657914150471e-03,3.133854987774817857e-01,2.482269944498210812e+00,2.000000000000000000e+01,7.261290455419328049e-02,0.000000000000000000e+00,0.000000000000000000e+00,0.000000000000000000e+00,0.000000000000000000e+00,0.000000000000000000e+00,0.000000000000000000e+00,9.600000000000000000e+01,7.572914771902883331e+03,1.382481023253173475e+02,2.118600000000000000e+06,4.230099999999999971e-01,-1.575945612999461673e+03,1.000000000000000000e+00
1.529137135764214181e-03,2.774077074773969795e-03,6.470810017020124372e-01,1.979306317694883077e+00,2.000000000000000000e+01,5.672413529131292709e-02,0.000000000000000000e+00,0.000000000000000000e+00,0.000000000000000000e+00,0.000000000000000000e+00,0.000000000000000000e+00,0.000000000000000000e+00,9.700000000000000000e+01,3.637917690173643223e+03,1.400761993957846414e+02,2.120100000000000000e+06,1.209400000000000058e-01,-1.075654859999974491e+02,1.000000000000000000e+00
3.177228513431117323e-03,5.855538431724532401e-03,5.685059931144118561e-01,2.344068917261896257e+00,2.000000000000000000e+01,7.477707548367543144e-02,0.000000000000000000e+00,0.000000000000000000e+00,0.000000000000000000e+00,0.000000000000000000e+00,0.000000000000000000e+00,0.000000000000000000e+00,9.800000000000000000e+01,5.055731136338393299e+03,1.384631902821056997e+02,2.120000000000000000e+06,3.008700000000000263e-01,-1.651173929999640222e+03,1.000000000000000000e+00
4.196839235362598286e-03,3.733165469330901060e-03,7.322897171758990797e-01,2.576614549269633514e+00,2.000000000000000000e+01,6.417530082171400696e-02,0.000000000000000000e+00,0.000000000000000000e+00,0.000000000000000000e+00,0.000000000000000000e+00,0.000000000000000000e+00,0.000000000000000000e+00,9.900000000000000000e+01,6.824141449934981210e+03,1.382829718206331790e+02,2.118600000000000000e+06,1.906599999999999961e-01,-3.364244900000041412e+02,1.000000000000000000e+00
2.332519832894560090e-03,5.741288427367382576e-03,6.814692469684869858e-01,-7.777286564827012860e+00,2.000000000000000000e+01,7.011051761807300664e-02,0.000000000000000000e+00,0.000000000000000000e+00,0.000000000000000000e+00,0.000000000000000000e+00,0.000000000000000000e+00,0.000000000000000000e+00,1.000000000000000000e+02,1.570301760136120265e+03,3.440796683651653325e+02,2.114700000000000000e+06,3.377200000000000202e-01,-1.088138247000120828e+03,1.000000000000000000e+00
2.522561128123084178e-03,5.681114891734458106e-03,1.079836656819819884e+00,-6.239160036148836852e+00,2.000000000000000000e+01,6.135397731659986836e-02,0.000000000000000000e+00,0.000000000000000000e+00,0.000000000000000000e+00,0.000000000000000000e+00,0.000000000000000000e+00,0.000000000000000000e+00,1.010000000000000000e+02,1.599437899348959036e+03,3.268907742416852784e+02,2.115300000000000000e+06,1.268700000000000105e-01,-1.288438000000033412e+02,1.000000000000000000e+00
1.937440621404271047e-03,4.790795299187286527e-03,7.882737871304409394e-01,-6.148265762896288678e+00,2.000000000000000000e+01,7.430572325767301201e-02,0.000000000000000000e+00,0.000000000000000000e+00,0.000000000000000000e+00,0.000000000000000000e+00,0.000000000000000000e+00,0.000000000000000000e+00,1.020000000000000000e+02,1.611766400502012857e+03,3.206567391824310675e+02,2.116100000000000000e+06,1.398899999999999866e-01,-1.785923219999936293e+02,1.000000000000000000e+00
9.642520644782792390e-04,5.985573463052559946e-03,1.875832762816751487e-01,2.777690391905863976e+00,2.000000000000000000e+01,7.697964120019334944e-02,0.000000000000000000e+00,0.000000000000000000e+00,0.000000000000000000e+00,0.000000000000000000e+00,0.000000000000000000e+00,0.000000000000000000e+00,1.030000000000000000e+02,5.634935926850772375e+03,1.383729051310106968e+02,2.119200000000000000e+06,1.598900000000000043e-01,-7.893471449999401557e+02,1.000000000000000000e+00
1.081828702086735493e-03,4.271484797431811427e-03,2.805991099896393282e-01,2.781555260776589655e+00,2.000000000000000000e+01,7.232815652868145040e-02,0.000000000000000000e+00,0.000000000000000000e+00,0.000000000000000000e+00,0.000000000000000000e+00,0.000000000000000000e+00,0.000000000000000000e+00,1.040000000000000000e+02,5.626365617781848414e+03,1.383807238968246338e+02,2.119100000000000000e+06,3.118900000000000006e-01,-9.216200509995147740e+02,1.000000000000000000e+00
9.555628239556246189e-04,6.039217078911893882e-03,1.882512890937123873e-01,2.788084233068456541e+00,2.000000000000000000e+01,7.781612495224764225e-02,0.000000000000000000e+00,0.000000000000000000e+00,0.000000000000000000e+00,0.000000000000000000e+00,0.000000000000000000e+00,0.000000000000000000e+00,1.050000000000000000e+02,5.637683670811201409e+03,1.383943874142761103e+02,2.119200000000000000e+06,1.202700000000000019e-01,-5.338997179999988703e+02,1.000000000000000000e+00
9.925934092904931550e-04,5.898192293701367064e-03,1.887597609849636093e-01,2.734905468234191783e+00,2.000000000000000000e+01,7.621814935468033958e-02,0.000000000000000000e+00,0.000000000000000000e+00,0.000000000000000000e+00,0.000000000000000000e+00,0.000000000000000000e+00,0.000000000000000000e+00,1.060000000000000000e+02,6.849538557058772312e+03,1.383346654280085204e+02,2.118700000000000000e+06,2.678499999999999770e-01,-9.307521679995044224e+02,1.000000000000000000e+00
3.177228513431117323e-03,5.855538431724532401e-03,5.685059931144118561e-01,2.344068917261896257e+00,2.000000000000000000e+01,7.477707548367543144e-02,0.000000000000000000e+00,0.000000000000000000e+00,0.000000000000000000e+00,0.000000000000000000e+00,0.000000000000000000e+00,0.000000000000000000e+00,1.070000000000000000e+02,5.341520940304820215e+03,1.385202180361552848e+02,2.119800000000000000e+06,2.022599999999999953e-01,-7.452183000000479751e+02,1.000000000000000000e+00
2.587756302432380872e-03,4.682860112647079659e-03,7.618608202413355013e-01,-1.068525627350160079e+01,2.000000000000000000e+01,7.050508599150520639e-02,0.000000000000000000e+00,0.000000000000000000e+00,0.000000000000000000e+00,0.000000000000000000e+00,0.000000000000000000e+00,0.000000000000000000e+00,1.080000000000000000e+02,1.094593333703870030e+03,4.219807783809876014e+02,2.107600000000000000e+06,5.442799999999999860e-01,-1.220505516000016314e+03,1.000000000000000000e+00
2.284671037636168325e-03,6.103906320318340517e-03,7.697027315617943621e-01,-7.289956501332008010e+00,2.000000000000000000e+01,7.809804954369888030e-02,0.000000000000000000e+00,0.000000000000000000e+00,0.000000000000000000e+00,0.000000000000000000e+00,0.000000000000000000e+00,0.000000000000000000e+00,1.090000000000000000e+02,1.600571472878414852e+03,3.329626609736248497e+02,2.115300000000000000e+06,3.054200000000000248e-01,-8.882195999997142053e+02,1.000000000000000000e+00
2.186149557663380396e-03,4.768559950506437786e-03,6.732064581266274939e-01,-5.512319669691537527e+00,2.000000000000000000e+01,7.585899391960057581e-02,0.000000000000000000e+00,0.000000000000000000e+00,0.000000000000000000e+00,0.000000000000000000e+00,0.000000000000000000e+00,0.000000000000000000e+00,1.100000000000000000e+02,1.982012039008191323e+03,3.047797387219385428e+02,2.116900000000000000e+06,1.001100000000000045e-01,-1.377186300000005872e+02,1.000000000000000000e+00
9.272214791434107029e-04,6.126598248263086764e-03,1.870748043904239266e-01,2.830869156740128734e+00,2.000000000000000000e+01,7.857761679776066599e-02,0.000000000000000000e+00,0.000000000000000000e+00,0.000000000000000000e+00,0.000000000000000000e+00,0.000000000000000000e+00,0.000000000000000000e+00,1.110000000000000000e+02,5.937205058847264809e+03,1.384989147035523160e+02,2.119100000000000000e+06,9.182099999999999984e-02,-3.503133000000564152e+02,1.000000000000000000e+00
2.332519832894560090e-03,5.741288427367382576e-03,6.814692469684869858e-01,-7.777286564827012860e+00,2.000000000000000000e+01,7.011051761807300664e-02,0.000000000000000000e+00,0.000000000000000000e+00,0.000000000000000000e+00,0.000000000000000000e+00,0.000000000000000000e+00,0.000000000000000000e+00,1.120000000000000000e+02,1.497015271303710051e+03,3.592160234604941706e+02,2.112700000000000000e+06,4.631700000000000261e-01,-9.132956479999083967e+02,1.000000000000000000e+00
2.061755038842842756e-03,4.896795999204946008e-03,6.873419535027180949e-01,-6.976485279516470683e+00,2.000000000000000000e+01,7.344149008081923835e-02,0.000000000000000000e+00,0.000000000000000000e+00,0.000000000000000000e+00,0.000000000000000000e+00,0.000000000000000000e+00,0.000000000000000000e+00,1.130000000000000000e+02,1.602410845163249405e+03,3.404705364255098061e+02,2.114900000000000000e+06,2.864099999999999979e-01,-7.887799079998993648e+02,1.000000000000000000e+00
1.919147507942778504e-03,5.338128537403175056e-03,6.352923996619963543e-01,-4.247444458572682713e+00,2.000000000000000000e+01,7.421561478625873787e-02,0.000000000000000000e+00,0.000000000000000000e+00,0.000000000000000000e+00,0.000000000000000000e+00,0.000000000000000000e+00,0.000000000000000000e+00,1.140000000000000000e+02,2.236584871354200004e+03,2.730426680399151564e+02,2.118300000000000000e+06,1.841200000000000059e-01,-3.807315840000064782e+02,1.000000000000000000e+00
2.666556609808440337e-03,5.387726571297122256e-03,1.107823595907268199e+00,-4.524332215554069059e+00,2.000000000000000000e+01,7.217132619420320305e-02,0.000000000000000000e+00,0.000000000000000000e+00,0.000000000000000000e+00,0.000000000000000000e+00,0.000000000000000000e+00,0.000000000000000000e+00,1.150000000000000000e+02,2.177794314478538126e+03,2.800817258557615332e+02,2.118100000000000000e+06,4.330899999999999750e-01,-1.039863299999785568e+03,1.000000000000000000e+00
2.312256736359295534e-03,4.671093731588607696e-03,9.574555685298982155e-01,-4.672633728323186020e+00,2.000000000000000000e+01,7.264648558967364000e-02,0.000000000000000000e+00,0.000000000000000000e+00,0.000000000000000000e+00,0.000000000000000000e+00,0.000000000000000000e+00,0.000000000000000000e+00,1.160000000000000000e+02,2.074172749503284649e+03,2.844291368701167926e+02,2.118000000000000000e+06,3.251600000000000046e-01,-6.845861609999852817e+02,1.000000000000000000e+00
2.182038278956572111e-03,4.473460166397646813e-03,7.664024711062302764e-01,-4.825429990485574194e+00,2.000000000000000000e+01,7.955699431160699608e-02,0.000000000000000000e+00,0.000000000000000000e+00,0.000000000000000000e+00,0.000000000000000000e+00,0.000000000000000000e+00,0.000000000000000000e+00,1.170000000000000000e+02,2.063817724716977409e+03,2.887778173958918728e+02,2.117700000000000000e+06,1.232499999999999984e-01,-1.625183999999938464e+02,1.000000000000000000e+00
2.110509176610193913e-03,5.409281715960032738e-03,4.851118785988417503e-01,-7.803275189639172105e+00,2.000000000000000000e+01,7.498136967263827057e-02,0.000000000000000000e+00,0.000000000000000000e+00,0.000000000000000000e+00,0.000000000000000000e+00,0.000000000000000000e+00,0.000000000000000000e+00,1.180000000000000000e+02,1.543532278399788311e+03,3.596515901770272308e+02,2.113400000000000000e+06,2.346900000000000097e-01,-8.486963869998345444e+02,1.000000000000000000e+00
1.885685193319122004e-03,5.549690543712655980e-03,5.728271276968468495e-01,-6.245269872369471287e+00,2.000000000000000000e+01,7.630251588589162526e-02,0.000000000000000000e+00,0.000000000000000000e+00,0.000000000000000000e+00,0.000000000000000000e+00,0.000000000000000000e+00,0.000000000000000000e+00,1.190000000000000000e+02,1.636237903015028905e+03,3.231845888263360393e+02,2.115800000000000000e+06,9.199400000000000632e-02,-1.345353800000055742e+02,1.000000000000000000e+00
2.592526176294588681e-03,5.204076841013271365e-03,7.122736773473410388e-01,-6.069089745413783987e+00,2.000000000000000000e+01,7.528940503436554188e-02,0.000000000000000000e+00,0.000000000000000000e+00,0.000000000000000000e+00,0.000000000000000000e+00,0.000000000000000000e+00,0.000000000000000000e+00,1.200000000000000000e+02,1.890825056093810872e+03,3.188359836427909499e+02,2.116100000000000000e+06,1.201900000000000052e-01,-2.029446840000067311e+02,1.000000000000000000e+00
2.074570064768288796e-03,4.852251725729573792e-03,5.179398538026356302e-01,-5.706192798593017201e+00,2.000000000000000000e+01,7.560224409491114739e-02,0.000000000000000000e+00,0.000000000000000000e+00,0.000000000000000000e+00,0.000000000000000000e+00,0.000000000000000000e+00,0.000000000000000000e+00,1.210000000000000000e+02,1.935617715442886947e+03,3.094400302654648840e+02,2.116700000000000000e+06,1.576299999999999923e-01,-4.016527689999875292e+02,1.000000000000000000e+00
2.778052705524851687e-03,5.091396863136440562e-03,7.680406887301729491e-01,-6.456261284346428653e+00,2.000000000000000000e+01,6.651353343846559685e-02,0.000000000000000000e+00,0.000000000000000000e+00,0.000000000000000000e+00,0.000000000000000000e+00,0.000000000000000000e+00,0.000000000000000000e+00,1.220000000000000000e+02,1.679960892980986500e+03,3.288074369005631752e+02,2.115200000000000000e+06,8.387400000000000411e-02,-9.454459999999976105e+01,1.000000000000000000e+00
2.025740755054750760e-03,5.794481899583262680e-03,3.775668040178784546e-01,-6.261382797731911865e+00,2.000000000000000000e+01,7.788680449354862256e-02,0.000000000000000000e+00,0.000000000000000000e+00,0.000000000000000000e+00,0.000000000000000000e+00,0.000000000000000000e+00,0.000000000000000000e+00,1.230000000000000000e+02,1.744240070142024706e+03,3.236328343675602923e+02,2.115700000000000000e+06,1.020299999999999957e-01,-2.708748630000177400e+02,1.000000000000000000e+00
3.950942014285805867e-03,3.206692920980844675e-03,1.368369557196822184e+00,3.205818846190533922e+00,2.000000000000000000e+01,7.497053597240464773e-02,0.000000000000000000e+00,0.000000000000000000e+00,0.000000000000000000e+00,0.000000000000000000e+00,0.000000000000000000e+00,0.000000000000000000e+00,1.240000000000000000e+02,4.655654440870757753e+03,1.393008293487373237e+02,2.119600000000000000e+06,1.346100000000000074e-01,-1.209682500000024277e+02,1.000000000000000000e+00
3.419165100842001467e-03,2.911697511976836777e-03,1.179092331167459706e+00,2.006525036920427496e+00,2.000000000000000000e+01,7.144349308739653126e-02,0.000000000000000000e+00,0.000000000000000000e+00,0.000000000000000000e+00,0.000000000000000000e+00,0.000000000000000000e+00,0.000000000000000000e+00,1.250000000000000000e+02,4.636999450466572853e+03,1.399894486627457582e+02,2.120400000000000000e+06,9.895599999999999952e-01,-3.325644599999114234e+03,1.000000000000000000e+00
2.465830158498875067e-03,4.589826621605459789e-03,7.268732164173200561e-01,-7.726328813941980123e+00,2.000000000000000000e+01,7.443901985849943337e-02,0.000000000000000000e+00,0.000000000000000000e+00,0.000000000000000000e+00,0.000000000000000000e+00,0.000000000000000000e+00,0.000000000000000000e+00,1.260000000000000000e+02,1.611124052575215273e+03,3.584590823269573434e+02,2.113700000000000000e+06,1.736099999999999866e-01,-3.445824000000131377e+02,1.000000000000000000e+00
2.411308300699909445e-03,3.196401553739815042e-03,1.101545759557655657e+00,-1.794477865604644506e-01,2.000000000000000000e+01,7.245732192385191672e-02,0.000000000000000000e+00,0.000000000000000000e+00,0.000000000000000000e+00,0.000000000000000000e+00,0.000000000000000000e+00,0.000000000000000000e+00,1.270000000000000000e+02,3.069790534045293043e+03,1.726324291923132535e+02,2.121000000000000000e+06,3.573500000000000010e-01,-6.660816960000660174e+02,1.000000000000000000e+00
2.276476695301092243e-03,7.098849406334528482e-03,6.318982859146150544e-01,-6.596070831376716903e+00,2.000000000000000000e+01,7.365880686522582876e-02,0.000000000000000000e+00,0.000000000000000000e+00,0.000000000000000000e+00,0.000000000000000000e+00,0.000000000000000000e+00,0.000000000000000000e+00,1.280000000000000000e+02,1.641149282861203346e+03,3.321470939046290596e+02,2.115100000000000000e+06,2.563900000000000068e-01,-7.519937039999397257e+02,1.000000000000000000e+00
2.278775140483492272e-03,6.012138631803903670e-03,6.157541909740583685e-01,-6.594056208968257948e+00,2.000000000000000000e+01,6.540078918820965703e-02,0.000000000000000000e+00,0.000000000000000000e+00,0.000000000000000000e+00,0.000000000000000000e+00,0.000000000000000000e+00,0.000000000000000000e+00,1.290000000000000000e+02,1.660611372880807039e+03,3.321033155633849674e+02,2.114700000000000000e+06,6.883300000000000529e-02,-7.665070300000033399e+01,1.000000000000000000e+00
2.945518308616859766e-03,5.217386796975949717e-03,7.696750020302818296e-01,-6.365767917111474716e+00,2.000000000000000000e+01,6.622014912599477610e-02,0.000000000000000000e+00,0.000000000000000000e+00,0.000000000000000000e+00,0.000000000000000000e+00,0.000000000000000000e+00,0.000000000000000000e+00,1.300000000000000000e+02,1.752367273686435738e+03,3.264614017577528671e+02,2.115300000000000000e+06,7.953799999999999759e-02,-8.847819999999889262e+01,1.000000000000000000e+00
2.686368673041466051e-03,5.966634481434329208e-03,7.818387075045607482e-01,-6.303577799318608399e+00,2.000000000000000000e+01,7.681654367059964628e-02,0.000000000000000000e+00,0.000000000000000000e+00,0.000000000000000000e+00,0.000000000000000000e+00,0.000000000000000000e+00,0.000000000000000000e+00,1.310000000000000000e+02,1.805904165835838285e+03,3.247924584314631602e+02,2.115600000000000000e+06,7.228700000000000403e-02,-6.929854199999915920e+01,1.000000000000000000e+00
1.891918430086491840e-03,5.811490096303279472e-03,2.848392328182779432e-01,-6.400902820023844697e+00,2.000000000000000000e+01,8.127541431360170432e-02,0.000000000000000000e+00,0.000000000000000000e+00,0.000000000000000000e+00,0.000000000000000000e+00,0.000000000000000000e+00,0.000000000000000000e+00,1.320000000000000000e+02,1.743465331358003823e+03,3.273836642170453501e+02,2.115400000000000000e+06,5.541999999999999704e-02,-1.356571170000034385e+02,1.000000000000000000e+00
3.159080256250202355e-03,5.860518389801405888e-03,1.022249592994890710e+00,-6.938297062487458255e+00,2.000000000000000000e+01,6.992974463000074803e-02,0.000000000000000000e+00,0.000000000000000000e+00,0.000000000000000000e+00,0.000000000000000000e+00,0.000000000000000000e+00,0.000000000000000000e+00,1.330000000000000000e+02,1.647184320724688632e+03,3.374579611550511231e+02,2.113900000000000000e+06,1.965200000000000002e-01,-2.160511299999906498e+02,1.000000000000000000e+00
2.359636671615419554e-03,5.004493949667404226e-03,8.381324150026154829e-01,-4.592792297321482309e+00,2.000000000000000000e+01,7.357011194398037357e-02,0.000000000000000000e+00,0.000000000000000000e+00,0.000000000000000000e+00,0.000000000000000000e+00,0.000000000000000000e+00,0.000000000000000000e+00,1.340000000000000000e+02,2.188002025537097779e+03,2.821753064214263418e+02,2.118000000000000000e+06,2.013699999999999934e-01,-3.608455290000379705e+02,1.000000000000000000e+00
1.848483819469263437e-03,5.100829082500231773e-03,7.564560335882868358e-01,-5.166408358481469065e+00,2.000000000000000000e+01,6.822012964339690955e-02,0.000000000000000000e+00,0.000000000000000000e+00,0.000000000000000000e+00,0.000000000000000000e+00,0.000000000000000000e+00,0.000000000000000000e+00,1.350000000000000000e+02,2.042981699838657050e+03,2.962547095681342171e+02,2.116900000000000000e+06,1.526899999999999924e-01,-1.796255999999987694e+02,1.000000000000000000e+00
2.624533039131075624e-03,5.227985711208284203e-03,8.529540969988870236e-01,-5.680998843017370348e+00,2.000000000000000000e+01,7.593351736658263129e-02,0.000000000000000000e+00,0.000000000000000000e+00,0.000000000000000000e+00,0.000000000000000000e+00,0.000000000000000000e+00,0.000000000000000000e+00,1.360000000000000000e+02,1.983059904786473226e+03,3.086915758706084034e+02,2.116600000000000000e+06,8.629199999999999371e-02,-8.006249999999953104e+01,1.000000000000000000e+00
2.119868028488442087e-03,5.377466723720070868e-03,6.397512134467892020e-01,-4.697775260917245177e+00,2.000000000000000000e+01,7.432203345356586111e-02,0.000000000000000000e+00,0.000000000000000000e+00,0.000000000000000000e+00,0.000000000000000000e+00,0.000000000000000000e+00,0.000000000000000000e+00,1.370000000000000000e+02,2.145972598448957342e+03,2.850972118611854853e+02,2.117800000000000000e+06,1.868900000000000006e-01,-4.161579630000346128e+02,1.000000000000000000e+00
2.336067596030302201e-03,4.286244436443289313e-03,8.597016032771320759e-01,-2.102828566796508980e+00,2.000000000000000000e+01,7.293125105218312143e-02,0.000000000000000000e+00,0.000000000000000000e+00,0.000000000000000000e+00,0.000000000000000000e+00,0.000000000000000000e+00,0.000000000000000000e+00,1.380000000000000000e+02,2.812920998153209894e+03,2.183105155944151647e+02,2.120200000000000000e+06,3.188500000000000223e-01,-7.694038270001616411e+02,1.000000000000000000e+00
1.924355509764462402e-03,5.858441805188792199e-03,6.202851969751205230e-01,-6.662899269291633786e+00,2.000000000000000000e+01,7.294521119064401038e-02,0.000000000000000000e+00,0.000000000000000000e+00,0.000000000000000000e+00,0.000000000000000000e+00,0.000000000000000000e+00,0.000000000000000000e+00,1.390000000000000000e+02,1.695860350778720431e+03,3.335207176216727589e+02,2.115300000000000000e+06,3.643299999999999872e-01,-1.314918899000484771e+03,1.000000000000000000e+00
2.895002778456268015e-03,6.045818994338907765e-03,5.943689123395943241e-01,-6.955621622360315115e+00,2.000000000000000000e+01,7.620228817142575550e-02,0.000000000000000000e+00,0.000000000000000000e+00,0.000000000000000000e+00,0.000000000000000000e+00,0.000000000000000000e+00,0.000000000000000000e+00,1.400000000000000000e+02,1.693210772840756817e+03,3.398309767483186761e+02,2.114700000000000000e+06,1.122299999999999964e-01,-2.512860000000037246e+02,1.000000000000000000e+00
1.891918430086491840e-03,5.811490096303279472e-03,2.848392328182779432e-01,-6.400902820023844697e+00,2.000000000000000000e+01,8.127541431360170432e-02,0.000000000000000000e+00,0.000000000000000000e+00,0.000000000000000000e+00,0.000000000000000000e+00,0.000000000000000000e+00,0.000000000000000000e+00,1.410000000000000000e+02,1.717751821809220701e+03,3.347229744155973776e+02,2.115100000000000000e+06,8.245800000000000352e-02,-2.768454810000028488e+02,1.000000000000000000e+00
2.771027511074769870e-03,5.962500004192374664e-03,6.065742328463511468e-01,-6.866875166112309969e+00,2.000000000000000000e+01,7.477298838614830634e-02,0.000000000000000000e+00,0.000000000000000000e+00,0.000000000000000000e+00,0.000000000000000000e+00,0.000000000000000000e+00,0.000000000000000000e+00,1.420000000000000000e+02,1.712403117633938791e+03,3.374366240623590443e+02,2.114900000000000000e+06,2.013900000000000134e-01,-6.025099409999405680e+02,1.000000000000000000e+00
2.912955718734657785e-03,2.448444343579937212e-03,1.267618061138524377e+00,1.468677248663648349e+00,2.000000000000000000e+01,6.791637676500944520e-02,0.000000000000000000e+00,0.000000000000000000e+00,0.000000000000000000e+00,0.000000000000000000e+00,0.000000000000000000e+00,0.000000000000000000e+00,1.430000000000000000e+02,3.402186657447875859e+03,1.445651871322156978e+02,2.120600000000000000e+06,1.320099999999999885e-01,-9.894490000000187990e+01,1.000000000000000000e+00
2.185118619226943375e-03,5.170410652146912277e-03,7.651023726015014903e-01,-6.455559152933125766e+00,2.000000000000000000e+01,6.934523701981720745e-02,0.000000000000000000e+00,0.000000000000000000e+00,0.000000000000000000e+00,0.000000000000000000e+00,0.000000000000000000e+00,0.000000000000000000e+00,1.440000000000000000e+02,1.791445034859128327e+03,3.287895995624315333e+02,2.114900000000000000e+06,3.075700000000000101e-01,-4.344488449999330442e+02,1.000000000000000000e+00
2.288414217738529797e-03,5.764857340872650386e-03,4.390661816938460360e-01,-5.964355407084060978e+00,2.000000000000000000e+01,7.412396475853817723e-02,0.000000000000000000e+00,0.000000000000000000e+00,0.000000000000000000e+00,0.000000000000000000e+00,0.000000000000000000e+00,0.000000000000000000e+00,1.450000000000000000e+02,1.806149908434586905e+03,3.269148778718881090e+02,2.115500000000000000e+06,2.118500000000000105e-01,-8.578339349999070009e+02,1.000000000000000000e+00
2.655397963465966609e-03,4.445894593895199226e-03,6.847351718156534650e-01,2.129501765360560572e+00,2.000000000000000000e+01,7.244007978731943631e-02,0.000000000000000000e+00,0.000000000000000000e+00,0.000000000000000000e+00,0.000000000000000000e+00,0.000000000000000000e+00,0.000000000000000000e+00,1.460000000000000000e+02,4.933101565706574547e+03,1.392868202197492451e+02,2.120100000000000000e+06,5.580600000000000005e-01,-2.344364999999811062e+03,1.000000000000000000e+00
2.486308164232681282e-03,4.964806364888378620e-03,8.323857627466428877e-01,-6.543698350595127167e+00,2.000000000000000000e+01,7.300296002712043653e-02,0.000000000000000000e+00,0.000000000000000000e+00,0.000000000000000000e+00,0.000000000000000000e+00,0.000000000000000000e+00,0.000000000000000000e+00,1.470000000000000000e+02,1.752764079773637832e+03,3.309645129810684239e+02,2.115600000000000000e+06,3.239600000000000257e-01,-8.630598049999535988e+02,1.000000000000000000e+00
2.783987012073572097e-03,6.005570415860788519e-03,7.859099247072900418e-01,-6.482231700168691546e+00,2.000000000000000000e+01,7.645433000454357475e-02,0.000000000000000000e+00,0.000000000000000000e+00,0.000000000000000000e+00,0.000000000000000000e+00,0.000000000000000000e+00,0.000000000000000000e+00,1.480000000000000000e+02,1.767138080282373039e+03,3.294632799097248039e+02,2.115300000000000000e+06,7.984600000000000031e-02,-8.240640000000016130e+01,1.000000000000000000e+00
2.558437831505997080e-03,6.150340224893359811e-03,1.086026970539286207e+00,-5.759803729311768983e+00,2.000000000000000000e+01,6.821400570877804437e-02,0.000000000000000000e+00,0.000000000000000000e+00,0.000000000000000000e+00,0.000000000000000000e+00,0.000000000000000000e+00,0.000000000000000000e+00,1.490000000000000000e+02,1.982316268738596364e+03,3.111693541569904369e+02,2.115800000000000000e+06,1.633400000000000130e-01,-1.568912800000007337e+02,1.000000000000000000e+00
2.704968671205681616e-03,5.218204661926226229e-03,7.155206165714843580e-01,-5.946270279782290835e+00,2.000000000000000000e+01,7.507095828802565207e-02,0.000000000000000000e+00,0.000000000000000000e+00,0.000000000000000000e+00,0.000000000000000000e+00,0.000000000000000000e+00,0.000000000000000000e+00,1.500000000000000000e+02,1.958139417735992765e+03,3.163150696352548152e+02,2.116300000000000000e+06,1.335999999999999965e-01,-2.509347609999891802e+02,1.000000000000000000e+00
2.532210000335860696e-03,5.771891707321303439e-03,5.555698197424193685e-01,-6.227470388778531429e+00,2.000000000000000000e+01,7.504113914493110160e-02,0.000000000000000000e+00,0.000000000000000000e+00,0.000000000000000000e+00,0.000000000000000000e+00,0.000000000000000000e+00,0.000000000000000000e+00,1.510000000000000000e+02,1.867620917557356279e+03,3.226964196384759589e+02,2.115800000000000000e+06,1.935399999999999898e-01,-5.951888000000396914e+02,1.000000000000000000e+00
2.983151671465827243e-03,5.625233152981743041e-03,6.655687935801578581e-01,-6.551828854995714657e+00,2.000000000000000000e+01,6.603709060449172719e-02,0.000000000000000000e+00,0.000000000000000000e+00,0.000000000000000000e+00,0.000000000000000000e+00,0.000000000000000000e+00,0.000000000000000000e+00,1.520000000000000000e+02,1.806353419072831912e+03,3.311541461186158131e+02,2.114900000000000000e+06,7.437599999999999767e-02,-9.734490700000131369e+01,1.000000000000000000e+00
2.880229507368126454e-03,2.627686562693151793e-03,1.210872174274612245e+00,1.681002486905700977e+00,2.000000000000000000e+01,6.877136612218259781e-02,0.000000000000000000e+00,0.000000000000000000e+00,0.000000000000000000e+00,0.000000000000000000e+00,0.000000000000000000e+00,0.000000000000000000e+00,1.530000000000000000e+02,3.800351687144445350e+03,1.426787428625271446e+02,2.120300000000000000e+06,1.868700000000000083e-01,-1.905599999999916747e+02,1.000000000000000000e+00
2.228475886215812701e-03,4.899029107114867380e-03,6.467575819653387237e-01,-4.122665719146765717e+00,2.000000000000000000e+01,7.391670691031385076e-02,0.000000000000000000e+00,0.000000000000000000e+00,0.000000000000000000e+00,0.000000000000000000e+00,0.000000000000000000e+00,0.000000000000000000e+00,1.540000000000000000e+02,2.362695846538972091e+03,2.703881822529947385e+02,2.118500000000000000e+06,2.501999999999999780e-01,-7.135573359999206104e+02,1.000000000000000000e+00
2.709531058171973147e-03,5.609853325899884918e-03,1.018841439801495774e+00,-6.245803627826608029e+00,2.000000000000000000e+01,6.951074113661281917e-02,0.000000000000000000e+00,0.000000000000000000e+00,0.000000000000000000e+00,0.000000000000000000e+00,0.000000000000000000e+00,0.000000000000000000e+00,1.550000000000000000e+02,1.873641762462069437e+03,3.231993957454058659e+02,2.115000000000000000e+06,3.619399999999999840e-01,-5.136334379999441353e+02,1.000000000000000000e+00
2.224096688260379737e-03,5.106108313269189063e-03,7.216342276761275043e-01,-4.861657362545675376e+00,2.000000000000000000e+01,7.491909837012739048e-02,0.000000000000000000e+00,0.000000000000000000e+00,0.000000000000000000e+00,0.000000000000000000e+00,0.000000000000000000e+00,0.000000000000000000e+00,1.560000000000000000e+02,2.130425302391234709e+03,2.890905282683042969e+02,2.117600000000000000e+06,1.257300000000000084e-01,-1.894098150000053522e+02,1.000000000000000000e+00
1.885685193319122004e-03,5.549690543712655980e-03,5.728271276968468495e-01,-6.245269872369471287e+00,2.000000000000000000e+01,7.630251588589162526e-02,0.000000000000000000e+00,0.000000000000000000e+00,0.000000000000000000e+00,0.000000000000000000e+00,0.000000000000000000e+00,0.000000000000000000e+00,1.570000000000000000e+02,1.872440912249853227e+03,3.268316444747131868e+02,2.115600000000000000e+06,4.069499999999999784e-01,-1.584371178000556938e+03,1.000000000000000000e+00
2.679559947154131361e-03,4.652364176754840777e-03,1.000980519280506353e+00,1.703708472873462609e+00,2.000000000000000000e+01,7.192660152578866928e-02,0.000000000000000000e+00,0.000000000000000000e+00,0.000000000000000000e+00,0.000000000000000000e+00,0.000000000000000000e+00,0.000000000000000000e+00,1.580000000000000000e+02,4.348827221952988111e+03,1.424693162203787438e+02,2.120500000000000000e+06,5.625099999999999545e-01,-1.833559824999465945e+03,1.000000000000000000e+00
2.657728680481846045e-03,5.318792684281354807e-03,7.618612439717553642e-01,-5.625420677820414994e+00,2.000000000000000000e+01,7.355128741715208363e-02,0.000000000000000000e+00,0.000000000000000000e+00,0.000000000000000000e+00,0.000000000000000000e+00,0.000000000000000000e+00,0.000000000000000000e+00,1.590000000000000000e+02,2.008609989676106125e+03,3.071916710297936675e+02,2.116700000000000000e+06,2.619000000000000217e-01,-7.056989999999514112e+02,1.000000000000000000e+00
2.775846474899523568e-03,4.162830425761387260e-03,7.487523460677734111e-01,-5.553695202639003625e+00,2.000000000000000000e+01,6.566663855630064384e-02,0.000000000000000000e+00,0.000000000000000000e+00,0.000000000000000000e+00,0.000000000000000000e+00,0.000000000000000000e+00,0.000000000000000000e+00,1.600000000000000000e+02,2.021244624893321088e+03,3.055626762230262443e+02,2.116800000000000000e+06,6.879499999999999504e-02,-6.856695300000070858e+01,1.000000000000000000e+00
3.159080256250202355e-03,5.860518389801405888e-03,1.022249592994890710e+00,-6.938297062487458255e+00,2.000000000000000000e+01,6.992974463000074803e-02,0.000000000000000000e+00,0.000000000000000000e+00,0.000000000000000000e+00,0.000000000000000000e+00,0.000000000000000000e+00,0.000000000000000000e+00,1.610000000000000000e+02,1.818057120882094068e+03,3.393221769061740360e+02,2.113800000000000000e+06,5.292700000000000182e-01,-9.230598000001235732e+02,1.000000000000000000e+00
2.154591892770270876e-03,5.781865537592667179e-03,3.463386104942455801e-01,-6.103875429375993811e+00,2.000000000000000000e+01,7.751257457859125899e-02,0.000000000000000000e+00,0.000000000000000000e+00,0.000000000000000000e+00,0.000000000000000000e+00,0.000000000000000000e+00,0.000000000000000000e+00,1.620000000000000000e+02,1.904158393186452940e+03,3.196088993158650169e+02,2.116000000000000000e+06,1.433699999999999974e-01,-5.526112690000213661e+02,1.000000000000000000e+00
3.950942014285805867e-03,3.206692920980844675e-03,1.368369557196822184e+00,3.205818846190533922e+00,2.000000000000000000e+01,7.497053597240464773e-02,0.000000000000000000e+00,0.000000000000000000e+00,0.000000000000000000e+00,0.000000000000000000e+00,0.000000000000000000e+00,0.000000000000000000e+00,1.630000000000000000e+02,4.743265381384958346e+03,1.405603036495440108e+02,2.119400000000000000e+06,9.503899999999999848e-02,-5.939669999999956929e+01,1.000000000000000000e+00
1.572276360343143400e-03,4.554094279507469104e-03,4.668508676531775148e-01,-9.025747042696240285e+00,2.000000000000000000e+01,7.253074287405897325e-02,0.000000000000000000e+00,0.000000000000000000e+00,0.000000000000000000e+00,0.000000000000000000e+00,0.000000000000000000e+00,0.000000000000000000e+00,1.640000000000000000e+02,1.696849852495914774e+03,3.874788672190046555e+02,2.111300000000000000e+06,4.797000000000000153e-01,-1.497068000000606162e+03,1.000000000000000000e+00
2.343394340109705536e-03,4.594785547478031328e-03,7.998769315048943618e-01,-4.698890032373404857e+00,2.000000000000000000e+01,7.317462172297711787e-02,0.000000000000000000e+00,0.000000000000000000e+00,0.000000000000000000e+00,0.000000000000000000e+00,0.000000000000000000e+00,0.000000000000000000e+00,1.650000000000000000e+02,2.186490713483540731e+03,2.851263740013608299e+02,2.118000000000000000e+06,3.019499999999999962e-01,-7.750643999998892468e+02,1.000000000000000000e+00
2.333310605450990022e-03,5.118265145298368270e-03,7.195753991406411698e-01,-4.051489309481802081e+00,2.000000000000000000e+01,6.970733037316895198e-02,0.000000000000000000e+00,0.000000000000000000e+00,0.000000000000000000e+00,0.000000000000000000e+00,0.000000000000000000e+00,0.000000000000000000e+00,1.660000000000000000e+02,2.330388441654407416e+03,2.748775456539261768e+02,2.118300000000000000e+06,1.062099999999999989e-01,-1.446126759999988565e+02,1.000000000000000000e+00
2.922048377505097067e-03,5.630830870117094558e-03,7.020572464036882732e-01,-6.200864750028372008e+00,2.000000000000000000e+01,6.622423904985016985e-02,0.000000000000000000e+00,0.000000000000000000e+00,0.000000000000000000e+00,0.000000000000000000e+00,0.000000000000000000e+00,0.000000000000000000e+00,1.670000000000000000e+02,1.911955085082976893e+03,3.219870715615522840e+02,2.115400000000000000e+06,7.859499999999999820e-02,-9.837399999999774991e+01,1.000000000000000000e+00
2.559331514499903378e-03,5.064196844351898270e-03,6.917014750140834112e-01,-5.294489831856298068e+00,2.000000000000000000e+01,7.404177014089800835e-02,0.000000000000000000e+00,0.000000000000000000e+00,0.000000000000000000e+00,0.000000000000000000e+00,0.000000000000000000e+00,0.000000000000000000e+00,1.680000000000000000e+02,2.119183784689775166e+03,2.999690039359373372e+02,2.117200000000000000e+06,2.314299999999999968e-01,-6.259313999999923226e+02,1.000000000000000000e+00
2.350634524735430771e-03,4.440607070303550369e-03,8.067518173744099297e-01,-1.762890941763141539e+00,2.000000000000000000e+01,7.335139052302905305e-02,0.000000000000000000e+00,0.000000000000000000e+00,0.000000000000000000e+00,0.000000000000000000e+00,0.000000000000000000e+00,0.000000000000000000e+00,1.690000000000000000e+02,2.976432693715542428e+03,2.091811826919655459e+02,2.120300000000000000e+06,2.535700000000000176e-01,-5.672987129999238505e+02,1.000000000000000000e+00
1.426448981533272927e-03,4.089308973335378274e-03,5.674615966472997819e-01,-2.102543623341346368e+00,2.000000000000000000e+01,7.272978961382892127e-02,0.000000000000000000e+00,0.000000000000000000e+00,0.000000000000000000e+00,0.000000000000000000e+00,0.000000000000000000e+00,0.000000000000000000e+00,1.700000000000000000e+02,2.919667743724151933e+03,2.183026014987726455e+02,2.120200000000000000e+06,3.965299999999999936e-01,-1.258959038000409237e+03,1.000000000000000000e+00
2.105166015812934624e-03,4.061386582403290688e-03,9.487951871518880420e-01,-2.759106009429407980e+00,2.000000000000000000e+01,7.580570970107192164e-02,0.000000000000000000e+00,0.000000000000000000e+00,0.000000000000000000e+00,0.000000000000000000e+00,0.000000000000000000e+00,0.000000000000000000e+00,1.710000000000000000e+02,2.659914813175003928e+03,2.352743551308251426e+02,2.119700000000000000e+06,8.420800000000000507e-02,-5.157274500000057316e+01,1.000000000000000000e+00
1.606314859159677609e-03,5.115174532022905007e-03,4.025167498644910413e-01,-2.685388529710413863e+00,2.000000000000000000e+01,7.575915354564634330e-02,0.000000000000000000e+00,0.000000000000000000e+00,0.000000000000000000e+00,0.000000000000000000e+00,0.000000000000000000e+00,0.000000000000000000e+00,1.720000000000000000e+02,2.703122457859862152e+03,2.333256772464689561e+02,2.119700000000000000e+06,1.660099999999999909e-01,-5.131673380000480620e+02,1.000000000000000000e+00
2.105166015812934624e-03,4.061386582403290688e-03,9.487951871518880420e-01,-2.759106009429407980e+00,2.000000000000000000e+01,7.580570970107192164e-02,0.000000000000000000e+00,0.000000000000000000e+00,0.000000000000000000e+00,0.000000000000000000e+00,0.000000000000000000e+00,0.000000000000000000e+00,1.730000000000000000e+02,2.716440915436653540e+03,2.287540331390156325e+02,2.119800000000000000e+06,9.091899999999999982e-02,-5.738054399999915489e+01,1.000000000000000000e+00
4.318665785275606871e-03,2.053865069225728653e-03,1.136059770718536921e+00,1.490988350223897640e+00,2.000000000000000000e+01,6.724404919329954322e-02,0.000000000000000000e+00,0.000000000000000000e+00,0.000000000000000000e+00,0.000000000000000000e+00,0.000000000000000000e+00,0.000000000000000000e+00,1.740000000000000000e+02,3.943195402103723154e+03,1.443662053306332211e+02,2.120600000000000000e+06,9.574299999999999478e-02,-9.444432000000071525e+01,1.000000000000000000e+00
2.610956787244297743e-03,5.848543652910608709e-03,5.434656715749732747e-01,-6.293996642834903454e+00,2.000000000000000000e+01,7.496509293458193668e-02,0.000000000000000000e+00,0.000000000000000000e+00,0.000000000000000000e+00,0.000000000000000000e+00,0.000000000000000000e+00,0.000000000000000000e+00,1.750000000000000000e+02,1.897923359633840619e+03,3.245311052312871993e+02,2.115700000000000000e+06,2.177499999999999991e-01,-7.448284140000992011e+02,1.000000000000000000e+00
2.850429243686900330e-03,4.153858536540476834e-03,7.409304763972848207e-01,-5.538976873723145289e+00,2.000000000000000000e+01,6.572709967628895256e-02,0.000000000000000000e+00,0.000000000000000000e+00,0.000000000000000000e+00,0.000000000000000000e+00,0.000000000000000000e+00,0.000000000000000000e+00,1.760000000000000000e+02,2.065520750266978666e+03,3.052710375035132415e+02,2.116800000000000000e+06,6.917099999999999638e-02,-7.163000000000025125e+01,1.000000000000000000e+00
2.768289934439558449e-03,5.818511744972156181e-03,6.649031524409337868e-01,-5.760769089653868136e+00,2.000000000000000000e+01,7.469662372331978273e-02,0.000000000000000000e+00,0.000000000000000000e+00,0.000000000000000000e+00,0.000000000000000000e+00,0.000000000000000000e+00,0.000000000000000000e+00,1.770000000000000000e+02,2.007322326697133576e+03,3.112011409447769097e+02,2.116400000000000000e+06,1.720200000000000062e-01,-4.114185530000089557e+02,1.000000000000000000e+00
3.444795873658219182e-03,4.296645028308486609e-03,9.219614997863965211e-01,-6.227972992489645421e+00,2.000000000000000000e+01,6.733289337625071591e-02,0.000000000000000000e+00,0.000000000000000000e+00,0.000000000000000000e+00,0.000000000000000000e+00,0.000000000000000000e+00,0.000000000000000000e+00,1.780000000000000000e+02,1.956175758930593020e+03,3.227100545814754469e+02,2.115800000000000000e+06,1.007399999999999962e-01,-1.194231999999988858e+02,1.000000000000000000e+00
2.367618813669201613e-03,4.962818435421898107e-03,8.433053016286029546e-01,-4.429399863976104967e+00,2.000000000000000000e+01,7.575156805395442949e-02,0.000000000000000000e+00,0.000000000000000000e+00,0.000000000000000000e+00,0.000000000000000000e+00,0.000000000000000000e+00,0.000000000000000000e+00,1.790000000000000000e+02,2.337683793594959752e+03,2.771626179680414452e+02,2.118100000000000000e+06,9.023399999999999477e-02,-8.066952599999875417e+01,1.000000000000000000e+00
1.596402939859696384e-03,4.563156718868970931e-03,4.621664232485135915e-01,-8.168008029445044116e+00,2.000000000000000000e+01,7.254388518461064861e-02,0.000000000000000000e+00,0.000000000000000000e+00,0.000000000000000000e+00,0.000000000000000000e+00,0.000000000000000000e+00,0.000000000000000000e+00,1.800000000000000000e+02,1.849813140505798174e+03,3.688767666678609771e+02,2.112900000000000000e+06,4.883700000000000263e-01,-1.513752799999513854e+03,1.000000000000000000e+00
1.339893810690896778e-03,6.233148110464525535e-03,7.845170456393295577e-01,-5.490016366500286793e+00,2.000000000000000000e+01,7.082743745878876396e-02,0.000000000000000000e+00,0.000000000000000000e+00,0.000000000000000000e+00,0.000000000000000000e+00,0.000000000000000000e+00,0.000000000000000000e+00,1.810000000000000000e+02,2.084053252923817126e+03,3.043990945865529625e+02,2.116500000000000000e+06,5.561899999999999622e-01,-1.318257170999523851e+03,1.000000000000000000e+00
2.684158008703267997e-03,4.858127030099931506e-03,7.586403086559972975e-01,-5.451959669776449857e+00,2.000000000000000000e+01,7.381128132026562594e-02,0.000000000000000000e+00,0.000000000000000000e+00,0.000000000000000000e+00,0.000000000000000000e+00,0.000000000000000000e+00,0.000000000000000000e+00,1.820000000000000000e+02,2.110368475294434575e+03,3.037017256385306609e+02,2.117000000000000000e+06,2.373300000000000132e-01,-6.044390520000157494e+02,1.000000000000000000e+00
2.372139276505389003e-03,5.657935356039537483e-03,4.924612584710414964e-01,-5.654591865501124026e+00,2.000000000000000000e+01,7.523324369336473194e-02,0.000000000000000000e+00,0.000000000000000000e+00,0.000000000000000000e+00,0.000000000000000000e+00,0.000000000000000000e+00,0.000000000000000000e+00,1.830000000000000000e+02,2.051106077989930782e+03,3.079530042443503248e+02,2.116600000000000000e+06,2.165999999999999870e-01,-7.728799250000035954e+02,1.000000000000000000e+00
2.748099445577172756e-03,5.004003139893784848e-03,8.041628387290777891e-01,-6.334513038083649406e+00,2.000000000000000000e+01,7.315362913751374818e-02,0.000000000000000000e+00,0.000000000000000000e+00,0.000000000000000000e+00,0.000000000000000000e+00,0.000000000000000000e+00,0.000000000000000000e+00,1.840000000000000000e+02,1.956410483128415081e+03,3.256285460610586711e+02,2.115900000000000000e+06,3.381600000000000161e-01,-1.043690400000109548e+03,1.000000000000000000e+00
1.897427470525009287e-03,3.269186135788659710e-03,9.685907377224201031e-01,-5.130938168908294905e+00,2.000000000000000000e+01,7.218558057914453707e-02,0.000000000000000000e+00,0.000000000000000000e+00,0.000000000000000000e+00,0.000000000000000000e+00,0.000000000000000000e+00,0.000000000000000000e+00,1.850000000000000000e+02,2.149963266093197035e+03,2.953059728632749170e+02,2.117700000000000000e+06,4.734800000000000120e-01,-1.152674356999546262e+03,1.000000000000000000e+00
2.182095537882865633e-03,5.234282886969482927e-03,1.105293095166389072e+00,-3.472675010970766696e+00,2.000000000000000000e+01,6.762731259862705957e-02,0.000000000000000000e+00,0.000000000000000000e+00,0.000000000000000000e+00,0.000000000000000000e+00,0.000000000000000000e+00,0.000000000000000000e+00,1.860000000000000000e+02,2.623137644875817386e+03,2.536476090269643180e+02,2.118700000000000000e+06,1.270100000000000118e-01,-8.786146399999798007e+01,1.000000000000000000e+00
1.772930117206952946e-03,6.050764994371148064e-03,3.975777176864031537e-01,-3.658361592581157229e+00,2.000000000000000000e+01,7.534037372944396571e-02,0.000000000000000000e+00,0.000000000000000000e+00,0.000000000000000000e+00,0.000000000000000000e+00,0.000000000000000000e+00,0.000000000000000000e+00,1.870000000000000000e+02,2.561270691704176443e+03,2.580785989537576484e+02,2.118800000000000000e+06,2.079600000000000060e-01,-7.925900999998574434e+02,1.000000000000000000e+00
2.228475886215812701e-03,4.899029107114867380e-03,6.467575819653387237e-01,-4.122665719146765717e+00,2.000000000000000000e+01,7.391670691031385076e-02,0.000000000000000000e+00,0.000000000000000000e+00,0.000000000000000000e+00,0.000000000000000000e+00,0.000000000000000000e+00,0.000000000000000000e+00,1.880000000000000000e+02,2.430628114788095900e+03,2.657736960520595630e+02,2.118600000000000000e+06,1.011299999999999977e-01,-1.592971930000067005e+02,1.000000000000000000e+00
3.449740474433581148e-03,2.832894289245216617e-03,1.094964866229645395e+00,1.515292565548633785e+00,2.000000000000000000e+01,6.933861930531720619e-02,0.000000000000000000e+00,0.000000000000000000e+00,0.000000000000000000e+00,0.000000000000000000e+00,0.000000000000000000e+00,0.000000000000000000e+00,1.890000000000000000e+02,4.458784691638428740e+03,1.441600288465662629e+02,2.120100000000000000e+06,2.492099999999999871e-01,-3.645500000000148475e+02,1.000000000000000000e+00
2.820782341538476731e-03,5.639044088857177867e-03,7.639376204450601948e-01,-5.360883282255532123e+00,2.000000000000000000e+01,6.654800457518715573e-02,0.000000000000000000e+00,0.000000000000000000e+00,0.000000000000000000e+00,0.000000000000000000e+00,0.000000000000000000e+00,0.000000000000000000e+00,1.900000000000000000e+02,2.139708778654764956e+03,3.023383457775248644e+02,2.116900000000000000e+06,1.748099999999999932e-01,-4.294881999999910249e+02,1.000000000000000000e+00
2.679268835056285679e-03,6.017138927664615264e-03,6.139362827102777809e-01,-5.745549656820785778e+00,2.000000000000000000e+01,7.301183486527902666e-02,0.000000000000000000e+00,0.000000000000000000e+00,0.000000000000000000e+00,0.000000000000000000e+00,0.000000000000000000e+00,0.000000000000000000e+00,1.910000000000000000e+02,2.139805571981023149e+03,3.022389728735631138e+02,2.117000000000000000e+06,1.529800000000000049e-01,-3.671388270000094280e+02,1.000000000000000000e+00
2.487185092196709732e-03,3.763662091127171865e-03,1.198192963014520718e+00,1.162468578568264688e+00,2.000000000000000000e+01,7.349809231436313373e-02,0.000000000000000000e+00,0.000000000000000000e+00,0.000000000000000000e+00,0.000000000000000000e+00,0.000000000000000000e+00,0.000000000000000000e+00,1.920000000000000000e+02,3.887899307709620189e+03,1.486743836541877783e+02,2.120600000000000000e+06,1.549599999999999866e-01,-1.268369999999984543e+02,1.000000000000000000e+00
2.739907099368802008e-03,4.510407335177081534e-03,8.054033199486245742e-01,-1.958378617731325599e+00,2.000000000000000000e+01,7.340945454858276153e-02,0.000000000000000000e+00,0.000000000000000000e+00,0.000000000000000000e+00,0.000000000000000000e+00,0.000000000000000000e+00,0.000000000000000000e+00,1.930000000000000000e+02,3.040865226612812876e+03,2.139421544932917243e+02,2.120300000000000000e+06,2.784300000000000108e-01,-7.465559419999538022e+02,1.000000000000000000e+00
2.962593214443460729e-03,4.873772693664400399e-03,9.357555529949067585e-01,-5.780669073489047349e+00,2.000000000000000000e+01,7.340915277793914895e-02,0.000000000000000000e+00,0.000000000000000000e+00,0.000000000000000000e+00,0.000000000000000000e+00,0.000000000000000000e+00,0.000000000000000000e+00,1.940000000000000000e+02,2.025069228273514000e+03,3.118444550108478097e+02,2.116600000000000000e+06,2.215199999999999947e-01,-4.349698679999862065e+02,1.000000000000000000e+00
2.578286622947163417e-03,4.996497805672611009e-03,8.558631019771596460e-01,-3.028113445580433272e+00,2.000000000000000000e+01,7.296278471198808235e-02,0.000000000000000000e+00,0.000000000000000000e+00,0.000000000000000000e+00,0.000000000000000000e+00,0.000000000000000000e+00,0.000000000000000000e+00,1.950000000000000000e+02,2.691254308237948408e+03,2.413061009842664930e+02,2.119500000000000000e+06,3.179400000000000004e-01,-8.318314399999603665e+02,1.000000000000000000e+00
1.225255292447359479e-03,4.495019774326487749e-03,3.741297666493477170e-01,-5.393470343453804494e-01,2.000000000000000000e+01,7.556206798625189625e-02,0.000000000000000000e+00,0.000000000000000000e+00,0.000000000000000000e+00,0.000000000000000000e+00,0.000000000000000000e+00,0.000000000000000000e+00,1.960000000000000000e+02,3.143659691842731718e+03,1.803561684278879227e+02,2.120700000000000000e+06,1.629299999999999915e-01,-4.649653710000958995e+02,1.000000000000000000e+00
2.428026459255527066e-03,3.179504073469698305e-03,8.587780563277790380e-01,-1.290177149682513402e+00,2.000000000000000000e+01,6.700375386819454326e-02,0.000000000000000000e+00,0.000000000000000000e+00,0.000000000000000000e+00,0.000000000000000000e+00,0.000000000000000000e+00,0.000000000000000000e+00,1.970000000000000000e+02,3.103287661029554329e+03,1.979829821572901096e+02,2.120500000000000000e+06,9.086800000000000432e-02,-8.376565499999898634e+01,1.000000000000000000e+00
2.299816576557551367e-03,5.156511439185528997e-03,9.747017249448426401e-01,-3.384593548773982441e+00,2.000000000000000000e+01,7.516711860908718845e-02,0.000000000000000000e+00,0.000000000000000000e+00,0.000000000000000000e+00,0.000000000000000000e+00,0.000000000000000000e+00,0.000000000000000000e+00,1.980000000000000000e+02,2.657976914152734025e+03,2.512876346844377622e+02,2.119000000000000000e+06,9.645299999999999707e-02,-6.992030399999991630e+01,1.000000000000000000e+00
2.671255472886286970e-03,5.567384903560838871e-03,8.019794673560470821e-01,-3.779019938807207879e+00,2.000000000000000000e+01,7.375960071675040364e-02,0.000000000000000000e+00,0.000000000000000000e+00,0.000000000000000000e+00,0.000000000000000000e+00,0.000000000000000000e+00,0.000000000000000000e+00,1.990000000000000000e+02,2.610566533092227473e+03,2.607614831286592789e+02,2.118700000000000000e+06,1.985300000000000120e-01,-4.105311630000337004e+02,1.000000000000000000e+00
