1.903138695459639061e-03,4.978637868208747250e-03,4.126166704775278138e-01,2.589993470009330334e+00,2.000000000000000000e+01,7.380069264895219860e-02,0.000000000000000000e+00,0.000000000000000000e+00,0.000000000000000000e+00,0.000000000000000000e+00,0.000000000000000000e+00,0.000000000000000000e+00,0.000000000000000000e+00,5.213096503396264779e+03,1.381830716020471641e+02,2.119600000000000000e+06,3.749399999999999955e-01,-1.650653526000441161e+03,1.000000000000000000e+00
3.427674828771281983e-03,3.948077204231717832e-03,7.561691715417795390e-01,2.454123538104756808e+00,2.000000000000000000e+01,7.140031533688274978e-02,0.000000000000000000e+00,0.000000000000000000e+00,0.000000000000000000e+00,0.000000000000000000e+00,0.000000000000000000e+00,0.000000000000000000e+00,1.000000000000000000e+00,4.672072728420701424e+03,1.381834771173181480e+02,2.120100000000000000e+06,4.614599999999999813e-01,-2.134055500000098618e+03,1.000000000000000000e+00
2.031687215325819144e-03,4.408409579476075917e-03,8.117450427816811365e-01,2.577837052910937565e+00,2.000000000000000000e+01,7.284568464597487858e-02,0.000000000000000000e+00,0.000000000000000000e+00,0.000000000000000000e+00,0.000000000000000000e+00,0.000000000000000000e+00,0.000000000000000000e+00,2.000000000000000000e+00,4.398361502887943061e+03,1.381835263298751784e+02,2.119900000000000000e+06,2.733200000000000074e-01,-5.778979560000344691e+02,1.000000000000000000e+00
2.645066212245757598e-03,2.120656094657512140e-03,6.840178651917695474e-01,2.613916152090800527e+00,2.000000000000000000e+01,7.573249147926196245e-02,0.000000000000000000e+00,0.000000000000000000e+00,0.000000000000000000e+00,0.000000000000000000e+00,0.000000000000000000e+00,0.000000000000000000e+00,3.000000000000000000e+00,4.222129161208475125e+03,1.381870225583206491e+02,2.120200000000000000e+06,1.331199999999999883e-01,-2.522457870000200160e+02,1.000000000000000000e+00
3.558052698127153659e-03,2.908844393644730800e-03,1.292151016781512229e+00,2.493807050974937045e+00,2.000000000000000000e+01,7.223042576488006294e-02,0.000000000000000000e+00,0.000000000000000000e+00,0.000000000000000000e+00,0.000000000000000000e+00,0.000000000000000000e+00,0.000000000000000000e+00,4.000000000000000000e+00,3.830553625528484645e+03,1.382344389947924128e+02,2.120500000000000000e+06,4.484799999999999898e-01,-1.005727999999994154e+03,1.000000000000000000e+00
1.452872392828527971e-03,3.044027842395628878e-03,7.068048672376429087e-01,2.146096552311583139e+00,2.000000000000000000e+01,7.425282386255331601e-02,0.000000000000000000e+00,0.000000000000000000e+00,0.000000000000000000e+00,0.000000000000000000e+00,0.000000000000000000e+00,0.000000000000000000e+00,5.000000000000000000e+00,3.522838432448312687e+03,1.392088616301796549e+02,2.120300000000000000e+06,1.440800000000000136e-01,-1.738260370000043906e+02,1.000000000000000000e+00
2.379627443362585838e-03,3.737447636690120843e-03,1.240372503522991332e+00,7.283499795158521195e-01,2.000000000000000000e+01,7.200869405486062802e-02,0.000000000000000000e+00,0.000000000000000000e+00,0.000000000000000000e+00,0.000000000000000000e+00,0.000000000000000000e+00,0.000000000000000000e+00,6.000000000000000000e+00,3.310180813744742409e+03,1.553403934122025021e+02,2.120900000000000000e+06,4.616999999999999993e-01,-8.405331350001513329e+02,1.000000000000000000e+00
5.556123571040076387e-04,3.355900744307529875e-03,4.350898292190373828e-01,1.899999104676579398e+00,2.000000000000000000e+01,7.046948519140988632e-02,0.000000000000000000e+00,0.000000000000000000e+00,0.000000000000000000e+00,0.000000000000000000e+00,0.000000000000000000e+00,0.000000000000000000e+00,7.000000000000000000e+00,3.345099435783400168e+03,1.414068934349543554e+02,2.120300000000000000e+06,8.417499999999999982e-02,-5.607500700000161942e+01,1.000000000000000000e+00
1.066735715061746005e-03,1.625198760915415319e-03,6.284207701509247901e-01,1.517407158009493884e+00,2.000000000000000000e+01,7.048632856382376632e-02,0.000000000000000000e+00,0.000000000000000000e+00,0.000000000000000000e+00,0.000000000000000000e+00,0.000000000000000000e+00,0.000000000000000000e+00,8.000000000000000000e+00,3.339138210177802193e+03,1.441420077627831233e+02,2.120500000000000000e+06,3.333999999999999742e-01,-5.455622130001585219e+02,1.000000000000000000e+00
1.363291091301313497e-03,1.071041084506962632e-03,6.623145891532997709e-01,3.154190247850934270e-01,2.000000000000000000e+01,6.728018565380802785e-02,0.000000000000000000e+00,0.000000000000000000e+00,0.000000000000000000e+00,0.000000000000000000e+00,0.000000000000000000e+00,0.000000000000000000e+00,9.000000000000000000e+00,2.859393057942302221e+03,1.624343157934981718e+02,2.121000000000000000e+06,8.417900000000000382e-02,-6.628674700000094333e+01,1.000000000000000000e+00
1.038095722754245505e-03,2.069338394927961421e-03,8.582393714061981038e-01,-5.154292060841427769e-01,2.000000000000000000e+01,7.016940109998932862e-02,0.000000000000000000e+00,0.000000000000000000e+00,0.000000000000000000e+00,0.000000000000000000e+00,0.000000000000000000e+00,0.000000000000000000e+00,1.000000000000000000e+01,2.646702156762786217e+03,1.797039220100648151e+02,2.120900000000000000e+06,3.865999999999999992e-01,-5.168201999998709653e+02,1.000000000000000000e+00
2.238444488740832117e-03,3.892377687128775569e-03,1.308133811656472689e+00,-1.049343306108286100e+01,2.000000000000000000e+01,6.806236449762770313e-02,0.000000000000000000e+00,0.000000000000000000e+00,0.000000000000000000e+00,0.000000000000000000e+00,0.000000000000000000e+00,0.000000000000000000e+00,1.100000000000000000e+01,4.878477784709822345e+02,4.164435871483373717e+02,2.108200000000000000e+06,1.233599999999999974e-01,-6.215137000000038370e+01,1.000000000000000000e+00
1.507617363583477936e-03,3.967708361129376748e-03,1.425313545519769409e+00,-2.190019525019501145e+00,2.000000000000000000e+01,7.264694734173389457e-02,0.000000000000000000e+00,0.000000000000000000e+00,0.000000000000000000e+00,0.000000000000000000e+00,0.000000000000000000e+00,0.000000000000000000e+00,1.200000000000000000e+01,2.417985680758257786e+03,2.205675660406002976e+02,2.120100000000000000e+06,2.074699999999999878e-01,-1.008858690000033249e+02,1.000000000000000000e+00
1.629444897289154077e-03,5.336188274901999123e-03,7.237270808895885921e-01,-3.663802337844461743e+00,2.000000000000000000e+01,7.331475681812991974e-02,0.000000000000000000e+00,0.000000000000000000e+00,0.000000000000000000e+00,0.000000000000000000e+00,0.000000000000000000e+00,0.000000000000000000e+00,1.300000000000000000e+01,2.164875968874021055e+03,2.639655965846008598e+02,2.118700000000000000e+06,2.830300000000000038e-01,-6.239135970001176474e+02,1.000000000000000000e+00
1.810784780207131068e-03,4.064821651120272862e-03,1.206090490875457943e+00,-6.340129613816379184e+00,2.000000000000000000e+01,6.243123380928485705e-02,0.000000000000000000e+00,0.000000000000000000e+00,0.000000000000000000e+00,0.000000000000000000e+00,0.000000000000000000e+00,0.000000000000000000e+00,1.400000000000000000e+01,1.168254062498134317e+03,3.259453404661440459e+02,2.115700000000000000e+06,1.263100000000000056e-01,-6.820315900000024101e+01,1.000000000000000000e+00
1.485133395970862896e-03,4.296021663908545021e-03,6.653442627571488632e-01,-3.827318871983136361e+00,2.000000000000000000e+01,7.511430242987907069e-02,0.000000000000000000e+00,0.000000000000000000e+00,0.000000000000000000e+00,0.000000000000000000e+00,0.000000000000000000e+00,0.000000000000000000e+00,1.500000000000000000e+01,2.175208165557536176e+03,2.619155901533295037e+02,2.118800000000000000e+06,1.117999999999999966e-01,-1.233539999999917569e+02,1.000000000000000000e+00
1.322439182163208469e-03,4.228852431680038028e-03,5.419351143034331075e-01,-3.391830621411390467e+00,2.000000000000000000e+01,7.362932671773737836e-02,0.000000000000000000e+00,0.000000000000000000e+00,0.000000000000000000e+00,0.000000000000000000e+00,0.000000000000000000e+00,0.000000000000000000e+00,1.600000000000000000e+01,2.262211013268739862e+03,2.514908184802478672e+02,2.119300000000000000e+06,2.650100000000000233e-01,-7.012381709998928727e+02,1.000000000000000000e+00
1.485485230731387486e-03,1.842132953411821945e-03,1.387104164904646053e+00,-6.571117159309203259e+00,2.000000000000000000e+01,6.826518908764998839e-02,0.000000000000000000e+00,0.000000000000000000e+00,0.000000000000000000e+00,0.000000000000000000e+00,0.000000000000000000e+00,0.000000000000000000e+00,1.700000000000000000e+01,1.157018123341630371e+03,3.315951555188812563e+02,2.115800000000000000e+06,1.650399999999999923e-01,-6.628049999999943509e+01,1.000000000000000000e+00
1.511481358980670993e-03,4.636739109844371411e-03,6.089470151228253414e-01,-3.275091696780045858e+00,2.000000000000000000e+01,7.399971511585407002e-02,0.000000000000000000e+00,0.000000000000000000e+00,0.000000000000000000e+00,0.000000000000000000e+00,0.000000000000000000e+00,0.000000000000000000e+00,1.800000000000000000e+01,2.323210751510651335e+03,2.480105619953742746e+02,2.119300000000000000e+06,1.938699999999999868e-01,-3.812278230000624148e+02,1.000000000000000000e+00
2.365970566868434363e-03,3.780582846146323794e-03,1.172776497023472198e+00,-3.169634223081905233e+00,2.000000000000000000e+01,7.236918742740819366e-02,0.000000000000000000e+00,0.000000000000000000e+00,0.000000000000000000e+00,0.000000000000000000e+00,0.000000000000000000e+00,0.000000000000000000e+00,1.900000000000000000e+01,2.377114303597677917e+03,2.447697883433370976e+02,2.119600000000000000e+06,3.458800000000000208e-01,-5.628737790000170662e+02,1.000000000000000000e+00
2.257812993863113002e-03,2.115208122618959623e-03,1.477262052754860111e+00,-3.995821443495145786e+00,2.000000000000000000e+01,6.938921473189191280e-02,0.000000000000000000e+00,0.000000000000000000e+00,0.000000000000000000e+00,0.000000000000000000e+00,0.000000000000000000e+00,0.000000000000000000e+00,2.000000000000000000e+01,1.998548868061472831e+03,2.667260142701780410e+02,2.119000000000000000e+06,2.645000000000000129e-01,-2.130808770000106165e+02,1.000000000000000000e+00
1.611612301852701368e-03,4.772140640756863603e-03,7.418812175440741008e-01,-4.681823561140870282e+00,2.000000000000000000e+01,7.393453053641310668e-02,0.000000000000000000e+00,0.000000000000000000e+00,0.000000000000000000e+00,0.000000000000000000e+00,0.000000000000000000e+00,0.000000000000000000e+00,2.100000000000000000e+01,1.909136175225765328e+03,2.846756404204470527e+02,2.117900000000000000e+06,1.609700000000000020e-01,-2.161678589999936833e+02,1.000000000000000000e+00
2.885623883561654317e-03,3.458118680716909532e-03,1.320869049470939416e+00,-4.008081631793870336e+00,2.000000000000000000e+01,7.259469470667063995e-02,0.000000000000000000e+00,0.000000000000000000e+00,0.000000000000000000e+00,0.000000000000000000e+00,0.000000000000000000e+00,0.000000000000000000e+00,2.200000000000000000e+01,1.982594848011966633e+03,2.692327492932564610e+02,2.118700000000000000e+06,1.062799999999999995e-01,-5.658554000000000173e+01,1.000000000000000000e+00
1.755693437760643284e-03,4.729573807433992000e-03,7.860019658595505110e-01,-4.558238296051264626e+00,2.000000000000000000e+01,6.970726874597787948e-02,0.000000000000000000e+00,0.000000000000000000e+00,0.000000000000000000e+00,0.000000000000000000e+00,0.000000000000000000e+00,0.000000000000000000e+00,2.300000000000000000e+01,1.916309335909015772e+03,2.832991686645410141e+02,2.118000000000000000e+06,2.676899999999999835e-01,-4.784483999999829962e+02,1.000000000000000000e+00
1.462057752457846796e-03,4.969211144626778723e-03,6.558846115039160818e-01,-4.570973936026325291e+00,2.000000000000000000e+01,7.311353396484433775e-02,0.000000000000000000e+00,0.000000000000000000e+00,0.000000000000000000e+00,0.000000000000000000e+00,0.000000000000000000e+00,0.000000000000000000e+00,2.400000000000000000e+01,1.941995974170431282e+03,2.815242678219253776e+02,2.118100000000000000e+06,2.778999999999999804e-01,-6.404490859999446002e+02,1.000000000000000000e+00
1.789197425132023952e-03,5.250808356484760152e-03,1.065051205744049767e+00,-9.958022769687504550e+00,2.000000000000000000e+01,7.232551307798400220e-02,0.000000000000000000e+00,0.000000000000000000e+00,0.000000000000000000e+00,0.000000000000000000e+00,0.000000000000000000e+00,0.000000000000000000e+00,2.500000000000000000e+01,5.312510229623835585e+02,4.072306867849040373e+02,2.109800000000000000e+06,2.731999999999999984e-01,-3.399081000000371660e+02,1.000000000000000000e+00
1.447936474487701661e-03,4.888935016096476217e-03,7.294541697294393279e-01,-5.041293132272914868e+00,2.000000000000000000e+01,7.309336226181392671e-02,0.000000000000000000e+00,0.000000000000000000e+00,0.000000000000000000e+00,0.000000000000000000e+00,0.000000000000000000e+00,0.000000000000000000e+00,2.600000000000000000e+01,1.732194984647645470e+03,2.931070382527640277e+02,2.117500000000000000e+06,2.433200000000000085e-01,-4.308312420000233942e+02,1.000000000000000000e+00
1.766670764443408230e-03,5.060435971658239392e-03,8.832791680110297916e-01,-4.964783481657184971e+00,2.000000000000000000e+01,7.834334799923167725e-02,0.000000000000000000e+00,0.000000000000000000e+00,0.000000000000000000e+00,0.000000000000000000e+00,0.000000000000000000e+00,0.000000000000000000e+00,2.700000000000000000e+01,1.792888788690326692e+03,2.930455756288887983e+02,2.117500000000000000e+06,1.539399999999999935e-01,-1.637822689999914303e+02,1.000000000000000000e+00
1.439332921839222125e-03,5.799912546000846048e-03,7.533198755356445009e-01,-6.303286180578236753e+00,2.000000000000000000e+01,7.359717784642701155e-02,0.000000000000000000e+00,0.000000000000000000e+00,0.000000000000000000e+00,0.000000000000000000e+00,0.000000000000000000e+00,0.000000000000000000e+00,2.800000000000000000e+01,1.387683846421629823e+03,3.247845205712353618e+02,2.115700000000000000e+06,1.668999999999999928e-01,-2.046751889999966920e+02,1.000000000000000000e+00
2.445614681933622886e-03,3.535192343855139609e-03,1.325290301945789562e+00,-4.703127125777907480e+00,2.000000000000000000e+01,7.192426380320184054e-02,0.000000000000000000e+00,0.000000000000000000e+00,0.000000000000000000e+00,0.000000000000000000e+00,0.000000000000000000e+00,0.000000000000000000e+00,2.900000000000000000e+01,1.805846163994488734e+03,2.848276295169600303e+02,2.118000000000000000e+06,1.068400000000000044e-01,-5.640029999999951826e+01,1.000000000000000000e+00
1.768379281289299406e-03,5.708139621079837828e-03,9.640527430310261714e-01,-9.821555803397696849e+00,2.000000000000000000e+01,7.308596839160953762e-02,0.000000000000000000e+00,0.000000000000000000e+00,0.000000000000000000e+00,0.000000000000000000e+00,0.000000000000000000e+00,0.000000000000000000e+00,3.000000000000000000e+01,5.583564718894259613e+02,4.048734982344741411e+02,2.109900000000000000e+06,1.808800000000000130e-01,-1.897642600000077380e+02,1.000000000000000000e+00
1.579453115073921289e-03,4.716219389265271719e-03,7.290717370016591703e-01,-5.003035650355652564e+00,2.000000000000000000e+01,7.309008260011221059e-02,0.000000000000000000e+00,0.000000000000000000e+00,0.000000000000000000e+00,0.000000000000000000e+00,0.000000000000000000e+00,0.000000000000000000e+00,3.100000000000000000e+01,1.801161518231516084e+03,2.922543509025066442e+02,2.117600000000000000e+06,2.631499999999999950e-01,-5.276458250001180659e+02,1.000000000000000000e+00
1.746680903211574997e-03,4.741901114642804553e-03,1.093055801995383325e+00,-7.915334090547341717e+00,2.000000000000000000e+01,6.866883442985570463e-02,0.000000000000000000e+00,0.000000000000000000e+00,0.000000000000000000e+00,0.000000000000000000e+00,0.000000000000000000e+00,0.000000000000000000e+00,3.200000000000000000e+01,8.377036059183224097e+02,3.620615612473255851e+02,2.112800000000000000e+06,2.101800000000000057e-01,-1.698074280000043927e+02,1.000000000000000000e+00
2.329444175520672174e-03,4.338698940037794341e-03,1.023532821190654030e+00,-1.041674422683390944e+01,2.000000000000000000e+01,6.318356809098682469e-02,0.000000000000000000e+00,0.000000000000000000e+00,0.000000000000000000e+00,0.000000000000000000e+00,0.000000000000000000e+00,0.000000000000000000e+00,3.300000000000000000e+01,6.238356473453201261e+02,3.975884426058987628e+02,2.110100000000000000e+06,8.947299999999999698e-02,-5.861600000000001387e+01,1.000000000000000000e+00
1.334475745919898012e-03,4.328150731827390581e-03,7.751984686834026972e-01,-5.226849619043053785e+00,2.000000000000000000e+01,7.278008369691203738e-02,0.000000000000000000e+00,0.000000000000000000e+00,0.000000000000000000e+00,0.000000000000000000e+00,0.000000000000000000e+00,0.000000000000000000e+00,3.400000000000000000e+01,1.614933913327189885e+03,2.979754915339935337e+02,2.117400000000000000e+06,2.797100000000000142e-01,-4.705942610000845434e+02,1.000000000000000000e+00
1.750163105576827772e-03,5.352195936372040365e-03,9.859612101134906936e-01,-9.793747262571976364e+00,2.000000000000000000e+01,7.480103743662848415e-02,0.000000000000000000e+00,0.000000000000000000e+00,0.000000000000000000e+00,0.000000000000000000e+00,0.000000000000000000e+00,0.000000000000000000e+00,3.500000000000000000e+01,5.682493707056978565e+02,4.040396055170566001e+02,2.110000000000000000e+06,2.030500000000000083e-01,-2.299644000000069184e+02,1.000000000000000000e+00
1.617707482649712210e-03,5.663450857273030770e-03,8.498732069734495909e-01,-7.839552758010171374e+00,2.000000000000000000e+01,7.376889032034433802e-02,0.000000000000000000e+00,0.000000000000000000e+00,0.000000000000000000e+00,0.000000000000000000e+00,0.000000000000000000e+00,0.000000000000000000e+00,3.600000000000000000e+01,9.412963580617954449e+02,3.603372405915312697e+02,2.113400000000000000e+06,1.450400000000000023e-01,-1.438932440000100712e+02,1.000000000000000000e+00
1.746871953521702669e-03,6.131807639214533270e-03,8.451478941983779913e-01,-9.717559948300287687e+00,2.000000000000000000e+01,6.458587719731120891e-02,0.000000000000000000e+00,0.000000000000000000e+00,0.000000000000000000e+00,0.000000000000000000e+00,0.000000000000000000e+00,0.000000000000000000e+00,3.700000000000000000e+01,5.953527931584302451e+02,4.000085846783616148e+02,2.110200000000000000e+06,1.673399999999999888e-01,-2.007984999999835907e+02,1.000000000000000000e+00
2.092722850500945263e-03,4.539444092297480540e-03,1.200206645127705807e+00,-8.074676626848386718e+00,2.000000000000000000e+01,6.768309406657231631e-02,0.000000000000000000e+00,0.000000000000000000e+00,0.000000000000000000e+00,0.000000000000000000e+00,0.000000000000000000e+00,0.000000000000000000e+00,3.800000000000000000e+01,7.861096727971128075e+02,3.666231923231471228e+02,2.112600000000000000e+06,1.364700000000000080e-01,-8.253436100000034514e+01,1.000000000000000000e+00
2.148106384505676751e-03,4.624098718699435132e-03,1.149390285231791431e+00,-8.944368788237230916e+00,2.000000000000000000e+01,6.718307986888862049e-02,0.000000000000000000e+00,0.000000000000000000e+00,0.000000000000000000e+00,0.000000000000000000e+00,0.000000000000000000e+00,0.000000000000000000e+00,3.900000000000000000e+01,6.415119352658675780e+02,3.851271525713251549e+02,2.111000000000000000e+06,1.184599999999999959e-01,-6.902240000000006148e+01,1.000000000000000000e+00
1.754981374969136546e-03,5.409106207585010276e-03,8.236624577447946294e-01,-9.424770783516432715e+00,2.000000000000000000e+01,7.400889831096565952e-02,0.000000000000000000e+00,0.000000000000000000e+00,0.000000000000000000e+00,0.000000000000000000e+00,0.000000000000000000e+00,0.000000000000000000e+00,4.000000000000000000e+01,6.402483515205175308e+02,3.957290147554292048e+02,2.110600000000000000e+06,1.374100000000000044e-01,-1.478879999999988968e+02,1.000000000000000000e+00
2.259599810951426393e-03,4.517380503797544140e-03,1.257599007191659846e+00,-9.178614432805396461e+00,2.000000000000000000e+01,6.148312039387629491e-02,0.000000000000000000e+00,0.000000000000000000e+00,0.000000000000000000e+00,0.000000000000000000e+00,0.000000000000000000e+00,0.000000000000000000e+00,4.100000000000000000e+01,6.945843520764983623e+02,3.809037985629225886e+02,2.111300000000000000e+06,1.340000000000000080e-01,-8.147011600000197973e+01,1.000000000000000000e+00
1.801815838005662706e-03,5.622422179983932455e-03,9.553296552360996952e-01,-9.506515999755091428e+00,2.000000000000000000e+01,7.288741591074687776e-02,0.000000000000000000e+00,0.000000000000000000e+00,0.000000000000000000e+00,0.000000000000000000e+00,0.000000000000000000e+00,0.000000000000000000e+00,4.200000000000000000e+01,6.024591231126738649e+02,3.977442155424363932e+02,2.110500000000000000e+06,2.069999999999999896e-01,-2.504193230000003325e+02,1.000000000000000000e+00
1.660292225128242281e-03,5.701393433598710668e-03,8.164929767068944688e-01,-7.837591778092079409e+00,2.000000000000000000e+01,7.407148466251760321e-02,0.000000000000000000e+00,0.000000000000000000e+00,0.000000000000000000e+00,0.000000000000000000e+00,0.000000000000000000e+00,0.000000000000000000e+00,4.300000000000000000e+01,9.611865296364746882e+02,3.602978643415687543e+02,2.113400000000000000e+06,1.331299999999999983e-01,-1.345145229999963874e+02,1.000000000000000000e+00
1.798311443006872859e-03,5.782305931267384125e-03,7.975566765935917513e-01,-9.497661348171622109e+00,2.000000000000000000e+01,7.374100592193227888e-02,0.000000000000000000e+00,0.000000000000000000e+00,0.000000000000000000e+00,0.000000000000000000e+00,0.000000000000000000e+00,0.000000000000000000e+00,4.400000000000000000e+01,6.388435476994046667e+02,3.975130402815186699e+02,2.110400000000000000e+06,1.578499999999999903e-01,-2.070085819999955845e+02,1.000000000000000000e+00
1.771048842652134594e-03,5.727107509303418394e-03,9.631134306002220313e-01,-9.692837063391532837e+00,2.000000000000000000e+01,7.293906558580914856e-02,0.000000000000000000e+00,0.000000000000000000e+00,0.000000000000000000e+00,0.000000000000000000e+00,0.000000000000000000e+00,0.000000000000000000e+00,4.500000000000000000e+01,5.790011105138605672e+02,4.022199671618357684e+02,2.110100000000000000e+06,1.966900000000000037e-01,-2.223773110000150837e+02,1.000000000000000000e+00
9.904676588359528910e-04,4.758388082498086168e-03,3.459749563625408308e-01,-6.934739254710362566e+00,2.000000000000000000e+01,8.377485317996945235e-02,0.000000000000000000e+00,0.000000000000000000e+00,0.000000000000000000e+00,0.000000000000000000e+00,0.000000000000000000e+00,0.000000000000000000e+00,4.600000000000000000e+01,1.013541557133057495e+03,3.454198054141533021e+02,2.114500000000000000e+06,8.435299999999999743e-02,-1.356264270000054353e+02,1.000000000000000000e+00
2.645679683330402418e-03,5.456521988524891051e-03,1.118526599843872926e+00,-8.503309189357608489e+00,2.000000000000000000e+01,6.872412532988961265e-02,0.000000000000000000e+00,0.000000000000000000e+00,0.000000000000000000e+00,0.000000000000000000e+00,0.000000000000000000e+00,0.000000000000000000e+00,4.700000000000000000e+01,9.728750000637586481e+02,3.587900306354244435e+02,2.113100000000000000e+06,8.358699999999999464e-02,-5.156299200000019312e+01,1.000000000000000000e+00
1.788586746316546319e-03,5.125496832784742426e-03,1.201701951007885238e+00,-8.759696747369215331e+00,2.000000000000000000e+01,7.292783145808913459e-02,0.000000000000000000e+00,0.000000000000000000e+00,0.000000000000000000e+00,0.000000000000000000e+00,0.000000000000000000e+00,0.000000000000000000e+00,4.800000000000000000e+01,6.886611348399663939e+02,3.813939428864891283e+02,2.112000000000000000e+06,1.788899999999999935e-01,-1.238577409999979153e+02,1.000000000000000000e+00
1.247725230118759644e-03,5.923431157260505668e-03,6.223361721589535378e-01,-6.025128995207407634e+00,2.000000000000000000e+01,7.355780116087629050e-02,0.000000000000000000e+00,0.000000000000000000e+00,0.000000000000000000e+00,0.000000000000000000e+00,0.000000000000000000e+00,0.000000000000000000e+00,4.900000000000000000e+01,1.461691650836753524e+03,3.179201625560872913e+02,2.116100000000000000e+06,1.929700000000000026e-01,-3.170335999999957153e+02,1.000000000000000000e+00
1.783004592673396397e-03,5.638361512209765641e-03,1.005395919654795023e+00,-7.736114225484353568e+00,2.000000000000000000e+01,7.230409374593591010e-02,0.000000000000000000e+00,0.000000000000000000e+00,0.000000000000000000e+00,0.000000000000000000e+00,0.000000000000000000e+00,0.000000000000000000e+00,5.000000000000000000e+01,9.878669152975279530e+02,3.586080500564199838e+02,2.113800000000000000e+06,3.120899999999999785e-01,-4.786139490000687147e+02,1.000000000000000000e+00
1.315113771647090325e-03,4.650064783032455476e-03,5.766988954097782560e-01,-6.143592341749711139e+00,2.000000000000000000e+01,7.668828901407624687e-02,0.000000000000000000e+00,0.000000000000000000e+00,0.000000000000000000e+00,0.000000000000000000e+00,0.000000000000000000e+00,0.000000000000000000e+00,5.100000000000000000e+01,1.431395031655073808e+03,3.205431854634564388e+02,2.116100000000000000e+06,7.712499999999999911e-02,-6.951913800000002652e+01,1.000000000000000000e+00
1.735491515725569702e-03,5.475458224683406316e-03,1.061792259119650472e+00,-8.677133050349411292e+00,2.000000000000000000e+01,7.454646880239743090e-02,0.000000000000000000e+00,0.000000000000000000e+00,0.000000000000000000e+00,0.000000000000000000e+00,0.000000000000000000e+00,0.000000000000000000e+00,5.200000000000000000e+01,7.404326768036412432e+02,3.801471526299299626e+02,2.112000000000000000e+06,1.045800000000000063e-01,-5.210753300000104105e+01,1.000000000000000000e+00
1.578519625144055244e-03,3.950533661078258971e-03,1.020936778666990508e+00,-6.569165943561902310e+00,2.000000000000000000e+01,6.971372172255793642e-02,0.000000000000000000e+00,0.000000000000000000e+00,0.000000000000000000e+00,0.000000000000000000e+00,0.000000000000000000e+00,0.000000000000000000e+00,5.300000000000000000e+01,1.436985657677569179e+03,3.192693816702688991e+02,2.116300000000000000e+06,1.467700000000000116e-01,-1.157000000000049198e+02,1.000000000000000000e+00
1.613472125094607542e-03,5.283622184989393566e-03,8.069126767434655623e-01,-7.658573192090761594e+00,2.000000000000000000e+01,6.744207070072195942e-02,0.000000000000000000e+00,0.000000000000000000e+00,0.000000000000000000e+00,0.000000000000000000e+00,0.000000000000000000e+00,0.000000000000000000e+00,5.400000000000000000e+01,9.913196102725321452e+02,3.572555222261034942e+02,2.113200000000000000e+06,1.218999999999999945e-01,-1.040391450000040550e+02,1.000000000000000000e+00
2.109634419515518233e-03,4.833170033533432455e-03,1.071703767749965230e+00,-8.330536712102720287e+00,2.000000000000000000e+01,6.712337172739123170e-02,0.000000000000000000e+00,0.000000000000000000e+00,0.000000000000000000e+00,0.000000000000000000e+00,0.000000000000000000e+00,0.000000000000000000e+00,5.500000000000000000e+01,7.696313471441936827e+02,3.719384300440617039e+02,2.112100000000000000e+06,1.130099999999999993e-01,-7.202099200000087365e+01,1.000000000000000000e+00
2.094385415056617804e-03,4.770606440297945824e-03,1.016372059135916217e+00,-8.403826593323827865e+00,2.000000000000000000e+01,6.695145266198562761e-02,0.000000000000000000e+00,0.000000000000000000e+00,0.000000000000000000e+00,0.000000000000000000e+00,0.000000000000000000e+00,0.000000000000000000e+00,5.600000000000000000e+01,7.684655754382522446e+02,3.735660941284513115e+02,2.112000000000000000e+06,1.059400000000000064e-01,-7.035839999999949157e+01,1.000000000000000000e+00
2.153676089830327406e-03,4.640205930610828526e-03,1.085900268705655147e+00,-8.582038216375321937e+00,2.000000000000000000e+01,6.744381105642821561e-02,0.000000000000000000e+00,0.000000000000000000e+00,0.000000000000000000e+00,0.000000000000000000e+00,0.000000000000000000e+00,0.000000000000000000e+00,5.700000000000000000e+01,7.493026393465786441e+02,3.782034446916175625e+02,2.111700000000000000e+06,1.241199999999999942e-01,-8.515479999999924132e+01,1.000000000000000000e+00
1.849815288459506378e-03,4.258666850445474820e-03,9.111254934681385365e-01,-5.786365126679596571e+00,2.000000000000000000e+01,6.997520288073350025e-02,0.000000000000000000e+00,0.000000000000000000e+00,0.000000000000000000e+00,0.000000000000000000e+00,0.000000000000000000e+00,0.000000000000000000e+00,5.800000000000000000e+01,1.573108946160864889e+03,3.115496356391884660e+02,2.116400000000000000e+06,9.206399999999999306e-02,-7.262799999999889167e+01,1.000000000000000000e+00
1.615879958483411533e-03,5.108162433751078750e-03,6.880552240439697931e-01,-5.910879839299310490e+00,2.000000000000000000e+01,6.829453869883499173e-02,0.000000000000000000e+00,0.000000000000000000e+00,0.000000000000000000e+00,0.000000000000000000e+00,0.000000000000000000e+00,0.000000000000000000e+00,5.900000000000000000e+01,1.538695141169066119e+03,3.167623979803070711e+02,2.116300000000000000e+06,1.708000000000000074e-01,-2.645697109999882173e+02,1.000000000000000000e+00
2.029592526095708865e-03,4.251565767235490102e-03,8.690637281634534528e-01,-5.706347933031336694e+00,2.000000000000000000e+01,6.682256265561963005e-02,0.000000000000000000e+00,0.000000000000000000e+00,0.000000000000000000e+00,0.000000000000000000e+00,0.000000000000000000e+00,0.000000000000000000e+00,6.000000000000000000e+01,1.590725641859539564e+03,3.094447716128603929e+02,2.116500000000000000e+06,9.408800000000000496e-02,-7.355402900000144939e+01,1.000000000000000000e+00
1.500351134103851316e-03,6.432184054157901766e-03,8.656208544766638147e-01,-5.381265100432114146e+00,2.000000000000000000e+01,6.821278742138553453e-02,0.000000000000000000e+00,0.000000000000000000e+00,0.000000000000000000e+00,0.000000000000000000e+00,0.000000000000000000e+00,0.000000000000000000e+00,6.100000000000000000e+01,1.564658942869043130e+03,3.135712899235189752e+02,2.116400000000000000e+06,2.477499999999999980e-01,-4.104143510000131414e+02,1.000000000000000000e+00
1.729018249378424295e-03,5.278219692561285023e-03,8.350227720657495967e-01,-5.923450307211900245e+00,2.000000000000000000e+01,7.272058775086030769e-02,0.000000000000000000e+00,0.000000000000000000e+00,0.000000000000000000e+00,0.000000000000000000e+00,0.000000000000000000e+00,0.000000000000000000e+00,6.200000000000000000e+01,1.554834955302128037e+03,3.157925750202698509e+02,2.116400000000000000e+06,2.857799999999999785e-01,-5.406551729999546296e+02,1.000000000000000000e+00
1.515761037772723118e-03,5.588477551938504997e-03,6.325379962398252065e-01,-5.434187770639614889e+00,2.000000000000000000e+01,7.952338413077354728e-02,0.000000000000000000e+00,0.000000000000000000e+00,0.000000000000000000e+00,0.000000000000000000e+00,0.000000000000000000e+00,0.000000000000000000e+00,6.300000000000000000e+01,1.545913102595894088e+03,3.166201608297579924e+02,2.116200000000000000e+06,2.172699999999999909e-01,-3.936689999999480278e+02,1.000000000000000000e+00
1.970697334257700498e-03,4.641597237084562830e-03,9.163979314712279445e-01,2.327302761435289025e+00,2.000000000000000000e+01,8.469285244474461516e-02,0.000000000000000000e+00,0.000000000000000000e+00,0.000000000000000000e+00,0.000000000000000000e+00,0.000000000000000000e+00,0.000000000000000000e+00,6.400000000000000000e+01,5.400315828494982270e+03,1.381831052350717357e+02,2.119400000000000000e+06,9.896800000000000042e-02,-7.448820299999981387e+01,1.000000000000000000e+00
1.955375923600787512e-03,4.141223580989722777e-03,8.370944358826496456e-01,2.704585949867369443e+00,2.000000000000000000e+01,7.207637795310771478e-02,0.000000000000000000e+00,0.000000000000000000e+00,0.000000000000000000e+00,0.000000000000000000e+00,0.000000000000000000e+00,0.000000000000000000e+00,6.500000000000000000e+01,4.842814124118954169e+03,1.381834994597554100e+02,2.119800000000000000e+06,5.316199999999999815e-01,-1.856764884000892607e+03,1.000000000000000000e+00
2.262772327713982387e-03,4.381486805503275600e-03,7.112874114548487503e-01,2.355028656203666859e+00,2.000000000000000000e+01,7.440137208223114584e-02,0.000000000000000000e+00,0.000000000000000000e+00,0.000000000000000000e+00,0.000000000000000000e+00,0.000000000000000000e+00,0.000000000000000000e+00,6.600000000000000000e+01,4.749722100846272042e+03,1.381835104020395022e+02,2.119900000000000000e+06,4.466999999999999860e-01,-1.713240999999141650e+03,1.000000000000000000e+00
1.961970518696656753e-03,4.307993931830567114e-03,6.803920485520972283e-01,2.367620526542987047e+00,2.000000000000000000e+01,7.310962762134207149e-02,0.000000000000000000e+00,0.000000000000000000e+00,0.000000000000000000e+00,0.000000000000000000e+00,0.000000000000000000e+00,0.000000000000000000e+00,6.700000000000000000e+01,4.493500198522799110e+03,1.381835375788437545e+02,2.119900000000000000e+06,2.318600000000000105e-01,-5.188432149999111971e+02,1.000000000000000000e+00
1.827958612541119576e-03,3.465469324480989488e-03,1.201419010492121853e+00,-1.105496536579638267e+01,2.000000000000000000e+01,6.885833630825173579e-02,0.000000000000000000e+00,0.000000000000000000e+00,0.000000000000000000e+00,0.000000000000000000e+00,0.000000000000000000e+00,0.000000000000000000e+00,6.800000000000000000e+01,4.924875527955774146e+02,4.171231153306493979e+02,2.108100000000000000e+06,1.192799999999999971e-01,-5.376414300000040924e+01,1.000000000000000000e+00
3.177327547843228437e-03,1.473254966775936446e-03,5.877717614331586793e-01,2.466489993214557419e+00,2.000000000000000000e+01,7.639492435535252812e-02,0.000000000000000000e+00,0.000000000000000000e+00,0.000000000000000000e+00,0.000000000000000000e+00,0.000000000000000000e+00,0.000000000000000000e+00,6.900000000000000000e+01,6.090682477052821923e+03,1.381832146778848767e+02,2.119400000000000000e+06,3.793199999999999905e-01,-6.632041099999460130e+02,1.000000000000000000e+00
2.520932547465108871e-03,2.999784163346667920e-03,6.934214844877673034e-01,2.494784523299356849e+00,2.000000000000000000e+01,7.669931105627178503e-02,0.000000000000000000e+00,0.000000000000000000e+00,0.000000000000000000e+00,0.000000000000000000e+00,0.000000000000000000e+00,0.000000000000000000e+00,7.000000000000000000e+01,4.386327604767500816e+03,1.382333524130521312e+02,2.120000000000000000e+06,8.338700000000000279e-02,-1.026042929999986342e+02,1.000000000000000000e+00
1.728686900378376568e-03,5.756145394783045502e-03,7.961615329618441095e-01,-9.592554586195241484e+00,2.000000000000000000e+01,7.340666625114691812e-02,0.000000000000000000e+00,0.000000000000000000e+00,0.000000000000000000e+00,0.000000000000000000e+00,0.000000000000000000e+00,0.000000000000000000e+00,7.100000000000000000e+01,6.170982344794500705e+02,3.999034245162311549e+02,2.110300000000000000e+06,1.829000000000000070e-01,-2.553718229999821858e+02,1.000000000000000000e+00
3.607899494217517954e-03,4.215698641963453244e-03,6.018215636905995813e-01,2.459656079212130919e+00,2.000000000000000000e+01,6.191859205279320183e-02,0.000000000000000000e+00,0.000000000000000000e+00,0.000000000000000000e+00,0.000000000000000000e+00,0.000000000000000000e+00,0.000000000000000000e+00,7.200000000000000000e+01,7.134662749942943265e+03,1.381832354892634385e+02,2.118500000000000000e+06,6.479200000000000514e-01,-1.824385550000797593e+03,1.000000000000000000e+00
2.161460971151042427e-03,3.785029406224281294e-03,5.178496187785167626e-01,2.651245832203431796e+00,2.000000000000000000e+01,6.248095592791453462e-02,0.000000000000000000e+00,0.000000000000000000e+00,0.000000000000000000e+00,0.000000000000000000e+00,0.000000000000000000e+00,0.000000000000000000e+00,7.300000000000000000e+01,6.592964226393697572e+03,1.381834138508737624e+02,2.118700000000000000e+06,3.289300000000000002e-01,-7.035624330000161990e+02,1.000000000000000000e+00
1.961970518696656753e-03,4.307993931830567114e-03,6.803920485520972283e-01,2.367620526542987047e+00,2.000000000000000000e+01,7.310962762134207149e-02,0.000000000000000000e+00,0.000000000000000000e+00,0.000000000000000000e+00,0.000000000000000000e+00,0.000000000000000000e+00,0.000000000000000000e+00,7.400000000000000000e+01,4.198786231341841813e+03,1.384609556146519935e+02,2.120100000000000000e+06,2.994800000000000240e-01,-8.484995999998842535e+02,1.000000000000000000e+00
1.761206866167706539e-03,5.681265994292738000e-03,9.621468682434725084e-01,-1.007245459603992899e+01,2.000000000000000000e+01,7.264994645763242498e-02,0.000000000000000000e+00,0.000000000000000000e+00,0.000000000000000000e+00,0.000000000000000000e+00,0.000000000000000000e+00,0.000000000000000000e+00,7.500000000000000000e+01,5.453419276410743350e+02,4.089909627558351985e+02,2.109500000000000000e+06,2.321999999999999897e-01,-2.970220000000401797e+02,1.000000000000000000e+00
1.740995542004286026e-03,5.738004929489450359e-03,9.604762603992134107e-01,-1.006235645876347995e+01,2.000000000000000000e+01,7.293241194215085987e-02,0.000000000000000000e+00,0.000000000000000000e+00,0.000000000000000000e+00,0.000000000000000000e+00,0.000000000000000000e+00,0.000000000000000000e+00,7.600000000000000000e+01,5.511841744241257857e+02,4.088216503218218918e+02,2.109400000000000000e+06,1.953600000000000059e-01,-2.174496509999882221e+02,1.000000000000000000e+00
2.400170053272129844e-03,4.446049849339314686e-03,3.538526749604641863e-01,3.117722910047099560e+00,2.000000000000000000e+01,5.392951632200412848e-02,0.000000000000000000e+00,0.000000000000000000e+00,0.000000000000000000e+00,0.000000000000000000e+00,0.000000000000000000e+00,0.000000000000000000e+00,7.700000000000000000e+01,7.530389876461927088e+03,1.381832758480795462e+02,2.118300000000000000e+06,2.331900000000000084e-01,-4.993790000000230975e+02,1.000000000000000000e+00
3.863448546308418871e-03,1.099134227217910161e-03,6.184976274295319598e-01,2.265840688800614178e+00,2.000000000000000000e+01,5.724725456169188487e-02,0.000000000000000000e+00,0.000000000000000000e+00,0.000000000000000000e+00,0.000000000000000000e+00,0.000000000000000000e+00,0.000000000000000000e+00,7.800000000000000000e+01,7.144134297116669586e+03,1.381832776006636152e+02,2.119200000000000000e+06,2.165300000000000002e-01,-4.040883900000150675e+02,1.000000000000000000e+00
1.851863074842770903e-03,5.932082428702092035e-03,9.341753937456734880e-01,-1.164167895855309709e+01,2.000000000000000000e+01,7.198400968827900481e-02,0.000000000000000000e+00,0.000000000000000000e+00,0.000000000000000000e+00,0.000000000000000000e+00,0.000000000000000000e+00,0.000000000000000000e+00,7.900000000000000000e+01,5.159113530912887882e+02,4.405122916107396236e+02,2.106400000000000000e+06,3.957100000000000062e-01,-8.675955819998445122e+02,1.000000000000000000e+00
1.647106455657154330e-03,2.814952824543017536e-03,6.396123892806491185e-01,1.794506318376089649e+00,2.000000000000000000e+01,5.513814256771328720e-02,0.000000000000000000e+00,0.000000000000000000e+00,0.000000000000000000e+00,0.000000000000000000e+00,0.000000000000000000e+00,0.000000000000000000e+00,8.000000000000000000e+01,3.637917690173643223e+03,1.400761993957846414e+02,2.120100000000000000e+06,1.209400000000000058e-01,-1.075654859999974491e+02,1.000000000000000000e+00
1.949361786539070785e-03,5.087206210881376096e-03,9.567793556589493376e-01,-9.073197918033367060e+00,2.000000000000000000e+01,7.179953132560955298e-02,0.000000000000000000e+00,0.000000000000000000e+00,0.000000000000000000e+00,0.000000000000000000e+00,0.000000000000000000e+00,0.000000000000000000e+00,8.100000000000000000e+01,6.000939025967049929e+02,4.023635542550317155e+02,2.110200000000000000e+06,2.434699999999999920e-01,-3.348943289999811554e+02,1.000000000000000000e+00
1.742938476328224125e-03,5.496871239089413594e-03,8.088361863131072749e-01,-5.947990984518812141e+00,2.000000000000000000e+01,7.335467728690914235e-02,0.000000000000000000e+00,0.000000000000000000e+00,0.000000000000000000e+00,0.000000000000000000e+00,0.000000000000000000e+00,0.000000000000000000e+00,8.200000000000000000e+01,1.563976525785662488e+03,3.163532565016175226e+02,2.116300000000000000e+06,1.947599999999999887e-01,-2.821917000000116218e+02,1.000000000000000000e+00
1.577479933527392878e-03,5.501116060302756183e-03,7.290926409325502178e-01,-5.869289999197468077e+00,2.000000000000000000e+01,7.387538761291587153e-02,0.000000000000000000e+00,0.000000000000000000e+00,0.000000000000000000e+00,0.000000000000000000e+00,0.000000000000000000e+00,0.000000000000000000e+00,8.300000000000000000e+01,1.569575528085262022e+03,3.144328504528178883e+02,2.116300000000000000e+06,1.595199999999999951e-01,-2.137899889999876279e+02,1.000000000000000000e+00
1.654596850964723965e-03,5.708929140112289566e-03,8.152797875461790245e-01,-7.729474062308516302e+00,2.000000000000000000e+01,7.407149497733597765e-02,0.000000000000000000e+00,0.000000000000000000e+00,0.000000000000000000e+00,0.000000000000000000e+00,0.000000000000000000e+00,0.000000000000000000e+00,8.400000000000000000e+01,9.913423125819003872e+02,3.585076486467343670e+02,2.113600000000000000e+06,1.331100000000000061e-01,-1.344419789999978434e+02,1.000000000000000000e+00
1.649378001105240637e-03,5.709905372307465601e-03,8.179576207587957448e-01,-7.878272350915730193e+00,2.000000000000000000e+01,7.407151976609054056e-02,0.000000000000000000e+00,0.000000000000000000e+00,0.000000000000000000e+00,0.000000000000000000e+00,0.000000000000000000e+00,0.000000000000000000e+00,8.500000000000000000e+01,9.458680367858220279e+02,3.611688934831461779e+02,2.113300000000000000e+06,1.321599999999999997e-01,-1.321406679999940081e+02,1.000000000000000000e+00
1.625227411697216604e-03,5.890226230831397541e-03,8.610087569949679276e-01,-6.303522596054650151e+00,2.000000000000000000e+01,7.268141775335455745e-02,0.000000000000000000e+00,0.000000000000000000e+00,0.000000000000000000e+00,0.000000000000000000e+00,0.000000000000000000e+00,0.000000000000000000e+00,8.600000000000000000e+01,1.414953850211929876e+03,3.247909558800910759e+02,2.115800000000000000e+06,2.631800000000000250e-01,-4.172484010000572425e+02,1.000000000000000000e+00
1.592359380941113728e-03,5.396322178293327422e-03,7.970109864445931169e-01,-7.862733623454754905e+00,2.000000000000000000e+01,6.755112420718586974e-02,0.000000000000000000e+00,0.000000000000000000e+00,0.000000000000000000e+00,0.000000000000000000e+00,0.000000000000000000e+00,0.000000000000000000e+00,8.700000000000000000e+01,9.516876356266263883e+02,3.608227507249304153e+02,2.112800000000000000e+06,1.260400000000000131e-01,-1.108569629999965116e+02,1.000000000000000000e+00
1.439154073348122495e-03,5.883494898416467486e-03,6.530818497117558685e-01,-8.217415065347598357e+00,2.000000000000000000e+01,6.977250496550367609e-02,0.000000000000000000e+00,0.000000000000000000e+00,0.000000000000000000e+00,0.000000000000000000e+00,0.000000000000000000e+00,0.000000000000000000e+00,8.800000000000000000e+01,9.782941383483747586e+02,3.588992630181120376e+02,2.113400000000000000e+06,1.250300000000000022e-01,-1.716269539999927360e+02,1.000000000000000000e+00
1.827021591085689579e-03,5.146246018495169092e-03,8.139716249572677143e-01,-1.039411013939080775e+01,2.000000000000000000e+01,7.933359089962288557e-02,0.000000000000000000e+00,0.000000000000000000e+00,0.000000000000000000e+00,0.000000000000000000e+00,0.000000000000000000e+00,0.000000000000000000e+00,8.900000000000000000e+01,5.485419531631822565e+02,4.110104247790687282e+02,2.109200000000000000e+06,2.081199999999999994e-01,-2.812194430000114949e+02,1.000000000000000000e+00
1.442601394536280985e-03,5.719701667120093320e-03,7.873964313324474107e-01,-5.730602647443128639e+00,2.000000000000000000e+01,6.608171229407240610e-02,0.000000000000000000e+00,0.000000000000000000e+00,0.000000000000000000e+00,0.000000000000000000e+00,0.000000000000000000e+00,0.000000000000000000e+00,9.000000000000000000e+01,1.612217667572359005e+03,3.102060578273578813e+02,2.116000000000000000e+06,8.484200000000000075e-02,-5.262139999999882178e+01,1.000000000000000000e+00
1.442601394536280985e-03,5.719701667120094188e-03,7.873964313324472997e-01,-5.730602647443128639e+00,2.000000000000000000e+01,6.608171229407240610e-02,0.000000000000000000e+00,0.000000000000000000e+00,0.000000000000000000e+00,0.000000000000000000e+00,0.000000000000000000e+00,0.000000000000000000e+00,9.100000000000000000e+01,1.612217667572359005e+03,3.102060578273578813e+02,2.116000000000000000e+06,8.484200000000000075e-02,-5.262139999999882178e+01,1.000000000000000000e+00
1.496993900065049250e-03,5.250006599939380930e-03,7.729550800054042492e-01,-5.664242744689961917e+00,2.000000000000000000e+01,6.552271444168628056e-02,0.000000000000000000e+00,0.000000000000000000e+00,0.000000000000000000e+00,0.000000000000000000e+00,0.000000000000000000e+00,0.000000000000000000e+00,9.200000000000000000e+01,1.612217667572359005e+03,3.102060578273578813e+02,2.116000000000000000e+06,8.484200000000000075e-02,-5.262139999999882178e+01,1.000000000000000000e+00
1.580538544919559817e-03,5.460330198105928581e-03,7.404259765364706869e-01,-5.835544286921793500e+00,2.000000000000000000e+01,7.385432556463983333e-02,0.000000000000000000e+00,0.000000000000000000e+00,0.000000000000000000e+00,0.000000000000000000e+00,0.000000000000000000e+00,0.000000000000000000e+00,9.300000000000000000e+01,1.573177645374619715e+03,3.135004471197062799e+02,2.116400000000000000e+06,1.594099999999999961e-01,-2.105892000000013695e+02,1.000000000000000000e+00
1.624930517073291860e-03,5.336063274095277122e-03,7.640668350015338284e-01,-5.832286912508015675e+00,2.000000000000000000e+01,7.351329499745265506e-02,0.000000000000000000e+00,0.000000000000000000e+00,0.000000000000000000e+00,0.000000000000000000e+00,0.000000000000000000e+00,0.000000000000000000e+00,9.400000000000000000e+01,1.576131711566069498e+03,3.134069813503767250e+02,2.116400000000000000e+06,1.854099999999999915e-01,-2.665016400000006911e+02,1.000000000000000000e+00
1.734714846817383407e-03,5.353652258078166019e-03,7.990785620385976173e-01,-3.891573144622280100e+00,2.000000000000000000e+01,7.303838524408444444e-02,0.000000000000000000e+00,0.000000000000000000e+00,0.000000000000000000e+00,0.000000000000000000e+00,0.000000000000000000e+00,0.000000000000000000e+00,9.500000000000000000e+01,2.245392586101266261e+03,2.636048684852326005e+02,2.118600000000000000e+06,2.429199999999999970e-01,-4.254773810000401113e+02,1.000000000000000000e+00
1.597918227616863546e-03,4.601729340019690938e-03,8.106169568749946874e-01,-6.072681256947577211e+00,2.000000000000000000e+01,7.278807726217662033e-02,0.000000000000000000e+00,0.000000000000000000e+00,0.000000000000000000e+00,0.000000000000000000e+00,0.000000000000000000e+00,0.000000000000000000e+00,9.600000000000000000e+01,1.503452341418213109e+03,3.189138165832500249e+02,2.116300000000000000e+06,2.858600000000000030e-01,-5.269171639999409535e+02,1.000000000000000000e+00
1.556602421533821766e-03,5.955309108792135667e-03,6.351773920220042946e-01,-6.185728188245190218e+00,2.000000000000000000e+01,7.367198120625485791e-02,0.000000000000000000e+00,0.000000000000000000e+00,0.000000000000000000e+00,0.000000000000000000e+00,0.000000000000000000e+00,0.000000000000000000e+00,9.700000000000000000e+01,1.515895806243432162e+03,3.189132973324277032e+02,2.116100000000000000e+06,1.736099999999999866e-01,-2.679818789999727073e+02,1.000000000000000000e+00
1.874555309669062933e-03,5.294936181775275474e-03,9.372210559639666538e-01,-6.054147796737513687e+00,2.000000000000000000e+01,7.253227458359468027e-02,0.000000000000000000e+00,0.000000000000000000e+00,0.000000000000000000e+00,0.000000000000000000e+00,0.000000000000000000e+00,0.000000000000000000e+00,9.800000000000000000e+01,1.522967430947542653e+03,3.185170482030206927e+02,2.116200000000000000e+06,2.993100000000000205e-01,-5.233125000000187583e+02,1.000000000000000000e+00
1.220511366563024804e-03,6.426259075307769707e-03,6.550452654101742711e-01,-6.230484710669876414e+00,2.000000000000000000e+01,7.734457236579647676e-02,0.000000000000000000e+00,0.000000000000000000e+00,0.000000000000000000e+00,0.000000000000000000e+00,0.000000000000000000e+00,0.000000000000000000e+00,9.900000000000000000e+01,1.534243147376572097e+03,3.181938088689159940e+02,2.116000000000000000e+06,1.010199999999999987e-01,-8.488750300000225479e+01,1.000000000000000000e+00
1.709442983926540540e-03,5.248684378341282770e-03,9.160217705589003279e-01,-8.666379179514152042e+00,2.000000000000000000e+01,7.390395973812599606e-02,0.000000000000000000e+00,0.000000000000000000e+00,0.000000000000000000e+00,0.000000000000000000e+00,0.000000000000000000e+00,0.000000000000000000e+00,1.000000000000000000e+02,7.559950580309437100e+02,3.799550356822065282e+02,2.112000000000000000e+06,1.354599999999999971e-01,-1.161557129999987836e+02,1.000000000000000000e+00
1.873009222476212498e-03,5.365230356259886521e-03,6.685403345098627215e-01,-3.469685369532154340e+00,2.000000000000000000e+01,6.740698293610161707e-02,0.000000000000000000e+00,0.000000000000000000e+00,0.000000000000000000e+00,0.000000000000000000e+00,0.000000000000000000e+00,0.000000000000000000e+00,1.010000000000000000e+02,2.262896566736573277e+03,2.613042411824137616e+02,2.118800000000000000e+06,1.990000000000000102e-01,-3.585146180000134564e+02,1.000000000000000000e+00
1.901493086346876240e-03,2.837117495416680013e-03,6.985974485486744490e-01,-4.278062140596648355e+00,2.000000000000000000e+01,6.220461297474305651e-02,0.000000000000000000e+00,0.000000000000000000e+00,0.000000000000000000e+00,0.000000000000000000e+00,0.000000000000000000e+00,0.000000000000000000e+00,1.020000000000000000e+02,2.266695894252132803e+03,2.596095932649275824e+02,2.119000000000000000e+06,8.032300000000000550e-02,-6.903700000000101511e+01,1.000000000000000000e+00
1.846272317837716146e-03,6.440390523854280964e-03,7.462226236380486988e-01,-3.815549495033189853e+00,2.000000000000000000e+01,6.003544863857029901e-02,0.000000000000000000e+00,0.000000000000000000e+00,0.000000000000000000e+00,0.000000000000000000e+00,0.000000000000000000e+00,0.000000000000000000e+00,1.030000000000000000e+02,2.303282160801251848e+03,2.582695003986312372e+02,2.118900000000000000e+06,1.828200000000000103e-01,-3.062979999999777760e+02,1.000000000000000000e+00
2.194784983307473177e-03,6.058716193691048024e-03,7.789149854159578279e-01,-5.689500798518476898e+00,2.000000000000000000e+01,6.837106219631494675e-02,0.000000000000000000e+00,0.000000000000000000e+00,0.000000000000000000e+00,0.000000000000000000e+00,0.000000000000000000e+00,0.000000000000000000e+00,1.040000000000000000e+02,1.146055543441440250e+03,3.466191873785812163e+02,2.113900000000000000e+06,1.248200000000000004e-01,-1.135060000000044482e+02,1.000000000000000000e+00
1.878129869032191344e-03,5.142195463608884368e-03,6.427980554434015170e-01,-7.567437323721082798e+00,2.000000000000000000e+01,6.194038795745697434e-02,0.000000000000000000e+00,0.000000000000000000e+00,0.000000000000000000e+00,0.000000000000000000e+00,0.000000000000000000e+00,0.000000000000000000e+00,1.050000000000000000e+02,1.113177293356618748e+03,3.470739439188204187e+02,2.114000000000000000e+06,8.442900000000000404e-02,-7.184321100000003923e+01,1.000000000000000000e+00
1.643899682125413977e-03,5.845872968352790536e-03,8.031404063082676625e-01,-7.986349516176188601e+00,2.000000000000000000e+01,6.625640308406467727e-02,0.000000000000000000e+00,0.000000000000000000e+00,0.000000000000000000e+00,0.000000000000000000e+00,0.000000000000000000e+00,0.000000000000000000e+00,1.060000000000000000e+02,1.089189991870977565e+03,3.484702850913620296e+02,2.114300000000000000e+06,1.181299999999999989e-01,-9.204481700000373223e+01,1.000000000000000000e+00
1.777070539650582202e-03,4.774965242818896005e-03,8.823090019355288582e-01,-7.344931025828655535e+00,2.000000000000000000e+01,6.732775171109189882e-02,0.000000000000000000e+00,0.000000000000000000e+00,0.000000000000000000e+00,0.000000000000000000e+00,0.000000000000000000e+00,0.000000000000000000e+00,1.070000000000000000e+02,1.026407097370864903e+03,3.492366740185565845e+02,2.113900000000000000e+06,1.138300000000000006e-01,-8.944182999999824801e+01,1.000000000000000000e+00
2.724126633898688206e-03,2.996284616686279833e-03,6.959001787189673660e-01,2.468587723950215640e+00,2.000000000000000000e+01,6.951102109649751060e-02,0.000000000000000000e+00,0.000000000000000000e+00,0.000000000000000000e+00,0.000000000000000000e+00,0.000000000000000000e+00,0.000000000000000000e+00,1.080000000000000000e+02,4.235499386945691185e+03,1.386213206830925913e+02,2.120400000000000000e+06,4.111400000000000055e-01,-1.711623780000773422e+03,1.000000000000000000e+00
2.921875236806637660e-03,2.899146231540938781e-03,7.495376264777655617e-01,2.307315503279151692e+00,2.000000000000000000e+01,7.323621711547637081e-02,0.000000000000000000e+00,0.000000000000000000e+00,0.000000000000000000e+00,0.000000000000000000e+00,0.000000000000000000e+00,0.000000000000000000e+00,1.090000000000000000e+02,4.231377914950609011e+03,1.386218811094440753e+02,2.120400000000000000e+06,4.375000000000000000e-01,-1.828490200000481991e+03,1.000000000000000000e+00
1.503354566361309128e-03,5.321464499316453343e-03,8.667733312372654098e-01,-7.830140692304023986e+00,2.000000000000000000e+01,6.966713113183983785e-02,0.000000000000000000e+00,0.000000000000000000e+00,0.000000000000000000e+00,0.000000000000000000e+00,0.000000000000000000e+00,0.000000000000000000e+00,1.100000000000000000e+02,1.161802711533541469e+03,3.448772025978940974e+02,2.114500000000000000e+06,1.414799999999999947e-01,-1.502638669999927572e+02,1.000000000000000000e+00
1.689285842368906405e-03,5.621205958522255269e-03,8.654279042997969906e-01,-7.959667594517741307e+00,2.000000000000000000e+01,7.561543730743898462e-02,0.000000000000000000e+00,0.000000000000000000e+00,0.000000000000000000e+00,0.000000000000000000e+00,0.000000000000000000e+00,0.000000000000000000e+00,1.110000000000000000e+02,9.319579203341831999e+02,3.632536118197079418e+02,2.113200000000000000e+06,8.474099999999999688e-02,-5.010700000000087329e+01,1.000000000000000000e+00
1.785307902827096369e-03,5.342435168139772483e-03,9.343533039505376170e-01,-7.974186378274557896e+00,2.000000000000000000e+01,6.701773519322302974e-02,0.000000000000000000e+00,0.000000000000000000e+00,0.000000000000000000e+00,0.000000000000000000e+00,0.000000000000000000e+00,0.000000000000000000e+00,1.120000000000000000e+02,8.658439974294641388e+02,3.636734346584673290e+02,2.112600000000000000e+06,1.094600000000000017e-01,-7.431550000000083855e+01,1.000000000000000000e+00
1.354715232336867886e-03,5.348479900544411345e-03,7.530198151181696220e-01,-5.808347707181770403e+00,2.000000000000000000e+01,7.038320902306302584e-02,0.000000000000000000e+00,0.000000000000000000e+00,0.000000000000000000e+00,0.000000000000000000e+00,0.000000000000000000e+00,0.000000000000000000e+00,1.130000000000000000e+02,1.783791645118844826e+03,2.967598085486491186e+02,2.117400000000000000e+06,3.109399999999999942e-01,-7.186233999999034268e+02,1.000000000000000000e+00
1.686965560072644851e-03,5.362159784422530426e-03,8.389705374059942544e-01,-9.352969552214080551e+00,2.000000000000000000e+01,7.894312923843435637e-02,0.000000000000000000e+00,0.000000000000000000e+00,0.000000000000000000e+00,0.000000000000000000e+00,0.000000000000000000e+00,0.000000000000000000e+00,1.140000000000000000e+02,6.434052579801971206e+02,3.930989494520542280e+02,2.110800000000000000e+06,1.592500000000000027e-01,-1.783775680000007355e+02,1.000000000000000000e+00
1.754159965648263968e-03,5.416213849524623841e-03,8.235877756706500019e-01,-9.421989262923677444e+00,2.000000000000000000e+01,7.398493275445505724e-02,0.000000000000000000e+00,0.000000000000000000e+00,0.000000000000000000e+00,0.000000000000000000e+00,0.000000000000000000e+00,0.000000000000000000e+00,1.150000000000000000e+02,6.430654992359437756e+02,3.956655564286328968e+02,2.110600000000000000e+06,1.391400000000000137e-01,-1.514295299999947133e+02,1.000000000000000000e+00
1.637571226967237965e-03,5.716183591155428977e-03,9.386919438526648563e-01,-8.961403145716834828e+00,2.000000000000000000e+01,7.140820775938426512e-02,0.000000000000000000e+00,0.000000000000000000e+00,0.000000000000000000e+00,0.000000000000000000e+00,0.000000000000000000e+00,0.000000000000000000e+00,1.160000000000000000e+02,6.516065588008183340e+02,3.905530647771160488e+02,2.111300000000000000e+06,2.406999999999999973e-01,-3.177877999999942631e+02,1.000000000000000000e+00
1.661336466753011694e-03,5.744171189607755884e-03,8.461822773136309372e-01,-9.104969960604668344e+00,2.000000000000000000e+01,7.372944381985516160e-02,0.000000000000000000e+00,0.000000000000000000e+00,0.000000000000000000e+00,0.000000000000000000e+00,0.000000000000000000e+00,0.000000000000000000e+00,1.170000000000000000e+02,6.614683219000536383e+02,3.895725142559859364e+02,2.111200000000000000e+06,1.471699999999999953e-01,-1.523699839999942753e+02,1.000000000000000000e+00
1.756954047283944362e-03,5.261977894458015614e-03,8.001324877052754525e-01,-9.397461290440141113e+00,2.000000000000000000e+01,6.552319079167996663e-02,0.000000000000000000e+00,0.000000000000000000e+00,0.000000000000000000e+00,0.000000000000000000e+00,0.000000000000000000e+00,0.000000000000000000e+00,1.180000000000000000e+02,6.742443526092938555e+02,3.860960877270841252e+02,2.111400000000000000e+06,1.526899999999999924e-01,-1.614854849999951227e+02,1.000000000000000000e+00
1.883356995084469344e-03,4.939539004783697479e-03,7.598354223093246596e-01,-2.161543761583116563e+00,2.000000000000000000e+01,7.325925519795131735e-02,0.000000000000000000e+00,0.000000000000000000e+00,0.000000000000000000e+00,0.000000000000000000e+00,0.000000000000000000e+00,0.000000000000000000e+00,1.190000000000000000e+02,2.831587242344742663e+03,2.198666608936725311e+02,2.120000000000000000e+06,2.395200000000000107e-01,-4.769664330000896939e+02,1.000000000000000000e+00
1.933269823485974552e-03,4.446558587223841362e-03,8.660746519736366444e-01,-2.043020473460595010e+00,2.000000000000000000e+01,7.680898250439106845e-02,0.000000000000000000e+00,0.000000000000000000e+00,0.000000000000000000e+00,0.000000000000000000e+00,0.000000000000000000e+00,0.000000000000000000e+00,1.200000000000000000e+02,2.852813070077467728e+03,2.171098975972590495e+02,2.120000000000000000e+06,2.124800000000000022e-01,-3.754369080000235499e+02,1.000000000000000000e+00
1.714511995770816224e-03,5.080242750944636773e-03,8.553636777735234009e-01,-2.509846525206590684e+00,2.000000000000000000e+01,6.172090641231502139e-02,0.000000000000000000e+00,0.000000000000000000e+00,0.000000000000000000e+00,0.000000000000000000e+00,0.000000000000000000e+00,0.000000000000000000e+00,1.210000000000000000e+02,2.852675686079197931e+03,2.180265265915001578e+02,2.120000000000000000e+06,1.571700000000000041e-01,-2.069025140000167653e+02,1.000000000000000000e+00
1.947375944424625414e-03,4.624051907912095014e-03,9.757333854147115515e-01,-9.190485351594489316e+00,2.000000000000000000e+01,7.240160377549403892e-02,0.000000000000000000e+00,0.000000000000000000e+00,0.000000000000000000e+00,0.000000000000000000e+00,0.000000000000000000e+00,0.000000000000000000e+00,1.220000000000000000e+02,5.763676189078809102e+02,4.082144071896059927e+02,2.109400000000000000e+06,1.281499999999999861e-01,-1.171084620000021346e+02,1.000000000000000000e+00
2.206934364744380338e-03,4.258724992207154302e-03,1.247963810985932565e+00,-8.235332370957147319e+00,2.000000000000000000e+01,6.785091774626592076e-02,0.000000000000000000e+00,0.000000000000000000e+00,0.000000000000000000e+00,0.000000000000000000e+00,0.000000000000000000e+00,0.000000000000000000e+00,1.230000000000000000e+02,7.910932481877185865e+02,3.694485335992688420e+02,2.112500000000000000e+06,1.197700000000000015e-01,-7.585369999999926449e+01,1.000000000000000000e+00
1.690229414673618917e-03,4.511074694552712552e-03,8.838359592447815327e-01,-4.734256955480811158e+00,2.000000000000000000e+01,7.355314293795309211e-02,0.000000000000000000e+00,0.000000000000000000e+00,0.000000000000000000e+00,0.000000000000000000e+00,0.000000000000000000e+00,0.000000000000000000e+00,1.240000000000000000e+02,1.874032415535924429e+03,2.860313197516192645e+02,2.117900000000000000e+06,1.701100000000000112e-01,-1.870818930000106945e+02,1.000000000000000000e+00
1.454741165350907292e-03,4.763772135381190084e-03,6.946733548186609930e-01,-4.753675862614738179e+00,2.000000000000000000e+01,7.296972492453313031e-02,0.000000000000000000e+00,0.000000000000000000e+00,0.000000000000000000e+00,0.000000000000000000e+00,0.000000000000000000e+00,0.000000000000000000e+00,1.250000000000000000e+02,1.855896617966222266e+03,2.865116736123243868e+02,2.117900000000000000e+06,2.868999999999999884e-01,-6.231764999999027168e+02,1.000000000000000000e+00
2.056192510397534222e-03,4.281797425525015778e-03,8.157528418084882826e-01,-2.564550470061361942e+00,2.000000000000000000e+01,7.326725208613543705e-02,0.000000000000000000e+00,0.000000000000000000e+00,0.000000000000000000e+00,0.000000000000000000e+00,0.000000000000000000e+00,0.000000000000000000e+00,1.260000000000000000e+02,2.620332623600866100e+03,2.300143062823005948e+02,2.119900000000000000e+06,2.459000000000000075e-01,-4.797995330000804302e+02,1.000000000000000000e+00
2.076117866474575836e-03,4.135116427788599128e-03,8.095230888519355794e-01,-2.648542760870724599e+00,2.000000000000000000e+01,7.328779160594672826e-02,0.000000000000000000e+00,0.000000000000000000e+00,0.000000000000000000e+00,0.000000000000000000e+00,0.000000000000000000e+00,0.000000000000000000e+00,1.270000000000000000e+02,2.593714396482811026e+03,2.323314738755952931e+02,2.119900000000000000e+06,2.511300000000000199e-01,-5.074436000000307558e+02,1.000000000000000000e+00
1.840733630807478947e-03,5.057687493169661305e-03,9.732929173931271771e-01,-2.816180761029772661e+00,2.000000000000000000e+01,6.889139906420013726e-02,0.000000000000000000e+00,0.000000000000000000e+00,0.000000000000000000e+00,0.000000000000000000e+00,0.000000000000000000e+00,0.000000000000000000e+00,1.280000000000000000e+02,2.525929899092625874e+03,2.360795035150021874e+02,2.119700000000000000e+06,3.699899999999999856e-01,-7.922883230001710899e+02,1.000000000000000000e+00
1.693909587674448771e-03,4.202019175524963901e-03,6.606871318067890630e-01,-3.003956838536183227e+00,2.000000000000000000e+01,7.694045846688678247e-02,0.000000000000000000e+00,0.000000000000000000e+00,0.000000000000000000e+00,0.000000000000000000e+00,0.000000000000000000e+00,0.000000000000000000e+00,1.290000000000000000e+02,2.443375621952873644e+03,2.422363183755718126e+02,2.119500000000000000e+06,2.596399999999999819e-01,-5.975838300000972367e+02,1.000000000000000000e+00
2.036081801542989449e-03,3.868440326885003774e-03,9.119946734619769346e-01,-2.715115463655081829e+00,2.000000000000000000e+01,7.324276416550176694e-02,0.000000000000000000e+00,0.000000000000000000e+00,0.000000000000000000e+00,0.000000000000000000e+00,0.000000000000000000e+00,0.000000000000000000e+00,1.300000000000000000e+02,2.535024289879232583e+03,2.341180845894218976e+02,2.119800000000000000e+06,2.185499999999999943e-01,-3.250150629999802163e+02,1.000000000000000000e+00
1.788094152210961338e-03,4.041173063946300846e-03,7.494755958205105983e-01,-3.300480431107342127e+00,2.000000000000000000e+01,7.155896261402723557e-02,0.000000000000000000e+00,0.000000000000000000e+00,0.000000000000000000e+00,0.000000000000000000e+00,0.000000000000000000e+00,0.000000000000000000e+00,1.310000000000000000e+02,2.518278005198406390e+03,2.369604278667781045e+02,2.119600000000000000e+06,2.443400000000000016e-01,-5.174362250000634731e+02,1.000000000000000000e+00
1.636938281981154030e-03,4.226554353693999858e-03,7.041719541505135904e-01,-3.181571240271598100e+00,2.000000000000000000e+01,6.406860933614934306e-02,0.000000000000000000e+00,0.000000000000000000e+00,0.000000000000000000e+00,0.000000000000000000e+00,0.000000000000000000e+00,0.000000000000000000e+00,1.320000000000000000e+02,2.485793548731600367e+03,2.405835658794752874e+02,2.119500000000000000e+06,1.770899999999999974e-01,-2.991262960000187263e+02,1.000000000000000000e+00
1.492873300972362080e-03,5.252235424107145299e-03,7.451986438955657821e-01,-4.453433589092814060e+00,2.000000000000000000e+01,7.328975762237047165e-02,0.000000000000000000e+00,0.000000000000000000e+00,0.000000000000000000e+00,0.000000000000000000e+00,0.000000000000000000e+00,0.000000000000000000e+00,1.330000000000000000e+02,1.983934761281312831e+03,2.778567120236501751e+02,2.118100000000000000e+06,2.093299999999999883e-01,-3.186083339999964323e+02,1.000000000000000000e+00
1.544279713411404785e-03,5.699997124840217207e-03,8.429820476400371465e-01,-7.052839622403461739e+00,2.000000000000000000e+01,6.595854552877530863e-02,0.000000000000000000e+00,0.000000000000000000e+00,0.000000000000000000e+00,0.000000000000000000e+00,0.000000000000000000e+00,0.000000000000000000e+00,1.340000000000000000e+02,1.359868059625492833e+03,3.303009188370480729e+02,2.115500000000000000e+06,1.809600000000000097e-01,-2.274125000000159673e+02,1.000000000000000000e+00
1.543791433690593724e-03,5.254196944159638533e-03,7.892583324442534742e-01,-6.565875072147080438e+00,2.000000000000000000e+01,7.112551155140667269e-02,0.000000000000000000e+00,0.000000000000000000e+00,0.000000000000000000e+00,0.000000000000000000e+00,0.000000000000000000e+00,0.000000000000000000e+00,1.350000000000000000e+02,1.358081833013879987e+03,3.308148066846787856e+02,2.115500000000000000e+06,1.228800000000000031e-01,-1.207768910000011005e+02,1.000000000000000000e+00
1.638971098330670130e-03,5.418234185805605348e-03,7.262058612713766514e-01,-6.558457024566429538e+00,2.000000000000000000e+01,7.402935826514903117e-02,0.000000000000000000e+00,0.000000000000000000e+00,0.000000000000000000e+00,0.000000000000000000e+00,0.000000000000000000e+00,0.000000000000000000e+00,1.360000000000000000e+02,1.352898868594916621e+03,3.313071018009697468e+02,2.115400000000000000e+06,1.517499999999999960e-01,-2.061303090000048712e+02,1.000000000000000000e+00
1.610563694292854297e-03,5.650173566817596853e-03,7.858869022517955827e-01,-6.567290213766344031e+00,2.000000000000000000e+01,7.386332854420257776e-02,0.000000000000000000e+00,0.000000000000000000e+00,0.000000000000000000e+00,0.000000000000000000e+00,0.000000000000000000e+00,0.000000000000000000e+00,1.370000000000000000e+02,1.339399077929490431e+03,3.315086501061209674e+02,2.115400000000000000e+06,1.502600000000000047e-01,-1.749008999999931859e+02,1.000000000000000000e+00
1.553523647697141376e-03,5.331835067898664168e-03,6.827071999078009323e-01,-5.628877972768316695e+00,2.000000000000000000e+01,6.997772586097468495e-02,0.000000000000000000e+00,0.000000000000000000e+00,0.000000000000000000e+00,0.000000000000000000e+00,0.000000000000000000e+00,0.000000000000000000e+00,1.380000000000000000e+02,1.553921154808193478e+03,3.177108189133768974e+02,2.116100000000000000e+06,1.518100000000000005e-01,-2.236493999999830180e+02,1.000000000000000000e+00
1.637911684253471516e-03,5.645234762935878378e-03,7.501746206508992376e-01,-5.966652554622762672e+00,2.000000000000000000e+01,7.391372009000943266e-02,0.000000000000000000e+00,0.000000000000000000e+00,0.000000000000000000e+00,0.000000000000000000e+00,0.000000000000000000e+00,0.000000000000000000e+00,1.390000000000000000e+02,1.557145489765071943e+03,3.167565008352751192e+02,2.116200000000000000e+06,1.540799999999999947e-01,-1.999451999999932639e+02,1.000000000000000000e+00
1.633529372487802639e-03,5.326793055646567888e-03,7.238857615166783832e-01,-7.733987392942084149e+00,2.000000000000000000e+01,6.670416429498488009e-02,0.000000000000000000e+00,0.000000000000000000e+00,0.000000000000000000e+00,0.000000000000000000e+00,0.000000000000000000e+00,0.000000000000000000e+00,1.400000000000000000e+02,1.004854625223752919e+03,3.585762064360612840e+02,2.113200000000000000e+06,9.634500000000000008e-02,-8.360684500000085961e+01,1.000000000000000000e+00
2.013557693456424248e-03,6.998054228258014133e-03,6.843440922617772815e-01,-6.194307572327381273e+00,2.000000000000000000e+01,8.713046036778776537e-02,0.000000000000000000e+00,0.000000000000000000e+00,0.000000000000000000e+00,0.000000000000000000e+00,0.000000000000000000e+00,0.000000000000000000e+00,1.410000000000000000e+02,1.677791828198396161e+03,3.062179151577837501e+02,2.116700000000000000e+06,2.162199999999999955e-01,-3.609341190000270672e+02,1.000000000000000000e+00
1.678318225529426338e-03,5.441856640050687921e-03,7.231700171053813131e-01,-5.890186045025902040e+00,2.000000000000000000e+01,7.078017859353692709e-02,0.000000000000000000e+00,0.000000000000000000e+00,0.000000000000000000e+00,0.000000000000000000e+00,0.000000000000000000e+00,0.000000000000000000e+00,1.420000000000000000e+02,1.683488891146872220e+03,3.060219375842415275e+02,2.116800000000000000e+06,1.891500000000000126e-01,-3.029824009999715031e+02,1.000000000000000000e+00
1.742580569154729073e-03,5.181735570777084264e-03,6.633622570535614438e-01,-5.083702427678129965e+00,2.000000000000000000e+01,7.883983239420554179e-02,0.000000000000000000e+00,0.000000000000000000e+00,0.000000000000000000e+00,0.000000000000000000e+00,0.000000000000000000e+00,0.000000000000000000e+00,1.430000000000000000e+02,1.710614763230816379e+03,3.019631923050333739e+02,2.117000000000000000e+06,1.375599999999999878e-01,-2.034323129999941671e+02,1.000000000000000000e+00
1.729860369206961176e-03,4.849370415161319801e-03,8.461268176305447586e-01,-5.451642368604105116e+00,2.000000000000000000e+01,7.350321755138386481e-02,0.000000000000000000e+00,0.000000000000000000e+00,0.000000000000000000e+00,0.000000000000000000e+00,0.000000000000000000e+00,0.000000000000000000e+00,1.440000000000000000e+02,1.689833615628265534e+03,3.036955742174006900e+02,2.117000000000000000e+06,1.785200000000000120e-01,-2.254779699999837987e+02,1.000000000000000000e+00
1.597918227616863546e-03,4.601729340019690938e-03,8.106169568749946874e-01,-6.072681256947577211e+00,2.000000000000000000e+01,7.278807726217662033e-02,0.000000000000000000e+00,0.000000000000000000e+00,0.000000000000000000e+00,0.000000000000000000e+00,0.000000000000000000e+00,0.000000000000000000e+00,1.450000000000000000e+02,1.689254619707875236e+03,3.044141650307198574e+02,2.116900000000000000e+06,2.313300000000000078e-01,-4.174401699999796733e+02,1.000000000000000000e+00
1.716715290749583215e-03,4.764058343012891363e-03,8.444342263347424105e-01,-5.388787811943728912e+00,2.000000000000000000e+01,7.350642620381753201e-02,0.000000000000000000e+00,0.000000000000000000e+00,0.000000000000000000e+00,0.000000000000000000e+00,0.000000000000000000e+00,0.000000000000000000e+00,1.460000000000000000e+02,1.703327796754666906e+03,3.023675299359499604e+02,2.117100000000000000e+06,1.783800000000000108e-01,-2.240671949999820072e+02,1.000000000000000000e+00
1.451795129793963203e-03,5.585243754968712698e-03,7.872846693724312450e-01,-6.074923782249658899e+00,2.000000000000000000e+01,7.624343568642584501e-02,0.000000000000000000e+00,0.000000000000000000e+00,0.000000000000000000e+00,0.000000000000000000e+00,0.000000000000000000e+00,0.000000000000000000e+00,1.470000000000000000e+02,1.628912766441280382e+03,3.073629100591856513e+02,2.116700000000000000e+06,1.483099999999999974e-01,-1.711413930000094581e+02,1.000000000000000000e+00
1.632798877193735376e-03,4.632414927880399748e-03,6.665236871985661393e-01,-5.546247956031613136e+00,2.000000000000000000e+01,6.202745675701989286e-02,0.000000000000000000e+00,0.000000000000000000e+00,0.000000000000000000e+00,0.000000000000000000e+00,0.000000000000000000e+00,0.000000000000000000e+00,1.480000000000000000e+02,1.657505930258453418e+03,3.068584089039837295e+02,2.116400000000000000e+06,8.388400000000000023e-02,-7.014877200000135815e+01,1.000000000000000000e+00
1.694569548036390294e-03,4.964345579312295399e-03,8.168211207376498972e-01,-8.084478372389703793e+00,2.000000000000000000e+01,8.549563926181730222e-02,0.000000000000000000e+00,0.000000000000000000e+00,0.000000000000000000e+00,0.000000000000000000e+00,0.000000000000000000e+00,0.000000000000000000e+00,1.490000000000000000e+02,9.569983209406344713e+02,3.608346272630792555e+02,2.113300000000000000e+06,8.717999999999999361e-02,-5.373498499999937650e+01,1.000000000000000000e+00
1.867474852529017043e-03,5.124983615723984441e-03,9.367918325963988657e-01,-8.301834818491601098e+00,2.000000000000000000e+01,6.874723010594971373e-02,0.000000000000000000e+00,0.000000000000000000e+00,0.000000000000000000e+00,0.000000000000000000e+00,0.000000000000000000e+00,0.000000000000000000e+00,1.500000000000000000e+02,9.887518675142142683e+02,3.588226763227758056e+02,2.112900000000000000e+06,1.090799999999999964e-01,-7.770549199999933876e+01,1.000000000000000000e+00
1.710338014579961636e-03,5.626997365407802876e-03,8.929516621431565770e-01,-7.270438106664823152e+00,2.000000000000000000e+01,7.435851890839835499e-02,0.000000000000000000e+00,0.000000000000000000e+00,0.000000000000000000e+00,0.000000000000000000e+00,0.000000000000000000e+00,0.000000000000000000e+00,1.510000000000000000e+02,1.134874450071347837e+03,3.477711380353286472e+02,2.114400000000000000e+06,1.180500000000000022e-01,-9.159900000000304487e+01,1.000000000000000000e+00
1.664109777011263478e-03,5.717843677273250734e-03,7.321674810601952466e-01,-7.815779878508879008e+00,2.000000000000000000e+01,7.439215668315031504e-02,0.000000000000000000e+00,0.000000000000000000e+00,0.000000000000000000e+00,0.000000000000000000e+00,0.000000000000000000e+00,0.000000000000000000e+00,1.520000000000000000e+02,9.824164537006397495e+02,3.598777112206963125e+02,2.113400000000000000e+06,1.285600000000000076e-01,-1.518686460000059810e+02,1.000000000000000000e+00
1.644975980538488421e-03,5.532559987367045157e-03,7.144122802305121755e-01,-6.070309223952840227e+00,2.000000000000000000e+01,7.431730446671308554e-02,0.000000000000000000e+00,0.000000000000000000e+00,0.000000000000000000e+00,0.000000000000000000e+00,0.000000000000000000e+00,0.000000000000000000e+00,1.530000000000000000e+02,1.534238657312612304e+03,3.188623605006839057e+02,2.116100000000000000e+06,1.374199999999999866e-01,-1.759042639999912296e+02,1.000000000000000000e+00
3.251291890807202212e-03,4.082351472901818087e-03,4.983731648958321658e-01,2.519098736975110775e+00,2.000000000000000000e+01,6.353657481671298735e-02,0.000000000000000000e+00,0.000000000000000000e+00,0.000000000000000000e+00,0.000000000000000000e+00,0.000000000000000000e+00,0.000000000000000000e+00,1.540000000000000000e+02,6.001381318532901787e+03,1.382100820129364536e+02,2.119400000000000000e+06,4.062799999999999745e-02,-6.328807999999946077e+01,1.000000000000000000e+00
1.565506960289081255e-03,4.866822224942221782e-03,5.989245694506915019e-01,-3.915527060807913351e+00,2.000000000000000000e+01,7.543832223149719851e-02,0.000000000000000000e+00,0.000000000000000000e+00,0.000000000000000000e+00,0.000000000000000000e+00,0.000000000000000000e+00,0.000000000000000000e+00,1.550000000000000000e+02,2.245117806900543656e+03,2.642800914744719876e+02,2.118600000000000000e+06,1.091199999999999948e-01,-1.463166000000028077e+02,1.000000000000000000e+00
1.858335049819036071e-03,4.778945582327992839e-03,8.855800018660662243e-01,-3.331660219426631819e+00,2.000000000000000000e+01,7.237340888158479146e-02,0.000000000000000000e+00,0.000000000000000000e+00,0.000000000000000000e+00,0.000000000000000000e+00,0.000000000000000000e+00,0.000000000000000000e+00,1.560000000000000000e+02,2.378749364538337886e+03,2.497509821129729062e+02,2.119300000000000000e+06,3.851399999999999824e-01,-8.951176490003157369e+02,1.000000000000000000e+00
1.837007654545347052e-03,5.786798992721514483e-03,8.654047478883488687e-01,-1.066127657745357382e+01,2.000000000000000000e+01,7.228515103064936387e-02,0.000000000000000000e+00,0.000000000000000000e+00,0.000000000000000000e+00,0.000000000000000000e+00,0.000000000000000000e+00,0.000000000000000000e+00,1.570000000000000000e+02,5.501713746944545846e+02,4.216050546439164464e+02,2.108300000000000000e+06,3.536299999999999999e-01,-7.753322460000471210e+02,1.000000000000000000e+00
1.551138814468460206e-03,5.055945265505150041e-03,7.467365790719079355e-01,-5.777078387663043380e+00,2.000000000000000000e+01,7.275182698256262015e-02,0.000000000000000000e+00,0.000000000000000000e+00,0.000000000000000000e+00,0.000000000000000000e+00,0.000000000000000000e+00,0.000000000000000000e+00,1.580000000000000000e+02,1.597419124092270067e+03,3.117300615842633533e+02,2.116600000000000000e+06,3.084299999999999820e-01,-6.707557999999302183e+02,1.000000000000000000e+00
1.813846235202764634e-03,5.232934619235276620e-03,6.800071715005799877e-01,-3.892275430059662256e+00,2.000000000000000000e+01,7.551072347028514598e-02,0.000000000000000000e+00,0.000000000000000000e+00,0.000000000000000000e+00,0.000000000000000000e+00,0.000000000000000000e+00,0.000000000000000000e+00,1.590000000000000000e+02,2.307376190523041259e+03,2.594837539036414569e+02,2.118800000000000000e+06,2.159099999999999908e-01,-4.070539860000450858e+02,1.000000000000000000e+00
1.884527886135382076e-03,5.893596234996558748e-03,8.751866558601290036e-01,-9.546848990201239005e+00,2.000000000000000000e+01,8.023053030137057562e-02,0.000000000000000000e+00,0.000000000000000000e+00,0.000000000000000000e+00,0.000000000000000000e+00,0.000000000000000000e+00,0.000000000000000000e+00,1.600000000000000000e+02,6.445084285536009929e+02,3.955070537677654556e+02,2.110600000000000000e+06,1.467400000000000093e-01,-1.678076460000027055e+02,1.000000000000000000e+00
1.708407747029121399e-03,5.185646397903792733e-03,7.904204291784894254e-01,-6.579512208582995569e+00,2.000000000000000000e+01,7.131554643850226971e-02,0.000000000000000000e+00,0.000000000000000000e+00,0.000000000000000000e+00,0.000000000000000000e+00,0.000000000000000000e+00,0.000000000000000000e+00,1.610000000000000000e+02,1.460287578221713602e+03,3.209614173399866104e+02,2.116000000000000000e+06,2.049600000000000033e-01,-2.956240829999770767e+02,1.000000000000000000e+00
1.810091551116988851e-03,5.725513374228786631e-03,8.778355364428590546e-01,-9.329896445979354525e+00,2.000000000000000000e+01,7.383714743438526962e-02,0.000000000000000000e+00,0.000000000000000000e+00,0.000000000000000000e+00,0.000000000000000000e+00,0.000000000000000000e+00,0.000000000000000000e+00,1.620000000000000000e+02,6.498640463452269387e+02,3.937573855665528981e+02,2.110800000000000000e+06,1.393699999999999939e-01,-1.404552239999918868e+02,1.000000000000000000e+00
1.684660534779790914e-03,5.967488435025863382e-03,6.737186687668614837e-01,-5.700100149561049712e+00,2.000000000000000000e+01,7.093608140804365247e-02,0.000000000000000000e+00,0.000000000000000000e+00,0.000000000000000000e+00,0.000000000000000000e+00,0.000000000000000000e+00,0.000000000000000000e+00,1.630000000000000000e+02,1.439411199730061981e+03,3.233048222514652252e+02,2.115800000000000000e+06,1.440899999999999959e-01,-1.753549640000084935e+02,1.000000000000000000e+00
1.669393479167016314e-03,5.619231459591985701e-03,7.856231950143328646e-01,-6.297021479876518057e+00,2.000000000000000000e+01,7.343351883297236093e-02,0.000000000000000000e+00,0.000000000000000000e+00,0.000000000000000000e+00,0.000000000000000000e+00,0.000000000000000000e+00,0.000000000000000000e+00,1.640000000000000000e+02,1.439067697630087878e+03,3.246137398617360077e+02,2.115800000000000000e+06,1.873100000000000043e-01,-2.653137769999869988e+02,1.000000000000000000e+00
1.639252631153138764e-03,6.057576854144158460e-03,8.027488938571520904e-01,-7.658936740743790494e+00,2.000000000000000000e+01,7.296601397644035536e-02,0.000000000000000000e+00,0.000000000000000000e+00,0.000000000000000000e+00,0.000000000000000000e+00,0.000000000000000000e+00,0.000000000000000000e+00,1.650000000000000000e+02,1.019027375172520124e+03,3.572627815694918922e+02,2.113700000000000000e+06,2.299100000000000033e-01,-3.617250930000088829e+02,1.000000000000000000e+00
1.693023881586371709e-03,4.569302978339004340e-03,6.828308330875233478e-01,-3.482576369609734712e+00,2.000000000000000000e+01,7.312409055148744175e-02,0.000000000000000000e+00,0.000000000000000000e+00,0.000000000000000000e+00,0.000000000000000000e+00,0.000000000000000000e+00,0.000000000000000000e+00,1.660000000000000000e+02,2.327339134483775979e+03,2.538975140813419671e+02,2.119200000000000000e+06,3.014600000000000057e-01,-7.752201210001649088e+02,1.000000000000000000e+00
1.997085469827756133e-03,5.345051481624223978e-03,8.401120158999488829e-01,-8.499030934469400833e+00,2.000000000000000000e+01,6.622390664311093855e-02,0.000000000000000000e+00,0.000000000000000000e+00,0.000000000000000000e+00,0.000000000000000000e+00,0.000000000000000000e+00,0.000000000000000000e+00,1.670000000000000000e+02,5.628083809109765525e+02,4.161435891005100984e+02,2.108700000000000000e+06,2.312700000000000033e-01,-3.623241810000178589e+02,1.000000000000000000e+00
1.496272409884656695e-03,6.143263458902726952e-03,8.672859757401539804e-01,-6.693185690086195905e+00,2.000000000000000000e+01,6.847864235420046686e-02,0.000000000000000000e+00,0.000000000000000000e+00,0.000000000000000000e+00,0.000000000000000000e+00,0.000000000000000000e+00,0.000000000000000000e+00,1.680000000000000000e+02,1.079887013707547112e+03,3.508425541151599987e+02,2.114100000000000000e+06,1.260499999999999954e-01,-1.120209000000021717e+02,1.000000000000000000e+00
1.717327966934774483e-03,5.841728967198906927e-03,6.870575017286831843e-01,-6.919414355386356519e+00,2.000000000000000000e+01,7.501562720830129427e-02,0.000000000000000000e+00,0.000000000000000000e+00,0.000000000000000000e+00,0.000000000000000000e+00,0.000000000000000000e+00,0.000000000000000000e+00,1.690000000000000000e+02,1.070199771759922669e+03,3.511483925168911355e+02,2.114100000000000000e+06,1.317000000000000115e-01,-1.268154509999990296e+02,1.000000000000000000e+00
1.450789979813317141e-03,4.913935883072760233e-03,6.341914581440775134e-01,-8.900616231203841267e+00,2.000000000000000000e+01,6.682419304857606379e-02,0.000000000000000000e+00,0.000000000000000000e+00,0.000000000000000000e+00,0.000000000000000000e+00,0.000000000000000000e+00,0.000000000000000000e+00,1.700000000000000000e+02,1.032490454713026566e+03,3.559022278692992813e+02,2.113800000000000000e+06,1.584800000000000098e-01,-1.949499999999842714e+02,1.000000000000000000e+00
1.663077607632539989e-03,5.556984355177877616e-03,7.485296910226989509e-01,-7.487165291092239272e+00,2.000000000000000000e+01,6.652081484496127906e-02,0.000000000000000000e+00,0.000000000000000000e+00,0.000000000000000000e+00,0.000000000000000000e+00,0.000000000000000000e+00,0.000000000000000000e+00,1.710000000000000000e+02,1.043011425181561890e+03,3.528836091124907171e+02,2.113500000000000000e+06,9.251299999999999801e-02,-7.461281800000242015e+01,1.000000000000000000e+00
1.794669699500817985e-03,4.728059573819869826e-03,1.179066937475096832e+00,-9.392454120473335166e+00,2.000000000000000000e+01,7.048097214747446604e-02,0.000000000000000000e+00,0.000000000000000000e+00,0.000000000000000000e+00,0.000000000000000000e+00,0.000000000000000000e+00,0.000000000000000000e+00,1.720000000000000000e+02,6.633008651430902773e+02,3.903037397692073114e+02,2.110600000000000000e+06,1.697599999999999942e-01,-1.257039909999973304e+02,1.000000000000000000e+00
2.357207713401279943e-03,2.863074139013659265e-03,9.173738528613675225e-01,-2.702743128773243519e+00,2.000000000000000000e+01,6.861777204190956658e-02,0.000000000000000000e+00,0.000000000000000000e+00,0.000000000000000000e+00,0.000000000000000000e+00,0.000000000000000000e+00,0.000000000000000000e+00,1.730000000000000000e+02,2.516580380768226405e+03,2.415317839720694337e+02,2.119800000000000000e+06,1.174000000000000044e-01,-1.008143000000018219e+02,1.000000000000000000e+00
2.373631483415632355e-03,3.120143563877731101e-03,1.533908991623561535e+00,-8.997821757864011616e+00,2.000000000000000000e+01,7.646787056273914029e-02,0.000000000000000000e+00,0.000000000000000000e+00,0.000000000000000000e+00,0.000000000000000000e+00,0.000000000000000000e+00,0.000000000000000000e+00,1.740000000000000000e+02,5.522704704643583682e+02,4.182718582638302678e+02,2.108100000000000000e+06,1.625500000000000000e-01,-1.047384000000010502e+02,1.000000000000000000e+00
1.890916307150258867e-03,5.593082173055158833e-03,9.727534810431085477e-01,-9.699371601730922166e+00,2.000000000000000000e+01,7.263690880389345184e-02,0.000000000000000000e+00,0.000000000000000000e+00,0.000000000000000000e+00,0.000000000000000000e+00,0.000000000000000000e+00,0.000000000000000000e+00,1.750000000000000000e+02,6.218123175441004378e+02,4.043341069475025051e+02,2.109900000000000000e+06,9.848999999999999422e-02,-5.477468700000091673e+01,1.000000000000000000e+00
1.507468386271087904e-03,6.162753945641234569e-03,6.964344007881820842e-01,-5.726109767811265350e+00,2.000000000000000000e+01,7.268785661114256225e-02,0.000000000000000000e+00,0.000000000000000000e+00,0.000000000000000000e+00,0.000000000000000000e+00,0.000000000000000000e+00,0.000000000000000000e+00,1.760000000000000000e+02,1.565732941729275353e+03,3.164539787557758359e+02,2.116200000000000000e+06,1.063500000000000001e-01,-9.731361099999946873e+01,1.000000000000000000e+00
1.769887315583733561e-03,5.511622047766739224e-03,9.638358063292931099e-01,-8.826891487128881053e+00,2.000000000000000000e+01,7.267105019800308707e-02,0.000000000000000000e+00,0.000000000000000000e+00,0.000000000000000000e+00,0.000000000000000000e+00,0.000000000000000000e+00,0.000000000000000000e+00,1.770000000000000000e+02,7.215422027159477238e+02,3.824778707249215586e+02,2.111800000000000000e+06,2.373000000000000109e-01,-3.112840000000178975e+02,1.000000000000000000e+00
1.727172651173635755e-03,5.622685989699096644e-03,8.845595210384432638e-01,-8.836938179911506097e+00,2.000000000000000000e+01,7.383729332255187239e-02,0.000000000000000000e+00,0.000000000000000000e+00,0.000000000000000000e+00,0.000000000000000000e+00,0.000000000000000000e+00,0.000000000000000000e+00,1.780000000000000000e+02,7.169064911230298094e+02,3.826669717449023551e+02,2.111700000000000000e+06,1.383099999999999885e-01,-1.306195229999993899e+02,1.000000000000000000e+00
1.703695423214366842e-03,5.554355658864651608e-03,8.308612424636361293e-01,-8.903527340861719708e+00,2.000000000000000000e+01,7.365869852086798231e-02,0.000000000000000000e+00,0.000000000000000000e+00,0.000000000000000000e+00,0.000000000000000000e+00,0.000000000000000000e+00,0.000000000000000000e+00,1.790000000000000000e+02,7.137844510787781473e+02,3.840976058921849017e+02,2.111500000000000000e+06,1.574500000000000066e-01,-1.828391999999920756e+02,1.000000000000000000e+00
1.922029818463181355e-03,3.922667364291693506e-03,1.055521910120795992e+00,-2.299151181458498172e+00,2.000000000000000000e+01,6.985142934162123785e-02,0.000000000000000000e+00,0.000000000000000000e+00,0.000000000000000000e+00,0.000000000000000000e+00,0.000000000000000000e+00,0.000000000000000000e+00,1.800000000000000000e+02,2.519953642991540619e+03,2.405833569076508240e+02,2.119700000000000000e+06,2.419199999999999962e-01,-4.338244000000432266e+02,1.000000000000000000e+00
1.745023843462798147e-03,4.818091822901755458e-03,1.343498542225658454e+00,-8.813638065994373605e+00,2.000000000000000000e+01,8.350464303654198117e-02,0.000000000000000000e+00,0.000000000000000000e+00,0.000000000000000000e+00,0.000000000000000000e+00,0.000000000000000000e+00,0.000000000000000000e+00,1.810000000000000000e+02,8.955993425078436303e+02,3.637129915589917459e+02,2.112400000000000000e+06,2.087100000000000066e-01,-1.679959560000074248e+02,1.000000000000000000e+00
1.494258342571534335e-03,5.052367865034532168e-03,6.210107716547881296e-01,-2.818189695953406293e+00,2.000000000000000000e+01,6.930945572961741408e-02,0.000000000000000000e+00,0.000000000000000000e+00,0.000000000000000000e+00,0.000000000000000000e+00,0.000000000000000000e+00,0.000000000000000000e+00,1.820000000000000000e+02,2.546125523158362739e+03,2.345388577085718396e+02,2.119700000000000000e+06,1.859599999999999864e-01,-3.245296009999723879e+02,1.000000000000000000e+00
1.758196203644092105e-03,5.566216175315159657e-03,8.762556600336623980e-01,-9.092241810936277702e+00,2.000000000000000000e+01,7.321018709916599088e-02,0.000000000000000000e+00,0.000000000000000000e+00,0.000000000000000000e+00,0.000000000000000000e+00,0.000000000000000000e+00,0.000000000000000000e+00,1.830000000000000000e+02,6.806383293592948576e+02,3.892622117851351504e+02,2.111200000000000000e+06,1.876500000000000112e-01,-2.362166000000192412e+02,1.000000000000000000e+00
1.523490263585003824e-03,5.144267657869273924e-03,7.404621450898974944e-01,-6.084644121003241146e+00,2.000000000000000000e+01,7.985707902015025395e-02,0.000000000000000000e+00,0.000000000000000000e+00,0.000000000000000000e+00,0.000000000000000000e+00,0.000000000000000000e+00,0.000000000000000000e+00,1.840000000000000000e+02,1.555427999372231398e+03,3.173967023065379180e+02,2.116200000000000000e+06,2.077299999999999980e-01,-3.940375679999451108e+02,1.000000000000000000e+00
1.693208349569280940e-03,5.478756534639020112e-03,7.779818205216366689e-01,-6.080898260602981331e+00,2.000000000000000000e+01,7.367179917004806899e-02,0.000000000000000000e+00,0.000000000000000000e+00,0.000000000000000000e+00,0.000000000000000000e+00,0.000000000000000000e+00,0.000000000000000000e+00,1.850000000000000000e+02,1.516788903861032622e+03,3.190935967465503040e+02,2.116100000000000000e+06,1.705099999999999949e-01,-2.305852379999889479e+02,1.000000000000000000e+00
1.741993617472649240e-03,5.432840233652314055e-03,7.808154104823983310e-01,-6.457779713396607946e+00,2.000000000000000000e+01,7.401522020733612706e-02,0.000000000000000000e+00,0.000000000000000000e+00,0.000000000000000000e+00,0.000000000000000000e+00,0.000000000000000000e+00,0.000000000000000000e+00,1.860000000000000000e+02,1.413557909509160709e+03,3.288459927271344441e+02,2.115500000000000000e+06,1.473800000000000110e-01,-1.818077769999900966e+02,1.000000000000000000e+00
1.607380373129795124e-03,5.114766224978547701e-03,7.367105416858605871e-01,-5.648025242927693590e+00,2.000000000000000000e+01,7.480700953115604346e-02,0.000000000000000000e+00,0.000000000000000000e+00,0.000000000000000000e+00,0.000000000000000000e+00,0.000000000000000000e+00,0.000000000000000000e+00,1.870000000000000000e+02,1.649831493503883166e+03,3.077766319827500752e+02,2.116700000000000000e+06,1.134600000000000053e-01,-1.150619160000044303e+02,1.000000000000000000e+00
1.711314752034042699e-03,5.537527060813448448e-03,8.365661210554129479e-01,-5.859574803862926728e+00,2.000000000000000000e+01,7.330760897307783686e-02,0.000000000000000000e+00,0.000000000000000000e+00,0.000000000000000000e+00,0.000000000000000000e+00,0.000000000000000000e+00,0.000000000000000000e+00,1.880000000000000000e+02,1.573830287905288742e+03,3.141711247105493499e+02,2.116400000000000000e+06,1.908400000000000096e-01,-2.544812460000225087e+02,1.000000000000000000e+00
1.866095431034131254e-03,5.736473392941819453e-03,9.112135325490284821e-01,-1.123875518619624359e+01,2.000000000000000000e+01,7.186764665135708663e-02,0.000000000000000000e+00,0.000000000000000000e+00,0.000000000000000000e+00,0.000000000000000000e+00,0.000000000000000000e+00,0.000000000000000000e+00,1.890000000000000000e+02,5.533159663373113517e+02,4.328183586529603417e+02,2.107200000000000000e+06,4.412599999999999856e-01,-1.136642799999618092e+03,1.000000000000000000e+00
1.627160540854736322e-03,5.736943069008789559e-03,8.264349951452401033e-01,-8.498735447866531345e+00,2.000000000000000000e+01,7.394297814487013620e-02,0.000000000000000000e+00,0.000000000000000000e+00,0.000000000000000000e+00,0.000000000000000000e+00,0.000000000000000000e+00,0.000000000000000000e+00,1.900000000000000000e+02,7.839179721540821220e+02,3.760456994013208600e+02,2.112300000000000000e+06,1.363499999999999990e-01,-1.360163640000012322e+02,1.000000000000000000e+00
1.627901560729986489e-03,5.183212314377683150e-03,8.997215802737116297e-01,-9.294520228738548440e+00,2.000000000000000000e+01,6.977621038095101202e-02,0.000000000000000000e+00,0.000000000000000000e+00,0.000000000000000000e+00,0.000000000000000000e+00,0.000000000000000000e+00,0.000000000000000000e+00,1.910000000000000000e+02,7.834026660678246117e+02,3.760912021425757530e+02,2.112300000000000000e+06,1.980300000000000116e-01,-2.455040550000175301e+02,1.000000000000000000e+00
2.182144086181269163e-03,4.469466626996360277e-03,1.058826913145907600e+00,-8.503843523798302328e+00,2.000000000000000000e+01,6.721445085412985909e-02,0.000000000000000000e+00,0.000000000000000000e+00,0.000000000000000000e+00,0.000000000000000000e+00,0.000000000000000000e+00,0.000000000000000000e+00,1.920000000000000000e+02,7.770563739769395397e+02,3.761902025081514580e+02,2.111900000000000000e+06,1.133300000000000002e-01,-7.738791199999889159e+01,1.000000000000000000e+00
1.882313760195571464e-03,4.954131863014994176e-03,1.032349683046126509e+00,-8.245771309407590621e+00,2.000000000000000000e+01,6.851062985100565828e-02,0.000000000000000000e+00,0.000000000000000000e+00,0.000000000000000000e+00,0.000000000000000000e+00,0.000000000000000000e+00,0.000000000000000000e+00,1.930000000000000000e+02,8.359344538704488059e+02,3.703692586141565926e+02,2.112100000000000000e+06,1.980699999999999961e-01,-1.727039489999971806e+02,1.000000000000000000e+00
1.724717441436432073e-03,5.574224368286045776e-03,1.048381436831378188e+00,-1.073602224294430485e+01,2.000000000000000000e+01,7.784398306037222659e-02,0.000000000000000000e+00,0.000000000000000000e+00,0.000000000000000000e+00,0.000000000000000000e+00,0.000000000000000000e+00,0.000000000000000000e+00,1.940000000000000000e+02,5.747974090467214410e+02,4.152988790660114091e+02,2.108800000000000000e+06,1.537900000000000100e-01,-1.401839999999982069e+02,1.000000000000000000e+00
2.037160297456971046e-03,5.167579851649785685e-03,1.089879564991832694e+00,-5.803592314629062443e+00,2.000000000000000000e+01,6.808510577760543137e-02,0.000000000000000000e+00,0.000000000000000000e+00,0.000000000000000000e+00,0.000000000000000000e+00,0.000000000000000000e+00,0.000000000000000000e+00,1.950000000000000000e+02,1.604827719011424051e+03,3.125572762566166602e+02,2.116100000000000000e+06,1.517499999999999960e-01,-1.170596000000052612e+02,1.000000000000000000e+00
1.581719925836693862e-03,5.169867823014773385e-03,5.840001622428329098e-01,-4.972512858521749735e+00,2.000000000000000000e+01,6.719941100346786544e-02,0.000000000000000000e+00,0.000000000000000000e+00,0.000000000000000000e+00,0.000000000000000000e+00,0.000000000000000000e+00,0.000000000000000000e+00,1.960000000000000000e+02,1.695947738393974532e+03,3.040184225806248151e+02,2.117000000000000000e+06,1.909399999999999986e-01,-3.721829999999641814e+02,1.000000000000000000e+00
2.523305967594249508e-03,3.643596952069298213e-03,6.302235659787369659e-01,-1.828787434319927296e+00,2.000000000000000000e+01,7.443598445925148077e-02,0.000000000000000000e+00,0.000000000000000000e+00,0.000000000000000000e+00,0.000000000000000000e+00,0.000000000000000000e+00,0.000000000000000000e+00,1.970000000000000000e+02,3.113728693058252247e+03,2.105516128817629351e+02,2.120500000000000000e+06,2.615500000000000047e-01,-8.517647999997800525e+02,1.000000000000000000e+00
2.633877630931710269e-03,3.469316981950335346e-03,6.875843273668215128e-01,-1.699575146999528164e+00,2.000000000000000000e+01,6.593217154440031424e-02,0.000000000000000000e+00,0.000000000000000000e+00,0.000000000000000000e+00,0.000000000000000000e+00,0.000000000000000000e+00,0.000000000000000000e+00,1.980000000000000000e+02,3.288085574051274307e+03,2.079788758232479893e+02,2.120300000000000000e+06,6.689799999999999913e-02,-7.348860000000119896e+01,1.000000000000000000e+00
1.645880124523364015e-03,4.966953731680242082e-03,7.141411624165616701e-01,-4.527886353606614733e+00,2.000000000000000000e+01,7.378871304814926813e-02,0.000000000000000000e+00,0.000000000000000000e+00,0.000000000000000000e+00,0.000000000000000000e+00,0.000000000000000000e+00,0.000000000000000000e+00,1.990000000000000000e+02,1.996271482742666194e+03,2.801940895396499513e+02,2.118000000000000000e+06,1.795400000000000051e-01,-2.787792269999685573e+02,1.000000000000000000e+00
