1.903138695459639061e-03,4.978637868208747250e-03,4.126166704775278138e-01,2.589993470009330334e+00,2.000000000000000000e+01,7.380069264895219860e-02,0.000000000000000000e+00,0.000000000000000000e+00,0.000000000000000000e+00,0.000000000000000000e+00,0.000000000000000000e+00,0.000000000000000000e+00,0.000000000000000000e+00,5.213096503396264779e+03,1.381830716020471641e+02,2.119600000000000000e+06,3.749399999999999955e-01,-1.650653526000441161e+03,1.000000000000000000e+00
3.427674828771281983e-03,3.948077204231717832e-03,7.561691715417795390e-01,2.454123538104756808e+00,2.000000000000000000e+01,7.140031533688274978e-02,0.000000000000000000e+00,0.000000000000000000e+00,0.000000000000000000e+00,0.000000000000000000e+00,0.000000000000000000e+00,0.000000000000000000e+00,1.000000000000000000e+00,4.672072728420701424e+03,1.381834771173181480e+02,2.120100000000000000e+06,4.614599999999999813e-01,-2.134055500000098618e+03,1.000000000000000000e+00
2.031687215325819144e-03,4.408409579476075917e-03,8.117450427816811365e-01,2.577837052910937565e+00,2.000000000000000000e+01,7.284568464597487858e-02,0.000000000000000000e+00,0.000000000000000000e+00,0.000000000000000000e+00,0.000000000000000000e+00,0.000000000000000000e+00,0.000000000000000000e+00,2.000000000000000000e+00,4.398361502887943061e+03,1.381835263298751784e+02,2.119900000000000000e+06,2.733200000000000074e-01,-5.778979560000344691e+02,1.000000000000000000e+00
2.696776953337984631e-03,3.128854742595570896e-03,7.317915185479619833e-01,2.610890618303463473e+00,2.000000000000000000e+01,7.370326681146863179e-02,0.000000000000000000e+00,0.000000000000000000e+00,0.000000000000000000e+00,0.000000000000000000e+00,0.000000000000000000e+00,0.000000000000000000e+00,3.000000000000000000e+00,4.004044980366723394e+03,1.381861730787641989e+02,2.120100000000000000e+06,2.925699999999999967e-01,-8.942352999998099676e+02,1.000000000000000000e+00
2.435926518106031752e-03,2.485623805170088328e-03,6.930746787678462306e-01,2.560185324778462945e+00,2.000000000000000000e+01,7.476803549699159723e-02,0.000000000000000000e+00,0.000000000000000000e+00,0.000000000000000000e+00,0.000000000000000000e+00,0.000000000000000000e+00,0.000000000000000000e+00,4.000000000000000000e+00,3.925392870184532512e+03,1.381872107507784619e+02,2.120100000000000000e+06,1.805499999999999883e-01,-3.839135999999641626e+02,1.000000000000000000e+00
3.558052698127153659e-03,2.908844393644730800e-03,1.292151016781512229e+00,2.493807050974937045e+00,2.000000000000000000e+01,7.223042576488006294e-02,0.000000000000000000e+00,0.000000000000000000e+00,0.000000000000000000e+00,0.000000000000000000e+00,0.000000000000000000e+00,0.000000000000000000e+00,5.000000000000000000e+00,3.830553625528484645e+03,1.382344389947924128e+02,2.120500000000000000e+06,4.484799999999999898e-01,-1.005727999999994154e+03,1.000000000000000000e+00
2.379627443362585838e-03,3.737447636690120843e-03,1.240372503522991332e+00,7.283499795158521195e-01,2.000000000000000000e+01,7.200869405486062802e-02,0.000000000000000000e+00,0.000000000000000000e+00,0.000000000000000000e+00,0.000000000000000000e+00,0.000000000000000000e+00,0.000000000000000000e+00,6.000000000000000000e+00,3.310180813744742409e+03,1.553403934122025021e+02,2.120900000000000000e+06,4.616999999999999993e-01,-8.405331350001513329e+02,1.000000000000000000e+00
1.066735715061746005e-03,1.625198760915415319e-03,6.284207701509247901e-01,1.517407158009493884e+00,2.000000000000000000e+01,7.048632856382376632e-02,0.000000000000000000e+00,0.000000000000000000e+00,0.000000000000000000e+00,0.000000000000000000e+00,0.000000000000000000e+00,0.000000000000000000e+00,7.000000000000000000e+00,3.339138210177802193e+03,1.441420077627831233e+02,2.120500000000000000e+06,3.333999999999999742e-01,-5.455622130001585219e+02,1.000000000000000000e+00
5.556123571040076387e-04,3.355900744307529875e-03,4.350898292190373828e-01,1.899999104676579398e+00,2.000000000000000000e+01,7.046948519140988632e-02,0.000000000000000000e+00,0.000000000000000000e+00,0.000000000000000000e+00,0.000000000000000000e+00,0.000000000000000000e+00,0.000000000000000000e+00,8.000000000000000000e+00,3.345099435783400168e+03,1.414068934349543554e+02,2.120300000000000000e+06,8.417499999999999982e-02,-5.607500700000161942e+01,1.000000000000000000e+00
1.452872392828527971e-03,3.044027842395628878e-03,7.068048672376429087e-01,2.146096552311583139e+00,2.000000000000000000e+01,7.425282386255331601e-02,0.000000000000000000e+00,0.000000000000000000e+00,0.000000000000000000e+00,0.000000000000000000e+00,0.000000000000000000e+00,0.000000000000000000e+00,9.000000000000000000e+00,3.522838432448312687e+03,1.392088616301796549e+02,2.120300000000000000e+06,1.440800000000000136e-01,-1.738260370000043906e+02,1.000000000000000000e+00
1.335972300999704269e-03,1.126228015644802896e-03,7.252336623299011631e-01,2.849485417949473298e-01,2.000000000000000000e+01,7.377998254560561020e-02,0.000000000000000000e+00,0.000000000000000000e+00,0.000000000000000000e+00,0.000000000000000000e+00,0.000000000000000000e+00,0.000000000000000000e+00,1.000000000000000000e+01,2.859393057942302221e+03,1.624343157934981718e+02,2.121000000000000000e+06,8.417900000000000382e-02,-6.628674700000094333e+01,1.000000000000000000e+00
1.005754406202461404e-03,2.140051680717753018e-03,8.494963328962311655e-01,-4.508436466756589045e-01,2.000000000000000000e+01,7.481871556290072001e-02,0.000000000000000000e+00,0.000000000000000000e+00,0.000000000000000000e+00,0.000000000000000000e+00,0.000000000000000000e+00,0.000000000000000000e+00,1.100000000000000000e+01,2.646702156762786217e+03,1.797039220100648151e+02,2.120900000000000000e+06,3.865999999999999992e-01,-5.168201999998709653e+02,1.000000000000000000e+00
1.507037082167922339e-03,3.221368854392832153e-03,1.232555410123219009e+00,-1.305854594383367484e+00,2.000000000000000000e+01,6.925809303740960987e-02,0.000000000000000000e+00,0.000000000000000000e+00,0.000000000000000000e+00,0.000000000000000000e+00,0.000000000000000000e+00,0.000000000000000000e+00,1.200000000000000000e+01,2.617367525693976859e+03,1.983950086140043823e+02,2.120500000000000000e+06,2.564500000000000113e-01,-1.890267789999942067e+02,1.000000000000000000e+00
1.425739042166123110e-03,3.773454497415721330e-03,1.456014286587370199e+00,-2.262561175491470511e+00,2.000000000000000000e+01,7.009698240417311377e-02,0.000000000000000000e+00,0.000000000000000000e+00,0.000000000000000000e+00,0.000000000000000000e+00,0.000000000000000000e+00,0.000000000000000000e+00,1.300000000000000000e+01,2.417985680758257786e+03,2.205675660406002976e+02,2.120100000000000000e+06,2.074699999999999878e-01,-1.008858690000033249e+02,1.000000000000000000e+00
1.340500821502357137e-03,3.787464286620364530e-03,1.314376079015794563e+00,-2.463125878016160453e+00,2.000000000000000000e+01,7.264986159460232185e-02,0.000000000000000000e+00,0.000000000000000000e+00,0.000000000000000000e+00,0.000000000000000000e+00,0.000000000000000000e+00,0.000000000000000000e+00,1.400000000000000000e+01,2.230600941912343387e+03,2.271463993248780469e+02,2.120000000000000000e+06,2.077199999999999880e-01,-1.089338999999981183e+02,1.000000000000000000e+00
1.666553818345890489e-03,4.518731473565582371e-03,7.775685560022882470e-01,-3.659417743629662656e+00,2.000000000000000000e+01,7.360154190435466703e-02,0.000000000000000000e+00,0.000000000000000000e+00,0.000000000000000000e+00,0.000000000000000000e+00,0.000000000000000000e+00,0.000000000000000000e+00,1.500000000000000000e+01,2.218404012758080171e+03,2.581026484716175560e+02,2.119000000000000000e+06,1.856399999999999995e-01,-2.635542810000224563e+02,1.000000000000000000e+00
1.548445020056320610e-03,4.309875116556800140e-03,7.487671173170999950e-01,-3.709242678647119540e+00,2.000000000000000000e+01,7.385430349779904813e-02,0.000000000000000000e+00,0.000000000000000000e+00,0.000000000000000000e+00,0.000000000000000000e+00,0.000000000000000000e+00,0.000000000000000000e+00,1.600000000000000000e+01,2.152217344451508779e+03,2.592220796311721642e+02,2.119000000000000000e+06,1.678399999999999892e-01,-2.190936000000135664e+02,1.000000000000000000e+00
1.488078553101636206e-03,4.072010789527988166e-03,7.111262128616379075e-01,-3.473659756324091408e+00,2.000000000000000000e+01,7.978304721019136014e-02,0.000000000000000000e+00,0.000000000000000000e+00,0.000000000000000000e+00,0.000000000000000000e+00,0.000000000000000000e+00,0.000000000000000000e+00,1.700000000000000000e+01,2.151777103891749903e+03,2.609764202230888372e+02,2.118900000000000000e+06,1.716600000000000070e-01,-2.490873950000151638e+02,1.000000000000000000e+00
1.491393037124324594e-03,4.475074156375750782e-03,1.354224586473604441e+00,-4.832312192129658790e+00,2.000000000000000000e+01,7.083232585985885232e-02,0.000000000000000000e+00,0.000000000000000000e+00,0.000000000000000000e+00,0.000000000000000000e+00,0.000000000000000000e+00,0.000000000000000000e+00,1.800000000000000000e+01,1.595959503391023190e+03,2.924790911519314704e+02,2.117700000000000000e+06,3.668600000000000194e-01,-3.909184000000494166e+02,1.000000000000000000e+00
1.883773958861358414e-03,5.262645526928872754e-03,1.132884046352039320e+00,-1.072828408498671493e+01,2.000000000000000000e+01,7.204350880694522508e-02,0.000000000000000000e+00,0.000000000000000000e+00,0.000000000000000000e+00,0.000000000000000000e+00,0.000000000000000000e+00,0.000000000000000000e+00,1.900000000000000000e+01,4.804594082137795112e+02,4.225923729810600662e+02,2.108300000000000000e+06,3.320000000000000173e-01,-4.527880000000143355e+02,1.000000000000000000e+00
1.701804820568186653e-03,3.375629689344632808e-03,7.820918249966443137e-01,-4.275985238848293513e+00,2.000000000000000000e+01,7.257054914236421572e-02,0.000000000000000000e+00,0.000000000000000000e+00,0.000000000000000000e+00,0.000000000000000000e+00,0.000000000000000000e+00,0.000000000000000000e+00,2.000000000000000000e+01,2.070065353633824543e+03,2.635563517383472458e+02,2.118900000000000000e+06,2.265199999999999991e-01,-3.380129999999642791e+02,1.000000000000000000e+00
2.102395658497711612e-03,2.024042224159036587e-03,1.423916821940851785e+00,-3.743775374834657832e+00,2.000000000000000000e+01,6.352693019467009483e-02,0.000000000000000000e+00,0.000000000000000000e+00,0.000000000000000000e+00,0.000000000000000000e+00,0.000000000000000000e+00,0.000000000000000000e+00,2.100000000000000000e+01,1.998548868061472831e+03,2.667260142701780410e+02,2.119000000000000000e+06,2.645000000000000129e-01,-2.130808770000106165e+02,1.000000000000000000e+00
1.810784780207131068e-03,4.064821651120272862e-03,1.206090490875457943e+00,-6.340129613816379184e+00,2.000000000000000000e+01,6.243123380928485705e-02,0.000000000000000000e+00,0.000000000000000000e+00,0.000000000000000000e+00,0.000000000000000000e+00,0.000000000000000000e+00,0.000000000000000000e+00,2.200000000000000000e+01,1.168254062498134317e+03,3.259453404661440459e+02,2.115700000000000000e+06,1.263100000000000056e-01,-6.820315900000024101e+01,1.000000000000000000e+00
1.660597550959191666e-03,4.356949824717602088e-03,9.519022493728890311e-01,-5.308668127383254109e+00,2.000000000000000000e+01,6.684788012873553453e-02,0.000000000000000000e+00,0.000000000000000000e+00,0.000000000000000000e+00,0.000000000000000000e+00,0.000000000000000000e+00,0.000000000000000000e+00,2.300000000000000000e+01,1.534541767180111265e+03,3.003605794944487570e+02,2.117000000000000000e+06,9.958000000000000185e-02,-5.752631300000096104e+01,1.000000000000000000e+00
1.555238871457268130e-03,5.118883280419840413e-03,9.330477998259791850e-01,-7.613286441553668737e+00,2.000000000000000000e+01,6.672708531876933580e-02,0.000000000000000000e+00,0.000000000000000000e+00,0.000000000000000000e+00,0.000000000000000000e+00,0.000000000000000000e+00,0.000000000000000000e+00,2.400000000000000000e+01,8.697080368746516115e+02,3.562837277821631687e+02,2.113300000000000000e+06,1.013099999999999973e-01,-5.696446700000073093e+01,1.000000000000000000e+00
1.433933046190628662e-03,4.553235878173121989e-03,9.494620139258753699e-01,-5.799579918649572896e+00,2.000000000000000000e+01,7.241391923543415154e-02,0.000000000000000000e+00,0.000000000000000000e+00,0.000000000000000000e+00,0.000000000000000000e+00,0.000000000000000000e+00,0.000000000000000000e+00,2.500000000000000000e+01,1.500553799289771177e+03,3.047102103248674894e+02,2.116600000000000000e+06,1.148900000000000060e-01,-6.885645300000018665e+01,1.000000000000000000e+00
1.548050796484944005e-03,4.476742451211926030e-03,1.060723608060003542e+00,-7.740657521719669809e+00,2.000000000000000000e+01,6.789866251127267549e-02,0.000000000000000000e+00,0.000000000000000000e+00,0.000000000000000000e+00,0.000000000000000000e+00,0.000000000000000000e+00,0.000000000000000000e+00,2.600000000000000000e+01,7.794977708544740835e+02,3.586750798512273377e+02,2.113300000000000000e+06,1.455700000000000049e-01,-8.823600000000159582e+01,1.000000000000000000e+00
1.596112893392572169e-03,5.493213103623139845e-03,9.609708051549343821e-01,-1.039303931882849419e+01,2.000000000000000000e+01,7.211261873802059241e-02,0.000000000000000000e+00,0.000000000000000000e+00,0.000000000000000000e+00,0.000000000000000000e+00,0.000000000000000000e+00,0.000000000000000000e+00,2.700000000000000000e+01,4.875957306994762916e+02,4.159283781355147198e+02,2.109000000000000000e+06,3.438300000000000245e-01,-5.563123999999726266e+02,1.000000000000000000e+00
1.420947826180346020e-03,4.385516207089684704e-03,9.034665159185517602e-01,-6.235199887859545598e+00,2.000000000000000000e+01,6.789921658135400495e-02,0.000000000000000000e+00,0.000000000000000000e+00,0.000000000000000000e+00,0.000000000000000000e+00,0.000000000000000000e+00,0.000000000000000000e+00,2.800000000000000000e+01,1.244820904759479163e+03,3.229070711819204007e+02,2.115700000000000000e+06,1.392799999999999871e-01,-1.000391040000031921e+02,1.000000000000000000e+00
1.485485230731387486e-03,1.842132953411821945e-03,1.387104164904646053e+00,-6.571117159309203259e+00,2.000000000000000000e+01,6.826518908764998839e-02,0.000000000000000000e+00,0.000000000000000000e+00,0.000000000000000000e+00,0.000000000000000000e+00,0.000000000000000000e+00,0.000000000000000000e+00,2.900000000000000000e+01,1.157018123341630371e+03,3.315951555188812563e+02,2.115800000000000000e+06,1.650399999999999923e-01,-6.628049999999943509e+01,1.000000000000000000e+00
1.737643348271657260e-03,4.684038298245177430e-03,9.604257004320932989e-01,-8.010047415378052094e+00,2.000000000000000000e+01,6.310309285826508352e-02,0.000000000000000000e+00,0.000000000000000000e+00,0.000000000000000000e+00,0.000000000000000000e+00,0.000000000000000000e+00,0.000000000000000000e+00,3.000000000000000000e+01,8.771840484794095119e+02,3.510299914528783347e+02,2.113800000000000000e+06,9.376500000000000112e-02,-5.258260000000067436e+01,1.000000000000000000e+00
2.885623883561654317e-03,3.458118680716909532e-03,1.320869049470939416e+00,-4.008081631793870336e+00,2.000000000000000000e+01,7.259469470667063995e-02,0.000000000000000000e+00,0.000000000000000000e+00,0.000000000000000000e+00,0.000000000000000000e+00,0.000000000000000000e+00,0.000000000000000000e+00,3.100000000000000000e+01,1.982594848011966633e+03,2.692327492932564610e+02,2.118700000000000000e+06,1.062799999999999995e-01,-5.658554000000000173e+01,1.000000000000000000e+00
1.453670600823662529e-03,4.964694068363961592e-03,1.251818819974678698e+00,-4.740648653342843133e+00,2.000000000000000000e+01,6.507170089441691174e-02,0.000000000000000000e+00,0.000000000000000000e+00,0.000000000000000000e+00,0.000000000000000000e+00,0.000000000000000000e+00,0.000000000000000000e+00,3.200000000000000000e+01,1.663718990309999754e+03,2.902292986062702198e+02,2.117900000000000000e+06,4.868700000000000250e-01,-6.997115510000193126e+02,1.000000000000000000e+00
1.364133347833500296e-03,4.381656684151868236e-03,9.533246759086497768e-01,-5.965221369592779155e+00,2.000000000000000000e+01,7.702222908530929890e-02,0.000000000000000000e+00,0.000000000000000000e+00,0.000000000000000000e+00,0.000000000000000000e+00,0.000000000000000000e+00,0.000000000000000000e+00,3.300000000000000000e+01,1.489239783079254266e+03,3.064689278770878218e+02,2.116900000000000000e+06,1.404799999999999938e-01,-1.063473129999956797e+02,1.000000000000000000e+00
1.816346699502478660e-03,4.991657389611139396e-03,9.417918143867757275e-01,-1.002358742341287190e+01,2.000000000000000000e+01,6.043480578862675534e-02,0.000000000000000000e+00,0.000000000000000000e+00,0.000000000000000000e+00,0.000000000000000000e+00,0.000000000000000000e+00,0.000000000000000000e+00,3.400000000000000000e+01,7.175248693499904675e+02,3.773531252486714607e+02,2.111700000000000000e+06,1.058299999999999935e-01,-6.995669999999986999e+01,1.000000000000000000e+00
1.676801476359338593e-03,4.752439860766232392e-03,9.789257934232157288e-01,-7.596145649398249766e+00,2.000000000000000000e+01,6.928058053420758922e-02,0.000000000000000000e+00,0.000000000000000000e+00,0.000000000000000000e+00,0.000000000000000000e+00,0.000000000000000000e+00,0.000000000000000000e+00,3.500000000000000000e+01,7.408296653203411779e+02,3.667124317694089655e+02,2.112700000000000000e+06,1.765400000000000025e-01,-1.240634999999961536e+02,1.000000000000000000e+00
1.627893909842420637e-03,3.888847860330090118e-03,8.926245772707581683e-01,-5.674591015927885174e+00,2.000000000000000000e+01,6.694902100498878461e-02,0.000000000000000000e+00,0.000000000000000000e+00,0.000000000000000000e+00,0.000000000000000000e+00,0.000000000000000000e+00,0.000000000000000000e+00,3.600000000000000000e+01,1.417703032118272404e+03,3.085080407759201648e+02,2.116600000000000000e+06,1.004599999999999937e-01,-6.474053100000023164e+01,1.000000000000000000e+00
1.475101149630052202e-03,4.982544186949981746e-03,8.909919985364838091e-01,-5.837364454317928164e+00,2.000000000000000000e+01,6.677800013042176075e-02,0.000000000000000000e+00,0.000000000000000000e+00,0.000000000000000000e+00,0.000000000000000000e+00,0.000000000000000000e+00,0.000000000000000000e+00,3.700000000000000000e+01,1.390415590970556877e+03,3.135524086419591185e+02,2.116100000000000000e+06,1.004799999999999999e-01,-5.855789700000109121e+01,1.000000000000000000e+00
1.781567092369497861e-03,4.079874189576219133e-03,1.127445771670945396e+00,-9.599787872265938660e+00,2.000000000000000000e+01,6.695865779723425559e-02,0.000000000000000000e+00,0.000000000000000000e+00,0.000000000000000000e+00,0.000000000000000000e+00,0.000000000000000000e+00,0.000000000000000000e+00,3.800000000000000000e+01,4.991951474620575482e+02,4.000776701345704396e+02,2.109900000000000000e+06,1.119099999999999956e-01,-5.500440000000096319e+01,1.000000000000000000e+00
1.531739892169884038e-03,3.636151886604183092e-03,1.096813214040837536e+00,-6.853317617733032385e+00,2.000000000000000000e+01,7.192229495290157482e-02,0.000000000000000000e+00,0.000000000000000000e+00,0.000000000000000000e+00,0.000000000000000000e+00,0.000000000000000000e+00,0.000000000000000000e+00,3.900000000000000000e+01,9.715497574016337694e+02,3.350281739712181661e+02,2.115000000000000000e+06,1.219699999999999951e-01,-6.035965800000175818e+01,1.000000000000000000e+00
1.372336387053826098e-03,4.678076613193655336e-03,8.880017103790180943e-01,-5.997375024496704121e+00,2.000000000000000000e+01,6.732150404774307761e-02,0.000000000000000000e+00,0.000000000000000000e+00,0.000000000000000000e+00,0.000000000000000000e+00,0.000000000000000000e+00,0.000000000000000000e+00,4.000000000000000000e+01,1.299220386504513499e+03,3.173768901588819062e+02,2.116000000000000000e+06,1.154599999999999932e-01,-7.148067900000167185e+01,1.000000000000000000e+00
1.605740212485936213e-03,3.888361655471412291e-03,8.811135793927973303e-01,-5.852373207183218184e+00,2.000000000000000000e+01,6.676765217434704747e-02,0.000000000000000000e+00,0.000000000000000000e+00,0.000000000000000000e+00,0.000000000000000000e+00,0.000000000000000000e+00,0.000000000000000000e+00,4.100000000000000000e+01,1.359316992956392596e+03,3.139736148603747097e+02,2.116400000000000000e+06,9.584299999999999764e-02,-5.942162999999926143e+01,1.000000000000000000e+00
1.510956106738185929e-03,4.812908003237430579e-03,9.028947039862713630e-01,-7.182088246810870658e+00,2.000000000000000000e+01,6.720288114270883684e-02,0.000000000000000000e+00,0.000000000000000000e+00,0.000000000000000000e+00,0.000000000000000000e+00,0.000000000000000000e+00,0.000000000000000000e+00,4.200000000000000000e+01,9.513764742534203833e+02,3.461465394785393528e+02,2.114100000000000000e+06,1.135700000000000043e-01,-7.252847999999825390e+01,1.000000000000000000e+00
1.661532854223629835e-03,5.350477205187196411e-03,1.076793175220839061e+00,-9.572657496395311938e+00,2.000000000000000000e+01,7.210660364868759498e-02,0.000000000000000000e+00,0.000000000000000000e+00,0.000000000000000000e+00,0.000000000000000000e+00,0.000000000000000000e+00,0.000000000000000000e+00,4.300000000000000000e+01,5.440858140667780845e+02,3.994183212065750581e+02,2.110700000000000000e+06,3.203900000000000081e-01,-4.177714000000813144e+02,1.000000000000000000e+00
1.720501316936132652e-03,4.833981257517677536e-03,1.123476865736029229e+00,-9.848484325230163705e+00,2.000000000000000000e+01,7.292888903456423710e-02,0.000000000000000000e+00,0.000000000000000000e+00,0.000000000000000000e+00,0.000000000000000000e+00,0.000000000000000000e+00,0.000000000000000000e+00,4.400000000000000000e+01,5.758009066653413583e+02,3.992625432832481920e+02,2.110400000000000000e+06,1.539500000000000035e-01,-1.162981319999963716e+02,1.000000000000000000e+00
1.421355205877495621e-03,3.875380510307540466e-03,8.904496918444215758e-01,-4.122398045862457394e+00,2.000000000000000000e+01,7.400261377614990310e-02,0.000000000000000000e+00,0.000000000000000000e+00,0.000000000000000000e+00,0.000000000000000000e+00,0.000000000000000000e+00,0.000000000000000000e+00,4.500000000000000000e+01,1.929568242271227064e+03,2.703814698031355874e+02,2.118600000000000000e+06,1.365399999999999947e-01,-1.041126660000036566e+02,1.000000000000000000e+00
1.579703566074386160e-03,4.134488421248213794e-03,8.710473216005085728e-01,-4.390178345039774221e+00,2.000000000000000000e+01,6.675860149329387871e-02,0.000000000000000000e+00,0.000000000000000000e+00,0.000000000000000000e+00,0.000000000000000000e+00,0.000000000000000000e+00,0.000000000000000000e+00,4.600000000000000000e+01,1.841768799076614641e+03,2.761052425327686706e+02,2.118100000000000000e+06,9.526999999999999358e-02,-5.930304199999823567e+01,1.000000000000000000e+00
1.595880936930056150e-03,3.836302958938668690e-03,9.343555568647623488e-01,-8.684880210795759226e+00,2.000000000000000000e+01,6.645628720955083779e-02,0.000000000000000000e+00,0.000000000000000000e+00,0.000000000000000000e+00,0.000000000000000000e+00,0.000000000000000000e+00,0.000000000000000000e+00,4.700000000000000000e+01,6.415311666675048627e+02,3.802811885080877801e+02,2.111800000000000000e+06,9.247500000000000164e-02,-5.016760000000090969e+01,1.000000000000000000e+00
2.445614681933622886e-03,3.535192343855139609e-03,1.325290301945789562e+00,-4.703127125777907480e+00,2.000000000000000000e+01,7.192426380320184054e-02,0.000000000000000000e+00,0.000000000000000000e+00,0.000000000000000000e+00,0.000000000000000000e+00,0.000000000000000000e+00,0.000000000000000000e+00,4.800000000000000000e+01,1.805846163994488734e+03,2.848276295169600303e+02,2.118000000000000000e+06,1.068400000000000044e-01,-5.640029999999951826e+01,1.000000000000000000e+00
1.756649672467456387e-03,5.421799038428011357e-03,1.053615315044608813e+00,-9.435552543201858100e+00,2.000000000000000000e+01,7.325601178413243542e-02,0.000000000000000000e+00,0.000000000000000000e+00,0.000000000000000000e+00,0.000000000000000000e+00,0.000000000000000000e+00,0.000000000000000000e+00,4.900000000000000000e+01,5.905342588870270220e+02,3.959782091782327598e+02,2.110700000000000000e+06,1.598600000000000021e-01,-1.275003590000045364e+02,1.000000000000000000e+00
2.170225071672552460e-03,4.917346300731670859e-03,1.134317691325986699e+00,-9.322485490459408553e+00,2.000000000000000000e+01,6.272292851274810510e-02,0.000000000000000000e+00,0.000000000000000000e+00,0.000000000000000000e+00,0.000000000000000000e+00,0.000000000000000000e+00,0.000000000000000000e+00,5.000000000000000000e+01,6.415119352658675780e+02,3.851271525713251549e+02,2.111000000000000000e+06,1.184599999999999959e-01,-6.902240000000006148e+01,1.000000000000000000e+00
1.762254544645351162e-03,4.512510863882259957e-03,1.088610521848106583e+00,-9.271564379160231795e+00,2.000000000000000000e+01,6.805737608520479043e-02,0.000000000000000000e+00,0.000000000000000000e+00,0.000000000000000000e+00,0.000000000000000000e+00,0.000000000000000000e+00,0.000000000000000000e+00,5.100000000000000000e+01,6.160313876739996886e+02,3.927434349953653623e+02,2.110400000000000000e+06,1.604099999999999970e-01,-1.108291710000015513e+02,1.000000000000000000e+00
1.729664513837819630e-03,4.232255286735986388e-03,1.039529907705676992e+00,-9.239968232716840646e+00,2.000000000000000000e+01,6.792050919392823849e-02,0.000000000000000000e+00,0.000000000000000000e+00,0.000000000000000000e+00,0.000000000000000000e+00,0.000000000000000000e+00,0.000000000000000000e+00,5.200000000000000000e+01,6.188448999752673672e+02,3.922523473121224811e+02,2.110600000000000000e+06,1.483299999999999896e-01,-1.036852659999962327e+02,1.000000000000000000e+00
1.892512989447886094e-03,4.561349790065919937e-03,1.065785156066180406e+00,-9.233177260746129988e+00,2.000000000000000000e+01,6.731464851765199542e-02,0.000000000000000000e+00,0.000000000000000000e+00,0.000000000000000000e+00,0.000000000000000000e+00,0.000000000000000000e+00,0.000000000000000000e+00,5.300000000000000000e+01,6.193295312921305822e+02,3.921441417196756447e+02,2.110400000000000000e+06,1.219599999999999990e-01,-7.502590000000031978e+01,1.000000000000000000e+00
1.710621575488279270e-03,4.897633160992897160e-03,1.067576950226856836e+00,-9.386741381661257932e+00,2.000000000000000000e+01,7.178851088057804086e-02,0.000000000000000000e+00,0.000000000000000000e+00,0.000000000000000000e+00,0.000000000000000000e+00,0.000000000000000000e+00,0.000000000000000000e+00,5.400000000000000000e+01,6.132413421052177682e+02,3.941222669162605143e+02,2.110800000000000000e+06,1.395800000000000096e-01,-1.048836870000050254e+02,1.000000000000000000e+00
1.550194694139612724e-03,5.014295609788036248e-03,1.057470438236153498e+00,-8.834501392907045059e+00,2.000000000000000000e+01,8.247064337055386163e-02,0.000000000000000000e+00,0.000000000000000000e+00,0.000000000000000000e+00,0.000000000000000000e+00,0.000000000000000000e+00,0.000000000000000000e+00,5.500000000000000000e+01,6.272527382713003590e+02,3.915754596391081463e+02,2.111100000000000000e+06,1.446900000000000130e-01,-1.121110559999988254e+02,1.000000000000000000e+00
1.618831820222334759e-03,5.238104925232565413e-03,8.830741128540767759e-01,-9.374618148319257216e+00,2.000000000000000000e+01,7.313100533593533403e-02,0.000000000000000000e+00,0.000000000000000000e+00,0.000000000000000000e+00,0.000000000000000000e+00,0.000000000000000000e+00,0.000000000000000000e+00,5.600000000000000000e+01,6.117658704986498606e+02,3.946371820690686150e+02,2.110700000000000000e+06,1.897899999999999865e-01,-2.226138750000185098e+02,1.000000000000000000e+00
1.533244155442546434e-03,5.580298093343314877e-03,8.819203985409747037e-01,-9.124792180573614075e+00,2.000000000000000000e+01,7.256872646661527426e-02,0.000000000000000000e+00,0.000000000000000000e+00,0.000000000000000000e+00,0.000000000000000000e+00,0.000000000000000000e+00,0.000000000000000000e+00,5.700000000000000000e+01,6.320587055843019471e+02,3.900359344362942124e+02,2.111300000000000000e+06,2.636499999999999955e-01,-3.790087000000501689e+02,1.000000000000000000e+00
1.422933452955844847e-03,4.187719699715409215e-03,8.571608189359083418e-01,-4.811229282570391952e+00,2.000000000000000000e+01,7.447682551143021412e-02,0.000000000000000000e+00,0.000000000000000000e+00,0.000000000000000000e+00,0.000000000000000000e+00,0.000000000000000000e+00,0.000000000000000000e+00,5.800000000000000000e+01,1.767489763768850025e+03,2.879029991857091773e+02,2.117800000000000000e+06,1.176500000000000046e-01,-8.281801799999870184e+01,1.000000000000000000e+00
1.417437665910758517e-03,3.852381489024611812e-03,7.863908358541682464e-01,-4.843077623289622657e+00,2.000000000000000000e+01,7.339634235681904983e-02,0.000000000000000000e+00,0.000000000000000000e+00,0.000000000000000000e+00,0.000000000000000000e+00,0.000000000000000000e+00,0.000000000000000000e+00,5.900000000000000000e+01,1.764015446566687388e+03,2.886564910726948483e+02,2.117900000000000000e+06,1.993600000000000094e-01,-2.562390250000005381e+02,1.000000000000000000e+00
1.567298795945985942e-03,4.389427556619058569e-03,9.235890415859301372e-01,-4.726543990020717345e+00,2.000000000000000000e+01,7.259806940756213800e-02,0.000000000000000000e+00,0.000000000000000000e+00,0.000000000000000000e+00,0.000000000000000000e+00,0.000000000000000000e+00,0.000000000000000000e+00,6.000000000000000000e+01,1.774520786884398831e+03,2.858373087426058419e+02,2.118000000000000000e+06,2.826699999999999768e-01,-4.155135149999754276e+02,1.000000000000000000e+00
2.073860010082184506e-03,4.023596553594877348e-03,7.679696544998028118e-01,2.785954358931860053e+00,2.000000000000000000e+01,7.878722753128493406e-02,0.000000000000000000e+00,0.000000000000000000e+00,0.000000000000000000e+00,0.000000000000000000e+00,0.000000000000000000e+00,0.000000000000000000e+00,6.100000000000000000e+01,4.842814124118954169e+03,1.381834994597554100e+02,2.119800000000000000e+06,5.316199999999999815e-01,-1.856764884000892607e+03,1.000000000000000000e+00
2.218503481691964235e-03,3.499424406348562548e-03,6.082637342105503553e-01,2.531138319106607248e+00,2.000000000000000000e+01,9.335885058085605093e-02,0.000000000000000000e+00,0.000000000000000000e+00,0.000000000000000000e+00,0.000000000000000000e+00,0.000000000000000000e+00,0.000000000000000000e+00,6.200000000000000000e+01,4.749722100846272042e+03,1.381835104020395022e+02,2.119900000000000000e+06,4.466999999999999860e-01,-1.713240999999141650e+03,1.000000000000000000e+00
1.775376847268393416e-03,4.835034813602265627e-03,7.996321557601838714e-01,2.430499491000804202e+00,2.000000000000000000e+01,7.348908161248407511e-02,0.000000000000000000e+00,0.000000000000000000e+00,0.000000000000000000e+00,0.000000000000000000e+00,0.000000000000000000e+00,0.000000000000000000e+00,6.300000000000000000e+01,4.493500198522799110e+03,1.381835375788437545e+02,2.119900000000000000e+06,2.318600000000000105e-01,-5.188432149999111971e+02,1.000000000000000000e+00
1.701027150646855371e-03,2.658026705952163012e-03,6.205349468078519282e-01,1.713624722624125019e+00,2.000000000000000000e+01,5.890177801087751602e-02,0.000000000000000000e+00,0.000000000000000000e+00,0.000000000000000000e+00,0.000000000000000000e+00,0.000000000000000000e+00,0.000000000000000000e+00,6.400000000000000000e+01,3.637917690173643223e+03,1.400761993957846414e+02,2.120100000000000000e+06,1.209400000000000058e-01,-1.075654859999974491e+02,1.000000000000000000e+00
2.378991231644778451e-03,2.646179960004826307e-03,7.240516396967808799e-01,2.197538745091352386e+00,2.000000000000000000e+01,7.893981930235233202e-02,0.000000000000000000e+00,0.000000000000000000e+00,0.000000000000000000e+00,0.000000000000000000e+00,0.000000000000000000e+00,0.000000000000000000e+00,6.500000000000000000e+01,3.852224898081367428e+03,1.385529777057093384e+02,2.120200000000000000e+06,1.772900000000000031e-01,-3.274572100000007708e+02,1.000000000000000000e+00
2.365276623658442955e-03,4.755572098258888450e-03,8.786110089858059080e-01,2.291968531030798673e+00,2.000000000000000000e+01,8.168211231905152248e-02,0.000000000000000000e+00,0.000000000000000000e+00,0.000000000000000000e+00,0.000000000000000000e+00,0.000000000000000000e+00,0.000000000000000000e+00,6.600000000000000000e+01,5.400315828494982270e+03,1.381831052350717357e+02,2.119400000000000000e+06,9.896800000000000042e-02,-7.448820299999981387e+01,1.000000000000000000e+00
2.804775469550941334e-03,2.054514618712374209e-03,7.213572125412615055e-01,2.305590874963053150e+00,2.000000000000000000e+01,7.608272308568948816e-02,0.000000000000000000e+00,0.000000000000000000e+00,0.000000000000000000e+00,0.000000000000000000e+00,0.000000000000000000e+00,0.000000000000000000e+00,6.700000000000000000e+01,4.222129161208475125e+03,1.381870225583206491e+02,2.120200000000000000e+06,1.331199999999999883e-01,-2.522457870000200160e+02,1.000000000000000000e+00
2.328786076318154711e-03,1.338214380560104159e-03,4.996231038823817916e-01,2.395976312680809350e+00,2.000000000000000000e+01,7.030099903823316954e-02,0.000000000000000000e+00,0.000000000000000000e+00,0.000000000000000000e+00,0.000000000000000000e+00,0.000000000000000000e+00,0.000000000000000000e+00,6.800000000000000000e+01,6.090682477052821923e+03,1.381832146778848767e+02,2.119400000000000000e+06,3.793199999999999905e-01,-6.632041099999460130e+02,1.000000000000000000e+00
2.041125524260656993e-03,3.632410476273334552e-03,1.256873509463171557e+00,-1.044870807528258538e+01,2.000000000000000000e+01,6.763045350594680538e-02,0.000000000000000000e+00,0.000000000000000000e+00,0.000000000000000000e+00,0.000000000000000000e+00,0.000000000000000000e+00,0.000000000000000000e+00,6.900000000000000000e+01,4.878477784709822345e+02,4.164435871483373717e+02,2.108200000000000000e+06,1.233599999999999974e-01,-6.215137000000038370e+01,1.000000000000000000e+00
3.776400640949037404e-03,4.097859428198404388e-03,5.727312805154715081e-01,2.217686828697386314e+00,2.000000000000000000e+01,6.180693339311750523e-02,0.000000000000000000e+00,0.000000000000000000e+00,0.000000000000000000e+00,0.000000000000000000e+00,0.000000000000000000e+00,0.000000000000000000e+00,7.000000000000000000e+01,7.134662749942943265e+03,1.381832354892634385e+02,2.118500000000000000e+06,6.479200000000000514e-01,-1.824385550000797593e+03,1.000000000000000000e+00
2.241877228034357648e-03,3.968550932744817523e-03,6.309786158687252788e-01,2.436757930918448167e+00,2.000000000000000000e+01,6.620429363469218509e-02,0.000000000000000000e+00,0.000000000000000000e+00,0.000000000000000000e+00,0.000000000000000000e+00,0.000000000000000000e+00,0.000000000000000000e+00,7.100000000000000000e+01,6.592964226393697572e+03,1.381834138508737624e+02,2.118700000000000000e+06,3.289300000000000002e-01,-7.035624330000161990e+02,1.000000000000000000e+00
2.548218912120237944e-03,2.645097188038618864e-03,7.087122441264651629e-01,2.909098891798783448e+00,2.000000000000000000e+01,8.291407118779570151e-02,0.000000000000000000e+00,0.000000000000000000e+00,0.000000000000000000e+00,0.000000000000000000e+00,0.000000000000000000e+00,0.000000000000000000e+00,7.200000000000000000e+01,4.127015308032752728e+03,1.382252159442647610e+02,2.120000000000000000e+06,1.292200000000000015e-01,-2.323596159999974873e+02,1.000000000000000000e+00
2.247619772749509526e-03,2.913678739284542279e-03,7.363481771495855588e-01,2.331789273281885677e+00,2.000000000000000000e+01,7.427351703754235535e-02,0.000000000000000000e+00,0.000000000000000000e+00,0.000000000000000000e+00,0.000000000000000000e+00,0.000000000000000000e+00,0.000000000000000000e+00,7.300000000000000000e+01,4.127015308032752728e+03,1.382252159442647610e+02,2.120000000000000000e+06,1.292200000000000015e-01,-2.323596159999974873e+02,1.000000000000000000e+00
2.565243029390965827e-03,3.071294045044896653e-03,7.424969207219478395e-01,2.299805767413433788e+00,2.000000000000000000e+01,7.015752697137020433e-02,0.000000000000000000e+00,0.000000000000000000e+00,0.000000000000000000e+00,0.000000000000000000e+00,0.000000000000000000e+00,0.000000000000000000e+00,7.400000000000000000e+01,4.127015308032752728e+03,1.382252159442647610e+02,2.120000000000000000e+06,1.292200000000000015e-01,-2.323596159999974873e+02,1.000000000000000000e+00
1.251520342388115579e-03,3.509560711312736687e-03,1.544829743916366072e+00,-2.250444051927011468e+00,2.000000000000000000e+01,7.365259244647526238e-02,0.000000000000000000e+00,0.000000000000000000e+00,0.000000000000000000e+00,0.000000000000000000e+00,0.000000000000000000e+00,0.000000000000000000e+00,7.500000000000000000e+01,2.497118633535448680e+03,2.221986444068599553e+02,2.120100000000000000e+06,4.729099999999999970e-01,-4.585983840000773171e+02,1.000000000000000000e+00
2.547844609504070108e-03,4.518484034040233001e-03,3.408568408332050548e-01,3.231759057597210827e+00,2.000000000000000000e+01,5.242578285121592130e-02,0.000000000000000000e+00,0.000000000000000000e+00,0.000000000000000000e+00,0.000000000000000000e+00,0.000000000000000000e+00,0.000000000000000000e+00,7.600000000000000000e+01,7.530389876461927088e+03,1.381832758480795462e+02,2.118300000000000000e+06,2.331900000000000084e-01,-4.993790000000230975e+02,1.000000000000000000e+00
4.474566486445254003e-03,1.380543485766981028e-03,7.763066092196856394e-01,2.264098843164041419e+00,2.000000000000000000e+01,4.859891912330610575e-02,0.000000000000000000e+00,0.000000000000000000e+00,0.000000000000000000e+00,0.000000000000000000e+00,0.000000000000000000e+00,0.000000000000000000e+00,7.700000000000000000e+01,7.144134297116669586e+03,1.381832776006636152e+02,2.119200000000000000e+06,2.165300000000000002e-01,-4.040883900000150675e+02,1.000000000000000000e+00
2.005043613785567700e-03,3.747990765427206081e-03,8.534242047729871938e-01,-1.015870998491432697e-01,2.000000000000000000e+01,7.367627438957788377e-02,0.000000000000000000e+00,0.000000000000000000e+00,0.000000000000000000e+00,0.000000000000000000e+00,0.000000000000000000e+00,0.000000000000000000e+00,7.800000000000000000e+01,3.300161634343412061e+03,1.711993196855648023e+02,2.120800000000000000e+06,1.784399999999999875e-01,-2.487524259999779588e+02,1.000000000000000000e+00
1.570143366961771923e-03,4.739709872620272851e-03,6.714123499236116510e-01,-3.751959611178619980e+00,2.000000000000000000e+01,7.404376637915943693e-02,0.000000000000000000e+00,0.000000000000000000e+00,0.000000000000000000e+00,0.000000000000000000e+00,0.000000000000000000e+00,0.000000000000000000e+00,7.900000000000000000e+01,2.216493499759339102e+03,2.601577957927887041e+02,2.118800000000000000e+06,1.687599999999999933e-01,-2.635489880000038738e+02,1.000000000000000000e+00
1.758390116907465779e-03,3.171736957872741281e-03,9.912921724707605131e-01,-3.655282643634236717e-01,2.000000000000000000e+01,6.310727227010123896e-02,0.000000000000000000e+00,0.000000000000000000e+00,0.000000000000000000e+00,0.000000000000000000e+00,0.000000000000000000e+00,0.000000000000000000e+00,8.000000000000000000e+01,3.302094562634818885e+03,1.760406876673787053e+02,2.120700000000000000e+06,9.829899999999999749e-02,-8.120307399999899189e+01,1.000000000000000000e+00
1.609099092669856066e-03,5.257705179931388903e-03,6.010144729699570254e-01,-3.255013796752139754e+00,2.000000000000000000e+01,7.900276871265068945e-02,0.000000000000000000e+00,0.000000000000000000e+00,0.000000000000000000e+00,0.000000000000000000e+00,0.000000000000000000e+00,0.000000000000000000e+00,8.100000000000000000e+01,2.323210751510651335e+03,2.480105619953742746e+02,2.119300000000000000e+06,1.938699999999999868e-01,-3.812278230000624148e+02,1.000000000000000000e+00
1.759239885699443590e-03,3.990377393996954666e-03,8.807872476298561626e-01,-2.851032715387671779e+00,2.000000000000000000e+01,7.263459504849513471e-02,0.000000000000000000e+00,0.000000000000000000e+00,0.000000000000000000e+00,0.000000000000000000e+00,0.000000000000000000e+00,0.000000000000000000e+00,8.200000000000000000e+01,2.357900939254541299e+03,2.375475903965884470e+02,2.119800000000000000e+06,3.285799999999999832e-01,-6.396273970000846703e+02,1.000000000000000000e+00
1.543070555514575431e-03,4.483148302609670129e-03,7.867109297052177208e-01,-3.371691224034300660e+00,2.000000000000000000e+01,7.359086528419013506e-02,0.000000000000000000e+00,0.000000000000000000e+00,0.000000000000000000e+00,0.000000000000000000e+00,0.000000000000000000e+00,0.000000000000000000e+00,8.300000000000000000e+01,2.261049811438414963e+03,2.509212742602082926e+02,2.119200000000000000e+06,1.784300000000000053e-01,-2.255337049999830583e+02,1.000000000000000000e+00
1.585792473967977644e-03,4.475556667014305226e-03,5.177888181977167159e-01,-3.605391214659330323e+00,2.000000000000000000e+01,7.384959077621375267e-02,0.000000000000000000e+00,0.000000000000000000e+00,0.000000000000000000e+00,0.000000000000000000e+00,0.000000000000000000e+00,0.000000000000000000e+00,8.400000000000000000e+01,2.234375367590750557e+03,2.576815373112507359e+02,2.119000000000000000e+06,1.956799999999999928e-01,-4.371319999999823267e+02,1.000000000000000000e+00
1.568472580389405381e-03,3.616315843135220216e-03,1.229273927515826426e+00,-1.115087676448280085e+01,2.000000000000000000e+01,7.411079294542727292e-02,0.000000000000000000e+00,0.000000000000000000e+00,0.000000000000000000e+00,0.000000000000000000e+00,0.000000000000000000e+00,0.000000000000000000e+00,8.500000000000000000e+01,4.924875527955774146e+02,4.171231153306493979e+02,2.108100000000000000e+06,1.192799999999999971e-01,-5.376414300000040924e+01,1.000000000000000000e+00
1.486743143318011544e-03,5.118856625621347016e-03,8.830517450234658394e-01,-5.662107571788414617e+00,2.000000000000000000e+01,6.707875617035186089e-02,0.000000000000000000e+00,0.000000000000000000e+00,0.000000000000000000e+00,0.000000000000000000e+00,0.000000000000000000e+00,0.000000000000000000e+00,8.600000000000000000e+01,1.494693166041539143e+03,3.081584291418019461e+02,2.116300000000000000e+06,1.087000000000000050e-01,-6.914596499999744594e+01,1.000000000000000000e+00
1.851612487903819436e-03,5.619502803599059869e-03,1.025825710463436735e+00,-1.009963982853468600e+01,2.000000000000000000e+01,7.691404680161961771e-02,0.000000000000000000e+00,0.000000000000000000e+00,0.000000000000000000e+00,0.000000000000000000e+00,0.000000000000000000e+00,0.000000000000000000e+00,8.700000000000000000e+01,5.921524547200073130e+02,3.972136845290412452e+02,2.110500000000000000e+06,1.516500000000000070e-01,-1.306837620000015647e+02,1.000000000000000000e+00
1.758103707262409672e-03,5.497297071148749166e-03,8.520057055331028417e-01,-1.030663342331079413e+01,2.000000000000000000e+01,7.785274887575618918e-02,0.000000000000000000e+00,0.000000000000000000e+00,0.000000000000000000e+00,0.000000000000000000e+00,0.000000000000000000e+00,0.000000000000000000e+00,8.800000000000000000e+01,6.057572569983273070e+02,3.962932711806708994e+02,2.110500000000000000e+06,1.757100000000000051e-01,-1.992414470000103677e+02,1.000000000000000000e+00
1.730962789280377553e-03,5.258453875497237813e-03,9.459241525032531239e-01,-9.485711532893747133e+00,2.000000000000000000e+01,7.335042996498274126e-02,0.000000000000000000e+00,0.000000000000000000e+00,0.000000000000000000e+00,0.000000000000000000e+00,0.000000000000000000e+00,0.000000000000000000e+00,8.900000000000000000e+01,5.976493445294294133e+02,3.972046103601296636e+02,2.110500000000000000e+06,1.637200000000000044e-01,-1.600020999999952664e+02,1.000000000000000000e+00
2.239942843853745969e-03,3.297228538265477901e-03,9.234614786251384988e-01,-1.854716437442475385e+00,2.000000000000000000e+01,6.703284568724365844e-02,0.000000000000000000e+00,0.000000000000000000e+00,0.000000000000000000e+00,0.000000000000000000e+00,0.000000000000000000e+00,0.000000000000000000e+00,9.000000000000000000e+01,2.788012184400816295e+03,2.111557446115829464e+02,2.120300000000000000e+06,9.544500000000000206e-02,-7.548833699999990188e+01,1.000000000000000000e+00
1.949039069754944509e-03,3.729609767489534648e-03,8.482404262144096485e-01,-1.873714304199816549e+00,2.000000000000000000e+01,7.376958606188174783e-02,0.000000000000000000e+00,0.000000000000000000e+00,0.000000000000000000e+00,0.000000000000000000e+00,0.000000000000000000e+00,0.000000000000000000e+00,9.100000000000000000e+01,2.757882985508961156e+03,2.116218199627064109e+02,2.120400000000000000e+06,1.747499999999999887e-01,-2.363499459999867156e+02,1.000000000000000000e+00
1.736015350175882906e-03,4.779632774563133922e-03,8.969666191593312909e-01,-5.386834474059067901e+00,2.000000000000000000e+01,6.202491074957995620e-02,0.000000000000000000e+00,0.000000000000000000e+00,0.000000000000000000e+00,0.000000000000000000e+00,0.000000000000000000e+00,0.000000000000000000e+00,9.200000000000000000e+01,1.514327911079062687e+03,3.056489385868380850e+02,2.116600000000000000e+06,9.156200000000000450e-02,-5.198300100000049184e+01,1.000000000000000000e+00
1.921690772604054721e-03,3.515106940943115137e-03,7.766310628836847751e-01,-6.987482756839831222e-01,2.000000000000000000e+01,7.617198423811029351e-02,0.000000000000000000e+00,0.000000000000000000e+00,0.000000000000000000e+00,0.000000000000000000e+00,0.000000000000000000e+00,0.000000000000000000e+00,9.300000000000000000e+01,3.243020645929336752e+03,1.843996056176205229e+02,2.120700000000000000e+06,8.285900000000000210e-02,-6.630934500000047649e+01,1.000000000000000000e+00
1.325295196750590418e-03,4.329080981195024443e-03,7.100644221621609242e-01,-3.586821614678024073e+00,2.000000000000000000e+01,6.542834394480287474e-02,0.000000000000000000e+00,0.000000000000000000e+00,0.000000000000000000e+00,0.000000000000000000e+00,0.000000000000000000e+00,0.000000000000000000e+00,9.400000000000000000e+01,2.115444037844444210e+03,2.645360859526987269e+02,2.118800000000000000e+06,1.930600000000000094e-01,-3.372958470000162379e+02,1.000000000000000000e+00
1.554001977063138246e-03,6.387249171207494587e-03,1.170857237041388776e+00,-8.161719604625478297e+00,2.000000000000000000e+01,7.240529607654630495e-02,0.000000000000000000e+00,0.000000000000000000e+00,0.000000000000000000e+00,0.000000000000000000e+00,0.000000000000000000e+00,0.000000000000000000e+00,9.500000000000000000e+01,7.349317031581822448e+02,3.787701246366487453e+02,2.112200000000000000e+06,2.416699999999999959e-01,-3.226850759999896354e+02,1.000000000000000000e+00
1.598905569446703407e-03,5.707260307219247028e-03,9.715299122975393775e-01,-8.607117483167279204e+00,2.000000000000000000e+01,7.229184617163919579e-02,0.000000000000000000e+00,0.000000000000000000e+00,0.000000000000000000e+00,0.000000000000000000e+00,0.000000000000000000e+00,0.000000000000000000e+00,9.600000000000000000e+01,7.360632136102968843e+02,3.787697255647017300e+02,2.112300000000000000e+06,3.014000000000000012e-01,-4.321564000000298620e+02,1.000000000000000000e+00
1.621172330940445988e-03,5.360057702938480530e-03,1.056321164860855033e+00,-8.685562301599318857e+00,2.000000000000000000e+01,6.507571485227239827e-02,0.000000000000000000e+00,0.000000000000000000e+00,0.000000000000000000e+00,0.000000000000000000e+00,0.000000000000000000e+00,0.000000000000000000e+00,9.700000000000000000e+01,7.245267551518951450e+02,3.801286217236033735e+02,2.112000000000000000e+06,2.029499999999999915e-01,-2.331278010000101233e+02,1.000000000000000000e+00
2.804775469550941334e-03,2.054514618712374209e-03,7.213572125412615055e-01,2.305590874963053150e+00,2.000000000000000000e+01,7.608272308568948816e-02,0.000000000000000000e+00,0.000000000000000000e+00,0.000000000000000000e+00,0.000000000000000000e+00,0.000000000000000000e+00,0.000000000000000000e+00,9.800000000000000000e+01,4.352261771962427702e+03,1.386269119854619873e+02,2.120500000000000000e+06,1.142900000000000027e-01,-1.916750000000033367e+02,1.000000000000000000e+00
1.815266007491209751e-03,2.734195716073500870e-03,6.004203657644717751e-01,-1.271372114451188029e-01,2.000000000000000000e+01,7.368069733416890421e-02,0.000000000000000000e+00,0.000000000000000000e+00,0.000000000000000000e+00,0.000000000000000000e+00,0.000000000000000000e+00,0.000000000000000000e+00,9.900000000000000000e+01,3.351419542214494413e+03,1.716832966374569764e+02,2.121000000000000000e+06,3.449999999999999734e-01,-1.189309000000276455e+03,1.000000000000000000e+00
1.647175057904530634e-03,4.367761136708321265e-03,7.165451432746121618e-01,-3.813760410585138594e+00,2.000000000000000000e+01,7.329595058276748565e-02,0.000000000000000000e+00,0.000000000000000000e+00,0.000000000000000000e+00,0.000000000000000000e+00,0.000000000000000000e+00,0.000000000000000000e+00,1.000000000000000000e+02,2.157856540543978554e+03,2.615816469443477672e+02,2.118900000000000000e+06,2.499300000000000133e-01,-5.083191000000562099e+02,1.000000000000000000e+00
1.491525691324197597e-03,5.102384961072989160e-03,8.747970191479907953e-01,-5.823865746746379912e+00,2.000000000000000000e+01,6.706875106492554695e-02,0.000000000000000000e+00,0.000000000000000000e+00,0.000000000000000000e+00,0.000000000000000000e+00,0.000000000000000000e+00,0.000000000000000000e+00,1.010000000000000000e+02,1.440497757372925435e+03,3.131625211869663872e+02,2.116100000000000000e+06,1.082700000000000051e-01,-6.992459799999835468e+01,1.000000000000000000e+00
1.418745180677241950e-03,4.160458028097583846e-03,8.352334599329973575e-01,-5.820494809308172535e+00,2.000000000000000000e+01,7.530094827652605849e-02,0.000000000000000000e+00,0.000000000000000000e+00,0.000000000000000000e+00,0.000000000000000000e+00,0.000000000000000000e+00,0.000000000000000000e+00,1.020000000000000000e+02,1.478261034822813144e+03,3.130635228137256831e+02,2.116600000000000000e+06,9.317499999999999394e-02,-5.576670000000076755e+01,1.000000000000000000e+00
1.621775124176908552e-03,3.749622594055897987e-03,8.188398341407645553e-01,-4.071714111840671890e+00,2.000000000000000000e+01,7.362301510623141254e-02,0.000000000000000000e+00,0.000000000000000000e+00,0.000000000000000000e+00,0.000000000000000000e+00,0.000000000000000000e+00,0.000000000000000000e+00,1.030000000000000000e+02,2.046068658329109439e+03,2.690325820889638635e+02,2.118700000000000000e+06,1.817300000000000026e-01,-2.294062810000259276e+02,1.000000000000000000e+00
1.533768654190197697e-03,3.769885480861993182e-03,8.650404511734000046e-01,-4.075447706652825630e+00,2.000000000000000000e+01,7.070560682889044657e-02,0.000000000000000000e+00,0.000000000000000000e+00,0.000000000000000000e+00,0.000000000000000000e+00,0.000000000000000000e+00,0.000000000000000000e+00,1.040000000000000000e+02,2.039439629437763188e+03,2.691862447070953976e+02,2.118700000000000000e+06,1.491399999999999948e-01,-1.675795980000057455e+02,1.000000000000000000e+00
1.732981851190726818e-03,5.086558129452401628e-03,1.060175492727456481e+00,-1.000261191644421110e+01,2.000000000000000000e+01,7.340544398054911490e-02,0.000000000000000000e+00,0.000000000000000000e+00,0.000000000000000000e+00,0.000000000000000000e+00,0.000000000000000000e+00,0.000000000000000000e+00,1.050000000000000000e+02,5.057049051858154485e+02,4.154296204072123828e+02,2.108800000000000000e+06,1.805400000000000060e-01,-1.798991789999924720e+02,1.000000000000000000e+00
2.061264585562730834e-03,3.957214633959052486e-03,1.081942492171806380e+00,-9.885749036459451133e+00,2.000000000000000000e+01,7.009601492442008031e-02,0.000000000000000000e+00,0.000000000000000000e+00,0.000000000000000000e+00,0.000000000000000000e+00,0.000000000000000000e+00,0.000000000000000000e+00,1.060000000000000000e+02,5.185422663093235087e+02,4.034883518976673713e+02,2.109600000000000000e+06,1.213499999999999995e-01,-6.243512100000049969e+01,1.000000000000000000e+00
1.477246874116489462e-03,4.997835359191944368e-03,1.074679481734507558e+00,-1.004526964036179670e+01,2.000000000000000000e+01,6.828322466139065405e-02,0.000000000000000000e+00,0.000000000000000000e+00,0.000000000000000000e+00,0.000000000000000000e+00,0.000000000000000000e+00,0.000000000000000000e+00,1.070000000000000000e+02,5.094378006251009197e+02,4.080103561833215622e+02,2.109600000000000000e+06,2.110200000000000131e-01,-2.060034000000184164e+02,1.000000000000000000e+00
1.775376847268393416e-03,4.835034813602265627e-03,7.996321557601838714e-01,2.430499491000804202e+00,2.000000000000000000e+01,7.348908161248407511e-02,0.000000000000000000e+00,0.000000000000000000e+00,0.000000000000000000e+00,0.000000000000000000e+00,0.000000000000000000e+00,0.000000000000000000e+00,1.080000000000000000e+02,4.845218358081283441e+03,1.383276453540467230e+02,2.119800000000000000e+06,1.730299999999999894e-01,-2.312246359999859351e+02,1.000000000000000000e+00
2.117909021976055808e-03,2.915017791023247554e-03,7.149667609266685542e-01,-1.559682922717264386e+00,2.000000000000000000e+01,7.637898602663950598e-02,0.000000000000000000e+00,0.000000000000000000e+00,0.000000000000000000e+00,0.000000000000000000e+00,0.000000000000000000e+00,0.000000000000000000e+00,1.090000000000000000e+02,3.150847018456541718e+03,2.049165530374706066e+02,2.120600000000000000e+06,8.750199999999999645e-02,-9.375680000000203052e+01,1.000000000000000000e+00
1.670757943451050501e-03,4.178708447366998209e-03,9.388868767211268063e-01,-4.397235397307465377e+00,2.000000000000000000e+01,6.855089942894380950e-02,0.000000000000000000e+00,0.000000000000000000e+00,0.000000000000000000e+00,0.000000000000000000e+00,0.000000000000000000e+00,0.000000000000000000e+00,1.100000000000000000e+02,1.981100896197467819e+03,2.741730364614218729e+02,2.118400000000000000e+06,1.913300000000000001e-01,-2.023896529999949507e+02,1.000000000000000000e+00
1.526375223757276550e-03,4.476622878222789176e-03,8.368531132949685869e-01,-4.316160175079893691e+00,2.000000000000000000e+01,7.365855339070938312e-02,0.000000000000000000e+00,0.000000000000000000e+00,0.000000000000000000e+00,0.000000000000000000e+00,0.000000000000000000e+00,0.000000000000000000e+00,1.110000000000000000e+02,1.945797238193614930e+03,2.743636560795744685e+02,2.118300000000000000e+06,1.627699999999999980e-01,-1.725917310000133682e+02,1.000000000000000000e+00
1.332213564105027724e-03,3.290183316391300655e-03,7.580485496563081904e-01,-4.442732802299707906e+00,2.000000000000000000e+01,8.029169490996161673e-02,0.000000000000000000e+00,0.000000000000000000e+00,0.000000000000000000e+00,0.000000000000000000e+00,0.000000000000000000e+00,0.000000000000000000e+00,1.120000000000000000e+02,1.941326374927718007e+03,2.755185389247537273e+02,2.118400000000000000e+06,1.251500000000000112e-01,-1.080664350000047875e+02,1.000000000000000000e+00
1.788586746316546319e-03,5.125496832784742426e-03,1.201701951007885238e+00,-8.759696747369215331e+00,2.000000000000000000e+01,7.292783145808913459e-02,0.000000000000000000e+00,0.000000000000000000e+00,0.000000000000000000e+00,0.000000000000000000e+00,0.000000000000000000e+00,0.000000000000000000e+00,1.130000000000000000e+02,6.886611348399663939e+02,3.813939428864891283e+02,2.112000000000000000e+06,1.788899999999999935e-01,-1.238577409999979153e+02,1.000000000000000000e+00
2.259599810951426393e-03,4.517380503797544140e-03,1.257599007191659846e+00,-9.178614432805396461e+00,2.000000000000000000e+01,6.148312039387629491e-02,0.000000000000000000e+00,0.000000000000000000e+00,0.000000000000000000e+00,0.000000000000000000e+00,0.000000000000000000e+00,0.000000000000000000e+00,1.140000000000000000e+02,6.945843520764983623e+02,3.809037985629225886e+02,2.111300000000000000e+06,1.340000000000000080e-01,-8.147011600000197973e+01,1.000000000000000000e+00
1.601116461364100003e-03,6.048549648787633279e-03,8.471650667593030315e-01,-9.431980129530559864e+00,2.000000000000000000e+01,6.270905877552566954e-02,0.000000000000000000e+00,0.000000000000000000e+00,0.000000000000000000e+00,0.000000000000000000e+00,0.000000000000000000e+00,0.000000000000000000e+00,1.150000000000000000e+02,6.729349105538932463e+02,3.850073783239608360e+02,2.111600000000000000e+06,1.710099999999999953e-01,-1.498288369999981740e+02,1.000000000000000000e+00
1.639805660606859835e-03,5.624625350156082365e-03,8.647242855302094133e-01,-8.906520907542031296e+00,2.000000000000000000e+01,7.352160886888112201e-02,0.000000000000000000e+00,0.000000000000000000e+00,0.000000000000000000e+00,0.000000000000000000e+00,0.000000000000000000e+00,0.000000000000000000e+00,1.160000000000000000e+02,6.860946851082580906e+02,3.841691464335908677e+02,2.111500000000000000e+06,1.598799999999999943e-01,-1.694130330000029687e+02,1.000000000000000000e+00
1.869061180412039027e-03,4.347735387794235233e-03,9.381360398440967696e-01,-1.286625393130570671e+00,2.000000000000000000e+01,6.738110200136052108e-02,0.000000000000000000e+00,0.000000000000000000e+00,0.000000000000000000e+00,0.000000000000000000e+00,0.000000000000000000e+00,0.000000000000000000e+00,1.170000000000000000e+02,3.302613805083014540e+03,1.978895530419931674e+02,2.120300000000000000e+06,1.142299999999999982e-01,-8.422959999999859804e+01,1.000000000000000000e+00
1.508819464173954267e-03,4.285457967939884823e-03,9.292715467602548074e-01,-4.744114344797988103e+00,2.000000000000000000e+01,7.501242034657726321e-02,0.000000000000000000e+00,0.000000000000000000e+00,0.000000000000000000e+00,0.000000000000000000e+00,0.000000000000000000e+00,0.000000000000000000e+00,1.180000000000000000e+02,1.790154351776050362e+03,2.862765607549129641e+02,2.117900000000000000e+06,9.761599999999999444e-02,-5.296590000000042409e+01,1.000000000000000000e+00
1.817703947764144233e-03,4.890535516240481460e-03,9.997925235803390986e-01,-9.924604072300748925e+00,2.000000000000000000e+01,6.990962147153745310e-02,0.000000000000000000e+00,0.000000000000000000e+00,0.000000000000000000e+00,0.000000000000000000e+00,0.000000000000000000e+00,0.000000000000000000e+00,1.190000000000000000e+02,7.684655754382522446e+02,3.735660941284513115e+02,2.112000000000000000e+06,1.059400000000000064e-01,-7.035839999999949157e+01,1.000000000000000000e+00
2.271437606398859360e-03,4.542768732379849454e-03,1.075103832241605328e+00,-8.730458091500201689e+00,2.000000000000000000e+01,6.232426050022694258e-02,0.000000000000000000e+00,0.000000000000000000e+00,0.000000000000000000e+00,0.000000000000000000e+00,0.000000000000000000e+00,0.000000000000000000e+00,1.200000000000000000e+02,7.696313471441936827e+02,3.719384300440617039e+02,2.112100000000000000e+06,1.130099999999999993e-01,-7.202099200000087365e+01,1.000000000000000000e+00
1.535380069681823931e-03,5.531042794638343744e-03,9.256696509957774710e-01,-8.449302041648335759e+00,2.000000000000000000e+01,7.239406582040812388e-02,0.000000000000000000e+00,0.000000000000000000e+00,0.000000000000000000e+00,0.000000000000000000e+00,0.000000000000000000e+00,0.000000000000000000e+00,1.210000000000000000e+02,7.617187333361176798e+02,3.747020015746624040e+02,2.112600000000000000e+06,2.901699999999999835e-01,-4.230487559999066889e+02,1.000000000000000000e+00
1.578798530788693344e-03,5.428161220007681267e-03,9.953234457190188733e-01,-8.853372354423393986e+00,2.000000000000000000e+01,7.503039694935918769e-02,0.000000000000000000e+00,0.000000000000000000e+00,0.000000000000000000e+00,0.000000000000000000e+00,0.000000000000000000e+00,0.000000000000000000e+00,1.220000000000000000e+02,6.180529011215089668e+02,3.943436743278527956e+02,2.110700000000000000e+06,1.527600000000000069e-01,-1.397144839999989472e+02,1.000000000000000000e+00
1.750431776685663476e-03,5.532685567665731122e-03,9.598989375209356911e-01,-9.373302829457824004e+00,2.000000000000000000e+01,7.344579599373118883e-02,0.000000000000000000e+00,0.000000000000000000e+00,0.000000000000000000e+00,0.000000000000000000e+00,0.000000000000000000e+00,0.000000000000000000e+00,1.230000000000000000e+02,6.175719261011809067e+02,3.946100417797175623e+02,2.110700000000000000e+06,1.539399999999999935e-01,-1.397075350000008314e+02,1.000000000000000000e+00
1.712292542070292974e-03,5.396786561950178002e-03,9.453672601830979128e-01,-9.265760939768261650e+00,2.000000000000000000e+01,7.368475813037267397e-02,0.000000000000000000e+00,0.000000000000000000e+00,0.000000000000000000e+00,0.000000000000000000e+00,0.000000000000000000e+00,0.000000000000000000e+00,1.240000000000000000e+02,6.258135206400540937e+02,3.926508609454684802e+02,2.110900000000000000e+06,1.423300000000000121e-01,-1.214956430000063534e+02,1.000000000000000000e+00
1.774433825453284241e-03,4.735949040356772326e-03,1.021236857956625332e+00,-5.219856288481415696e+00,2.000000000000000000e+01,6.120422126923856510e-02,0.000000000000000000e+00,0.000000000000000000e+00,0.000000000000000000e+00,0.000000000000000000e+00,0.000000000000000000e+00,0.000000000000000000e+00,1.250000000000000000e+02,1.596365309931096363e+03,2.965181923051892454e+02,2.117100000000000000e+06,1.004899999999999960e-01,-5.711778800000107736e+01,1.000000000000000000e+00
1.528827957145551799e-03,4.324283469963379790e-03,1.057763968422856360e+00,-5.034301810178325454e+00,2.000000000000000000e+01,7.200366388461246214e-02,0.000000000000000000e+00,0.000000000000000000e+00,0.000000000000000000e+00,0.000000000000000000e+00,0.000000000000000000e+00,0.000000000000000000e+00,1.260000000000000000e+02,1.652222022041042692e+03,2.929474108577105653e+02,2.117700000000000000e+06,4.212799999999999878e-01,-6.830087669999386435e+02,1.000000000000000000e+00
2.241877228034357648e-03,3.968550932744817523e-03,6.309786158687252788e-01,2.436757930918448167e+00,2.000000000000000000e+01,6.620429363469218509e-02,0.000000000000000000e+00,0.000000000000000000e+00,0.000000000000000000e+00,0.000000000000000000e+00,0.000000000000000000e+00,0.000000000000000000e+00,1.270000000000000000e+02,5.425404646786258127e+03,1.383165063791466309e+02,2.119300000000000000e+06,7.545499999999999430e-02,-9.184685699999866415e+01,1.000000000000000000e+00
1.246706976248803788e-03,4.805683199033423253e-03,1.122109377195418034e+00,-4.870348097136472987e+00,2.000000000000000000e+01,5.770265815882457544e-02,0.000000000000000000e+00,0.000000000000000000e+00,0.000000000000000000e+00,0.000000000000000000e+00,0.000000000000000000e+00,0.000000000000000000e+00,1.280000000000000000e+02,1.510592661644133159e+03,3.074740343976247914e+02,2.116400000000000000e+06,1.416300000000000059e-01,-9.938436299999681012e+01,1.000000000000000000e+00
1.516216718862578323e-03,4.804283925156575819e-03,1.080180191446985738e+00,-1.030731669078144641e+01,2.000000000000000000e+01,8.059380810292965380e-02,0.000000000000000000e+00,0.000000000000000000e+00,0.000000000000000000e+00,0.000000000000000000e+00,0.000000000000000000e+00,0.000000000000000000e+00,1.290000000000000000e+02,5.771424808495869456e+02,3.996581585644699999e+02,2.110300000000000000e+06,1.429999999999999882e-01,-1.184537620000035645e+02,1.000000000000000000e+00
1.860249242294060266e-03,4.746076652487034135e-03,1.083124162867014295e+00,-8.534409343360549016e+00,2.000000000000000000e+01,6.973307573938369863e-02,0.000000000000000000e+00,0.000000000000000000e+00,0.000000000000000000e+00,0.000000000000000000e+00,0.000000000000000000e+00,0.000000000000000000e+00,1.300000000000000000e+02,6.396224072607466269e+02,3.918581321433320568e+02,2.111000000000000000e+06,1.605100000000000138e-01,-1.448459999999989236e+02,1.000000000000000000e+00
1.443209564703192829e-03,4.306418542191206220e-03,9.572976309140719398e-01,-4.914181295908483627e+00,2.000000000000000000e+01,7.440749269617019657e-02,0.000000000000000000e+00,0.000000000000000000e+00,0.000000000000000000e+00,0.000000000000000000e+00,0.000000000000000000e+00,0.000000000000000000e+00,1.310000000000000000e+02,1.715525942597810399e+03,2.902949713082743415e+02,2.117700000000000000e+06,1.138200000000000045e-01,-6.450209999999857757e+01,1.000000000000000000e+00
1.659656234428455186e-03,4.804906085930950137e-03,7.751879759065019027e-01,-4.073819817563932411e+00,2.000000000000000000e+01,6.088360458455457230e-02,0.000000000000000000e+00,0.000000000000000000e+00,0.000000000000000000e+00,0.000000000000000000e+00,0.000000000000000000e+00,0.000000000000000000e+00,1.320000000000000000e+02,2.139574484977112661e+03,2.648973670563357246e+02,2.118500000000000000e+06,9.307300000000000295e-02,-6.749535099999927468e+01,1.000000000000000000e+00
1.623621516136944821e-03,4.032793554976299086e-03,9.542480643842696786e-01,-6.717149388529443321e+00,2.000000000000000000e+01,6.265245891779749887e-02,0.000000000000000000e+00,0.000000000000000000e+00,0.000000000000000000e+00,0.000000000000000000e+00,0.000000000000000000e+00,0.000000000000000000e+00,1.330000000000000000e+02,1.273606465017445544e+03,3.246164209046815472e+02,2.115700000000000000e+06,1.403200000000000003e-01,-1.061896889999982108e+02,1.000000000000000000e+00
1.760683566451216094e-03,4.890836156770306774e-03,8.473672984766895677e-01,-5.451255961962080399e+00,2.000000000000000000e+01,7.160661400040174707e-02,0.000000000000000000e+00,0.000000000000000000e+00,0.000000000000000000e+00,0.000000000000000000e+00,0.000000000000000000e+00,0.000000000000000000e+00,1.340000000000000000e+02,1.554722812486062139e+03,3.052728266488920781e+02,2.116600000000000000e+06,9.510399999999999410e-02,-6.184710199999906877e+01,1.000000000000000000e+00
1.569081431453722740e-03,4.577843369048886779e-03,9.563851177957373162e-01,-6.819394569426993513e+00,2.000000000000000000e+01,6.024430125109306311e-02,0.000000000000000000e+00,0.000000000000000000e+00,0.000000000000000000e+00,0.000000000000000000e+00,0.000000000000000000e+00,0.000000000000000000e+00,1.350000000000000000e+02,1.202614939431459561e+03,3.269185814167791477e+02,2.115400000000000000e+06,1.090099999999999958e-01,-6.719957999999942899e+01,1.000000000000000000e+00
1.661087441903246311e-03,4.861827103350729873e-03,8.652751785764052350e-01,-6.141436901787320934e+00,2.000000000000000000e+01,6.639426195157960287e-02,0.000000000000000000e+00,0.000000000000000000e+00,0.000000000000000000e+00,0.000000000000000000e+00,0.000000000000000000e+00,0.000000000000000000e+00,1.360000000000000000e+02,1.337360641436044261e+03,3.204910693064384759e+02,2.115700000000000000e+06,8.880899999999999905e-02,-5.553310100000086891e+01,1.000000000000000000e+00
1.760290997167609194e-03,3.384385340996750105e-03,1.271822688636331744e+00,-1.122054050235569989e+01,2.000000000000000000e+01,6.297010309521845761e-02,0.000000000000000000e+00,0.000000000000000000e+00,0.000000000000000000e+00,0.000000000000000000e+00,0.000000000000000000e+00,0.000000000000000000e+00,1.370000000000000000e+02,5.139178170848168747e+02,4.124273273145053054e+02,2.108700000000000000e+06,1.304299999999999904e-01,-6.577599600000077373e+01,1.000000000000000000e+00
1.739373250202005602e-03,4.975743652281523419e-03,8.523673609919364402e-01,-7.597465059199574711e+00,2.000000000000000000e+01,6.657533224015318996e-02,0.000000000000000000e+00,0.000000000000000000e+00,0.000000000000000000e+00,0.000000000000000000e+00,0.000000000000000000e+00,0.000000000000000000e+00,1.380000000000000000e+02,9.313684485884239166e+02,3.559126853078958561e+02,2.113400000000000000e+06,9.371699999999999475e-02,-6.550271000000130073e+01,1.000000000000000000e+00
2.267570191992685207e-03,3.347009078183740480e-03,7.093088366076600870e-01,-6.510481917347696879e-01,2.000000000000000000e+01,7.690387575862372982e-02,0.000000000000000000e+00,0.000000000000000000e+00,0.000000000000000000e+00,0.000000000000000000e+00,0.000000000000000000e+00,0.000000000000000000e+00,1.390000000000000000e+02,3.434873494020514045e+03,1.832466121282533891e+02,2.120700000000000000e+06,7.696699999999999375e-02,-7.847280000000189659e+01,1.000000000000000000e+00
1.647319592613312109e-03,3.781917384461369516e-03,9.043776930058982089e-01,-8.319061858438496770e+00,2.000000000000000000e+01,7.283324404435512212e-02,0.000000000000000000e+00,0.000000000000000000e+00,0.000000000000000000e+00,0.000000000000000000e+00,0.000000000000000000e+00,0.000000000000000000e+00,1.400000000000000000e+02,7.796718257180368710e+02,3.596104143845137173e+02,2.113200000000000000e+06,1.183199999999999946e-01,-7.019640000000043756e+01,1.000000000000000000e+00
1.763553822001433019e-03,4.988266878570182632e-03,1.183222568618772064e+00,-8.470256011356434911e+00,2.000000000000000000e+01,6.713573465104173688e-02,0.000000000000000000e+00,0.000000000000000000e+00,0.000000000000000000e+00,0.000000000000000000e+00,0.000000000000000000e+00,0.000000000000000000e+00,1.410000000000000000e+02,5.379489070172675156e+02,4.047879050677094597e+02,2.109900000000000000e+06,1.777199999999999891e-01,-1.599530129999949679e+02,1.000000000000000000e+00
1.708407091789262283e-03,5.158633900113464808e-03,1.019016224615928001e+00,-9.908707242855243180e+00,2.000000000000000000e+01,7.312664547889483058e-02,0.000000000000000000e+00,0.000000000000000000e+00,0.000000000000000000e+00,0.000000000000000000e+00,0.000000000000000000e+00,0.000000000000000000e+00,1.420000000000000000e+02,5.311838795135739701e+02,4.064350302352636959e+02,2.109700000000000000e+06,1.715599999999999903e-01,-1.504169859999991843e+02,1.000000000000000000e+00
1.363095808820227739e-03,3.910372124328762196e-03,7.143136457022711827e-01,-4.516068813351886035e+00,2.000000000000000000e+01,7.406489617552376725e-02,0.000000000000000000e+00,0.000000000000000000e+00,0.000000000000000000e+00,0.000000000000000000e+00,0.000000000000000000e+00,0.000000000000000000e+00,1.430000000000000000e+02,1.842965598721052402e+03,2.798189204942335664e+02,2.118200000000000000e+06,1.552199999999999969e-01,-1.859118360000062751e+02,1.000000000000000000e+00
1.597691672341881863e-03,4.192982724935498395e-03,8.298317052138756145e-01,-4.451208680317843225e+00,2.000000000000000000e+01,7.348127574188469124e-02,0.000000000000000000e+00,0.000000000000000000e+00,0.000000000000000000e+00,0.000000000000000000e+00,0.000000000000000000e+00,0.000000000000000000e+00,1.440000000000000000e+02,1.917838209916657661e+03,2.777909812021826497e+02,2.118300000000000000e+06,1.852800000000000002e-01,-2.294742360000202552e+02,1.000000000000000000e+00
1.504784743472349987e-03,3.859767478043808590e-03,9.386334759091478075e-01,-4.488685381707943733e+00,2.000000000000000000e+01,7.488740130694382380e-02,0.000000000000000000e+00,0.000000000000000000e+00,0.000000000000000000e+00,0.000000000000000000e+00,0.000000000000000000e+00,0.000000000000000000e+00,1.450000000000000000e+02,1.853441677959346862e+03,2.789383873289989992e+02,2.118200000000000000e+06,1.010400000000000048e-01,-5.508336599999937278e+01,1.000000000000000000e+00
1.644879712845128544e-03,4.336651366382466427e-03,9.171301358178474139e-01,-4.466576844442453620e+00,2.000000000000000000e+01,7.333660647354486861e-02,0.000000000000000000e+00,0.000000000000000000e+00,0.000000000000000000e+00,0.000000000000000000e+00,0.000000000000000000e+00,0.000000000000000000e+00,1.460000000000000000e+02,1.908020333400821301e+03,2.782511522887474484e+02,2.118200000000000000e+06,1.821000000000000119e-01,-1.955893109999870205e+02,1.000000000000000000e+00
2.625963879953567299e-03,2.843200993896259285e-03,7.873643043806121122e-01,-1.976115154602143376e+00,2.000000000000000000e+01,7.535746687706854074e-02,0.000000000000000000e+00,0.000000000000000000e+00,0.000000000000000000e+00,0.000000000000000000e+00,0.000000000000000000e+00,0.000000000000000000e+00,1.470000000000000000e+02,3.276388981505332595e+03,2.144790590250568414e+02,2.120500000000000000e+06,1.229599999999999999e-01,-1.834691679999981773e+02,1.000000000000000000e+00
1.697197976625710756e-03,4.664056260486839321e-03,8.259198754272332188e-01,-3.668241142518285258e+00,2.000000000000000000e+01,7.380317854496351582e-02,0.000000000000000000e+00,0.000000000000000000e+00,0.000000000000000000e+00,0.000000000000000000e+00,0.000000000000000000e+00,0.000000000000000000e+00,1.480000000000000000e+02,2.078320772987008695e+03,2.687638254785567824e+02,2.118700000000000000e+06,2.664099999999999802e-01,-4.482887999999788349e+02,1.000000000000000000e+00
1.812454869609002230e-03,4.268840163339354503e-03,8.817003225252848519e-01,-4.062258063503215055e+00,2.000000000000000000e+01,7.289059674884286466e-02,0.000000000000000000e+00,0.000000000000000000e+00,0.000000000000000000e+00,0.000000000000000000e+00,0.000000000000000000e+00,0.000000000000000000e+00,1.490000000000000000e+02,2.078320772987008695e+03,2.687638254785567824e+02,2.118700000000000000e+06,2.664099999999999802e-01,-4.482887999999788349e+02,1.000000000000000000e+00
1.947136527981763914e-03,4.117440035229211030e-03,9.059338434607294710e-01,-4.120942861430350490e+00,2.000000000000000000e+01,7.760743180571738620e-02,0.000000000000000000e+00,0.000000000000000000e+00,0.000000000000000000e+00,0.000000000000000000e+00,0.000000000000000000e+00,0.000000000000000000e+00,1.500000000000000000e+02,2.078320772987008695e+03,2.687638254785567824e+02,2.118700000000000000e+06,2.664099999999999802e-01,-4.482887999999788349e+02,1.000000000000000000e+00
1.549463872338953732e-03,4.617415168494828914e-03,6.065278760073768982e-01,-4.020183102044851964e+00,2.000000000000000000e+01,7.415109382245801961e-02,0.000000000000000000e+00,0.000000000000000000e+00,0.000000000000000000e+00,0.000000000000000000e+00,0.000000000000000000e+00,0.000000000000000000e+00,1.510000000000000000e+02,2.112914663953092258e+03,2.675031822523701521e+02,2.118600000000000000e+06,1.869099999999999928e-01,-3.632381550000344532e+02,1.000000000000000000e+00
1.643198942163970984e-03,3.783097444230314882e-03,7.677564321311023399e-01,-4.411930868515141491e+00,2.000000000000000000e+01,7.658531564893227006e-02,0.000000000000000000e+00,0.000000000000000000e+00,0.000000000000000000e+00,0.000000000000000000e+00,0.000000000000000000e+00,0.000000000000000000e+00,1.520000000000000000e+02,2.110017180270497192e+03,2.677244132268357930e+02,2.118800000000000000e+06,2.190499999999999947e-01,-3.910698659999764573e+02,1.000000000000000000e+00
1.770905397813222169e-03,5.868150872994824796e-03,1.080977251213676160e+00,-9.146734347581201519e+00,2.000000000000000000e+01,6.609965673016111876e-02,0.000000000000000000e+00,0.000000000000000000e+00,0.000000000000000000e+00,0.000000000000000000e+00,0.000000000000000000e+00,0.000000000000000000e+00,1.530000000000000000e+02,5.565323081477497453e+02,4.029094473313965068e+02,2.110100000000000000e+06,2.162900000000000100e-01,-2.496015999999919757e+02,1.000000000000000000e+00
1.726017412353490158e-03,5.150650599023269896e-03,9.920968452445610986e-01,-9.723507309534916487e+00,2.000000000000000000e+01,7.312360461274078349e-02,0.000000000000000000e+00,0.000000000000000000e+00,0.000000000000000000e+00,0.000000000000000000e+00,0.000000000000000000e+00,0.000000000000000000e+00,1.540000000000000000e+02,5.586967340637512507e+02,4.028861760313857872e+02,2.110100000000000000e+06,1.774900000000000089e-01,-1.696648169999913875e+02,1.000000000000000000e+00
1.341213970054543157e-03,6.338855884429932946e-03,9.622540819782537946e-01,-1.029562107457844533e+01,2.000000000000000000e+01,7.389321857747398192e-02,0.000000000000000000e+00,0.000000000000000000e+00,0.000000000000000000e+00,0.000000000000000000e+00,0.000000000000000000e+00,0.000000000000000000e+00,1.550000000000000000e+02,5.623318275038917591e+02,4.009274810308608608e+02,2.110500000000000000e+06,3.226999999999999869e-01,-4.923226000000213389e+02,1.000000000000000000e+00
1.606022150450223812e-03,5.548030964445945651e-03,1.023705564495707376e+00,-1.056041604103090492e+01,2.000000000000000000e+01,7.610855959244408608e-02,0.000000000000000000e+00,0.000000000000000000e+00,0.000000000000000000e+00,0.000000000000000000e+00,0.000000000000000000e+00,0.000000000000000000e+00,1.560000000000000000e+02,5.616153332425908502e+02,4.019866855716241503e+02,2.110200000000000000e+06,2.079600000000000060e-01,-2.400625000000183604e+02,1.000000000000000000e+00
1.739694728716803876e-03,5.513497122219899148e-03,1.021099741909090364e+00,-1.139734242877784176e+01,2.000000000000000000e+01,7.128859485625800574e-02,0.000000000000000000e+00,0.000000000000000000e+00,0.000000000000000000e+00,0.000000000000000000e+00,0.000000000000000000e+00,0.000000000000000000e+00,1.570000000000000000e+02,5.039556655124677036e+02,4.207299222161137209e+02,2.108600000000000000e+06,3.732500000000000262e-01,-7.191865529998976854e+02,1.000000000000000000e+00
1.665703256414947367e-03,5.623810447874556806e-03,9.683914314271373502e-01,-1.048741106716829385e+01,2.000000000000000000e+01,7.187406924372084782e-02,0.000000000000000000e+00,0.000000000000000000e+00,0.000000000000000000e+00,0.000000000000000000e+00,0.000000000000000000e+00,0.000000000000000000e+00,1.580000000000000000e+02,5.053598375105597711e+02,4.181316513041473399e+02,2.108900000000000000e+06,4.169999999999999818e-01,-8.374376400001765433e+02,1.000000000000000000e+00
1.503162940489380112e-03,5.448494676708885882e-03,1.013275039573353631e+00,-9.490757458210540065e+00,2.000000000000000000e+01,7.853532259369304380e-02,0.000000000000000000e+00,0.000000000000000000e+00,0.000000000000000000e+00,0.000000000000000000e+00,0.000000000000000000e+00,0.000000000000000000e+00,1.590000000000000000e+02,6.543510824323765291e+02,3.852972002450692912e+02,2.111500000000000000e+06,1.875999999999999890e-01,-1.994620320000157960e+02,1.000000000000000000e+00
1.682184173978199882e-03,5.412378542999233058e-03,9.327945758673727994e-01,-9.106434323821309462e+00,2.000000000000000000e+01,7.294577793630557805e-02,0.000000000000000000e+00,0.000000000000000000e+00,0.000000000000000000e+00,0.000000000000000000e+00,0.000000000000000000e+00,0.000000000000000000e+00,1.600000000000000000e+02,6.507476900303211096e+02,3.896075752965560355e+02,2.111300000000000000e+06,2.023699999999999943e-01,-2.353131989999843938e+02,1.000000000000000000e+00
1.841851457597613916e-03,4.434997202842516639e-03,8.882107973798899492e-01,-2.605320083906149442e+00,2.000000000000000000e+01,7.470910957786074114e-02,0.000000000000000000e+00,0.000000000000000000e+00,0.000000000000000000e+00,0.000000000000000000e+00,0.000000000000000000e+00,0.000000000000000000e+00,1.610000000000000000e+02,2.690311288171903925e+03,2.311479701016631623e+02,2.119700000000000000e+06,1.118900000000000033e-01,-8.939839999999902886e+01,1.000000000000000000e+00
1.847013288854804005e-03,5.763135031552460256e-03,9.971664665547521622e-01,-9.142005022646420898e+00,2.000000000000000000e+01,7.883443295792062766e-02,0.000000000000000000e+00,0.000000000000000000e+00,0.000000000000000000e+00,0.000000000000000000e+00,0.000000000000000000e+00,0.000000000000000000e+00,1.620000000000000000e+02,6.210725091200537236e+02,3.930688766193867991e+02,2.110900000000000000e+06,1.584200000000000053e-01,-1.386754599999986510e+02,1.000000000000000000e+00
1.372336387053826098e-03,4.678076613193655336e-03,8.880017103790180943e-01,-5.997375024496704121e+00,2.000000000000000000e+01,6.732150404774307761e-02,0.000000000000000000e+00,0.000000000000000000e+00,0.000000000000000000e+00,0.000000000000000000e+00,0.000000000000000000e+00,0.000000000000000000e+00,1.630000000000000000e+02,1.595447214790691078e+03,3.054465922256090380e+02,2.116900000000000000e+06,1.340699999999999947e-01,-1.105157129999957704e+02,1.000000000000000000e+00
1.530467411796861566e-03,5.691552933669193938e-03,9.020429463201832254e-01,-8.856850783344457412e+00,2.000000000000000000e+01,8.062126379382801578e-02,0.000000000000000000e+00,0.000000000000000000e+00,0.000000000000000000e+00,0.000000000000000000e+00,0.000000000000000000e+00,0.000000000000000000e+00,1.640000000000000000e+02,7.638232827569311212e+02,3.773504237051145083e+02,2.112200000000000000e+06,1.658900000000000097e-01,-1.730691000000105362e+02,1.000000000000000000e+00
1.583202492535729566e-03,5.609484701016525729e-03,9.076156682783642626e-01,-6.364951352619938163e+00,2.000000000000000000e+01,7.530380155605888304e-02,0.000000000000000000e+00,0.000000000000000000e+00,0.000000000000000000e+00,0.000000000000000000e+00,0.000000000000000000e+00,0.000000000000000000e+00,1.650000000000000000e+02,1.089348968946178275e+03,3.363036829626310009e+02,2.114700000000000000e+06,1.142800000000000066e-01,-7.243900000000138562e+01,1.000000000000000000e+00
1.506118307930596253e-03,4.786480960950722716e-03,1.232660389958819769e+00,-6.943800161698903572e+00,2.000000000000000000e+01,7.212046875770196375e-02,0.000000000000000000e+00,0.000000000000000000e+00,0.000000000000000000e+00,0.000000000000000000e+00,0.000000000000000000e+00,0.000000000000000000e+00,1.660000000000000000e+02,1.044233444610216793e+03,3.394816100095214892e+02,2.115100000000000000e+06,2.994700000000000140e-01,-2.686201999999688041e+02,1.000000000000000000e+00
1.472638759174002381e-03,4.274635996315003308e-03,9.122308323946473063e-01,-7.121976916676620029e+00,2.000000000000000000e+01,6.816713515226252573e-02,0.000000000000000000e+00,0.000000000000000000e+00,0.000000000000000000e+00,0.000000000000000000e+00,0.000000000000000000e+00,0.000000000000000000e+00,1.670000000000000000e+02,1.015502572661233785e+03,3.447625779388055776e+02,2.114400000000000000e+06,1.557099999999999873e-01,-1.219644000000066484e+02,1.000000000000000000e+00
1.039756126558499544e-03,5.306185355516159635e-03,3.368588658431447835e-01,-6.935416597981151732e+00,2.000000000000000000e+01,9.232310790804419687e-02,0.000000000000000000e+00,0.000000000000000000e+00,0.000000000000000000e+00,0.000000000000000000e+00,0.000000000000000000e+00,0.000000000000000000e+00,1.680000000000000000e+02,1.013541557133057495e+03,3.454198054141533021e+02,2.114500000000000000e+06,8.435299999999999743e-02,-1.356264270000054353e+02,1.000000000000000000e+00
1.679117921367174766e-03,4.983938737733668682e-03,9.232207903924884995e-01,-7.178437716895363252e+00,2.000000000000000000e+01,6.721960349402504586e-02,0.000000000000000000e+00,0.000000000000000000e+00,0.000000000000000000e+00,0.000000000000000000e+00,0.000000000000000000e+00,0.000000000000000000e+00,1.690000000000000000e+02,1.010358723984170524e+03,3.460692993713624332e+02,2.114100000000000000e+06,1.137200000000000016e-01,-7.751429499999781569e+01,1.000000000000000000e+00
1.772412609401895385e-03,5.336431367900899836e-03,7.731139365035778477e-01,-9.487645085615227458e+00,2.000000000000000000e+01,7.541215319542228512e-02,0.000000000000000000e+00,0.000000000000000000e+00,0.000000000000000000e+00,0.000000000000000000e+00,0.000000000000000000e+00,0.000000000000000000e+00,1.700000000000000000e+02,6.345016334282312300e+02,3.922297559343926991e+02,2.111100000000000000e+06,2.462100000000000122e-01,-3.453439220000162777e+02,1.000000000000000000e+00
1.460071781225411253e-03,4.188388884987445659e-03,8.249078952778519103e-01,-5.718508438232500879e+00,2.000000000000000000e+01,7.269729593296624104e-02,0.000000000000000000e+00,0.000000000000000000e+00,0.000000000000000000e+00,0.000000000000000000e+00,0.000000000000000000e+00,0.000000000000000000e+00,1.710000000000000000e+02,1.614290721101293002e+03,2.999808825796274050e+02,2.117200000000000000e+06,1.456300000000000094e-01,-1.239831359999996039e+02,1.000000000000000000e+00
1.283590681632482697e-03,3.935581603602280633e-03,7.197221821072388170e-01,-5.040991023695047701e+00,2.000000000000000000e+01,7.268642809564268559e-02,0.000000000000000000e+00,0.000000000000000000e+00,0.000000000000000000e+00,0.000000000000000000e+00,0.000000000000000000e+00,0.000000000000000000e+00,1.720000000000000000e+02,1.614933913327189885e+03,2.979754915339935337e+02,2.117400000000000000e+06,2.797100000000000142e-01,-4.705942610000845434e+02,1.000000000000000000e+00
1.519268165702778372e-03,3.925979479362956895e-03,1.158345305553526217e+00,-5.255320318610802843e+00,2.000000000000000000e+01,6.554626103723522335e-02,0.000000000000000000e+00,0.000000000000000000e+00,0.000000000000000000e+00,0.000000000000000000e+00,0.000000000000000000e+00,0.000000000000000000e+00,1.730000000000000000e+02,1.615076025306088468e+03,2.978187852701333327e+02,2.117300000000000000e+06,1.310300000000000076e-01,-6.401519999999946720e+01,1.000000000000000000e+00
1.893782783783315264e-03,6.644196572138002556e-03,9.411310599168871693e-01,-1.109159829360165261e+01,2.000000000000000000e+01,8.092050190880514804e-02,0.000000000000000000e+00,0.000000000000000000e+00,0.000000000000000000e+00,0.000000000000000000e+00,0.000000000000000000e+00,0.000000000000000000e+00,1.740000000000000000e+02,5.051970207648323594e+02,4.223853395413131011e+02,2.108300000000000000e+06,3.123000000000000220e-01,-5.037702999999748954e+02,1.000000000000000000e+00
1.427904076471714617e-03,4.375504761214839972e-03,8.174887291274082202e-01,-5.712148176231657715e+00,2.000000000000000000e+01,7.346929186555492541e-02,0.000000000000000000e+00,0.000000000000000000e+00,0.000000000000000000e+00,0.000000000000000000e+00,0.000000000000000000e+00,0.000000000000000000e+00,1.750000000000000000e+02,1.494813077685286316e+03,3.096232094892482678e+02,2.116700000000000000e+06,1.780100000000000016e-01,-1.992059999999897002e+02,1.000000000000000000e+00
1.796833179204816201e-03,5.694174493509787487e-03,1.070460084309688531e+00,-1.156593588135579331e+01,2.000000000000000000e+01,6.627314574064804842e-02,0.000000000000000000e+00,0.000000000000000000e+00,0.000000000000000000e+00,0.000000000000000000e+00,0.000000000000000000e+00,0.000000000000000000e+00,1.760000000000000000e+02,5.395292908289161460e+02,4.053769647917706038e+02,2.109900000000000000e+06,1.791200000000000014e-01,-1.377381670000005158e+02,1.000000000000000000e+00
1.767310988820685940e-03,5.337705391188477325e-03,9.503073394778074334e-01,-9.957417246730514648e+00,2.000000000000000000e+01,7.054805307750650067e-02,0.000000000000000000e+00,0.000000000000000000e+00,0.000000000000000000e+00,0.000000000000000000e+00,0.000000000000000000e+00,0.000000000000000000e+00,1.770000000000000000e+02,5.625772974764437322e+02,4.013353995703242845e+02,2.110200000000000000e+06,1.712799999999999878e-01,-1.652555519999953049e+02,1.000000000000000000e+00
1.887837944311260112e-03,4.397112994615128001e-03,7.941573412986375757e-01,-1.618156207213576225e+00,2.000000000000000000e+01,6.890280769034477781e-02,0.000000000000000000e+00,0.000000000000000000e+00,0.000000000000000000e+00,0.000000000000000000e+00,0.000000000000000000e+00,0.000000000000000000e+00,1.780000000000000000e+02,3.629341774299443387e+03,2.062663771634729244e+02,2.120000000000000000e+06,1.999199999999999866e-01,-2.597874240000268173e+02,1.000000000000000000e+00
1.568844387578549344e-03,4.571527558965885439e-03,7.436863584502809710e-01,-4.012423788835711491e+00,2.000000000000000000e+01,7.437428643951608798e-02,0.000000000000000000e+00,0.000000000000000000e+00,0.000000000000000000e+00,0.000000000000000000e+00,0.000000000000000000e+00,0.000000000000000000e+00,1.790000000000000000e+02,2.121673250976110921e+03,2.672591830354676290e+02,2.118600000000000000e+06,1.325900000000000134e-01,-1.491072999999986450e+02,1.000000000000000000e+00
1.889719154289796425e-03,6.219007845446081553e-03,8.793065292813829759e-01,-8.585113360939834237e+00,2.000000000000000000e+01,7.996609965878369308e-02,0.000000000000000000e+00,0.000000000000000000e+00,0.000000000000000000e+00,0.000000000000000000e+00,0.000000000000000000e+00,0.000000000000000000e+00,1.800000000000000000e+02,6.237196955697606882e+02,3.936949287377620976e+02,2.110800000000000000e+06,1.902600000000000124e-01,-2.213268910000103631e+02,1.000000000000000000e+00
1.563779145436093240e-03,4.391715256079711284e-03,9.691219241882864655e-01,-4.958855659918641301e+00,2.000000000000000000e+01,7.322256107968959371e-02,0.000000000000000000e+00,0.000000000000000000e+00,0.000000000000000000e+00,0.000000000000000000e+00,0.000000000000000000e+00,0.000000000000000000e+00,1.810000000000000000e+02,1.719063817702176948e+03,2.912925549739800317e+02,2.117700000000000000e+06,1.825900000000000023e-01,-1.696407819999945730e+02,1.000000000000000000e+00
1.408275652217513135e-03,3.867423945606582661e-03,7.983513427745759783e-01,-4.919468503931091696e+00,2.000000000000000000e+01,7.366474820212090546e-02,0.000000000000000000e+00,0.000000000000000000e+00,0.000000000000000000e+00,0.000000000000000000e+00,0.000000000000000000e+00,0.000000000000000000e+00,1.820000000000000000e+02,1.727164974957301865e+03,2.904143383641788887e+02,2.117800000000000000e+06,1.708800000000000041e-01,-1.898909180000125332e+02,1.000000000000000000e+00
1.574062447079815430e-03,4.417327251780768516e-03,8.893866241676005036e-01,-4.915301206017312019e+00,2.000000000000000000e+01,7.266040642509513647e-02,0.000000000000000000e+00,0.000000000000000000e+00,0.000000000000000000e+00,0.000000000000000000e+00,0.000000000000000000e+00,0.000000000000000000e+00,1.830000000000000000e+02,1.748151726204197757e+03,2.903202839955776540e+02,2.117800000000000000e+06,2.807600000000000096e-01,-4.394111249999556890e+02,1.000000000000000000e+00
1.780337104542115958e-03,5.242359387945051338e-03,1.010692810189040891e+00,-5.881164809036288688e+00,2.000000000000000000e+01,7.427231506438573827e-02,0.000000000000000000e+00,0.000000000000000000e+00,0.000000000000000000e+00,0.000000000000000000e+00,0.000000000000000000e+00,0.000000000000000000e+00,1.840000000000000000e+02,1.365940099830588224e+03,3.189846047229667647e+02,2.115700000000000000e+06,1.112299999999999955e-01,-6.859019699999920761e+01,1.000000000000000000e+00
1.754152638213209419e-03,5.116613241586576155e-03,9.827245301580683767e-01,-8.730674269423641221e+00,2.000000000000000000e+01,6.183802781991850489e-02,0.000000000000000000e+00,0.000000000000000000e+00,0.000000000000000000e+00,0.000000000000000000e+00,0.000000000000000000e+00,0.000000000000000000e+00,1.850000000000000000e+02,6.504079768294587893e+02,3.910155675324407980e+02,2.111100000000000000e+06,1.571200000000000097e-01,-1.709009999999981630e+02,1.000000000000000000e+00
1.511011166638585998e-03,6.372648622037973935e-03,1.001820423243474645e+00,-9.231302751889124636e+00,2.000000000000000000e+01,6.870984274520712531e-02,0.000000000000000000e+00,0.000000000000000000e+00,0.000000000000000000e+00,0.000000000000000000e+00,0.000000000000000000e+00,0.000000000000000000e+00,1.860000000000000000e+02,6.436744059727835747e+02,3.913142129137020220e+02,2.111100000000000000e+06,1.926700000000000079e-01,-2.250294029999782310e+02,1.000000000000000000e+00
1.657744894889097561e-03,5.282178048094621388e-03,8.499419704351938165e-01,-8.802989911161036574e+00,2.000000000000000000e+01,7.726989970330368218e-02,0.000000000000000000e+00,0.000000000000000000e+00,0.000000000000000000e+00,0.000000000000000000e+00,0.000000000000000000e+00,0.000000000000000000e+00,1.870000000000000000e+02,7.084511492175802232e+02,3.814128370797707817e+02,2.111900000000000000e+06,1.485400000000000054e-01,-1.317060090000004777e+02,1.000000000000000000e+00
1.602250789070837908e-03,4.584627113048645938e-03,7.419240573715418785e-01,-4.030237805964707043e+00,2.000000000000000000e+01,7.973110176798060833e-02,0.000000000000000000e+00,0.000000000000000000e+00,0.000000000000000000e+00,0.000000000000000000e+00,0.000000000000000000e+00,0.000000000000000000e+00,1.880000000000000000e+02,1.956965949514163412e+03,2.760245448721012167e+02,2.118200000000000000e+06,1.512000000000000011e-01,-1.435114169999993692e+02,1.000000000000000000e+00
1.522128729773671810e-03,5.538265465194050496e-03,9.724442591719599793e-01,-7.950983844300363756e+00,2.000000000000000000e+01,7.710209784693120016e-02,0.000000000000000000e+00,0.000000000000000000e+00,0.000000000000000000e+00,0.000000000000000000e+00,0.000000000000000000e+00,0.000000000000000000e+00,1.890000000000000000e+02,6.993473011648861757e+02,3.821439236563844020e+02,2.111900000000000000e+06,2.392400000000000082e-01,-3.161703999999845109e+02,1.000000000000000000e+00
1.567691890403418060e-03,4.454612680778543068e-03,1.041690821634979613e+00,-5.014160586161344746e+00,2.000000000000000000e+01,7.375240116673893731e-02,0.000000000000000000e+00,0.000000000000000000e+00,0.000000000000000000e+00,0.000000000000000000e+00,0.000000000000000000e+00,0.000000000000000000e+00,1.900000000000000000e+02,1.712473943570511210e+03,2.924970595581436896e+02,2.117600000000000000e+06,1.402500000000000135e-01,-8.848803099999898336e+01,1.000000000000000000e+00
2.049937774750804249e-03,4.506311209348596442e-03,7.589567243685322318e-01,-2.599748607746459328e+00,2.000000000000000000e+01,6.745755148287593816e-02,0.000000000000000000e+00,0.000000000000000000e+00,0.000000000000000000e+00,0.000000000000000000e+00,0.000000000000000000e+00,0.000000000000000000e+00,1.910000000000000000e+02,3.069159905435411474e+03,2.309940451615766790e+02,2.119600000000000000e+06,1.086799999999999988e-01,-1.180794239999970330e+02,1.000000000000000000e+00
1.706938948689575323e-03,4.403870102781228674e-03,9.638975768462687554e-01,-4.414724033247981794e+00,2.000000000000000000e+01,7.313676676564984103e-02,0.000000000000000000e+00,0.000000000000000000e+00,0.000000000000000000e+00,0.000000000000000000e+00,0.000000000000000000e+00,0.000000000000000000e+00,1.920000000000000000e+02,1.932264244162753357e+03,2.767560406210117776e+02,2.118300000000000000e+06,1.962899999999999923e-01,-2.131473999999906255e+02,1.000000000000000000e+00
1.636126978843895812e-03,4.176936314406949277e-03,8.545799399984753686e-01,-4.437724528485198938e+00,2.000000000000000000e+01,7.346032848332946508e-02,0.000000000000000000e+00,0.000000000000000000e+00,0.000000000000000000e+00,0.000000000000000000e+00,0.000000000000000000e+00,0.000000000000000000e+00,1.930000000000000000e+02,1.929722514319393667e+03,2.773990590210461278e+02,2.118300000000000000e+06,1.845299999999999996e-01,-2.219493099999844787e+02,1.000000000000000000e+00
2.142310969654276278e-03,4.995966176200729476e-03,6.567963828759665335e-01,-1.150799651725556760e+00,2.000000000000000000e+01,6.730927692164480336e-02,0.000000000000000000e+00,0.000000000000000000e+00,0.000000000000000000e+00,0.000000000000000000e+00,0.000000000000000000e+00,0.000000000000000000e+00,1.940000000000000000e+02,4.228679466752601911e+03,1.944187259905051519e+02,2.120000000000000000e+06,1.027799999999999964e-01,-1.361597999999968067e+02,1.000000000000000000e+00
1.933188883708628590e-03,5.833232061631685693e-03,1.004447803215301915e+00,-8.604794411345109140e+00,2.000000000000000000e+01,6.083585118734909092e-02,0.000000000000000000e+00,0.000000000000000000e+00,0.000000000000000000e+00,0.000000000000000000e+00,0.000000000000000000e+00,0.000000000000000000e+00,1.950000000000000000e+02,5.114516536600493737e+02,4.222703393010172022e+02,2.108200000000000000e+06,2.585200000000000276e-01,-3.839015999999960513e+02,1.000000000000000000e+00
2.052474598686887270e-03,3.409848198387599796e-03,6.809094531305894815e-01,-2.162905848024812006e+00,2.000000000000000000e+01,7.155420900709635879e-02,0.000000000000000000e+00,0.000000000000000000e+00,0.000000000000000000e+00,0.000000000000000000e+00,0.000000000000000000e+00,0.000000000000000000e+00,1.960000000000000000e+02,3.552396400062876637e+03,2.199009906462098627e+02,2.120100000000000000e+06,6.010799999999999477e-01,-1.734076799999093055e+03,1.000000000000000000e+00
1.707948177574346652e-03,4.421794422334075422e-03,8.902676490764984685e-01,-3.832668096101092825e+00,2.000000000000000000e+01,6.504034128324184816e-02,0.000000000000000000e+00,0.000000000000000000e+00,0.000000000000000000e+00,0.000000000000000000e+00,0.000000000000000000e+00,0.000000000000000000e+00,1.970000000000000000e+02,2.037871536765188011e+03,2.729904261532263376e+02,2.118500000000000000e+06,1.242899999999999977e-01,-1.035425999999991689e+02,1.000000000000000000e+00
1.503736085941273937e-03,4.565055143801456140e-03,7.340813490946322961e-01,-4.494037196503063214e+00,2.000000000000000000e+01,7.313247659466345918e-02,0.000000000000000000e+00,0.000000000000000000e+00,0.000000000000000000e+00,0.000000000000000000e+00,0.000000000000000000e+00,0.000000000000000000e+00,1.980000000000000000e+02,1.902352946271907513e+03,2.791092271147583119e+02,2.118200000000000000e+06,2.483799999999999897e-01,-4.556588369999611245e+02,1.000000000000000000e+00
1.525344036079875724e-03,3.635410973864191923e-03,9.252306614362877379e-01,-4.513903720467245861e+00,2.000000000000000000e+01,7.454917519845938312e-02,0.000000000000000000e+00,0.000000000000000000e+00,0.000000000000000000e+00,0.000000000000000000e+00,0.000000000000000000e+00,0.000000000000000000e+00,1.990000000000000000e+02,1.885826152970559860e+03,2.797497023421730091e+02,2.118300000000000000e+06,1.139000000000000012e-01,-7.248785800000132440e+01,1.000000000000000000e+00
