1.903138695459639061e-03,4.978637868208747250e-03,4.126166704775278138e-01,2.589993470009330334e+00,2.000000000000000000e+01,7.380069264895219860e-02,0.000000000000000000e+00,0.000000000000000000e+00,0.000000000000000000e+00,0.000000000000000000e+00,0.000000000000000000e+00,0.000000000000000000e+00,0.000000000000000000e+00,5.213096503396264779e+03,1.381830716020471641e+02,2.119600000000000000e+06,3.749399999999999955e-01,-1.650653526000441161e+03,1.000000000000000000e+00
3.427674828771281983e-03,3.948077204231717832e-03,7.561691715417795390e-01,2.454123538104756808e+00,2.000000000000000000e+01,7.140031533688274978e-02,0.000000000000000000e+00,0.000000000000000000e+00,0.000000000000000000e+00,0.000000000000000000e+00,0.000000000000000000e+00,0.000000000000000000e+00,1.000000000000000000e+00,4.672072728420701424e+03,1.381834771173181480e+02,2.120100000000000000e+06,4.614599999999999813e-01,-2.134055500000098618e+03,1.000000000000000000e+00
2.746135330354450635e-03,1.853988816162661967e-03,5.713779427345889728e-01,2.402663777120856103e+00,2.000000000000000000e+01,6.942734958025673087e-02,0.000000000000000000e+00,0.000000000000000000e+00,0.000000000000000000e+00,0.000000000000000000e+00,0.000000000000000000e+00,0.000000000000000000e+00,2.000000000000000000e+00,4.434081446375397718e+03,1.381835178775006057e+02,2.119900000000000000e+06,4.758300000000000030e-02,-5.396140000000064418e+01,1.000000000000000000e+00
2.125991282208302118e-03,4.187732687546800309e-03,7.809854108570349895e-01,2.579226902388418008e+00,2.000000000000000000e+01,7.185715421214362852e-02,0.000000000000000000e+00,0.000000000000000000e+00,0.000000000000000000e+00,0.000000000000000000e+00,0.000000000000000000e+00,0.000000000000000000e+00,3.000000000000000000e+00,4.398361502887943061e+03,1.381835263298751784e+02,2.119900000000000000e+06,2.733200000000000074e-01,-5.778979560000344691e+02,1.000000000000000000e+00
2.180466121876323098e-03,2.856268282066567500e-03,5.805494018073574791e-01,2.597416270252152160e+00,2.000000000000000000e+01,7.629849607380176368e-02,0.000000000000000000e+00,0.000000000000000000e+00,0.000000000000000000e+00,0.000000000000000000e+00,0.000000000000000000e+00,0.000000000000000000e+00,4.000000000000000000e+00,4.047332589036115678e+03,1.381836158305488027e+02,2.120000000000000000e+06,1.088800000000000046e-01,-1.956195640000134404e+02,1.000000000000000000e+00
2.813044954951266288e-03,3.310110009240876949e-03,7.630644394660245355e-01,2.792263612468741663e+00,2.000000000000000000e+01,7.054363352406994858e-02,0.000000000000000000e+00,0.000000000000000000e+00,0.000000000000000000e+00,0.000000000000000000e+00,0.000000000000000000e+00,0.000000000000000000e+00,5.000000000000000000e+00,4.004044980366723394e+03,1.381861730787641989e+02,2.120100000000000000e+06,2.925699999999999967e-01,-8.942352999998099676e+02,1.000000000000000000e+00
2.435926518106031752e-03,2.485623805170088328e-03,6.930746787678462306e-01,2.560185324778462945e+00,2.000000000000000000e+01,7.476803549699159723e-02,0.000000000000000000e+00,0.000000000000000000e+00,0.000000000000000000e+00,0.000000000000000000e+00,0.000000000000000000e+00,0.000000000000000000e+00,6.000000000000000000e+00,3.925392870184532512e+03,1.381872107507784619e+02,2.120100000000000000e+06,1.805499999999999883e-01,-3.839135999999641626e+02,1.000000000000000000e+00
3.558052698127153659e-03,2.908844393644730800e-03,1.292151016781512229e+00,2.493807050974937045e+00,2.000000000000000000e+01,7.223042576488006294e-02,0.000000000000000000e+00,0.000000000000000000e+00,0.000000000000000000e+00,0.000000000000000000e+00,0.000000000000000000e+00,0.000000000000000000e+00,7.000000000000000000e+00,3.830553625528484645e+03,1.382344389947924128e+02,2.120500000000000000e+06,4.484799999999999898e-01,-1.005727999999994154e+03,1.000000000000000000e+00
1.682716783756623737e-03,2.825920294964012411e-03,7.163503185945708784e-01,2.759016074528851004e+00,2.000000000000000000e+01,7.275716587371573729e-02,0.000000000000000000e+00,0.000000000000000000e+00,0.000000000000000000e+00,0.000000000000000000e+00,0.000000000000000000e+00,0.000000000000000000e+00,8.000000000000000000e+00,3.656475113957780195e+03,1.383378599124786206e+02,2.120000000000000000e+06,3.712900000000000089e-01,-1.015802700000412756e+03,1.000000000000000000e+00
1.907698679069583323e-03,2.801197738596782755e-03,6.784559823489494379e-01,2.233420136303631232e+00,2.000000000000000000e+01,7.420307812411966464e-02,0.000000000000000000e+00,0.000000000000000000e+00,0.000000000000000000e+00,0.000000000000000000e+00,0.000000000000000000e+00,0.000000000000000000e+00,9.000000000000000000e+00,3.599429343088458154e+03,1.388570124589804209e+02,2.120300000000000000e+06,1.945300000000000085e-01,-3.813456000000185782e+02,1.000000000000000000e+00
1.527286800156380702e-03,3.041917925841754276e-03,6.943342456329872903e-01,2.061913368502294563e+00,2.000000000000000000e+01,7.497114851599884222e-02,0.000000000000000000e+00,0.000000000000000000e+00,0.000000000000000000e+00,0.000000000000000000e+00,0.000000000000000000e+00,0.000000000000000000e+00,1.000000000000000000e+01,3.522838432448312687e+03,1.392088616301796549e+02,2.120300000000000000e+06,1.440800000000000136e-01,-1.738260370000043906e+02,1.000000000000000000e+00
1.453862889750406591e-03,1.129518940027193601e-03,7.019133968727182538e-01,2.797774846292153672e-01,2.000000000000000000e+01,7.099867418110530903e-02,0.000000000000000000e+00,0.000000000000000000e+00,0.000000000000000000e+00,0.000000000000000000e+00,0.000000000000000000e+00,0.000000000000000000e+00,1.100000000000000000e+01,2.859393057942302221e+03,1.624343157934981718e+02,2.121000000000000000e+06,8.417900000000000382e-02,-6.628674700000094333e+01,1.000000000000000000e+00
1.720761910280736544e-03,3.365014113273788725e-03,1.014332901539630960e+00,-3.375096066134886108e-01,2.000000000000000000e+01,7.224988847455476870e-02,0.000000000000000000e+00,0.000000000000000000e+00,0.000000000000000000e+00,0.000000000000000000e+00,0.000000000000000000e+00,0.000000000000000000e+00,1.200000000000000000e+01,2.819114562707988625e+03,1.753993640374757206e+02,2.120900000000000000e+06,3.883599999999999830e-01,-6.804873539997964826e+02,1.000000000000000000e+00
1.300065806804433580e-03,5.378686016965212799e-03,1.268069237798088444e+00,-9.552803429036620386e+00,2.000000000000000000e+01,6.631524445917569288e-02,0.000000000000000000e+00,0.000000000000000000e+00,0.000000000000000000e+00,0.000000000000000000e+00,0.000000000000000000e+00,0.000000000000000000e+00,1.300000000000000000e+01,4.270103128568665625e+02,4.075329956930839330e+02,2.110100000000000000e+06,3.434400000000000230e-01,-3.006366000000035115e+02,1.000000000000000000e+00
1.926923533645138152e-03,2.850843436872764567e-03,9.926656201596681939e-01,3.694825300689246195e-01,2.000000000000000000e+01,7.299204940362201410e-02,0.000000000000000000e+00,0.000000000000000000e+00,0.000000000000000000e+00,0.000000000000000000e+00,0.000000000000000000e+00,0.000000000000000000e+00,1.400000000000000000e+01,3.078514164298338983e+03,1.613914901657360588e+02,2.121000000000000000e+06,2.348999999999999977e-01,-3.036936240000083558e+02,1.000000000000000000e+00
1.578574396331262637e-03,3.342066111877850174e-03,1.108299263183570860e+00,6.107241056562228154e-01,2.000000000000000000e+01,7.255288091442198273e-02,0.000000000000000000e+00,0.000000000000000000e+00,0.000000000000000000e+00,0.000000000000000000e+00,0.000000000000000000e+00,0.000000000000000000e+00,1.500000000000000000e+01,3.097696676862203276e+03,1.573468826663183791e+02,2.120800000000000000e+06,2.513299999999999979e-01,-2.384801229999884811e+02,1.000000000000000000e+00
1.066735715061746005e-03,1.625198760915415319e-03,6.284207701509247901e-01,1.517407158009493884e+00,2.000000000000000000e+01,7.048632856382376632e-02,0.000000000000000000e+00,0.000000000000000000e+00,0.000000000000000000e+00,0.000000000000000000e+00,0.000000000000000000e+00,0.000000000000000000e+00,1.600000000000000000e+01,3.339138210177802193e+03,1.441420077627831233e+02,2.120500000000000000e+06,3.333999999999999742e-01,-5.455622130001585219e+02,1.000000000000000000e+00
5.556123571040076387e-04,3.355900744307529875e-03,4.350898292190373828e-01,1.899999104676579398e+00,2.000000000000000000e+01,7.046948519140988632e-02,0.000000000000000000e+00,0.000000000000000000e+00,0.000000000000000000e+00,0.000000000000000000e+00,0.000000000000000000e+00,0.000000000000000000e+00,1.700000000000000000e+01,3.345099435783400168e+03,1.414068934349543554e+02,2.120300000000000000e+06,8.417499999999999982e-02,-5.607500700000161942e+01,1.000000000000000000e+00
1.677583116368919127e-03,3.420179773920339027e-03,9.005989820240528632e-01,7.661731280696939539e-01,2.000000000000000000e+01,7.208748662034698829e-02,0.000000000000000000e+00,0.000000000000000000e+00,0.000000000000000000e+00,0.000000000000000000e+00,0.000000000000000000e+00,0.000000000000000000e+00,1.800000000000000000e+01,3.296717534236670417e+03,1.546831637546637808e+02,2.120900000000000000e+06,4.639400000000000190e-01,-1.096342732999831014e+03,1.000000000000000000e+00
1.634738438018819295e-03,4.576829188822293011e-03,1.308268081225657742e+00,-8.976022280201556569e+00,2.000000000000000000e+01,7.646785093555528989e-02,0.000000000000000000e+00,0.000000000000000000e+00,0.000000000000000000e+00,0.000000000000000000e+00,0.000000000000000000e+00,0.000000000000000000e+00,1.900000000000000000e+01,4.673043449235054823e+02,4.024122041236544192e+02,2.110500000000000000e+06,3.247599999999999931e-01,-3.001517689999869845e+02,1.000000000000000000e+00
1.289134362791821481e-03,3.629437110812930561e-03,1.082705956641563994e+00,-3.174825780313838219e+00,2.000000000000000000e+01,6.439174666591315765e-02,0.000000000000000000e+00,0.000000000000000000e+00,0.000000000000000000e+00,0.000000000000000000e+00,0.000000000000000000e+00,0.000000000000000000e+00,2.000000000000000000e+01,1.845263585900274165e+03,2.584479651292399467e+02,2.118900000000000000e+06,1.329799999999999871e-01,-6.019200000000162021e+01,1.000000000000000000e+00
1.582476896929412447e-03,3.795553334901202377e-03,1.059025617060562530e+00,7.283993879403112270e-01,2.000000000000000000e+01,7.198384172682267823e-02,0.000000000000000000e+00,0.000000000000000000e+00,0.000000000000000000e+00,0.000000000000000000e+00,0.000000000000000000e+00,0.000000000000000000e+00,2.100000000000000000e+01,3.208837745973177334e+03,1.553395352698404679e+02,2.120800000000000000e+06,4.333799999999999875e-01,-7.117373009998185580e+02,1.000000000000000000e+00
1.357113502825520223e-03,3.933944989780094673e-03,1.085979809966183485e+00,-3.607647672853719900e+00,2.000000000000000000e+01,7.207197541225893178e-02,0.000000000000000000e+00,0.000000000000000000e+00,0.000000000000000000e+00,0.000000000000000000e+00,0.000000000000000000e+00,0.000000000000000000e+00,2.200000000000000000e+01,1.899584093443915208e+03,2.569085201814584707e+02,2.119200000000000000e+06,3.819799999999999862e-01,-4.788817709999489693e+02,1.000000000000000000e+00
1.384626730715023124e-03,3.386834690286309041e-03,1.168193807602575296e+00,-4.055721707391468200e+00,2.000000000000000000e+01,6.562085599299127825e-02,0.000000000000000000e+00,0.000000000000000000e+00,0.000000000000000000e+00,0.000000000000000000e+00,0.000000000000000000e+00,0.000000000000000000e+00,2.300000000000000000e+01,1.809920420277993571e+03,2.595146165710566493e+02,2.118900000000000000e+06,1.258700000000000097e-01,-5.382570200000112237e+01,1.000000000000000000e+00
1.277968302699503686e-03,3.591032259117669240e-03,9.790677302197601239e-01,-3.654226549573879268e+00,2.000000000000000000e+01,7.687482930205645493e-02,0.000000000000000000e+00,0.000000000000000000e+00,0.000000000000000000e+00,0.000000000000000000e+00,0.000000000000000000e+00,0.000000000000000000e+00,2.400000000000000000e+01,1.881208555708543599e+03,2.578928780380056196e+02,2.119200000000000000e+06,4.873100000000000209e-01,-7.207270980002189162e+02,1.000000000000000000e+00
1.296178860652386642e-03,3.670669954883334831e-03,1.225004421203587768e+00,-3.419984877624292707e+00,2.000000000000000000e+01,6.867037529362347847e-02,0.000000000000000000e+00,0.000000000000000000e+00,0.000000000000000000e+00,0.000000000000000000e+00,0.000000000000000000e+00,0.000000000000000000e+00,2.500000000000000000e+01,1.902950079795441525e+03,2.522654537309427099e+02,2.119200000000000000e+06,1.922399999999999942e-01,-9.944639999999968438e+01,1.000000000000000000e+00
1.132729910086059319e-03,3.485118484996041315e-03,1.222167924103152892e+00,-4.131264097746452535e+00,2.000000000000000000e+01,7.111992630585377284e-02,0.000000000000000000e+00,0.000000000000000000e+00,0.000000000000000000e+00,0.000000000000000000e+00,0.000000000000000000e+00,0.000000000000000000e+00,2.600000000000000000e+01,1.767977459477138382e+03,2.611995237300677672e+02,2.119000000000000000e+06,2.348399999999999932e-01,-1.491755999999979849e+02,1.000000000000000000e+00
1.324077723869027546e-03,3.977212641770861215e-03,1.250465026482781239e+00,-3.491541614034057606e+00,2.000000000000000000e+01,6.857522395424815731e-02,0.000000000000000000e+00,0.000000000000000000e+00,0.000000000000000000e+00,0.000000000000000000e+00,0.000000000000000000e+00,0.000000000000000000e+00,2.700000000000000000e+01,1.905045234565268856e+03,2.499448346735370876e+02,2.119200000000000000e+06,1.359599999999999975e-01,-5.226432599999908746e+01,1.000000000000000000e+00
1.470561321293537352e-03,3.373211683558620388e-03,1.285805004022347653e+00,-2.059853745206826847e+00,2.000000000000000000e+01,6.906827957548333785e-02,0.000000000000000000e+00,0.000000000000000000e+00,0.000000000000000000e+00,0.000000000000000000e+00,0.000000000000000000e+00,0.000000000000000000e+00,2.800000000000000000e+01,2.362578872050830341e+03,2.170776938694844489e+02,2.120200000000000000e+06,2.341900000000000093e-01,-1.452847789999995314e+02,1.000000000000000000e+00
1.449214246784292755e-03,3.735274195050527178e-03,1.261165010987935986e+00,-4.182988764680057869e+00,2.000000000000000000e+01,6.826468680470267059e-02,0.000000000000000000e+00,0.000000000000000000e+00,0.000000000000000000e+00,0.000000000000000000e+00,0.000000000000000000e+00,0.000000000000000000e+00,2.900000000000000000e+01,1.641947901493705558e+03,2.717900553311990279e+02,2.118500000000000000e+06,1.643400000000000138e-01,-7.573439999999985162e+01,1.000000000000000000e+00
1.532478721494906233e-03,3.543525427880074748e-03,1.008741758039064740e+00,-4.529523525809842077e+00,2.000000000000000000e+01,6.756086335570878065e-02,0.000000000000000000e+00,0.000000000000000000e+00,0.000000000000000000e+00,0.000000000000000000e+00,0.000000000000000000e+00,0.000000000000000000e+00,3.000000000000000000e+01,1.635509653621381403e+03,2.802457129409039567e+02,2.118100000000000000e+06,1.227599999999999941e-01,-7.011499100000116869e+01,1.000000000000000000e+00
1.230367003050316082e-03,5.061721391618785072e-03,1.265876950940419299e+00,-9.030573582826511014e+00,2.000000000000000000e+01,7.173096090501378252e-02,0.000000000000000000e+00,0.000000000000000000e+00,0.000000000000000000e+00,0.000000000000000000e+00,0.000000000000000000e+00,0.000000000000000000e+00,3.100000000000000000e+01,4.945951490716848298e+02,3.876174938549796138e+02,2.112000000000000000e+06,3.959900000000000087e-01,-3.351749999999676106e+02,1.000000000000000000e+00
1.492366642005197230e-03,3.979516624726718924e-03,1.108938763376109415e+00,-4.540075156785125188e+00,2.000000000000000000e+01,6.758927236965819874e-02,0.000000000000000000e+00,0.000000000000000000e+00,0.000000000000000000e+00,0.000000000000000000e+00,0.000000000000000000e+00,0.000000000000000000e+00,3.200000000000000000e+01,1.634483985921858903e+03,2.805763761945717647e+02,2.118000000000000000e+06,1.270000000000000018e-01,-6.127105599999880070e+01,1.000000000000000000e+00
1.294176863320609192e-03,3.211317640197344347e-03,1.283039244094605458e+00,-2.874393688540565872e+00,2.000000000000000000e+01,6.940341479074844944e-02,0.000000000000000000e+00,0.000000000000000000e+00,0.000000000000000000e+00,0.000000000000000000e+00,0.000000000000000000e+00,0.000000000000000000e+00,3.300000000000000000e+01,2.004278303326627793e+03,2.380891735400800542e+02,2.119700000000000000e+06,2.832100000000000173e-01,-1.860757620000123040e+02,1.000000000000000000e+00
1.383755121546591553e-03,4.195381055485944595e-03,1.029454490178514314e+00,-5.445586692704600829e+00,2.000000000000000000e+01,7.017437817822277935e-02,0.000000000000000000e+00,0.000000000000000000e+00,0.000000000000000000e+00,0.000000000000000000e+00,0.000000000000000000e+00,0.000000000000000000e+00,3.400000000000000000e+01,1.582593393945543085e+03,2.854929536936143677e+02,2.117800000000000000e+06,1.298900000000000055e-01,-6.959037700000095583e+01,1.000000000000000000e+00
1.369298795698125791e-03,3.730741645351470272e-03,1.193567583722824565e+00,-2.624849715661648375e+00,2.000000000000000000e+01,7.167143463747729926e-02,0.000000000000000000e+00,0.000000000000000000e+00,0.000000000000000000e+00,0.000000000000000000e+00,0.000000000000000000e+00,0.000000000000000000e+00,3.500000000000000000e+01,2.184474264493169358e+03,2.316850445089926041e+02,2.120000000000000000e+06,5.641300000000000203e-01,-8.477242410002772885e+02,1.000000000000000000e+00
1.637708691868748796e-03,3.517275715746161387e-03,1.314999830205499043e+00,-2.175475409233111002e+00,2.000000000000000000e+01,6.844381591198936410e-02,0.000000000000000000e+00,0.000000000000000000e+00,0.000000000000000000e+00,0.000000000000000000e+00,0.000000000000000000e+00,0.000000000000000000e+00,3.600000000000000000e+01,2.320752438869270009e+03,2.202139860003142928e+02,2.120100000000000000e+06,1.732200000000000129e-01,-8.812439999999789109e+01,1.000000000000000000e+00
1.708865898791289608e-03,4.248270609647586057e-03,1.306582869167893124e+00,-9.175241334226567957e+00,2.000000000000000000e+01,7.176434642898936456e-02,0.000000000000000000e+00,0.000000000000000000e+00,0.000000000000000000e+00,0.000000000000000000e+00,0.000000000000000000e+00,0.000000000000000000e+00,3.700000000000000000e+01,4.985605529148111827e+02,3.873273247749876873e+02,2.111000000000000000e+06,1.222000000000000031e-01,-5.395321700000082643e+01,1.000000000000000000e+00
1.682606875583430965e-03,3.453932913193502856e-03,1.220693995092708040e+00,-2.280250691817763187e+00,2.000000000000000000e+01,6.825924208313774444e-02,0.000000000000000000e+00,0.000000000000000000e+00,0.000000000000000000e+00,0.000000000000000000e+00,0.000000000000000000e+00,0.000000000000000000e+00,3.800000000000000000e+01,2.319756407779626443e+03,2.225876590726849997e+02,2.120100000000000000e+06,1.584599999999999898e-01,-8.740379999999808547e+01,1.000000000000000000e+00
1.572222469787789689e-03,3.202714650396506352e-03,1.030599624195973618e+00,-2.800247197230229190e+00,2.000000000000000000e+01,7.235236441141595920e-02,0.000000000000000000e+00,0.000000000000000000e+00,0.000000000000000000e+00,0.000000000000000000e+00,0.000000000000000000e+00,0.000000000000000000e+00,3.900000000000000000e+01,2.171223026445136838e+03,2.363194333835141379e+02,2.119900000000000000e+06,3.465599999999999792e-01,-5.015203999999210964e+02,1.000000000000000000e+00
1.441994390208583155e-03,3.973070535771443257e-03,1.124064279316757231e+00,-2.075548380363022360e+00,2.000000000000000000e+01,6.744385082918141761e-02,0.000000000000000000e+00,0.000000000000000000e+00,0.000000000000000000e+00,0.000000000000000000e+00,0.000000000000000000e+00,0.000000000000000000e+00,4.000000000000000000e+01,2.379435739120469862e+03,2.147275636519015620e+02,2.120300000000000000e+06,3.400599999999999734e-01,-4.174508240000184855e+02,1.000000000000000000e+00
1.602623196444559906e-03,3.428568927075538193e-03,8.853949089959149976e-01,-4.252593038147089111e+00,2.000000000000000000e+01,6.958940776308171483e-02,0.000000000000000000e+00,0.000000000000000000e+00,0.000000000000000000e+00,0.000000000000000000e+00,0.000000000000000000e+00,0.000000000000000000e+00,4.100000000000000000e+01,1.590351445596202893e+03,2.852750946421160165e+02,2.117900000000000000e+06,1.059800000000000048e-01,-5.629540000000150712e+01,1.000000000000000000e+00
1.437343685086503583e-03,3.762776418787209566e-03,1.187544562134647874e+00,-3.209637539345239432e+00,2.000000000000000000e+01,6.766842300982946201e-02,0.000000000000000000e+00,0.000000000000000000e+00,0.000000000000000000e+00,0.000000000000000000e+00,0.000000000000000000e+00,0.000000000000000000e+00,4.200000000000000000e+01,1.989183306031208531e+03,2.459395570599367034e+02,2.119400000000000000e+06,1.303799999999999959e-01,-5.508500000000172747e+01,1.000000000000000000e+00
1.488515036487491998e-03,3.994283480139419057e-03,1.150733193077951633e+00,-4.567848230285954436e+00,2.000000000000000000e+01,6.766043791636260074e-02,0.000000000000000000e+00,0.000000000000000000e+00,0.000000000000000000e+00,0.000000000000000000e+00,0.000000000000000000e+00,0.000000000000000000e+00,4.300000000000000000e+01,1.607383412961485192e+03,2.814297609893293384e+02,2.118000000000000000e+06,1.307800000000000074e-01,-6.020482899999861104e+01,1.000000000000000000e+00
1.603181751362433823e-03,3.604683225802918917e-03,1.101646735059738313e+00,-2.819041221062098757e+00,2.000000000000000000e+01,7.220497539337239479e-02,0.000000000000000000e+00,0.000000000000000000e+00,0.000000000000000000e+00,0.000000000000000000e+00,0.000000000000000000e+00,0.000000000000000000e+00,4.400000000000000000e+01,2.164456844842224655e+03,2.367819777761523881e+02,2.119900000000000000e+06,3.614800000000000235e-01,-4.930797240001106161e+02,1.000000000000000000e+00
1.693153033011872291e-03,3.995918085221732662e-03,1.258081678346511634e+00,-8.772161366445528685e+00,2.000000000000000000e+01,6.805095448763787136e-02,0.000000000000000000e+00,0.000000000000000000e+00,0.000000000000000000e+00,0.000000000000000000e+00,0.000000000000000000e+00,0.000000000000000000e+00,4.500000000000000000e+01,5.076257981146670772e+02,3.835580648040501046e+02,2.111300000000000000e+06,1.237100000000000005e-01,-5.356119999999882708e+01,1.000000000000000000e+00
1.415015208612797979e-03,3.650736604367655659e-03,1.245046585405540363e+00,-2.288701798437732915e+00,2.000000000000000000e+01,6.816968609888848785e-02,0.000000000000000000e+00,0.000000000000000000e+00,0.000000000000000000e+00,0.000000000000000000e+00,0.000000000000000000e+00,0.000000000000000000e+00,4.600000000000000000e+01,2.258318163563328653e+03,2.227767454629843371e+02,2.120000000000000000e+06,1.577099999999999891e-01,-6.999582800000025884e+01,1.000000000000000000e+00
1.442910872948147301e-03,3.424378011617187738e-03,1.209562868888954590e+00,-3.809053449640391165e+00,2.000000000000000000e+01,6.757362681904165169e-02,0.000000000000000000e+00,0.000000000000000000e+00,0.000000000000000000e+00,0.000000000000000000e+00,0.000000000000000000e+00,0.000000000000000000e+00,4.700000000000000000e+01,1.688469075632335262e+03,2.614675378635494098e+02,2.118900000000000000e+06,1.260900000000000076e-01,-5.055309999999894188e+01,1.000000000000000000e+00
1.012836486096805417e-03,1.955726819979886587e-03,7.646756893318051862e-01,-4.091060898533807055e-01,2.000000000000000000e+01,7.736635140274568390e-02,0.000000000000000000e+00,0.000000000000000000e+00,0.000000000000000000e+00,0.000000000000000000e+00,0.000000000000000000e+00,0.000000000000000000e+00,4.800000000000000000e+01,2.646702156762786217e+03,1.797039220100648151e+02,2.120900000000000000e+06,3.865999999999999992e-01,-5.168201999998709653e+02,1.000000000000000000e+00
1.624455748329260880e-03,3.393418652750153017e-03,1.161784935668144225e+00,-2.608267055305749427e+00,2.000000000000000000e+01,7.254540884792327893e-02,0.000000000000000000e+00,0.000000000000000000e+00,0.000000000000000000e+00,0.000000000000000000e+00,0.000000000000000000e+00,0.000000000000000000e+00,4.900000000000000000e+01,2.221087100032141279e+03,2.312292598950834872e+02,2.120000000000000000e+06,2.541399999999999770e-01,-2.344500229999796375e+02,1.000000000000000000e+00
1.340500821502357137e-03,3.787464286620364530e-03,1.314376079015794563e+00,-2.463125878016160453e+00,2.000000000000000000e+01,7.264986159460232185e-02,0.000000000000000000e+00,0.000000000000000000e+00,0.000000000000000000e+00,0.000000000000000000e+00,0.000000000000000000e+00,0.000000000000000000e+00,5.000000000000000000e+01,2.230600941912343387e+03,2.271463993248780469e+02,2.120000000000000000e+06,2.077199999999999880e-01,-1.089338999999981183e+02,1.000000000000000000e+00
1.471935278247575758e-03,3.416336783614341670e-03,9.477850713766009516e-01,-1.654813433483523166e+00,2.000000000000000000e+01,7.243486472464694126e-02,0.000000000000000000e+00,0.000000000000000000e+00,0.000000000000000000e+00,0.000000000000000000e+00,0.000000000000000000e+00,0.000000000000000000e+00,5.100000000000000000e+01,2.436091976195731149e+03,2.070616364000907765e+02,2.120500000000000000e+06,3.315199999999999814e-01,-4.994529930000467175e+02,1.000000000000000000e+00
1.942281983538474968e-03,3.773004860670369116e-03,8.847452370368674712e-01,-1.535340178448289628e+00,2.000000000000000000e+01,6.692857502287422045e-02,0.000000000000000000e+00,0.000000000000000000e+00,0.000000000000000000e+00,0.000000000000000000e+00,0.000000000000000000e+00,0.000000000000000000e+00,5.200000000000000000e+01,2.428302608302256431e+03,2.094913871026722063e+02,2.120400000000000000e+06,1.103399999999999936e-01,-5.890640000000100684e+01,1.000000000000000000e+00
1.607390935362061884e-03,3.446920678371461454e-03,9.890972681423217949e-01,-1.624360584095176252e+00,2.000000000000000000e+01,6.574679319361741159e-02,0.000000000000000000e+00,0.000000000000000000e+00,0.000000000000000000e+00,0.000000000000000000e+00,0.000000000000000000e+00,0.000000000000000000e+00,5.300000000000000000e+01,2.501925026231580887e+03,2.058129946425383139e+02,2.120600000000000000e+06,3.268199999999999994e-01,-5.274585209999617064e+02,1.000000000000000000e+00
1.544248776603147476e-03,3.680843170748830488e-03,1.156005956098785648e+00,-1.075245357175938388e+00,2.000000000000000000e+01,7.200052023745115437e-02,0.000000000000000000e+00,0.000000000000000000e+00,0.000000000000000000e+00,0.000000000000000000e+00,0.000000000000000000e+00,0.000000000000000000e+00,5.400000000000000000e+01,2.571501332309808276e+03,1.926569043705177364e+02,2.120700000000000000e+06,4.188799999999999746e-01,-5.611447010001101035e+02,1.000000000000000000e+00
1.504377060145717935e-03,4.071243227482470792e-03,1.055041866835211506e+00,-8.117492994750085344e+00,2.000000000000000000e+01,7.017216037943740936e-02,0.000000000000000000e+00,0.000000000000000000e+00,0.000000000000000000e+00,0.000000000000000000e+00,0.000000000000000000e+00,0.000000000000000000e+00,5.500000000000000000e+01,5.355171219988814073e+02,3.808770748197937905e+02,2.111600000000000000e+06,1.234299999999999981e-01,-5.572168599999846350e+01,1.000000000000000000e+00
1.155591153189802506e-03,3.379889074925816923e-03,1.385813580324257499e+00,-4.865424673544408662e+00,2.000000000000000000e+01,7.149563831298451355e-02,0.000000000000000000e+00,0.000000000000000000e+00,0.000000000000000000e+00,0.000000000000000000e+00,0.000000000000000000e+00,0.000000000000000000e+00,5.600000000000000000e+01,1.377084083644909924e+03,2.863203741115855792e+02,2.117900000000000000e+06,1.955600000000000116e-01,-8.608358400000135191e+01,1.000000000000000000e+00
1.318979381614352169e-03,4.283824314749135921e-03,1.123439312723476746e+00,-8.535518183212593257e+00,2.000000000000000000e+01,6.787155151691534605e-02,0.000000000000000000e+00,0.000000000000000000e+00,0.000000000000000000e+00,0.000000000000000000e+00,0.000000000000000000e+00,0.000000000000000000e+00,5.700000000000000000e+01,5.390508671502788047e+02,3.770509592706068815e+02,2.111900000000000000e+06,1.502600000000000047e-01,-7.193001199999844175e+01,1.000000000000000000e+00
1.548518262709132256e-03,2.773039901183368527e-03,9.221595191326563690e-01,-1.177994316024856936e+00,2.000000000000000000e+01,7.015084240579742836e-02,0.000000000000000000e+00,0.000000000000000000e+00,0.000000000000000000e+00,0.000000000000000000e+00,0.000000000000000000e+00,0.000000000000000000e+00,5.800000000000000000e+01,2.535446136870491046e+03,1.955582149974777906e+02,2.120600000000000000e+06,9.783899999999999542e-02,-5.125499999999863832e+01,1.000000000000000000e+00
1.501105525770782788e-03,4.087958418973094976e-03,1.218948070144080909e+00,-8.413275759494331041e+00,2.000000000000000000e+01,6.782631603626212979e-02,0.000000000000000000e+00,0.000000000000000000e+00,0.000000000000000000e+00,0.000000000000000000e+00,0.000000000000000000e+00,0.000000000000000000e+00,5.900000000000000000e+01,5.696553780100490485e+02,3.737941985780204277e+02,2.112200000000000000e+06,1.485899999999999999e-01,-6.859524299999998220e+01,1.000000000000000000e+00
1.335291623485401064e-03,4.471130159143286466e-03,1.140844357569565481e+00,-8.197920470851325803e+00,2.000000000000000000e+01,6.776992139380753899e-02,0.000000000000000000e+00,0.000000000000000000e+00,0.000000000000000000e+00,0.000000000000000000e+00,0.000000000000000000e+00,0.000000000000000000e+00,6.000000000000000000e+01,6.003641775860021426e+02,3.694922373833509823e+02,2.112400000000000000e+06,1.461500000000000021e-01,-6.643850000000104217e+01,1.000000000000000000e+00
1.474427555631685786e-03,3.907803317941991803e-03,1.275311698938735194e+00,-7.911342942800072997e+00,2.000000000000000000e+01,6.766793163213039031e-02,0.000000000000000000e+00,0.000000000000000000e+00,0.000000000000000000e+00,0.000000000000000000e+00,0.000000000000000000e+00,0.000000000000000000e+00,6.100000000000000000e+01,6.080812279706423169e+02,3.619608879144739717e+02,2.113100000000000000e+06,1.391600000000000059e-01,-5.517635900000125559e+01,1.000000000000000000e+00
1.293828472205131022e-03,3.537284819346985139e-03,1.171189047918239856e+00,-5.047961301307131166e+00,2.000000000000000000e+01,6.778915485146838615e-02,0.000000000000000000e+00,0.000000000000000000e+00,0.000000000000000000e+00,0.000000000000000000e+00,0.000000000000000000e+00,0.000000000000000000e+00,6.200000000000000000e+01,1.311631919170235960e+03,2.932608774954169348e+02,2.117500000000000000e+06,1.381000000000000005e-01,-5.697869300000196802e+01,1.000000000000000000e+00
1.482554535780139732e-03,3.933444725154797671e-03,1.220436660641430082e+00,-5.649522299944930381e+00,2.000000000000000000e+01,6.803188384721667314e-02,0.000000000000000000e+00,0.000000000000000000e+00,0.000000000000000000e+00,0.000000000000000000e+00,0.000000000000000000e+00,0.000000000000000000e+00,6.300000000000000000e+01,1.223281817537710822e+03,3.078165859766697849e+02,2.116700000000000000e+06,1.519999999999999962e-01,-7.103522099999882755e+01,1.000000000000000000e+00
1.469115342813914846e-03,3.726574381494942266e-03,1.210149444410635322e+00,-5.702625110306680511e+00,2.000000000000000000e+01,6.763479914028514006e-02,0.000000000000000000e+00,0.000000000000000000e+00,0.000000000000000000e+00,0.000000000000000000e+00,0.000000000000000000e+00,0.000000000000000000e+00,6.400000000000000000e+01,1.187184168731900400e+03,3.093314398728073229e+02,2.116600000000000000e+06,1.315900000000000125e-01,-5.464717200000069397e+01,1.000000000000000000e+00
1.496087596988800086e-03,3.764249869071457054e-03,1.187124354570562534e+00,-5.585859991161884253e+00,2.000000000000000000e+01,6.741979922955103344e-02,0.000000000000000000e+00,0.000000000000000000e+00,0.000000000000000000e+00,0.000000000000000000e+00,0.000000000000000000e+00,0.000000000000000000e+00,6.500000000000000000e+01,1.226678812524476143e+03,3.062505162231287272e+02,2.116800000000000000e+06,1.237700000000000050e-01,-5.131314299999920792e+01,1.000000000000000000e+00
1.475861638757607324e-03,3.910116967160217304e-03,1.316016028796211490e+00,-5.267498522871154165e+00,2.000000000000000000e+01,6.814592177502248882e-02,0.000000000000000000e+00,0.000000000000000000e+00,0.000000000000000000e+00,0.000000000000000000e+00,0.000000000000000000e+00,0.000000000000000000e+00,6.600000000000000000e+01,1.301647911060993238e+03,2.991934593826740638e+02,2.117200000000000000e+06,1.615000000000000047e-01,-6.843719999999936476e+01,1.000000000000000000e+00
1.469338966181702073e-03,3.669533426102750302e-03,1.210459618271944038e+00,-5.552827103588323432e+00,2.000000000000000000e+01,6.763940070463404786e-02,0.000000000000000000e+00,0.000000000000000000e+00,0.000000000000000000e+00,0.000000000000000000e+00,0.000000000000000000e+00,0.000000000000000000e+00,6.700000000000000000e+01,1.227671350840382729e+03,3.055450726273140845e+02,2.116900000000000000e+06,1.318900000000000072e-01,-5.479407300000070080e+01,1.000000000000000000e+00
1.300473310805790083e-03,3.985415998770095239e-03,1.365596757382192106e+00,-5.817141229194659147e+00,2.000000000000000000e+01,6.844449361526282194e-02,0.000000000000000000e+00,0.000000000000000000e+00,0.000000000000000000e+00,0.000000000000000000e+00,0.000000000000000000e+00,0.000000000000000000e+00,6.800000000000000000e+01,1.080672981967530177e+03,3.129643859522427647e+02,2.116400000000000000e+06,1.859500000000000042e-01,-7.418609599999716409e+01,1.000000000000000000e+00
1.300473310805790083e-03,3.985415998770095239e-03,1.365596757382192106e+00,-5.817141229194659147e+00,2.000000000000000000e+01,6.844449361526282194e-02,0.000000000000000000e+00,0.000000000000000000e+00,0.000000000000000000e+00,0.000000000000000000e+00,0.000000000000000000e+00,0.000000000000000000e+00,6.900000000000000000e+01,1.244093859510080847e+03,3.048673869281490738e+02,2.116800000000000000e+06,1.481300000000000117e-01,-6.692156700000025182e+01,1.000000000000000000e+00
1.452945453980770919e-03,3.809410060523261369e-03,1.240095479871546891e+00,-5.524626268642936822e+00,2.000000000000000000e+01,6.817491427274310900e-02,0.000000000000000000e+00,0.000000000000000000e+00,0.000000000000000000e+00,0.000000000000000000e+00,0.000000000000000000e+00,0.000000000000000000e+00,7.000000000000000000e+01,1.240758359728499272e+03,3.050006452066203337e+02,2.116900000000000000e+06,1.607899999999999885e-01,-7.487741800000161163e+01,1.000000000000000000e+00
1.656274176404332228e-03,3.950243263024199626e-03,1.265371919131429657e+00,-6.457644897245332416e+00,2.000000000000000000e+01,6.143476958257708398e-02,0.000000000000000000e+00,0.000000000000000000e+00,0.000000000000000000e+00,0.000000000000000000e+00,0.000000000000000000e+00,0.000000000000000000e+00,7.100000000000000000e+01,1.272050394104023098e+03,3.045502661674086653e+02,2.116900000000000000e+06,1.798200000000000076e-01,-9.103848500000044908e+01,1.000000000000000000e+00
1.684643554468689269e-03,3.981041288153835261e-03,1.375073040179330963e+00,-5.460421159966585058e+00,2.000000000000000000e+01,6.772300881607135059e-02,0.000000000000000000e+00,0.000000000000000000e+00,0.000000000000000000e+00,0.000000000000000000e+00,0.000000000000000000e+00,0.000000000000000000e+00,7.200000000000000000e+01,1.282045983569750206e+03,3.038637119659193786e+02,2.116900000000000000e+06,1.385599999999999887e-01,-5.358331799999919554e+01,1.000000000000000000e+00
1.684643554468689269e-03,3.981041288153835261e-03,1.375073040179330963e+00,-5.460421159966585058e+00,2.000000000000000000e+01,6.772300881607135059e-02,0.000000000000000000e+00,0.000000000000000000e+00,0.000000000000000000e+00,0.000000000000000000e+00,0.000000000000000000e+00,0.000000000000000000e+00,7.300000000000000000e+01,1.282045983569750206e+03,3.038637119659193786e+02,2.116900000000000000e+06,1.385599999999999887e-01,-5.358331799999919554e+01,1.000000000000000000e+00
1.684643554468689269e-03,3.981041288153835261e-03,1.375073040179330963e+00,-5.460421159966585058e+00,2.000000000000000000e+01,6.772300881607135059e-02,0.000000000000000000e+00,0.000000000000000000e+00,0.000000000000000000e+00,0.000000000000000000e+00,0.000000000000000000e+00,0.000000000000000000e+00,7.400000000000000000e+01,1.282045983569750206e+03,3.038637119659193786e+02,2.116900000000000000e+06,1.385599999999999887e-01,-5.358331799999919554e+01,1.000000000000000000e+00
1.300976499362645113e-03,3.679853083380536273e-03,1.205955300029397215e+00,-5.950654327778615027e+00,2.000000000000000000e+01,6.786902798712897422e-02,0.000000000000000000e+00,0.000000000000000000e+00,0.000000000000000000e+00,0.000000000000000000e+00,0.000000000000000000e+00,0.000000000000000000e+00,7.500000000000000000e+01,1.059791521162835352e+03,3.164120281670907389e+02,2.116300000000000000e+06,1.452400000000000080e-01,-5.880565199999781356e+01,1.000000000000000000e+00
1.502190660259190673e-03,3.998754350808905560e-03,1.246742536983737493e+00,-6.206269205145971135e+00,2.000000000000000000e+01,6.787111123474250107e-02,0.000000000000000000e+00,0.000000000000000000e+00,0.000000000000000000e+00,0.000000000000000000e+00,0.000000000000000000e+00,0.000000000000000000e+00,7.600000000000000000e+01,1.059772678839057562e+03,3.221291867719857578e+02,2.115800000000000000e+06,1.450899999999999967e-01,-6.323462099999913022e+01,1.000000000000000000e+00
1.457522245268163142e-03,3.876609639383712686e-03,1.212328564423764021e+00,-6.253190571106255646e+00,2.000000000000000000e+01,6.807748364591156842e-02,0.000000000000000000e+00,0.000000000000000000e+00,0.000000000000000000e+00,0.000000000000000000e+00,0.000000000000000000e+00,0.000000000000000000e+00,7.700000000000000000e+01,1.045723442950130675e+03,3.234050814071908349e+02,2.115800000000000000e+06,1.562000000000000055e-01,-7.411499999999878696e+01,1.000000000000000000e+00
1.349189227570389170e-03,4.270171893769283099e-03,1.042379309613409522e+00,-7.275293350209601329e+00,2.000000000000000000e+01,7.925695821276300401e-02,0.000000000000000000e+00,0.000000000000000000e+00,0.000000000000000000e+00,0.000000000000000000e+00,0.000000000000000000e+00,0.000000000000000000e+00,7.800000000000000000e+01,6.674774453121056013e+02,3.612189168847310725e+02,2.113100000000000000e+06,1.201699999999999990e-01,-5.147999999999924370e+01,1.000000000000000000e+00
1.503286118396696906e-03,3.829239445405406474e-03,1.222473819893553637e+00,-6.258653578610625878e+00,2.000000000000000000e+01,6.746216302008188614e-02,0.000000000000000000e+00,0.000000000000000000e+00,0.000000000000000000e+00,0.000000000000000000e+00,0.000000000000000000e+00,0.000000000000000000e+00,7.900000000000000000e+01,1.023601907711820104e+03,3.235570541214316904e+02,2.115800000000000000e+06,1.271799999999999875e-01,-5.070120000000095928e+01,1.000000000000000000e+00
1.514743405448971741e-03,3.993802614312412860e-03,1.187614957891189649e+00,-6.188878450191624303e+00,2.000000000000000000e+01,6.578888086321345308e-02,0.000000000000000000e+00,0.000000000000000000e+00,0.000000000000000000e+00,0.000000000000000000e+00,0.000000000000000000e+00,0.000000000000000000e+00,8.000000000000000000e+01,9.970521146154320604e+02,3.255482397783838451e+02,2.115700000000000000e+06,1.618700000000000139e-01,-6.928362900000180957e+01,1.000000000000000000e+00
1.718233454385366139e-03,3.742360559585261072e-03,1.065928639368243447e+00,-7.639950201333217450e+00,2.000000000000000000e+01,6.897958976688785271e-02,0.000000000000000000e+00,0.000000000000000000e+00,0.000000000000000000e+00,0.000000000000000000e+00,0.000000000000000000e+00,0.000000000000000000e+00,8.100000000000000000e+01,6.680957980663833951e+02,3.608224709789085978e+02,2.113100000000000000e+06,1.208800000000000013e-01,-5.114247300000079122e+01,1.000000000000000000e+00
1.485578745388179984e-03,4.019723443130846473e-03,1.232056170389724370e+00,-6.439708382638688278e+00,2.000000000000000000e+01,6.801041711514449473e-02,0.000000000000000000e+00,0.000000000000000000e+00,0.000000000000000000e+00,0.000000000000000000e+00,0.000000000000000000e+00,0.000000000000000000e+00,8.200000000000000000e+01,9.970236038857717631e+02,3.283854189930439134e+02,2.115500000000000000e+06,1.533700000000000063e-01,-7.083218999999778021e+01,1.000000000000000000e+00
1.484430057824891918e-03,4.011242133018467701e-03,1.370255495407687985e+00,-6.307225478762601867e+00,2.000000000000000000e+01,6.855267769304346226e-02,0.000000000000000000e+00,0.000000000000000000e+00,0.000000000000000000e+00,0.000000000000000000e+00,0.000000000000000000e+00,0.000000000000000000e+00,8.300000000000000000e+01,1.005433590394601310e+03,3.248916589937287540e+02,2.115700000000000000e+06,1.940099999999999880e-01,-9.106874700000386724e+01,1.000000000000000000e+00
1.562243747606674102e-03,4.381021093487902016e-03,1.130815633163035905e+00,-8.517001810855038713e+00,2.000000000000000000e+01,7.421274764996040052e-02,0.000000000000000000e+00,0.000000000000000000e+00,0.000000000000000000e+00,0.000000000000000000e+00,0.000000000000000000e+00,0.000000000000000000e+00,8.400000000000000000e+01,6.742086381539562581e+02,3.603620051810317477e+02,2.113200000000000000e+06,1.298999999999999877e-01,-5.838371000000097411e+01,1.000000000000000000e+00
1.438282672795263874e-03,3.868111145689081057e-03,1.182378900809947897e+00,-7.671514792547767136e+00,2.000000000000000000e+01,6.736290633272207229e-02,0.000000000000000000e+00,0.000000000000000000e+00,0.000000000000000000e+00,0.000000000000000000e+00,0.000000000000000000e+00,0.000000000000000000e+00,8.500000000000000000e+01,6.746816487320161286e+02,3.575086194847697243e+02,2.113600000000000000e+06,1.252600000000000102e-01,-5.037758300000026424e+01,1.000000000000000000e+00
1.295646713525454557e-03,4.260059116132057164e-03,1.206470127797784286e+00,-6.442050119448792245e+00,2.000000000000000000e+01,6.791875881906563051e-02,0.000000000000000000e+00,0.000000000000000000e+00,0.000000000000000000e+00,0.000000000000000000e+00,0.000000000000000000e+00,0.000000000000000000e+00,8.600000000000000000e+01,9.541569600853371185e+02,3.284453124110133899e+02,2.115400000000000000e+06,1.503099999999999992e-01,-6.194879999999980669e+01,1.000000000000000000e+00
1.405448539466869727e-03,3.801558856351171418e-03,1.168920921967390392e+00,-6.724514825991117384e+00,2.000000000000000000e+01,6.757094039529612517e-02,0.000000000000000000e+00,0.000000000000000000e+00,0.000000000000000000e+00,0.000000000000000000e+00,0.000000000000000000e+00,0.000000000000000000e+00,8.700000000000000000e+01,9.080320693057822155e+02,3.346503046105212889e+02,2.115100000000000000e+06,1.318400000000000127e-01,-5.521610699999924066e+01,1.000000000000000000e+00
1.155774333963621985e-03,4.498450204619659082e-03,1.265762163455119271e+00,-7.460625872259442737e+00,2.000000000000000000e+01,6.885223901795897716e-02,0.000000000000000000e+00,0.000000000000000000e+00,0.000000000000000000e+00,0.000000000000000000e+00,0.000000000000000000e+00,0.000000000000000000e+00,8.800000000000000000e+01,7.060110613411608256e+02,3.521180968517818428e+02,2.113600000000000000e+06,2.379300000000000026e-01,-1.176797819999999888e+02,1.000000000000000000e+00
1.460924406806527647e-03,4.098605954248830084e-03,1.198299408668135779e+00,-6.666113166867480011e+00,2.000000000000000000e+01,6.797369596963823146e-02,0.000000000000000000e+00,0.000000000000000000e+00,0.000000000000000000e+00,0.000000000000000000e+00,0.000000000000000000e+00,0.000000000000000000e+00,8.900000000000000000e+01,9.411463507164946805e+02,3.335829056688109517e+02,2.115100000000000000e+06,1.517100000000000115e-01,-7.144289999999956819e+01,1.000000000000000000e+00
1.456555460720622896e-03,3.852590949273587174e-03,1.225232858916757817e+00,-6.698028671744138407e+00,2.000000000000000000e+01,6.776912838743374967e-02,0.000000000000000000e+00,0.000000000000000000e+00,0.000000000000000000e+00,0.000000000000000000e+00,0.000000000000000000e+00,0.000000000000000000e+00,9.000000000000000000e+01,9.135969174266695063e+02,3.341809883271433250e+02,2.115100000000000000e+06,1.405500000000000083e-01,-5.959170900000111004e+01,1.000000000000000000e+00
1.457447454067766412e-03,3.852528139815564537e-03,1.217870502261678478e+00,-6.606229222688665637e+00,2.000000000000000000e+01,6.808353497620456274e-02,0.000000000000000000e+00,0.000000000000000000e+00,0.000000000000000000e+00,0.000000000000000000e+00,0.000000000000000000e+00,0.000000000000000000e+00,9.100000000000000000e+01,9.489040962934506069e+02,3.323657385248002925e+02,2.115300000000000000e+06,1.564599999999999880e-01,-7.382183999999969615e+01,1.000000000000000000e+00
1.496660148624232630e-03,3.726229529205340313e-03,1.178679637878833120e+00,-6.651572825046040194e+00,2.000000000000000000e+01,6.742403723799060555e-02,0.000000000000000000e+00,0.000000000000000000e+00,0.000000000000000000e+00,0.000000000000000000e+00,0.000000000000000000e+00,0.000000000000000000e+00,9.200000000000000000e+01,9.439232429064484222e+02,3.332987060652737341e+02,2.115300000000000000e+06,1.245799999999999963e-01,-5.249480000000065161e+01,1.000000000000000000e+00
1.491732123105297611e-03,3.948664483682065920e-03,1.214093685641835396e+00,-6.651483264589173494e+00,2.000000000000000000e+01,6.797133881769706898e-02,0.000000000000000000e+00,0.000000000000000000e+00,0.000000000000000000e+00,0.000000000000000000e+00,0.000000000000000000e+00,0.000000000000000000e+00,9.300000000000000000e+01,9.478763522045830996e+02,3.332969329199084996e+02,2.115200000000000000e+06,1.505100000000000049e-01,-7.086952499999830479e+01,1.000000000000000000e+00
1.795630737242593679e-03,3.329757204490742077e-03,1.469046808887057853e+00,-5.719165646370020006e+00,2.000000000000000000e+01,6.975395551614221867e-02,0.000000000000000000e+00,0.000000000000000000e+00,0.000000000000000000e+00,0.000000000000000000e+00,0.000000000000000000e+00,0.000000000000000000e+00,9.400000000000000000e+01,8.772218701964261527e+02,3.355989202440267718e+02,2.115000000000000000e+06,1.351999999999999869e-01,-5.294159999999909871e+01,1.000000000000000000e+00
1.256237377892864462e-03,4.286209520432858293e-03,1.166427768995678793e+00,-6.766617516198119020e+00,2.000000000000000000e+01,6.268662334396994662e-02,0.000000000000000000e+00,0.000000000000000000e+00,0.000000000000000000e+00,0.000000000000000000e+00,0.000000000000000000e+00,0.000000000000000000e+00,9.500000000000000000e+01,7.131844355070961683e+02,3.514001051586298559e+02,2.113900000000000000e+06,1.284299999999999886e-01,-5.193929299999859950e+01,1.000000000000000000e+00
1.404531913086480652e-03,4.325846741057399851e-03,1.141119059570031791e+00,-7.604713729672905487e+00,2.000000000000000000e+01,6.740416231180892948e-02,0.000000000000000000e+00,0.000000000000000000e+00,0.000000000000000000e+00,0.000000000000000000e+00,0.000000000000000000e+00,0.000000000000000000e+00,9.600000000000000000e+01,6.953638518057168767e+02,3.560847058179824671e+02,2.113500000000000000e+06,1.263700000000000101e-01,-5.353011899999931700e+01,1.000000000000000000e+00
1.391472170719074662e-03,3.967286196298417181e-03,1.233085827651405175e+00,-7.640349652573727113e+00,2.000000000000000000e+01,6.818496128749268470e-02,0.000000000000000000e+00,0.000000000000000000e+00,0.000000000000000000e+00,0.000000000000000000e+00,0.000000000000000000e+00,0.000000000000000000e+00,9.700000000000000000e+01,6.808307330050828341e+02,3.568805684347290139e+02,2.113600000000000000e+06,1.682700000000000029e-01,-7.877753300000323122e+01,1.000000000000000000e+00
1.319282236499584419e-03,4.507306414750801397e-03,1.194950587491835359e+00,-7.243189202077264355e+00,2.000000000000000000e+01,6.802193221874622275e-02,0.000000000000000000e+00,0.000000000000000000e+00,0.000000000000000000e+00,0.000000000000000000e+00,0.000000000000000000e+00,0.000000000000000000e+00,9.800000000000000000e+01,7.644676677391449857e+02,3.473080200962016306e+02,2.114100000000000000e+06,1.591799999999999882e-01,-7.065496899999850200e+01,1.000000000000000000e+00
1.268714995250842456e-03,4.019337891507922603e-03,1.195227884879967784e+00,-7.140682215237172059e+00,2.000000000000000000e+01,7.091138544805156152e-02,0.000000000000000000e+00,0.000000000000000000e+00,0.000000000000000000e+00,0.000000000000000000e+00,0.000000000000000000e+00,0.000000000000000000e+00,9.900000000000000000e+01,8.578185761702524132e+02,3.373252981790946023e+02,2.114800000000000000e+06,1.350200000000000011e-01,-5.414091299999908813e+01,1.000000000000000000e+00
1.334110753054875732e-03,4.527137317227305710e-03,1.197596787014129083e+00,-7.103817215192667511e+00,2.000000000000000000e+01,6.804359052436065314e-02,0.000000000000000000e+00,0.000000000000000000e+00,0.000000000000000000e+00,0.000000000000000000e+00,0.000000000000000000e+00,0.000000000000000000e+00,1.000000000000000000e+02,8.043798798262469063e+02,3.442976912397807610e+02,2.114300000000000000e+06,1.601599999999999968e-01,-7.181420500000054119e+01,1.000000000000000000e+00
1.459806343456733230e-03,3.942100720046544556e-03,1.185846523566341348e+00,-6.981683421003644696e+00,2.000000000000000000e+01,6.743266118155170907e-02,0.000000000000000000e+00,0.000000000000000000e+00,0.000000000000000000e+00,0.000000000000000000e+00,0.000000000000000000e+00,0.000000000000000000e+00,1.010000000000000000e+02,8.420194855830196730e+02,3.406344535869125707e+02,2.114700000000000000e+06,1.261799999999999866e-01,-5.207369000000107206e+01,1.000000000000000000e+00
1.439220514671546436e-03,6.386212421838626148e-03,1.164539788409825860e+00,-8.463509942241387307e+00,2.000000000000000000e+01,7.826911868251322513e-02,0.000000000000000000e+00,0.000000000000000000e+00,0.000000000000000000e+00,0.000000000000000000e+00,0.000000000000000000e+00,0.000000000000000000e+00,1.020000000000000000e+02,4.750041963303396528e+02,4.035639027506013008e+02,2.110200000000000000e+06,2.352200000000000124e-01,-1.495871519999917609e+02,1.000000000000000000e+00
1.472861262341213645e-03,3.951534881187022258e-03,1.287802698128313272e+00,-1.017482128209489112e+01,2.000000000000000000e+01,6.141624218262520252e-02,0.000000000000000000e+00,0.000000000000000000e+00,0.000000000000000000e+00,0.000000000000000000e+00,0.000000000000000000e+00,0.000000000000000000e+00,1.030000000000000000e+02,4.856631204232820096e+02,4.033772369591927713e+02,2.109600000000000000e+06,1.364700000000000080e-01,-6.676854699999884701e+01,1.000000000000000000e+00
1.728024412799793142e-03,3.820316123862636977e-03,1.197751131169702221e+00,-9.465794233304039906e+00,2.000000000000000000e+01,7.448647036156501311e-02,0.000000000000000000e+00,0.000000000000000000e+00,0.000000000000000000e+00,0.000000000000000000e+00,0.000000000000000000e+00,0.000000000000000000e+00,1.040000000000000000e+02,4.701465041441794028e+02,4.119990930850116797e+02,2.108700000000000000e+06,1.448699999999999988e-01,-7.310179599999737832e+01,1.000000000000000000e+00
1.380719347140191029e-03,3.839039085225719530e-03,1.028607519935899717e+00,-9.424217897596673055e+00,2.000000000000000000e+01,6.752197066414770965e-02,0.000000000000000000e+00,0.000000000000000000e+00,0.000000000000000000e+00,0.000000000000000000e+00,0.000000000000000000e+00,0.000000000000000000e+00,1.050000000000000000e+02,4.947917143398864823e+02,3.955604601435024961e+02,2.110300000000000000e+06,1.299299999999999899e-01,-6.811499100000078499e+01,1.000000000000000000e+00
1.756616740625448030e-03,3.736506837211536758e-03,1.201515142629627997e+00,-7.806393645730516972e+00,2.000000000000000000e+01,6.907716497341237494e-02,0.000000000000000000e+00,0.000000000000000000e+00,0.000000000000000000e+00,0.000000000000000000e+00,0.000000000000000000e+00,0.000000000000000000e+00,1.060000000000000000e+02,5.097931527663394604e+02,3.851496150282840745e+02,2.111100000000000000e+06,1.218199999999999977e-01,-5.359940000000013782e+01,1.000000000000000000e+00
1.561637426326088415e-03,4.080571627156187077e-03,1.207798108667290649e+00,-8.888038501266256830e+00,2.000000000000000000e+01,7.044533154113691298e-02,0.000000000000000000e+00,0.000000000000000000e+00,0.000000000000000000e+00,0.000000000000000000e+00,0.000000000000000000e+00,0.000000000000000000e+00,1.070000000000000000e+02,5.374753254857902220e+02,3.809477860033051684e+02,2.111600000000000000e+06,1.218999999999999945e-01,-5.428639999999971621e+01,1.000000000000000000e+00
2.083528989459472545e-03,4.079232095430642899e-03,8.702907257219236747e-01,2.338461242004843843e+00,2.000000000000000000e+01,8.536415887639510480e-02,0.000000000000000000e+00,0.000000000000000000e+00,0.000000000000000000e+00,0.000000000000000000e+00,0.000000000000000000e+00,0.000000000000000000e+00,1.080000000000000000e+02,4.842814124118954169e+03,1.381834994597554100e+02,2.119800000000000000e+06,5.316199999999999815e-01,-1.856764884000892607e+03,1.000000000000000000e+00
2.472237125270690047e-03,3.480873751246343125e-03,5.439381487020727990e-01,2.470714055803069353e+00,2.000000000000000000e+01,9.009604046526087373e-02,0.000000000000000000e+00,0.000000000000000000e+00,0.000000000000000000e+00,0.000000000000000000e+00,0.000000000000000000e+00,0.000000000000000000e+00,1.090000000000000000e+02,4.749722100846272042e+03,1.381835104020395022e+02,2.119900000000000000e+06,4.466999999999999860e-01,-1.713240999999141650e+03,1.000000000000000000e+00
1.976544405448404668e-03,2.975952401790598646e-03,6.709879764480637387e-01,1.933711077116834431e+00,2.000000000000000000e+01,6.804863040362855997e-02,0.000000000000000000e+00,0.000000000000000000e+00,0.000000000000000000e+00,0.000000000000000000e+00,0.000000000000000000e+00,0.000000000000000000e+00,1.100000000000000000e+02,3.581548749844080703e+03,1.397766899585890030e+02,2.120500000000000000e+06,2.932000000000000162e-01,-7.896482999998586365e+02,1.000000000000000000e+00
1.606503923815349967e-03,3.730377511931210529e-03,1.204591957103444466e+00,-8.473579299832540102e+00,2.000000000000000000e+01,7.396822576118573800e-02,0.000000000000000000e+00,0.000000000000000000e+00,0.000000000000000000e+00,0.000000000000000000e+00,0.000000000000000000e+00,0.000000000000000000e+00,1.110000000000000000e+02,5.481547152029730796e+02,3.785853852241324944e+02,2.111900000000000000e+06,1.280499999999999972e-01,-5.787626700000162572e+01,1.000000000000000000e+00
2.355598289627727163e-03,3.985256791448259749e-03,6.521474419090378394e-01,2.569820056415101917e+00,2.000000000000000000e+01,7.762784755653433233e-02,0.000000000000000000e+00,0.000000000000000000e+00,0.000000000000000000e+00,0.000000000000000000e+00,0.000000000000000000e+00,0.000000000000000000e+00,1.120000000000000000e+02,5.400315828494982270e+03,1.381831052350717357e+02,2.119400000000000000e+06,9.896800000000000042e-02,-7.448820299999981387e+01,1.000000000000000000e+00
1.475486222410461170e-03,3.899645087656294744e-03,1.039184020956784860e+00,-4.739005247863630643e+00,2.000000000000000000e+01,6.773917527277242834e-02,0.000000000000000000e+00,0.000000000000000000e+00,0.000000000000000000e+00,0.000000000000000000e+00,0.000000000000000000e+00,0.000000000000000000e+00,1.130000000000000000e+02,1.583486447190091894e+03,2.861498315445525122e+02,2.117800000000000000e+06,1.309500000000000108e-01,-7.286549400000021137e+01,1.000000000000000000e+00
1.476171313071403734e-03,4.517252286806808584e-03,1.067889959200444050e+00,-9.650002658779330389e+00,2.000000000000000000e+01,5.798372746113849424e-02,0.000000000000000000e+00,0.000000000000000000e+00,0.000000000000000000e+00,0.000000000000000000e+00,0.000000000000000000e+00,0.000000000000000000e+00,1.140000000000000000e+02,5.858721150826710300e+02,3.744408290657723910e+02,2.112100000000000000e+06,1.209699999999999942e-01,-5.713362900000068123e+01,1.000000000000000000e+00
1.542175384012866440e-03,5.292918259468827255e-03,1.108847654746805578e+00,-7.271841455778456975e+00,2.000000000000000000e+01,5.581788930453978476e-02,0.000000000000000000e+00,0.000000000000000000e+00,0.000000000000000000e+00,0.000000000000000000e+00,0.000000000000000000e+00,0.000000000000000000e+00,1.150000000000000000e+02,6.002664164911171838e+02,3.738505576044399845e+02,2.112100000000000000e+06,1.192300000000000026e-01,-5.446805699999918460e+01,1.000000000000000000e+00
1.463176420902651768e-03,3.659894989291754327e-03,1.017555540448145779e+00,-4.610236051056406659e+00,2.000000000000000000e+01,7.365616140360448094e-02,0.000000000000000000e+00,0.000000000000000000e+00,0.000000000000000000e+00,0.000000000000000000e+00,0.000000000000000000e+00,0.000000000000000000e+00,1.160000000000000000e+02,1.628816565721020424e+03,2.814939340094414320e+02,2.118000000000000000e+06,1.252900000000000125e-01,-6.800877100000172959e+01,1.000000000000000000e+00
1.336649690898250803e-03,3.386804636290540859e-03,1.189150509793461374e+00,-5.080377007612576712e+00,2.000000000000000000e+01,6.339397472522001475e-02,0.000000000000000000e+00,0.000000000000000000e+00,0.000000000000000000e+00,0.000000000000000000e+00,0.000000000000000000e+00,0.000000000000000000e+00,1.170000000000000000e+02,1.608075065948412202e+03,2.834764724850716675e+02,2.117900000000000000e+06,1.263199999999999878e-01,-6.933727200000019764e+01,1.000000000000000000e+00
1.886529117556626179e-03,3.955450594365114529e-03,1.258935352787277084e+00,-3.465437534958663690e+00,2.000000000000000000e+01,7.858142698393233427e-02,0.000000000000000000e+00,0.000000000000000000e+00,0.000000000000000000e+00,0.000000000000000000e+00,0.000000000000000000e+00,0.000000000000000000e+00,1.180000000000000000e+02,1.609135161023562659e+03,2.824864401306282389e+02,2.118000000000000000e+06,1.569299999999999862e-01,-8.262387900000186391e+01,1.000000000000000000e+00
1.972987154326097305e-03,3.287856551143761730e-03,7.595065544521155676e-01,2.089605255453470978e+00,2.000000000000000000e+01,6.874576772020873916e-02,0.000000000000000000e+00,0.000000000000000000e+00,0.000000000000000000e+00,0.000000000000000000e+00,0.000000000000000000e+00,0.000000000000000000e+00,1.190000000000000000e+02,3.800706198481492265e+03,1.386429309071504861e+02,2.120200000000000000e+06,2.262599999999999889e-01,-4.585900159999659991e+02,1.000000000000000000e+00
1.901714795199997959e-03,2.847054018242392310e-03,6.936574338504812864e-01,1.596178944683971146e+00,2.000000000000000000e+01,7.403664155807518354e-02,0.000000000000000000e+00,0.000000000000000000e+00,0.000000000000000000e+00,0.000000000000000000e+00,0.000000000000000000e+00,0.000000000000000000e+00,1.200000000000000000e+02,3.443459819123054331e+03,1.434515634520217304e+02,2.120700000000000000e+06,2.073500000000000065e-01,-4.148895999999553510e+02,1.000000000000000000e+00
1.447422371377758482e-03,3.809772509366563149e-03,1.073867735508732046e+00,-9.149597233864568580e+00,2.000000000000000000e+01,6.754189891163114856e-02,0.000000000000000000e+00,0.000000000000000000e+00,0.000000000000000000e+00,0.000000000000000000e+00,0.000000000000000000e+00,0.000000000000000000e+00,1.210000000000000000e+02,5.171138072394650180e+02,3.905818688384404709e+02,2.110900000000000000e+06,1.313300000000000023e-01,-6.762266600000090477e+01,1.000000000000000000e+00
1.447422371377758482e-03,3.809772509366563149e-03,1.073867735508732046e+00,-9.149597233864568580e+00,2.000000000000000000e+01,6.754189891163114856e-02,0.000000000000000000e+00,0.000000000000000000e+00,0.000000000000000000e+00,0.000000000000000000e+00,0.000000000000000000e+00,0.000000000000000000e+00,1.220000000000000000e+02,5.171138072394650180e+02,3.905818688384404709e+02,2.110900000000000000e+06,1.313300000000000023e-01,-6.762266600000090477e+01,1.000000000000000000e+00
1.447422371377758482e-03,3.809772509366563149e-03,1.073867735508732046e+00,-9.149597233864568580e+00,2.000000000000000000e+01,6.754189891163114856e-02,0.000000000000000000e+00,0.000000000000000000e+00,0.000000000000000000e+00,0.000000000000000000e+00,0.000000000000000000e+00,0.000000000000000000e+00,1.230000000000000000e+02,5.171138072394650180e+02,3.905818688384404709e+02,2.110900000000000000e+06,1.313300000000000023e-01,-6.762266600000090477e+01,1.000000000000000000e+00
1.523509894429317651e-03,3.856928698202206473e-03,1.399079967004232650e+00,-4.475784326931838919e+00,2.000000000000000000e+01,7.624824337531838081e-02,0.000000000000000000e+00,0.000000000000000000e+00,0.000000000000000000e+00,0.000000000000000000e+00,0.000000000000000000e+00,0.000000000000000000e+00,1.240000000000000000e+02,1.643704417412702469e+03,2.740599084427442449e+02,2.118400000000000000e+06,1.302200000000000024e-01,-6.081119999999944525e+01,1.000000000000000000e+00
1.539526371127573814e-03,4.130838683667615099e-03,1.078180079710545858e+00,-4.659539027466633954e+00,2.000000000000000000e+01,7.091064591761250813e-02,0.000000000000000000e+00,0.000000000000000000e+00,0.000000000000000000e+00,0.000000000000000000e+00,0.000000000000000000e+00,0.000000000000000000e+00,1.250000000000000000e+02,1.681727211061764365e+03,2.731505214585642989e+02,2.118400000000000000e+06,1.205399999999999944e-01,-5.388437999999872829e+01,1.000000000000000000e+00
2.796852656407174554e-03,2.001507366447020323e-03,4.058800858082882157e-01,2.243449397508736176e+00,2.000000000000000000e+01,1.147026946444016510e-01,0.000000000000000000e+00,0.000000000000000000e+00,0.000000000000000000e+00,0.000000000000000000e+00,0.000000000000000000e+00,0.000000000000000000e+00,1.260000000000000000e+02,6.090682477052821923e+03,1.381832146778848767e+02,2.119400000000000000e+06,3.793199999999999905e-01,-6.632041099999460130e+02,1.000000000000000000e+00
1.361437092833081997e-03,3.544530609572789544e-03,1.301785717854742952e+00,-4.082989053085826825e+00,2.000000000000000000e+01,6.528580242777665132e-02,0.000000000000000000e+00,0.000000000000000000e+00,0.000000000000000000e+00,0.000000000000000000e+00,0.000000000000000000e+00,0.000000000000000000e+00,1.270000000000000000e+02,1.814850539064171244e+03,2.595574111460686026e+02,2.119200000000000000e+06,4.778800000000000270e-01,-6.180438050001985175e+02,1.000000000000000000e+00
1.132246108388462865e-03,3.850413196359298625e-03,1.163159272006730749e+00,-4.571830601711736719e+00,2.000000000000000000e+01,6.123814345767466388e-02,0.000000000000000000e+00,0.000000000000000000e+00,0.000000000000000000e+00,0.000000000000000000e+00,0.000000000000000000e+00,0.000000000000000000e+00,1.280000000000000000e+02,1.486525813269557148e+03,2.874917657405137561e+02,2.117700000000000000e+06,1.778099999999999958e-01,-8.708334700000199291e+01,1.000000000000000000e+00
1.155591153189802506e-03,3.379889074925816923e-03,1.385813580324257499e+00,-4.865424673544408662e+00,2.000000000000000000e+01,7.149563831298451355e-02,0.000000000000000000e+00,0.000000000000000000e+00,0.000000000000000000e+00,0.000000000000000000e+00,0.000000000000000000e+00,0.000000000000000000e+00,1.290000000000000000e+02,1.434024866403995702e+03,2.891780322999907185e+02,2.118100000000000000e+06,6.605600000000000360e-01,-7.183321859998759464e+02,1.000000000000000000e+00
1.699583607033515855e-03,3.712016009458041828e-03,1.065314393431135320e+00,-4.503758736647559324e+00,2.000000000000000000e+01,7.397062077121964452e-02,0.000000000000000000e+00,0.000000000000000000e+00,0.000000000000000000e+00,0.000000000000000000e+00,0.000000000000000000e+00,0.000000000000000000e+00,1.300000000000000000e+02,1.423195855520336181e+03,2.932181813068042402e+02,2.117500000000000000e+06,1.342299999999999882e-01,-6.245099999999879259e+01,1.000000000000000000e+00
2.349772910672289720e-03,5.910323349070799488e-03,7.784596733052864259e-01,2.948990751437308155e+00,2.000000000000000000e+01,8.463527590847724769e-02,0.000000000000000000e+00,0.000000000000000000e+00,0.000000000000000000e+00,0.000000000000000000e+00,0.000000000000000000e+00,0.000000000000000000e+00,1.310000000000000000e+02,4.493500198522799110e+03,1.381835375788437545e+02,2.119900000000000000e+06,2.318600000000000105e-01,-5.188432149999111971e+02,1.000000000000000000e+00
1.819353477236811817e-03,3.623008646879616757e-03,1.082205681962553179e+00,-3.951941959914666569e+00,2.000000000000000000e+01,6.452121759160323045e-02,0.000000000000000000e+00,0.000000000000000000e+00,0.000000000000000000e+00,0.000000000000000000e+00,0.000000000000000000e+00,0.000000000000000000e+00,1.320000000000000000e+02,1.764121959848929237e+03,2.715352335939056161e+02,2.118500000000000000e+06,1.024700000000000055e-01,-5.155949999999977251e+01,1.000000000000000000e+00
1.737429112005476478e-03,4.262018360372253969e-03,1.286387828601501582e+00,-3.706630932624128238e+00,2.000000000000000000e+01,7.599901982895150565e-02,0.000000000000000000e+00,0.000000000000000000e+00,0.000000000000000000e+00,0.000000000000000000e+00,0.000000000000000000e+00,0.000000000000000000e+00,1.330000000000000000e+02,1.766801064867682953e+03,2.710943944185048622e+02,2.118500000000000000e+06,1.151699999999999946e-01,-5.361333299999927249e+01,1.000000000000000000e+00
1.467478922609892272e-03,3.388838826825378483e-03,1.039066333033651146e+00,-4.686810861522653582e+00,2.000000000000000000e+01,6.680509499501745274e-02,0.000000000000000000e+00,0.000000000000000000e+00,0.000000000000000000e+00,0.000000000000000000e+00,0.000000000000000000e+00,0.000000000000000000e+00,1.340000000000000000e+02,1.713253311992846193e+03,2.715921070905577608e+02,2.118500000000000000e+06,1.218999999999999945e-01,-5.749646500000113747e+01,1.000000000000000000e+00
1.461302781716831501e-03,4.078989418089661728e-03,1.187145844270073525e+00,-6.306676029757642965e+00,2.000000000000000000e+01,6.788991144242091658e-02,0.000000000000000000e+00,0.000000000000000000e+00,0.000000000000000000e+00,0.000000000000000000e+00,0.000000000000000000e+00,0.000000000000000000e+00,1.350000000000000000e+02,1.045417351898506922e+03,3.248767270053694460e+02,2.115700000000000000e+06,1.460899999999999976e-01,-6.847219999999926188e+01,1.000000000000000000e+00
1.293828472205131022e-03,3.537284819346985139e-03,1.171189047918239856e+00,-5.047961301307131166e+00,2.000000000000000000e+01,6.778915485146838615e-02,0.000000000000000000e+00,0.000000000000000000e+00,0.000000000000000000e+00,0.000000000000000000e+00,0.000000000000000000e+00,0.000000000000000000e+00,1.360000000000000000e+02,1.372875299254050333e+03,2.938764475053845331e+02,2.117500000000000000e+06,1.558700000000000085e-01,-7.520759999999908985e+01,1.000000000000000000e+00
1.419402992524414382e-03,3.810641981848677910e-03,1.152983587317949254e+00,-5.163494449391642149e+00,2.000000000000000000e+01,6.776492082722790355e-02,0.000000000000000000e+00,0.000000000000000000e+00,0.000000000000000000e+00,0.000000000000000000e+00,0.000000000000000000e+00,0.000000000000000000e+00,1.370000000000000000e+02,1.360964318899996670e+03,2.961750734910580150e+02,2.117300000000000000e+06,1.360200000000000020e-01,-6.262520000000106535e+01,1.000000000000000000e+00
1.398479652762101965e-03,3.965697091058215454e-03,1.187620978056884047e+00,-5.179336390649602606e+00,2.000000000000000000e+01,6.784309147548944763e-02,0.000000000000000000e+00,0.000000000000000000e+00,0.000000000000000000e+00,0.000000000000000000e+00,0.000000000000000000e+00,0.000000000000000000e+00,1.380000000000000000e+02,1.354373324531863318e+03,2.966117030601761257e+02,2.117200000000000000e+06,1.418699999999999961e-01,-6.249060000000038428e+01,1.000000000000000000e+00
4.448701432251966209e-03,2.918504195394138519e-03,6.849470116226225036e-01,2.575070908221966270e+00,2.000000000000000000e+01,6.362673448103417506e-02,0.000000000000000000e+00,0.000000000000000000e+00,0.000000000000000000e+00,0.000000000000000000e+00,0.000000000000000000e+00,0.000000000000000000e+00,1.390000000000000000e+02,7.134662749942943265e+03,1.381832354892634385e+02,2.118500000000000000e+06,6.479200000000000514e-01,-1.824385550000797593e+03,1.000000000000000000e+00
1.735850377840776832e-03,4.013951876117266386e-03,9.131404357815753325e-01,2.854159016355902967e+00,2.000000000000000000e+01,7.208821490440699142e-02,0.000000000000000000e+00,0.000000000000000000e+00,0.000000000000000000e+00,0.000000000000000000e+00,0.000000000000000000e+00,0.000000000000000000e+00,1.400000000000000000e+02,6.592964226393697572e+03,1.381834138508737624e+02,2.118700000000000000e+06,3.289300000000000002e-01,-7.035624330000161990e+02,1.000000000000000000e+00
2.658671903252813294e-03,3.244918477942151415e-03,9.464939210866528674e-01,1.510716466443728700e+00,2.000000000000000000e+01,7.574849784180205658e-02,0.000000000000000000e+00,0.000000000000000000e+00,0.000000000000000000e+00,0.000000000000000000e+00,0.000000000000000000e+00,0.000000000000000000e+00,1.410000000000000000e+02,3.852224898081367428e+03,1.385529777057093384e+02,2.120200000000000000e+06,1.772900000000000031e-01,-3.274572100000007708e+02,1.000000000000000000e+00
1.479800225593604426e-03,4.020021538924392450e-03,1.224049247743108415e+00,-6.426114792247497931e+00,2.000000000000000000e+01,6.804284290938922286e-02,0.000000000000000000e+00,0.000000000000000000e+00,0.000000000000000000e+00,0.000000000000000000e+00,0.000000000000000000e+00,0.000000000000000000e+00,1.420000000000000000e+02,1.003069293955845524e+03,3.280364946208485435e+02,2.115500000000000000e+06,1.551899999999999946e-01,-7.256884300000123744e+01,1.000000000000000000e+00
1.431273458979248538e-03,3.957429164555353873e-03,1.205560095723460678e+00,-5.775874584657741728e+00,2.000000000000000000e+01,6.813439384187759684e-02,0.000000000000000000e+00,0.000000000000000000e+00,0.000000000000000000e+00,0.000000000000000000e+00,0.000000000000000000e+00,0.000000000000000000e+00,1.430000000000000000e+02,1.187943329692729776e+03,3.116915444087189258e+02,2.116500000000000000e+06,1.596400000000000041e-01,-7.612920000000262633e+01,1.000000000000000000e+00
1.425604321574632394e-03,3.778258747136405311e-03,1.183133612104313004e+00,-5.736019342943933452e+00,2.000000000000000000e+01,6.822173828144953434e-02,0.000000000000000000e+00,0.000000000000000000e+00,0.000000000000000000e+00,0.000000000000000000e+00,0.000000000000000000e+00,0.000000000000000000e+00,1.440000000000000000e+02,1.212568379735108465e+03,3.103815034725481041e+02,2.116600000000000000e+06,1.623699999999999866e-01,-8.232715600000210543e+01,1.000000000000000000e+00
1.519308997217747211e-03,3.731144709171666310e-03,1.235626593017385977e+00,-5.752404457104347557e+00,2.000000000000000000e+01,6.821985666091351375e-02,0.000000000000000000e+00,0.000000000000000000e+00,0.000000000000000000e+00,0.000000000000000000e+00,0.000000000000000000e+00,0.000000000000000000e+00,1.450000000000000000e+02,1.207175522999649957e+03,3.109239356471981637e+02,2.116600000000000000e+06,1.633400000000000130e-01,-8.096216700000184119e+01,1.000000000000000000e+00
1.471018105378992143e-03,4.013712266754459676e-03,1.275182264819675559e+00,-6.322938336730285158e+00,2.000000000000000000e+01,6.811468630374392652e-02,0.000000000000000000e+00,0.000000000000000000e+00,0.000000000000000000e+00,0.000000000000000000e+00,0.000000000000000000e+00,0.000000000000000000e+00,1.460000000000000000e+02,1.009040373004489652e+03,3.253170959136027136e+02,2.115700000000000000e+06,1.593600000000000017e-01,-7.080365200000188963e+01,1.000000000000000000e+00
1.298959677104723556e-03,4.111686084991538793e-03,1.215295198134449750e+00,-5.434506880543755081e+00,2.000000000000000000e+01,6.073033220009093486e-02,0.000000000000000000e+00,0.000000000000000000e+00,0.000000000000000000e+00,0.000000000000000000e+00,0.000000000000000000e+00,0.000000000000000000e+00,1.470000000000000000e+02,1.015326479838866703e+03,3.252630760529650047e+02,2.115700000000000000e+06,1.516299999999999870e-01,-7.113971700000006138e+01,1.000000000000000000e+00
2.249093637559250371e-03,4.519726025456009648e-03,3.984553334215814591e-01,2.977469720939529108e+00,2.000000000000000000e+01,6.671067222008747466e-02,0.000000000000000000e+00,0.000000000000000000e+00,0.000000000000000000e+00,0.000000000000000000e+00,0.000000000000000000e+00,0.000000000000000000e+00,1.480000000000000000e+02,7.530389876461927088e+03,1.381832758480795462e+02,2.118300000000000000e+06,2.331900000000000084e-01,-4.993790000000230975e+02,1.000000000000000000e+00
4.279069605540840489e-03,1.217064930248588353e-03,8.295568128666240826e-01,1.339101719216849729e+00,2.000000000000000000e+01,3.383597397157271647e-02,0.000000000000000000e+00,0.000000000000000000e+00,0.000000000000000000e+00,0.000000000000000000e+00,0.000000000000000000e+00,0.000000000000000000e+00,1.490000000000000000e+02,7.144134297116669586e+03,1.381832776006636152e+02,2.119200000000000000e+06,2.165300000000000002e-01,-4.040883900000150675e+02,1.000000000000000000e+00
1.797086384905547144e-03,3.722217186541034676e-03,5.947078352864314521e-01,1.766275446868414978e+00,2.000000000000000000e+01,6.310755357532789322e-02,0.000000000000000000e+00,0.000000000000000000e+00,0.000000000000000000e+00,0.000000000000000000e+00,0.000000000000000000e+00,0.000000000000000000e+00,1.500000000000000000e+02,3.945324970320593366e+03,1.382579670106712797e+02,2.120000000000000000e+06,1.336900000000000033e-01,-1.941423659999947517e+02,1.000000000000000000e+00
1.314384520262112509e-03,3.704888801019144175e-03,9.380280934502183143e-01,-2.492061969125555443e+00,2.000000000000000000e+01,8.256252522373526415e-02,0.000000000000000000e+00,0.000000000000000000e+00,0.000000000000000000e+00,0.000000000000000000e+00,0.000000000000000000e+00,0.000000000000000000e+00,1.510000000000000000e+02,2.210137157186758031e+03,2.323338613870429015e+02,2.119900000000000000e+06,3.237499999999999822e-01,-3.864255999999631399e+02,1.000000000000000000e+00
1.684643554468689269e-03,3.981041288153835261e-03,1.375073040179330963e+00,-5.460421159966585058e+00,2.000000000000000000e+01,6.772300881607135059e-02,0.000000000000000000e+00,0.000000000000000000e+00,0.000000000000000000e+00,0.000000000000000000e+00,0.000000000000000000e+00,0.000000000000000000e+00,1.520000000000000000e+02,1.064853392625421066e+03,3.210908671542816251e+02,2.115900000000000000e+06,1.527300000000000046e-01,-7.122609599999961461e+01,1.000000000000000000e+00
1.377613550436215025e-03,4.233787529992010489e-03,1.160209605166116376e+00,-6.202054133255721524e+00,2.000000000000000000e+01,6.790051161337970487e-02,0.000000000000000000e+00,0.000000000000000000e+00,0.000000000000000000e+00,0.000000000000000000e+00,0.000000000000000000e+00,0.000000000000000000e+00,1.530000000000000000e+02,1.064444307398700857e+03,3.220182609488192611e+02,2.115800000000000000e+06,1.463800000000000101e-01,-6.752151000000179693e+01,1.000000000000000000e+00
1.645744770984359671e-03,4.297035985467124834e-03,1.109837341180834880e+00,-6.769606927045027867e+00,2.000000000000000000e+01,6.291941622384142341e-02,0.000000000000000000e+00,0.000000000000000000e+00,0.000000000000000000e+00,0.000000000000000000e+00,0.000000000000000000e+00,0.000000000000000000e+00,1.540000000000000000e+02,9.524106596080406462e+02,3.331077380735693509e+02,2.115200000000000000e+06,1.505299999999999971e-01,-7.120297499999819024e+01,1.000000000000000000e+00
3.784479895841256526e-03,2.346004202097796455e-03,5.352606282569456475e-01,2.294424241327084335e+00,2.000000000000000000e+01,7.018316460459549100e-02,0.000000000000000000e+00,0.000000000000000000e+00,0.000000000000000000e+00,0.000000000000000000e+00,0.000000000000000000e+00,0.000000000000000000e+00,1.550000000000000000e+02,4.222129161208475125e+03,1.381870225583206491e+02,2.120200000000000000e+06,1.331199999999999883e-01,-2.522457870000200160e+02,1.000000000000000000e+00
1.621550348503632234e-03,3.197817545289004422e-03,8.406825255624567061e-01,3.947473157739310734e-01,2.000000000000000000e+01,6.721390098425127080e-02,0.000000000000000000e+00,0.000000000000000000e+00,0.000000000000000000e+00,0.000000000000000000e+00,0.000000000000000000e+00,0.000000000000000000e+00,1.560000000000000000e+02,3.122175732042742311e+03,1.608801209677614565e+02,2.120900000000000000e+06,2.680199999999999805e-01,-5.187916659999013973e+02,1.000000000000000000e+00
1.780053706978090627e-03,3.187172443789825903e-03,1.035102238514312045e+00,5.304527562686810471e-01,2.000000000000000000e+01,6.586938542352736847e-02,0.000000000000000000e+00,0.000000000000000000e+00,0.000000000000000000e+00,0.000000000000000000e+00,0.000000000000000000e+00,0.000000000000000000e+00,1.570000000000000000e+02,3.130590281735287590e+03,1.590949367180600973e+02,2.120900000000000000e+06,4.272299999999999986e-01,-8.828530360000920609e+02,1.000000000000000000e+00
1.614395394403386492e-03,3.207662762334307673e-03,1.157092883584783127e+00,-2.204225518665531958e+00,2.000000000000000000e+01,6.262449003196718378e-02,0.000000000000000000e+00,0.000000000000000000e+00,0.000000000000000000e+00,0.000000000000000000e+00,0.000000000000000000e+00,0.000000000000000000e+00,1.580000000000000000e+02,2.253166263628201705e+03,2.275661939487035283e+02,2.120000000000000000e+06,2.653200000000000003e-01,-2.840908000000314928e+02,1.000000000000000000e+00
1.682716783756623737e-03,2.825920294964012411e-03,7.163503185945708784e-01,2.759016074528851004e+00,2.000000000000000000e+01,7.275716587371573729e-02,0.000000000000000000e+00,0.000000000000000000e+00,0.000000000000000000e+00,0.000000000000000000e+00,0.000000000000000000e+00,0.000000000000000000e+00,1.590000000000000000e+02,4.009551989511848205e+03,1.382269182533293872e+02,2.120000000000000000e+06,9.176700000000000135e-02,-1.115730000000023949e+02,1.000000000000000000e+00
1.546792034170770555e-03,3.569921947350016347e-03,1.027208283693252788e+00,-2.413753668908309002e+00,2.000000000000000000e+01,7.254170778824253762e-02,0.000000000000000000e+00,0.000000000000000000e+00,0.000000000000000000e+00,0.000000000000000000e+00,0.000000000000000000e+00,0.000000000000000000e+00,1.600000000000000000e+02,2.300797471176757881e+03,2.258191222639018463e+02,2.120100000000000000e+06,2.802600000000000091e-01,-3.304413360000063449e+02,1.000000000000000000e+00
1.672866321328333149e-03,3.886696615534865080e-03,1.314666163583123604e+00,-2.519017676668242167e+00,2.000000000000000000e+01,7.637824625363630326e-02,0.000000000000000000e+00,0.000000000000000000e+00,0.000000000000000000e+00,0.000000000000000000e+00,0.000000000000000000e+00,0.000000000000000000e+00,1.610000000000000000e+02,2.304060331642831443e+03,2.233542738696174297e+02,2.120100000000000000e+06,4.160400000000000209e-01,-5.320443590000942322e+02,1.000000000000000000e+00
1.446932584256899537e-03,3.829056810502518352e-03,1.159151682497373326e+00,-4.879440481635375804e+00,2.000000000000000000e+01,6.776631232090431223e-02,0.000000000000000000e+00,0.000000000000000000e+00,0.000000000000000000e+00,0.000000000000000000e+00,0.000000000000000000e+00,0.000000000000000000e+00,1.620000000000000000e+02,1.461588946029072758e+03,2.895020785295969290e+02,2.117700000000000000e+06,1.357599999999999918e-01,-6.299229800000080814e+01,1.000000000000000000e+00
1.590236653329483042e-03,3.583195029824337834e-03,1.085086362015095229e+00,2.174736455686818726e-01,2.000000000000000000e+01,7.195047796933459749e-02,0.000000000000000000e+00,0.000000000000000000e+00,0.000000000000000000e+00,0.000000000000000000e+00,0.000000000000000000e+00,0.000000000000000000e+00,1.630000000000000000e+02,2.979300112773411456e+03,1.644932046354616375e+02,2.120900000000000000e+06,4.551399999999999890e-01,-7.544019999999142101e+02,1.000000000000000000e+00
1.504586056183035252e-03,3.731334419620068940e-03,1.243922209521453048e+00,-5.852387762420362627e+00,2.000000000000000000e+01,6.816863307134346517e-02,0.000000000000000000e+00,0.000000000000000000e+00,0.000000000000000000e+00,0.000000000000000000e+00,0.000000000000000000e+00,0.000000000000000000e+00,1.640000000000000000e+02,1.159608378571623462e+03,3.139740170556328280e+02,2.116400000000000000e+06,1.605499999999999983e-01,-7.660500899999851754e+01,1.000000000000000000e+00
1.516801135894691897e-03,3.887809792491006729e-03,1.091360692644822716e+00,-5.915864345972135396e+00,2.000000000000000000e+01,6.163926034173834723e-02,0.000000000000000000e+00,0.000000000000000000e+00,0.000000000000000000e+00,0.000000000000000000e+00,0.000000000000000000e+00,0.000000000000000000e+00,1.650000000000000000e+02,1.131922595428499335e+03,3.147311212409711629e+02,2.116400000000000000e+06,1.220799999999999941e-01,-5.003289999999935844e+01,1.000000000000000000e+00
1.423462817557125419e-03,3.900422009286040863e-03,1.340549523500670359e+00,-5.868604543947563812e+00,2.000000000000000000e+01,7.150537045134720826e-02,0.000000000000000000e+00,0.000000000000000000e+00,0.000000000000000000e+00,0.000000000000000000e+00,0.000000000000000000e+00,0.000000000000000000e+00,1.660000000000000000e+02,1.163046741485509756e+03,3.134117107370859117e+02,2.116300000000000000e+06,1.306200000000000139e-01,-5.054400000000062931e+01,1.000000000000000000e+00
1.244225871584416897e-03,4.283576493242792840e-03,1.334239234335683921e+00,-7.456498422771284496e+00,2.000000000000000000e+01,6.512342063558269889e-02,0.000000000000000000e+00,0.000000000000000000e+00,0.000000000000000000e+00,0.000000000000000000e+00,0.000000000000000000e+00,0.000000000000000000e+00,1.670000000000000000e+02,6.083993490904543933e+02,3.661656568342532978e+02,2.112600000000000000e+06,1.585699999999999887e-01,-6.509617499999866652e+01,1.000000000000000000e+00
1.500152067877469310e-03,4.004033566256754752e-03,1.413762935179828872e+00,-5.920780913584079208e+00,2.000000000000000000e+01,6.813179449387835040e-02,0.000000000000000000e+00,0.000000000000000000e+00,0.000000000000000000e+00,0.000000000000000000e+00,0.000000000000000000e+00,0.000000000000000000e+00,1.680000000000000000e+02,1.090262901375262118e+03,3.157295037589337312e+02,2.116200000000000000e+06,1.635699999999999932e-01,-6.185000000000108145e+01,1.000000000000000000e+00
1.544495524721221881e-03,4.225406063731460340e-03,1.129057161156525879e+00,-7.956491869563494745e+00,2.000000000000000000e+01,6.729583013292811389e-02,0.000000000000000000e+00,0.000000000000000000e+00,0.000000000000000000e+00,0.000000000000000000e+00,0.000000000000000000e+00,0.000000000000000000e+00,1.690000000000000000e+02,6.613645677557149156e+02,3.631637196557049947e+02,2.113000000000000000e+06,1.221499999999999947e-01,-5.630489800000079015e+01,1.000000000000000000e+00
1.546305476558360254e-03,4.164499478016308286e-03,1.140030384931439489e+00,-7.960838149606145109e+00,2.000000000000000000e+01,6.726402787163440755e-02,0.000000000000000000e+00,0.000000000000000000e+00,0.000000000000000000e+00,0.000000000000000000e+00,0.000000000000000000e+00,0.000000000000000000e+00,1.700000000000000000e+02,6.570017327201355783e+02,3.632869209012742999e+02,2.113000000000000000e+06,1.209400000000000058e-01,-5.421271600000098090e+01,1.000000000000000000e+00
1.484001506902515605e-03,3.954491862363924276e-03,1.208697578243308035e+00,-6.491746051273564966e+00,2.000000000000000000e+01,6.791351300869519214e-02,0.000000000000000000e+00,0.000000000000000000e+00,0.000000000000000000e+00,0.000000000000000000e+00,0.000000000000000000e+00,0.000000000000000000e+00,1.710000000000000000e+02,9.902938043093270153e+02,3.297016513866853415e+02,2.115400000000000000e+06,1.475799999999999890e-01,-6.811605900000236602e+01,1.000000000000000000e+00
1.465916587295307272e-03,3.970089072978392856e-03,1.213955790226898479e+00,-6.506493218970256009e+00,2.000000000000000000e+01,6.808670799596792944e-02,0.000000000000000000e+00,0.000000000000000000e+00,0.000000000000000000e+00,0.000000000000000000e+00,0.000000000000000000e+00,0.000000000000000000e+00,1.720000000000000000e+02,9.796451144714591237e+02,3.300686716699842691e+02,2.115400000000000000e+06,1.582999999999999963e-01,-7.564611600000135638e+01,1.000000000000000000e+00
1.476681848554051765e-03,3.955064866868033407e-03,1.209988832251278845e+00,-6.461102665267532963e+00,2.000000000000000000e+01,6.797351379957655704e-02,0.000000000000000000e+00,0.000000000000000000e+00,0.000000000000000000e+00,0.000000000000000000e+00,0.000000000000000000e+00,0.000000000000000000e+00,1.730000000000000000e+02,9.935885527095932730e+02,3.289302773784029910e+02,2.115500000000000000e+06,1.502300000000000024e-01,-7.035395700000239572e+01,1.000000000000000000e+00
1.492942016756043308e-03,3.983347404204929873e-03,1.203829676799097914e+00,-6.596405299695142332e+00,2.000000000000000000e+01,6.797105207485497347e-02,0.000000000000000000e+00,0.000000000000000000e+00,0.000000000000000000e+00,0.000000000000000000e+00,0.000000000000000000e+00,0.000000000000000000e+00,1.740000000000000000e+02,9.657702963832307432e+02,3.321543486689162137e+02,2.115300000000000000e+06,1.503700000000000037e-01,-7.161471299999782048e+01,1.000000000000000000e+00
1.293189499655495508e-03,4.334668632517603253e-03,1.291757766228176507e+00,-6.600003217607947725e+00,2.000000000000000000e+01,6.913682063549199397e-02,0.000000000000000000e+00,0.000000000000000000e+00,0.000000000000000000e+00,0.000000000000000000e+00,0.000000000000000000e+00,0.000000000000000000e+00,1.750000000000000000e+02,9.648484816017556795e+02,3.322321488784471626e+02,2.115100000000000000e+06,2.698599999999999888e-01,-1.618405000000145151e+02,1.000000000000000000e+00
1.493881002411139719e-03,3.975823280008809399e-03,1.228424211806188993e+00,-6.549703139008359543e+00,2.000000000000000000e+01,6.793115515887036826e-02,0.000000000000000000e+00,0.000000000000000000e+00,0.000000000000000000e+00,0.000000000000000000e+00,0.000000000000000000e+00,0.000000000000000000e+00,1.760000000000000000e+02,9.708885526222882163e+02,3.311047801133045709e+02,2.115300000000000000e+06,1.492600000000000038e-01,-6.812640000000092755e+01,1.000000000000000000e+00
1.525292519035745730e-03,4.029539677402285691e-03,1.221548915347654640e+00,-6.713726958735229289e+00,2.000000000000000000e+01,6.770046838198814920e-02,0.000000000000000000e+00,0.000000000000000000e+00,0.000000000000000000e+00,0.000000000000000000e+00,0.000000000000000000e+00,0.000000000000000000e+00,1.770000000000000000e+02,9.355815025956071622e+02,3.344621226931149067e+02,2.115100000000000000e+06,1.375800000000000078e-01,-6.023710499999983625e+01,1.000000000000000000e+00
1.569993195520336679e-03,3.551531160410693975e-03,1.077675199714108745e+00,-1.598674902891611627e+00,2.000000000000000000e+01,7.195229073127659691e-02,0.000000000000000000e+00,0.000000000000000000e+00,0.000000000000000000e+00,0.000000000000000000e+00,0.000000000000000000e+00,0.000000000000000000e+00,1.780000000000000000e+02,2.504500931249939640e+03,2.058277083683982198e+02,2.120600000000000000e+06,4.707200000000000273e-01,-8.185404530000918157e+02,1.000000000000000000e+00
1.264485709739425305e-03,4.103440656669425299e-03,9.421492420103367849e-01,-8.892177360149764453e+00,2.000000000000000000e+01,6.784028889610131674e-02,0.000000000000000000e+00,0.000000000000000000e+00,0.000000000000000000e+00,0.000000000000000000e+00,0.000000000000000000e+00,0.000000000000000000e+00,1.790000000000000000e+02,5.565126085313678459e+02,3.838320042022214125e+02,2.111300000000000000e+06,1.440899999999999959e-01,-8.864783199999740759e+01,1.000000000000000000e+00
1.446544355832465184e-03,4.089261767452247870e-03,1.202131439721654260e+00,-6.763164997070581386e+00,2.000000000000000000e+01,6.796594874401513942e-02,0.000000000000000000e+00,0.000000000000000000e+00,0.000000000000000000e+00,0.000000000000000000e+00,0.000000000000000000e+00,0.000000000000000000e+00,1.800000000000000000e+02,9.088591550165266426e+02,3.352994953406497984e+02,2.115000000000000000e+06,1.522699999999999887e-01,-7.070957800000095972e+01,1.000000000000000000e+00
1.403982165991896243e-03,3.915204099832115051e-03,1.239957863637876745e+00,-7.686144484592675852e+00,2.000000000000000000e+01,6.820685059285264140e-02,0.000000000000000000e+00,0.000000000000000000e+00,0.000000000000000000e+00,0.000000000000000000e+00,0.000000000000000000e+00,0.000000000000000000e+00,1.810000000000000000e+02,6.771913650156159292e+02,3.577815401504476540e+02,2.113500000000000000e+06,1.690399999999999958e-01,-7.979399999999851900e+01,1.000000000000000000e+00
1.400466042753166626e-03,3.336960878825880918e-03,1.203681459026292755e+00,-2.827716138378962629e+00,2.000000000000000000e+01,7.669990937802963205e-02,0.000000000000000000e+00,0.000000000000000000e+00,0.000000000000000000e+00,0.000000000000000000e+00,0.000000000000000000e+00,0.000000000000000000e+00,1.820000000000000000e+02,2.030999724284354215e+03,2.435973449130776487e+02,2.119700000000000000e+06,6.589199999999999502e-01,-9.742896000004254802e+02,1.000000000000000000e+00
1.294176863320609192e-03,3.211317640197344347e-03,1.283039244094605458e+00,-2.874393688540565872e+00,2.000000000000000000e+01,6.940341479074844944e-02,0.000000000000000000e+00,0.000000000000000000e+00,0.000000000000000000e+00,0.000000000000000000e+00,0.000000000000000000e+00,0.000000000000000000e+00,1.830000000000000000e+02,2.030999724284354215e+03,2.435973449130776487e+02,2.119700000000000000e+06,6.589199999999999502e-01,-9.742896000004254802e+02,1.000000000000000000e+00
1.508419081355779961e-03,3.518647461621121283e-03,1.420500754498569274e+00,-3.267726511966572822e+00,2.000000000000000000e+01,6.091527369383593904e-02,0.000000000000000000e+00,0.000000000000000000e+00,0.000000000000000000e+00,0.000000000000000000e+00,0.000000000000000000e+00,0.000000000000000000e+00,1.840000000000000000e+02,2.030999724284354215e+03,2.435973449130776487e+02,2.119700000000000000e+06,6.589199999999999502e-01,-9.742896000004254802e+02,1.000000000000000000e+00
1.535807439899945174e-03,3.451976188148540847e-03,1.192482378806826393e+00,-3.192743447941555957e+00,2.000000000000000000e+01,7.246217906099647332e-02,0.000000000000000000e+00,0.000000000000000000e+00,0.000000000000000000e+00,0.000000000000000000e+00,0.000000000000000000e+00,0.000000000000000000e+00,1.850000000000000000e+02,2.030284362292528613e+03,2.454351950878566129e+02,2.119600000000000000e+06,2.622099999999999986e-01,-2.242048000000106924e+02,1.000000000000000000e+00
1.309295317652634915e-03,3.988510483946708027e-03,1.003343513222459293e+00,-3.281865708073753662e+00,2.000000000000000000e+01,7.798753532596837401e-02,0.000000000000000000e+00,0.000000000000000000e+00,0.000000000000000000e+00,0.000000000000000000e+00,0.000000000000000000e+00,0.000000000000000000e+00,1.860000000000000000e+02,2.026786930536542286e+03,2.457745754047524258e+02,2.119500000000000000e+06,2.483799999999999897e-01,-2.343621000000219965e+02,1.000000000000000000e+00
1.489466509840108119e-03,3.687403434758319744e-03,1.165236990416707030e+00,-3.001098155755841823e+00,2.000000000000000000e+01,6.783697006964777010e-02,0.000000000000000000e+00,0.000000000000000000e+00,0.000000000000000000e+00,0.000000000000000000e+00,0.000000000000000000e+00,0.000000000000000000e+00,1.870000000000000000e+02,2.057595740512669636e+03,2.407631501850360962e+02,2.119500000000000000e+06,1.379799999999999915e-01,-6.482069799999887039e+01,1.000000000000000000e+00
1.495465140931365178e-03,3.965504445413384899e-03,1.220902403164731975e+00,-6.837354321738952301e+00,2.000000000000000000e+01,6.811514411840918770e-02,0.000000000000000000e+00,0.000000000000000000e+00,0.000000000000000000e+00,0.000000000000000000e+00,0.000000000000000000e+00,0.000000000000000000e+00,1.880000000000000000e+02,9.020602982761730573e+02,3.367562629094816771e+02,2.114900000000000000e+06,1.620199999999999974e-01,-7.903513800000042977e+01,1.000000000000000000e+00
1.319183680958670559e-03,3.907470332540972750e-03,1.093101606436745366e+00,-3.738163482000649740e+00,2.000000000000000000e+01,6.762946299166211483e-02,0.000000000000000000e+00,0.000000000000000000e+00,0.000000000000000000e+00,0.000000000000000000e+00,0.000000000000000000e+00,0.000000000000000000e+00,1.890000000000000000e+02,1.828502201231981871e+03,2.598579999153132007e+02,2.118900000000000000e+06,1.294899999999999940e-01,-5.812437399999908649e+01,1.000000000000000000e+00
1.630639963921838098e-03,3.360015157281393255e-03,9.755237419046244307e-01,-3.527450675231311727e+00,2.000000000000000000e+01,6.893576832924509790e-02,0.000000000000000000e+00,0.000000000000000000e+00,0.000000000000000000e+00,0.000000000000000000e+00,0.000000000000000000e+00,0.000000000000000000e+00,1.900000000000000000e+02,1.889462797204353137e+03,2.593528371826595844e+02,2.119000000000000000e+06,1.230500000000000066e-01,-7.178392799999947727e+01,1.000000000000000000e+00
1.959933860761011153e-03,2.624607154411512811e-03,4.817178137496105350e-01,2.502993379670059415e+00,2.000000000000000000e+01,8.196397296010847489e-02,0.000000000000000000e+00,0.000000000000000000e+00,0.000000000000000000e+00,0.000000000000000000e+00,0.000000000000000000e+00,0.000000000000000000e+00,1.910000000000000000e+02,3.945302015358477092e+03,1.385103619185179014e+02,2.120200000000000000e+06,1.024599999999999955e-01,-1.583399999999965075e+02,1.000000000000000000e+00
1.491583074540123958e-03,3.027673783114252087e-03,1.023248082125015390e+00,-1.195056692914215901e+00,2.000000000000000000e+01,7.352161853209678022e-02,0.000000000000000000e+00,0.000000000000000000e+00,0.000000000000000000e+00,0.000000000000000000e+00,0.000000000000000000e+00,0.000000000000000000e+00,1.920000000000000000e+02,2.589326543222683085e+03,1.955090788184750181e+02,2.120700000000000000e+06,1.584299999999999875e-01,-1.120981819999961857e+02,1.000000000000000000e+00
1.547151895822643361e-03,3.732228459810223511e-03,1.219033663378576993e+00,-6.304771449026367769e+00,2.000000000000000000e+01,6.790177015647010095e-02,0.000000000000000000e+00,0.000000000000000000e+00,0.000000000000000000e+00,0.000000000000000000e+00,0.000000000000000000e+00,0.000000000000000000e+00,1.930000000000000000e+02,1.054001843559498411e+03,3.248249385521990575e+02,2.115800000000000000e+06,1.452299999999999980e-01,-6.873881100000102151e+01,1.000000000000000000e+00
2.302957999985970772e-03,4.332605761227934643e-03,1.302736235179482005e+00,6.464536211514788633e-01,2.000000000000000000e+01,7.437712845136949802e-02,0.000000000000000000e+00,0.000000000000000000e+00,0.000000000000000000e+00,0.000000000000000000e+00,0.000000000000000000e+00,0.000000000000000000e+00,1.940000000000000000e+02,3.310180813744742409e+03,1.553403934122025021e+02,2.120900000000000000e+06,4.616999999999999993e-01,-8.405331350001513329e+02,1.000000000000000000e+00
1.653209880888485738e-03,3.641541711589088310e-03,1.099778604999919640e+00,-1.536901663847440647e+00,2.000000000000000000e+01,6.600928276915350723e-02,0.000000000000000000e+00,0.000000000000000000e+00,0.000000000000000000e+00,0.000000000000000000e+00,0.000000000000000000e+00,0.000000000000000000e+00,1.950000000000000000e+02,2.499493769369994425e+03,2.077433151627548682e+02,2.120500000000000000e+06,2.982699999999999796e-01,-4.006674920000127713e+02,1.000000000000000000e+00
1.575314187884428686e-03,3.983637754004737061e-03,1.512938519600498744e+00,-4.953182378079961090e+00,2.000000000000000000e+01,6.437544652666495060e-02,0.000000000000000000e+00,0.000000000000000000e+00,0.000000000000000000e+00,0.000000000000000000e+00,0.000000000000000000e+00,0.000000000000000000e+00,1.960000000000000000e+02,1.319032259637741390e+03,3.007481430125703241e+02,2.117100000000000000e+06,1.544699999999999962e-01,-7.410167099999999607e+01,1.000000000000000000e+00
1.478927860001824201e-03,3.730283343402333515e-03,1.256138810891786806e+00,-5.427812763501771443e+00,2.000000000000000000e+01,6.856622710202944782e-02,0.000000000000000000e+00,0.000000000000000000e+00,0.000000000000000000e+00,0.000000000000000000e+00,0.000000000000000000e+00,0.000000000000000000e+00,1.970000000000000000e+02,1.317146918954416378e+03,3.032177048784860744e+02,2.117000000000000000e+06,1.865100000000000091e-01,-1.017552000000049617e+02,1.000000000000000000e+00
1.395243170309883171e-03,3.936219054224619068e-03,1.197776121347778222e+00,-5.311255318669784842e+00,2.000000000000000000e+01,6.816043954005648886e-02,0.000000000000000000e+00,0.000000000000000000e+00,0.000000000000000000e+00,0.000000000000000000e+00,0.000000000000000000e+00,0.000000000000000000e+00,1.980000000000000000e+02,1.321883218663546359e+03,3.004308550719666755e+02,2.117100000000000000e+06,1.602600000000000136e-01,-7.593450000000048306e+01,1.000000000000000000e+00
1.405966331793657900e-03,4.442058724884526133e-03,1.148259789493309313e+00,-7.025817382617120188e+00,2.000000000000000000e+01,6.734560552370313924e-02,0.000000000000000000e+00,0.000000000000000000e+00,0.000000000000000000e+00,0.000000000000000000e+00,0.000000000000000000e+00,0.000000000000000000e+00,1.990000000000000000e+02,8.424022913260115502e+02,3.420557623280250255e+02,2.114500000000000000e+06,1.238500000000000018e-01,-5.136623199999907996e+01,1.000000000000000000e+00
