1.903138695459639061e-03,4.978637868208747250e-03,4.126166704775278138e-01,2.589993470009330334e+00,2.000000000000000000e+01,7.380069264895219860e-02,0.000000000000000000e+00,0.000000000000000000e+00,0.000000000000000000e+00,0.000000000000000000e+00,0.000000000000000000e+00,0.000000000000000000e+00,0.000000000000000000e+00,5.213096503396264779e+03,1.381830716020471641e+02,2.119600000000000000e+06,3.749399999999999955e-01,-1.650653526000441161e+03,1.000000000000000000e+00
3.427674828771281983e-03,3.948077204231717832e-03,7.561691715417795390e-01,2.454123538104756808e+00,2.000000000000000000e+01,7.140031533688274978e-02,0.000000000000000000e+00,0.000000000000000000e+00,0.000000000000000000e+00,0.000000000000000000e+00,0.000000000000000000e+00,0.000000000000000000e+00,1.000000000000000000e+00,4.672072728420701424e+03,1.381834771173181480e+02,2.120100000000000000e+06,4.614599999999999813e-01,-2.134055500000098618e+03,1.000000000000000000e+00
2.238444488740832117e-03,3.892377687128775569e-03,1.308133811656472689e+00,-1.049343306108286100e+01,2.000000000000000000e+01,6.806236449762770313e-02,0.000000000000000000e+00,0.000000000000000000e+00,0.000000000000000000e+00,0.000000000000000000e+00,0.000000000000000000e+00,0.000000000000000000e+00,2.000000000000000000e+00,4.878477784709822345e+02,4.164435871483373717e+02,2.108200000000000000e+06,1.233599999999999974e-01,-6.215137000000038370e+01,1.000000000000000000e+00
1.452872392828527971e-03,3.044027842395628878e-03,7.068048672376429087e-01,2.146096552311583139e+00,2.000000000000000000e+01,7.425282386255331601e-02,0.000000000000000000e+00,0.000000000000000000e+00,0.000000000000000000e+00,0.000000000000000000e+00,0.000000000000000000e+00,0.000000000000000000e+00,3.000000000000000000e+00,3.522838432448312687e+03,1.392088616301796549e+02,2.120300000000000000e+06,1.440800000000000136e-01,-1.738260370000043906e+02,1.000000000000000000e+00
1.066735715061746005e-03,1.625198760915415319e-03,6.284207701509247901e-01,1.517407158009493884e+00,2.000000000000000000e+01,7.048632856382376632e-02,0.000000000000000000e+00,0.000000000000000000e+00,0.000000000000000000e+00,0.000000000000000000e+00,0.000000000000000000e+00,0.000000000000000000e+00,4.000000000000000000e+00,3.339138210177802193e+03,1.441420077627831233e+02,2.120500000000000000e+06,3.333999999999999742e-01,-5.455622130001585219e+02,1.000000000000000000e+00
5.392068302648137966e-04,3.402549160366634406e-03,4.583331107275572247e-01,1.821434627170340548e+00,2.000000000000000000e+01,7.586377235108894557e-02,0.000000000000000000e+00,0.000000000000000000e+00,0.000000000000000000e+00,0.000000000000000000e+00,0.000000000000000000e+00,0.000000000000000000e+00,5.000000000000000000e+00,3.345099435783400168e+03,1.414068934349543554e+02,2.120300000000000000e+06,8.417499999999999982e-02,-5.607500700000161942e+01,1.000000000000000000e+00
2.379627443362585838e-03,3.737447636690120843e-03,1.240372503522991332e+00,7.283499795158521195e-01,2.000000000000000000e+01,7.200869405486062802e-02,0.000000000000000000e+00,0.000000000000000000e+00,0.000000000000000000e+00,0.000000000000000000e+00,0.000000000000000000e+00,0.000000000000000000e+00,6.000000000000000000e+00,3.310180813744742409e+03,1.553403934122025021e+02,2.120900000000000000e+06,4.616999999999999993e-01,-8.405331350001513329e+02,1.000000000000000000e+00
3.558052698127153659e-03,2.908844393644730800e-03,1.292151016781512229e+00,2.493807050974937045e+00,2.000000000000000000e+01,7.223042576488006294e-02,0.000000000000000000e+00,0.000000000000000000e+00,0.000000000000000000e+00,0.000000000000000000e+00,0.000000000000000000e+00,0.000000000000000000e+00,7.000000000000000000e+00,3.830553625528484645e+03,1.382344389947924128e+02,2.120500000000000000e+06,4.484799999999999898e-01,-1.005727999999994154e+03,1.000000000000000000e+00
1.038095722754245505e-03,2.069338394927961421e-03,8.582393714061981038e-01,-5.154292060841427769e-01,2.000000000000000000e+01,7.016940109998932862e-02,0.000000000000000000e+00,0.000000000000000000e+00,0.000000000000000000e+00,0.000000000000000000e+00,0.000000000000000000e+00,0.000000000000000000e+00,8.000000000000000000e+00,2.646702156762786217e+03,1.797039220100648151e+02,2.120900000000000000e+06,3.865999999999999992e-01,-5.168201999998709653e+02,1.000000000000000000e+00
1.734714846817383407e-03,5.353652258078166019e-03,7.990785620385976173e-01,-3.891573144622280100e+00,2.000000000000000000e+01,7.303838524408444444e-02,0.000000000000000000e+00,0.000000000000000000e+00,0.000000000000000000e+00,0.000000000000000000e+00,0.000000000000000000e+00,0.000000000000000000e+00,9.000000000000000000e+00,2.245392586101266261e+03,2.636048684852326005e+02,2.118600000000000000e+06,2.429199999999999970e-01,-4.254773810000401113e+02,1.000000000000000000e+00
1.322439182163208469e-03,4.228852431680038028e-03,5.419351143034331075e-01,-3.391830621411390467e+00,2.000000000000000000e+01,7.362932671773737836e-02,0.000000000000000000e+00,0.000000000000000000e+00,0.000000000000000000e+00,0.000000000000000000e+00,0.000000000000000000e+00,0.000000000000000000e+00,1.000000000000000000e+01,2.262211013268739862e+03,2.514908184802478672e+02,2.119300000000000000e+06,2.650100000000000233e-01,-7.012381709998928727e+02,1.000000000000000000e+00
1.600728126582722649e-03,4.978000388381094432e-03,7.148881636473491952e-01,-3.904479684637609971e+00,2.000000000000000000e+01,7.299772664805645461e-02,0.000000000000000000e+00,0.000000000000000000e+00,0.000000000000000000e+00,0.000000000000000000e+00,0.000000000000000000e+00,0.000000000000000000e+00,1.100000000000000000e+01,2.164875968874021055e+03,2.639655965846008598e+02,2.118700000000000000e+06,2.830300000000000038e-01,-6.239135970001176474e+02,1.000000000000000000e+00
1.363291091301313497e-03,1.071041084506962632e-03,6.623145891532997709e-01,3.154190247850934270e-01,2.000000000000000000e+01,6.728018565380802785e-02,0.000000000000000000e+00,0.000000000000000000e+00,0.000000000000000000e+00,0.000000000000000000e+00,0.000000000000000000e+00,0.000000000000000000e+00,1.200000000000000000e+01,2.859393057942302221e+03,1.624343157934981718e+02,2.121000000000000000e+06,8.417900000000000382e-02,-6.628674700000094333e+01,1.000000000000000000e+00
2.257812993863113002e-03,2.115208122618959623e-03,1.477262052754860111e+00,-3.995821443495145786e+00,2.000000000000000000e+01,6.938921473189191280e-02,0.000000000000000000e+00,0.000000000000000000e+00,0.000000000000000000e+00,0.000000000000000000e+00,0.000000000000000000e+00,0.000000000000000000e+00,1.300000000000000000e+01,1.998548868061472831e+03,2.667260142701780410e+02,2.119000000000000000e+06,2.645000000000000129e-01,-2.130808770000106165e+02,1.000000000000000000e+00
1.541753455164620494e-03,5.076400340801616971e-03,7.148216258838211434e-01,-5.184636947674680307e+00,2.000000000000000000e+01,7.281089331175194523e-02,0.000000000000000000e+00,0.000000000000000000e+00,0.000000000000000000e+00,0.000000000000000000e+00,0.000000000000000000e+00,0.000000000000000000e+00,1.400000000000000000e+01,1.783791645118844826e+03,2.967598085486491186e+02,2.117400000000000000e+06,3.109399999999999942e-01,-7.186233999999034268e+02,1.000000000000000000e+00
2.737604795983668120e-03,3.457559325353960593e-03,1.320317774628113838e+00,-4.078882632871035696e+00,2.000000000000000000e+01,6.707619728645825008e-02,0.000000000000000000e+00,0.000000000000000000e+00,0.000000000000000000e+00,0.000000000000000000e+00,0.000000000000000000e+00,0.000000000000000000e+00,1.500000000000000000e+01,1.982594848011966633e+03,2.692327492932564610e+02,2.118700000000000000e+06,1.062799999999999995e-01,-5.658554000000000173e+01,1.000000000000000000e+00
1.485485230731387486e-03,1.842132953411821945e-03,1.387104164904646053e+00,-6.571117159309203259e+00,2.000000000000000000e+01,6.826518908764998839e-02,0.000000000000000000e+00,0.000000000000000000e+00,0.000000000000000000e+00,0.000000000000000000e+00,0.000000000000000000e+00,0.000000000000000000e+00,1.600000000000000000e+01,1.157018123341630371e+03,3.315951555188812563e+02,2.115800000000000000e+06,1.650399999999999923e-01,-6.628049999999943509e+01,1.000000000000000000e+00
1.825782273499338164e-03,5.740066433936920516e-03,8.408183927907083577e-01,-9.051058472609524230e+00,2.000000000000000000e+01,6.590676751446236659e-02,0.000000000000000000e+00,0.000000000000000000e+00,0.000000000000000000e+00,0.000000000000000000e+00,0.000000000000000000e+00,0.000000000000000000e+00,1.700000000000000000e+01,7.880840540709577908e+02,3.732193979166748932e+02,2.111900000000000000e+06,8.686199999999999477e-02,-5.040215700000073440e+01,1.000000000000000000e+00
1.996712263972371618e-03,5.825917483486638647e-03,8.880907024673465600e-01,-1.040223880440851545e+01,2.000000000000000000e+01,7.290335964228694676e-02,0.000000000000000000e+00,0.000000000000000000e+00,0.000000000000000000e+00,0.000000000000000000e+00,0.000000000000000000e+00,0.000000000000000000e+00,1.800000000000000000e+01,5.628083809109765525e+02,4.161435891005100984e+02,2.108700000000000000e+06,2.312700000000000033e-01,-3.623241810000178589e+02,1.000000000000000000e+00
1.700208387326517575e-03,4.964737166605774632e-03,7.759961819978821174e-01,-5.262439454043870590e+00,2.000000000000000000e+01,7.345029209574528706e-02,0.000000000000000000e+00,0.000000000000000000e+00,0.000000000000000000e+00,0.000000000000000000e+00,0.000000000000000000e+00,0.000000000000000000e+00,1.900000000000000000e+01,1.764017155837138716e+03,2.990437143514841409e+02,2.117200000000000000e+06,1.979599999999999971e-01,-3.022051110000222707e+02,1.000000000000000000e+00
1.722338105134865564e-03,5.158771110303409999e-03,9.329974576055796165e-01,-9.599390269820032628e+00,2.000000000000000000e+01,6.765037647998362047e-02,0.000000000000000000e+00,0.000000000000000000e+00,0.000000000000000000e+00,0.000000000000000000e+00,0.000000000000000000e+00,0.000000000000000000e+00,2.000000000000000000e+01,5.763676189078809102e+02,4.082144071896059927e+02,2.109400000000000000e+06,1.281499999999999861e-01,-1.171084620000021346e+02,1.000000000000000000e+00
2.673280185358222795e-03,3.667166584092352959e-03,1.313978030730011515e+00,-4.687539814969511553e+00,2.000000000000000000e+01,6.708254641237915150e-02,0.000000000000000000e+00,0.000000000000000000e+00,0.000000000000000000e+00,0.000000000000000000e+00,0.000000000000000000e+00,0.000000000000000000e+00,2.100000000000000000e+01,1.805846163994488734e+03,2.848276295169600303e+02,2.118000000000000000e+06,1.068400000000000044e-01,-5.640029999999951826e+01,1.000000000000000000e+00
1.680274789432280010e-03,5.450905832521717176e-03,6.596093607397872649e-01,-5.549814571619032577e+00,2.000000000000000000e+01,7.411703542243701370e-02,0.000000000000000000e+00,0.000000000000000000e+00,0.000000000000000000e+00,0.000000000000000000e+00,0.000000000000000000e+00,0.000000000000000000e+00,2.200000000000000000e+01,1.729173333929622004e+03,3.054843749405793574e+02,2.116800000000000000e+06,1.652500000000000080e-01,-2.747919999999817833e+02,1.000000000000000000e+00
1.826917467577984962e-03,4.673267941630315433e-03,8.712152578275368375e-01,-8.602165575548820442e+00,2.000000000000000000e+01,6.742884120664019432e-02,0.000000000000000000e+00,0.000000000000000000e+00,0.000000000000000000e+00,0.000000000000000000e+00,0.000000000000000000e+00,0.000000000000000000e+00,2.300000000000000000e+01,7.782289986299593920e+02,3.786609640116383844e+02,2.111700000000000000e+06,1.184400000000000036e-01,-9.896250000000227942e+01,1.000000000000000000e+00
1.789328260605709073e-03,5.808496570934575456e-03,8.176450337088603249e-01,-8.711695345201134089e+00,2.000000000000000000e+01,7.371578634200415259e-02,0.000000000000000000e+00,0.000000000000000000e+00,0.000000000000000000e+00,0.000000000000000000e+00,0.000000000000000000e+00,0.000000000000000000e+00,2.400000000000000000e+01,7.756822082331366346e+02,3.807169179276943396e+02,2.111900000000000000e+06,1.565499999999999947e-01,-1.938072499999965430e+02,1.000000000000000000e+00
1.791063465186321611e-03,5.652021011553014750e-03,7.631976173123578011e-01,-5.530252770565944331e+00,2.000000000000000000e+01,7.303053703486682424e-02,0.000000000000000000e+00,0.000000000000000000e+00,0.000000000000000000e+00,0.000000000000000000e+00,0.000000000000000000e+00,0.000000000000000000e+00,2.500000000000000000e+01,1.733707429002796971e+03,3.051050168670960829e+02,2.116800000000000000e+06,2.571100000000000052e-01,-5.229719999998909543e+02,1.000000000000000000e+00
1.810814573936677697e-03,5.038931709400917315e-03,8.228822189921771724e-01,-7.931040837085920892e+00,2.000000000000000000e+01,6.798592250087134858e-02,0.000000000000000000e+00,0.000000000000000000e+00,0.000000000000000000e+00,0.000000000000000000e+00,0.000000000000000000e+00,0.000000000000000000e+00,2.600000000000000000e+01,9.701696754045246962e+02,3.624684025813430139e+02,2.112800000000000000e+06,1.483299999999999896e-01,-1.470540119999904221e+02,1.000000000000000000e+00
1.507617363583477936e-03,3.967708361129376748e-03,1.425313545519769409e+00,-2.190019525019501145e+00,2.000000000000000000e+01,7.264694734173389457e-02,0.000000000000000000e+00,0.000000000000000000e+00,0.000000000000000000e+00,0.000000000000000000e+00,0.000000000000000000e+00,0.000000000000000000e+00,2.700000000000000000e+01,2.417985680758257786e+03,2.205675660406002976e+02,2.120100000000000000e+06,2.074699999999999878e-01,-1.008858690000033249e+02,1.000000000000000000e+00
1.600289061473000917e-03,5.486196113779160180e-03,6.726593226129775616e-01,-8.300183354039177175e+00,2.000000000000000000e+01,7.426958716575474129e-02,0.000000000000000000e+00,0.000000000000000000e+00,0.000000000000000000e+00,0.000000000000000000e+00,0.000000000000000000e+00,0.000000000000000000e+00,2.800000000000000000e+01,8.801693801833162070e+02,3.713380049644413248e+02,2.112600000000000000e+06,1.456699999999999939e-01,-2.086920289999915781e+02,1.000000000000000000e+00
1.573499465091658016e-03,5.247774704815712926e-03,6.179134779213253381e-01,-5.584347040171227405e+00,2.000000000000000000e+01,7.563966845868293210e-02,0.000000000000000000e+00,0.000000000000000000e+00,0.000000000000000000e+00,0.000000000000000000e+00,0.000000000000000000e+00,0.000000000000000000e+00,2.900000000000000000e+01,1.710732812193528616e+03,3.062166077753462901e+02,2.116700000000000000e+06,9.900499999999999579e-02,-1.170304559999983098e+02,1.000000000000000000e+00
1.406335209937248885e-03,6.049104606892361478e-03,5.984678269740421053e-01,-7.756375806690317454e+00,2.000000000000000000e+01,7.475676992623481176e-02,0.000000000000000000e+00,0.000000000000000000e+00,0.000000000000000000e+00,0.000000000000000000e+00,0.000000000000000000e+00,0.000000000000000000e+00,3.000000000000000000e+01,9.782941383483747586e+02,3.588992630181120376e+02,2.113400000000000000e+06,1.250300000000000022e-01,-1.716269539999927360e+02,1.000000000000000000e+00
1.435839764576261847e-03,5.216640962110958429e-03,5.539019926169832519e-01,-5.600458722273017997e+00,2.000000000000000000e+01,7.672578832056237141e-02,0.000000000000000000e+00,0.000000000000000000e+00,0.000000000000000000e+00,0.000000000000000000e+00,0.000000000000000000e+00,0.000000000000000000e+00,3.100000000000000000e+01,1.679371896252386250e+03,3.065855930335612811e+02,2.116700000000000000e+06,7.835399999999999310e-02,-8.261844199999954697e+01,1.000000000000000000e+00
1.700208387326517575e-03,4.964737166605774632e-03,7.759961819978821174e-01,-5.262439454043870590e+00,2.000000000000000000e+01,7.345029209574528706e-02,0.000000000000000000e+00,0.000000000000000000e+00,0.000000000000000000e+00,0.000000000000000000e+00,0.000000000000000000e+00,0.000000000000000000e+00,3.200000000000000000e+01,1.659135304731105862e+03,3.080499946519670971e+02,2.116800000000000000e+06,3.286700000000000177e-01,-7.486676849998762009e+02,1.000000000000000000e+00
9.904676588359528910e-04,4.758388082498086168e-03,3.459749563625408308e-01,-6.934739254710362566e+00,2.000000000000000000e+01,8.377485317996945235e-02,0.000000000000000000e+00,0.000000000000000000e+00,0.000000000000000000e+00,0.000000000000000000e+00,0.000000000000000000e+00,0.000000000000000000e+00,3.300000000000000000e+01,1.013541557133057495e+03,3.454198054141533021e+02,2.114500000000000000e+06,8.435299999999999743e-02,-1.356264270000054353e+02,1.000000000000000000e+00
2.365970566868434363e-03,3.780582846146323794e-03,1.172776497023472198e+00,-3.169634223081905233e+00,2.000000000000000000e+01,7.236918742740819366e-02,0.000000000000000000e+00,0.000000000000000000e+00,0.000000000000000000e+00,0.000000000000000000e+00,0.000000000000000000e+00,0.000000000000000000e+00,3.400000000000000000e+01,2.377114303597677917e+03,2.447697883433370976e+02,2.119600000000000000e+06,3.458800000000000208e-01,-5.628737790000170662e+02,1.000000000000000000e+00
1.788586746316546319e-03,5.125496832784742426e-03,1.201701951007885238e+00,-8.759696747369215331e+00,2.000000000000000000e+01,7.292783145808913459e-02,0.000000000000000000e+00,0.000000000000000000e+00,0.000000000000000000e+00,0.000000000000000000e+00,0.000000000000000000e+00,0.000000000000000000e+00,3.500000000000000000e+01,8.955993425078436303e+02,3.637129915589917459e+02,2.112400000000000000e+06,2.087100000000000066e-01,-1.679959560000074248e+02,1.000000000000000000e+00
1.788586746316546319e-03,5.125496832784742426e-03,1.201701951007885238e+00,-8.759696747369215331e+00,2.000000000000000000e+01,7.292783145808913459e-02,0.000000000000000000e+00,0.000000000000000000e+00,0.000000000000000000e+00,0.000000000000000000e+00,0.000000000000000000e+00,0.000000000000000000e+00,3.600000000000000000e+01,6.886611348399663939e+02,3.813939428864891283e+02,2.112000000000000000e+06,1.788899999999999935e-01,-1.238577409999979153e+02,1.000000000000000000e+00
1.568511093363966161e-03,5.537259936929223546e-03,6.358046543610536006e-01,-8.275191270509772323e+00,2.000000000000000000e+01,7.427192552483943833e-02,0.000000000000000000e+00,0.000000000000000000e+00,0.000000000000000000e+00,0.000000000000000000e+00,0.000000000000000000e+00,0.000000000000000000e+00,3.700000000000000000e+01,8.920556689910688419e+02,3.708761498484470280e+02,2.112600000000000000e+06,1.537999999999999923e-01,-2.431949999999976910e+02,1.000000000000000000e+00
1.591444094699407188e-03,5.579898565226031580e-03,7.161948959155175487e-01,-5.776953287310769625e+00,2.000000000000000000e+01,7.466017536481102390e-02,0.000000000000000000e+00,0.000000000000000000e+00,0.000000000000000000e+00,0.000000000000000000e+00,0.000000000000000000e+00,0.000000000000000000e+00,3.800000000000000000e+01,1.647441495443396889e+03,3.117260627232083721e+02,2.116400000000000000e+06,1.182300000000000018e-01,-1.291353549999963946e+02,1.000000000000000000e+00
1.578519625144055244e-03,3.950533661078258971e-03,1.020936778666990508e+00,-6.569165943561902310e+00,2.000000000000000000e+01,6.971372172255793642e-02,0.000000000000000000e+00,0.000000000000000000e+00,0.000000000000000000e+00,0.000000000000000000e+00,0.000000000000000000e+00,0.000000000000000000e+00,3.900000000000000000e+01,1.436985657677569179e+03,3.192693816702688991e+02,2.116300000000000000e+06,1.467700000000000116e-01,-1.157000000000049198e+02,1.000000000000000000e+00
1.617667307291442876e-03,5.084133454490712654e-03,6.919834330297077729e-01,-6.056764113969242302e+00,2.000000000000000000e+01,7.535766771841385936e-02,0.000000000000000000e+00,0.000000000000000000e+00,0.000000000000000000e+00,0.000000000000000000e+00,0.000000000000000000e+00,0.000000000000000000e+00,4.000000000000000000e+01,1.554024204533301145e+03,3.185723250503285158e+02,2.116100000000000000e+06,1.010999999999999954e-01,-1.014479730000048647e+02,1.000000000000000000e+00
1.454418150663891809e-03,5.121355104498617403e-03,5.421184412450810175e-01,-6.065632434685260144e+00,2.000000000000000000e+01,7.651066093404670920e-02,0.000000000000000000e+00,0.000000000000000000e+00,0.000000000000000000e+00,0.000000000000000000e+00,0.000000000000000000e+00,0.000000000000000000e+00,4.100000000000000000e+01,1.538498045950399728e+03,3.187614879467777769e+02,2.116100000000000000e+06,8.501100000000000323e-02,-1.015868320000017775e+02,1.000000000000000000e+00
1.315113771647090325e-03,4.650064783032455476e-03,5.766988954097782560e-01,-6.143592341749711139e+00,2.000000000000000000e+01,7.668828901407624687e-02,0.000000000000000000e+00,0.000000000000000000e+00,0.000000000000000000e+00,0.000000000000000000e+00,0.000000000000000000e+00,0.000000000000000000e+00,4.200000000000000000e+01,1.431395031655073808e+03,3.205431854634564388e+02,2.116100000000000000e+06,7.712499999999999911e-02,-6.951913800000002652e+01,1.000000000000000000e+00
1.590918207870010027e-03,5.769680955316014784e-03,8.362058024970391301e-01,-8.979191686515832771e+00,2.000000000000000000e+01,7.363443320301077399e-02,0.000000000000000000e+00,0.000000000000000000e+00,0.000000000000000000e+00,0.000000000000000000e+00,0.000000000000000000e+00,0.000000000000000000e+00,4.300000000000000000e+01,6.742443526092938555e+02,3.860960877270841252e+02,2.111400000000000000e+06,1.526899999999999924e-01,-1.614854849999951227e+02,1.000000000000000000e+00
1.651977604590447804e-03,5.611270307782684555e-03,8.162722842064316087e-01,-5.838027506928864518e+00,2.000000000000000000e+01,7.290436549417669831e-02,0.000000000000000000e+00,0.000000000000000000e+00,0.000000000000000000e+00,0.000000000000000000e+00,0.000000000000000000e+00,0.000000000000000000e+00,4.400000000000000000e+01,1.564658942869043130e+03,3.135712899235189752e+02,2.116400000000000000e+06,2.477499999999999980e-01,-4.104143510000131414e+02,1.000000000000000000e+00
1.661322517775153280e-03,5.597304132256053326e-03,6.207288706102527254e-01,-6.049355203306087780e+00,2.000000000000000000e+01,7.500613504827206846e-02,0.000000000000000000e+00,0.000000000000000000e+00,0.000000000000000000e+00,0.000000000000000000e+00,0.000000000000000000e+00,0.000000000000000000e+00,4.500000000000000000e+01,1.563058230434414554e+03,3.184164180214619364e+02,2.116100000000000000e+06,1.211499999999999938e-01,-1.756794909999925096e+02,1.000000000000000000e+00
1.696807493168459458e-03,5.500429092527533634e-03,7.007730759960365541e-01,-5.794083496467900218e+00,2.000000000000000000e+01,7.353338503479767141e-02,0.000000000000000000e+00,0.000000000000000000e+00,0.000000000000000000e+00,0.000000000000000000e+00,0.000000000000000000e+00,0.000000000000000000e+00,4.600000000000000000e+01,1.627239167173655005e+03,3.122652575313600778e+02,2.116500000000000000e+06,2.105100000000000027e-01,-3.878799190000588624e+02,1.000000000000000000e+00
1.484154268955348776e-03,5.257271041599904937e-03,5.531390053454804390e-01,-5.833760884393743851e+00,2.000000000000000000e+01,7.665425618027377208e-02,0.000000000000000000e+00,0.000000000000000000e+00,0.000000000000000000e+00,0.000000000000000000e+00,0.000000000000000000e+00,0.000000000000000000e+00,4.700000000000000000e+01,1.626659983282615030e+03,3.134493504471320193e+02,2.116400000000000000e+06,8.087500000000000244e-02,-9.017834100000379749e+01,1.000000000000000000e+00
1.439332921839222125e-03,5.799912546000846048e-03,7.533198755356445009e-01,-6.303286180578236753e+00,2.000000000000000000e+01,7.359717784642701155e-02,0.000000000000000000e+00,0.000000000000000000e+00,0.000000000000000000e+00,0.000000000000000000e+00,0.000000000000000000e+00,0.000000000000000000e+00,4.800000000000000000e+01,1.387683846421629823e+03,3.247845205712353618e+02,2.115700000000000000e+06,1.668999999999999928e-01,-2.046751889999966920e+02,1.000000000000000000e+00
1.578519625144055244e-03,3.950533661078258971e-03,1.020936778666990508e+00,-6.569165943561902310e+00,2.000000000000000000e+01,6.971372172255793642e-02,0.000000000000000000e+00,0.000000000000000000e+00,0.000000000000000000e+00,0.000000000000000000e+00,0.000000000000000000e+00,0.000000000000000000e+00,4.900000000000000000e+01,1.337582414044695724e+03,3.315511112643934553e+02,2.115300000000000000e+06,3.677699999999999858e-01,-4.462752070000808544e+02,1.000000000000000000e+00
1.514299972889632554e-03,5.797294606325387178e-03,6.774752330188005267e-01,-6.560658087438723030e+00,2.000000000000000000e+01,7.434128477361000298e-02,0.000000000000000000e+00,0.000000000000000000e+00,0.000000000000000000e+00,0.000000000000000000e+00,0.000000000000000000e+00,0.000000000000000000e+00,5.000000000000000000e+01,1.350635684989943002e+03,3.313575689874326144e+02,2.115300000000000000e+06,1.362899999999999945e-01,-1.754232920000111164e+02,1.000000000000000000e+00
1.432610223484203976e-03,5.184747571778536811e-03,5.252412851695317242e-01,-6.525228113981803801e+00,2.000000000000000000e+01,7.468691256133787315e-02,0.000000000000000000e+00,0.000000000000000000e+00,0.000000000000000000e+00,0.000000000000000000e+00,0.000000000000000000e+00,0.000000000000000000e+00,5.100000000000000000e+01,1.378382985465094180e+03,3.305255234503289330e+02,2.115500000000000000e+06,1.646499999999999908e-01,-3.285891930000346406e+02,1.000000000000000000e+00
2.197850164023345144e-03,5.027506230882878950e-03,9.632976503240264776e-01,-9.390527039953258992e+00,2.000000000000000000e+01,6.594140746438710565e-02,0.000000000000000000e+00,0.000000000000000000e+00,0.000000000000000000e+00,0.000000000000000000e+00,0.000000000000000000e+00,0.000000000000000000e+00,5.200000000000000000e+01,6.649597397493486142e+02,3.949715022327900442e+02,2.110100000000000000e+06,8.423999999999999544e-02,-5.238590500000057659e+01,1.000000000000000000e+00
2.039589780599651830e-03,4.268123565847927944e-03,9.303699033435769428e-01,-9.500546870275343281e+00,2.000000000000000000e+01,6.632189090255206920e-02,0.000000000000000000e+00,0.000000000000000000e+00,0.000000000000000000e+00,0.000000000000000000e+00,0.000000000000000000e+00,0.000000000000000000e+00,5.300000000000000000e+01,6.238356473453201261e+02,3.975884426058987628e+02,2.110100000000000000e+06,8.947299999999999698e-02,-5.861600000000001387e+01,1.000000000000000000e+00
2.003547554213714037e-03,5.896761757858715383e-03,8.859080054582966213e-01,-1.040393381380574311e+01,2.000000000000000000e+01,7.285517071233127417e-02,0.000000000000000000e+00,0.000000000000000000e+00,0.000000000000000000e+00,0.000000000000000000e+00,0.000000000000000000e+00,0.000000000000000000e+00,5.400000000000000000e+01,5.691644977822621740e+02,4.161832331033324408e+02,2.108700000000000000e+06,2.390500000000000125e-01,-3.840332000000396420e+02,1.000000000000000000e+00
1.903683951675197179e-03,3.934746648624145964e-03,1.289869805786414636e+00,-1.083172967297574019e+01,2.000000000000000000e+01,6.530741432267891944e-02,0.000000000000000000e+00,0.000000000000000000e+00,0.000000000000000000e+00,0.000000000000000000e+00,0.000000000000000000e+00,0.000000000000000000e+00,5.500000000000000000e+01,4.924875527955774146e+02,4.171231153306493979e+02,2.108100000000000000e+06,1.192799999999999971e-01,-5.376414300000040924e+01,1.000000000000000000e+00
1.785295909373206622e-03,5.015231211029331365e-03,7.490921827300194291e-01,-5.626949088700512469e+00,2.000000000000000000e+01,7.429020041443137878e-02,0.000000000000000000e+00,0.000000000000000000e+00,0.000000000000000000e+00,0.000000000000000000e+00,0.000000000000000000e+00,0.000000000000000000e+00,5.600000000000000000e+01,1.696855692762836952e+03,3.072301406011684435e+02,2.116700000000000000e+06,1.413800000000000057e-01,-1.838549999999899285e+02,1.000000000000000000e+00
1.731377322878013044e-03,4.813969351498149571e-03,7.981474596135216260e-01,-5.534590486392726660e+00,2.000000000000000000e+01,6.798176333528629933e-02,0.000000000000000000e+00,0.000000000000000000e+00,0.000000000000000000e+00,0.000000000000000000e+00,0.000000000000000000e+00,0.000000000000000000e+00,5.700000000000000000e+01,1.751407511003475975e+03,3.051869274494360980e+02,2.116600000000000000e+06,1.381999999999999895e-01,-1.392300999999960425e+02,1.000000000000000000e+00
1.509494748002529170e-03,5.727401418786635598e-03,6.356896254396843249e-01,-5.431984234808749257e+00,2.000000000000000000e+01,8.011639555400566770e-02,0.000000000000000000e+00,0.000000000000000000e+00,0.000000000000000000e+00,0.000000000000000000e+00,0.000000000000000000e+00,0.000000000000000000e+00,5.800000000000000000e+01,1.675873167301102058e+03,3.101488057658742719e+02,2.116600000000000000e+06,2.757100000000000106e-01,-6.809332529998652035e+02,1.000000000000000000e+00
1.815762384874280294e-03,5.616081442897315375e-03,7.583860197843165230e-01,-5.748749423952518534e+00,2.000000000000000000e+01,7.338037308013480031e-02,0.000000000000000000e+00,0.000000000000000000e+00,0.000000000000000000e+00,0.000000000000000000e+00,0.000000000000000000e+00,0.000000000000000000e+00,5.900000000000000000e+01,1.674710185032646450e+03,3.108016417778532059e+02,2.116500000000000000e+06,2.133799999999999863e-01,-3.703408940000257417e+02,1.000000000000000000e+00
1.612857638233043981e-03,5.672187895671977967e-03,6.834407046156936172e-01,-5.800175094411762267e+00,2.000000000000000000e+01,7.305526434884912490e-02,0.000000000000000000e+00,0.000000000000000000e+00,0.000000000000000000e+00,0.000000000000000000e+00,0.000000000000000000e+00,0.000000000000000000e+00,6.000000000000000000e+01,1.629609283115963763e+03,3.124529308684552689e+02,2.116500000000000000e+06,2.756199999999999761e-01,-6.349345030000807810e+02,1.000000000000000000e+00
1.589588470180461474e-03,5.514681720149854256e-03,5.402374279157107217e-01,-5.554013675311502141e+00,2.000000000000000000e+01,7.484581981558076358e-02,0.000000000000000000e+00,0.000000000000000000e+00,0.000000000000000000e+00,0.000000000000000000e+00,0.000000000000000000e+00,0.000000000000000000e+00,6.100000000000000000e+01,1.729551175185720012e+03,3.055691469689105588e+02,2.116800000000000000e+06,1.514099999999999890e-01,-2.946800000000012574e+02,1.000000000000000000e+00
1.807654480139701770e-03,5.769563427150205953e-03,7.347610868497307379e-01,-1.030196651855000667e+01,2.000000000000000000e+01,7.463733277146161749e-02,0.000000000000000000e+00,0.000000000000000000e+00,0.000000000000000000e+00,0.000000000000000000e+00,0.000000000000000000e+00,0.000000000000000000e+00,6.200000000000000000e+01,5.850358805288448139e+02,4.137944361897800718e+02,2.108800000000000000e+06,1.184199999999999975e-01,-1.395783720000035260e+02,1.000000000000000000e+00
1.831866167480630629e-03,5.688928570288997663e-03,7.274055165068125106e-01,-1.002877093461077074e+01,2.000000000000000000e+01,7.467666895965252571e-02,0.000000000000000000e+00,0.000000000000000000e+00,0.000000000000000000e+00,0.000000000000000000e+00,0.000000000000000000e+00,0.000000000000000000e+00,6.300000000000000000e+01,6.031332532338121837e+02,4.082848556424836488e+02,2.109300000000000000e+06,1.204299999999999954e-01,-1.464386659999979088e+02,1.000000000000000000e+00
2.256020513446954732e-03,3.742106264837491165e-03,1.354135597104312305e+00,-9.734708668581474100e+00,2.000000000000000000e+01,6.847675063348471203e-02,0.000000000000000000e+00,0.000000000000000000e+00,0.000000000000000000e+00,0.000000000000000000e+00,0.000000000000000000e+00,0.000000000000000000e+00,6.400000000000000000e+01,5.522704704643583682e+02,4.182718582638302678e+02,2.108100000000000000e+06,1.625500000000000000e-01,-1.047384000000010502e+02,1.000000000000000000e+00
1.565897884008276425e-03,5.266767117082619097e-03,5.916623271359796599e-01,-5.255941691334230725e+00,2.000000000000000000e+01,7.480143775110797977e-02,0.000000000000000000e+00,0.000000000000000000e+00,0.000000000000000000e+00,0.000000000000000000e+00,0.000000000000000000e+00,0.000000000000000000e+00,6.500000000000000000e+01,1.791947968882095211e+03,2.988493593237496952e+02,2.117100000000000000e+06,1.359100000000000030e-01,-2.194487999999923034e+02,1.000000000000000000e+00
1.509199982372823410e-03,4.535792437011581732e-03,5.491469886406338263e-01,-5.277738878181070348e+00,2.000000000000000000e+01,7.462450264066407268e-02,0.000000000000000000e+00,0.000000000000000000e+00,0.000000000000000000e+00,0.000000000000000000e+00,0.000000000000000000e+00,0.000000000000000000e+00,6.600000000000000000e+01,1.780224590377795721e+03,2.994923362294776439e+02,2.117300000000000000e+06,1.729300000000000004e-01,-3.571300000000327373e+02,1.000000000000000000e+00
1.873995627320221421e-03,5.221376654196457218e-03,7.375700667286546608e-01,-5.496381325098745663e+00,2.000000000000000000e+01,7.428547206521768365e-02,0.000000000000000000e+00,0.000000000000000000e+00,0.000000000000000000e+00,0.000000000000000000e+00,0.000000000000000000e+00,0.000000000000000000e+00,6.700000000000000000e+01,1.772929038740559918e+03,3.045078902966020564e+02,2.116900000000000000e+06,1.445400000000000018e-01,-2.055788970000099312e+02,1.000000000000000000e+00
1.669922707944802940e-03,5.598338553781242663e-03,5.924340583565075313e-01,-5.507089405846326891e+00,2.000000000000000000e+01,7.529374949835926367e-02,0.000000000000000000e+00,0.000000000000000000e+00,0.000000000000000000e+00,0.000000000000000000e+00,0.000000000000000000e+00,0.000000000000000000e+00,6.800000000000000000e+01,1.769877141972898926e+03,3.046889209853633247e+02,2.116800000000000000e+06,1.150700000000000056e-01,-1.733470379999958482e+02,1.000000000000000000e+00
1.872255980262953461e-03,5.852851420821858323e-03,6.284410187698816763e-01,-1.037454200945970584e+01,2.000000000000000000e+01,7.511511301499410043e-02,0.000000000000000000e+00,0.000000000000000000e+00,0.000000000000000000e+00,0.000000000000000000e+00,0.000000000000000000e+00,0.000000000000000000e+00,6.900000000000000000e+01,5.965508667858740637e+02,4.154954285267627370e+02,2.108500000000000000e+06,1.190500000000000030e-01,-1.854528000000034638e+02,1.000000000000000000e+00
1.852637254771669550e-03,5.167018641547890985e-03,6.615606098126509682e-01,-6.053814955853148660e+00,2.000000000000000000e+01,7.591622027603306400e-02,0.000000000000000000e+00,0.000000000000000000e+00,0.000000000000000000e+00,0.000000000000000000e+00,0.000000000000000000e+00,0.000000000000000000e+00,7.000000000000000000e+01,1.577588241674607616e+03,3.180914197085627961e+02,2.116100000000000000e+06,1.630500000000000005e-01,-2.484262829999898088e+02,1.000000000000000000e+00
1.543132750742499861e-03,5.680014557452302791e-03,7.296398768093339537e-01,-5.861053168411091363e+00,2.000000000000000000e+01,7.491623428274181429e-02,0.000000000000000000e+00,0.000000000000000000e+00,0.000000000000000000e+00,0.000000000000000000e+00,0.000000000000000000e+00,0.000000000000000000e+00,7.100000000000000000e+01,1.613371404968631850e+03,3.142113014263947548e+02,2.116300000000000000e+06,1.078500000000000014e-01,-1.012715769999965971e+02,1.000000000000000000e+00
1.562282699181062346e-03,5.304361063521183597e-03,5.950077451107578241e-01,-6.019214343876021722e+00,2.000000000000000000e+01,7.602044581284596314e-02,0.000000000000000000e+00,0.000000000000000000e+00,0.000000000000000000e+00,0.000000000000000000e+00,0.000000000000000000e+00,0.000000000000000000e+00,7.200000000000000000e+01,1.578751518907007949e+03,3.178021611962415136e+02,2.116200000000000000e+06,9.187199999999999533e-02,-1.073100869999968410e+02,1.000000000000000000e+00
1.735862042724922900e-03,5.741655921371571075e-03,6.707049188749394375e-01,-5.953287574145450733e+00,2.000000000000000000e+01,7.461671250087850704e-02,0.000000000000000000e+00,0.000000000000000000e+00,0.000000000000000000e+00,0.000000000000000000e+00,0.000000000000000000e+00,0.000000000000000000e+00,7.300000000000000000e+01,1.612998277340250752e+03,3.164697358268394396e+02,2.116200000000000000e+06,1.311499999999999888e-01,-1.863896070000042187e+02,1.000000000000000000e+00
1.788998271418759840e-03,5.247703477988156263e-03,7.961504707867448349e-01,-6.018524941534332484e+00,2.000000000000000000e+01,6.709820392895859964e-02,0.000000000000000000e+00,0.000000000000000000e+00,0.000000000000000000e+00,0.000000000000000000e+00,0.000000000000000000e+00,0.000000000000000000e+00,7.400000000000000000e+01,1.596902237734296932e+03,3.177884878668155011e+02,2.115900000000000000e+06,1.049999999999999961e-01,-9.213298499999854130e+01,1.000000000000000000e+00
1.860197392509626430e-03,5.214716823043972702e-03,7.753503477243923747e-01,-5.982867278868035044e+00,2.000000000000000000e+01,7.336434257117740998e-02,0.000000000000000000e+00,0.000000000000000000e+00,0.000000000000000000e+00,0.000000000000000000e+00,0.000000000000000000e+00,0.000000000000000000e+00,7.500000000000000000e+01,1.599975019098424809e+03,3.170906677109777547e+02,2.116300000000000000e+06,2.196500000000000119e-01,-3.855160000000025775e+02,1.000000000000000000e+00
1.864150131445461685e-03,5.219786030504151852e-03,7.862474417139964089e-01,-5.988008558251703306e+00,2.000000000000000000e+01,7.374857479614210787e-02,0.000000000000000000e+00,0.000000000000000000e+00,0.000000000000000000e+00,0.000000000000000000e+00,0.000000000000000000e+00,0.000000000000000000e+00,7.600000000000000000e+01,1.598296559577534481e+03,3.171934785795714902e+02,2.116200000000000000e+06,1.718200000000000005e-01,-2.499610590000193326e+02,1.000000000000000000e+00
1.822594695651666126e-03,5.634427616955648040e-03,9.986179838344630966e-01,-1.042244917579655805e+01,2.000000000000000000e+01,7.171007880207073970e-02,0.000000000000000000e+00,0.000000000000000000e+00,0.000000000000000000e+00,0.000000000000000000e+00,0.000000000000000000e+00,0.000000000000000000e+00,7.700000000000000000e+01,5.698449038316935003e+02,4.166160953943800678e+02,2.109100000000000000e+06,4.787799999999999834e-01,-1.121637286000463064e+03,1.000000000000000000e+00
1.820584366253741402e-03,6.156266879418533303e-03,8.137358343895357837e-01,-8.361440172792033110e+00,2.000000000000000000e+01,7.395563477983692346e-02,0.000000000000000000e+00,0.000000000000000000e+00,0.000000000000000000e+00,0.000000000000000000e+00,0.000000000000000000e+00,0.000000000000000000e+00,7.800000000000000000e+01,8.853593534954787856e+02,3.725941274406904427e+02,2.112500000000000000e+06,1.411600000000000077e-01,-1.634043999999970538e+02,1.000000000000000000e+00
1.817978000355966166e-03,5.788673931946826390e-03,6.045016324787587658e-01,-1.018579301103658707e+01,2.000000000000000000e+01,7.524939454687362694e-02,0.000000000000000000e+00,0.000000000000000000e+00,0.000000000000000000e+00,0.000000000000000000e+00,0.000000000000000000e+00,0.000000000000000000e+00,7.900000000000000000e+01,6.193226209100109827e+02,4.111451418471642683e+02,2.108900000000000000e+06,1.165699999999999931e-01,-1.865268000000078814e+02,1.000000000000000000e+00
2.014631075373245640e-03,5.070867853748707750e-03,9.079377025855024375e-01,2.590909153495750683e+00,2.000000000000000000e+01,7.488123589029294092e-02,0.000000000000000000e+00,0.000000000000000000e+00,0.000000000000000000e+00,0.000000000000000000e+00,0.000000000000000000e+00,0.000000000000000000e+00,8.000000000000000000e+01,5.400315828494982270e+03,1.381831052350717357e+02,2.119400000000000000e+06,9.896800000000000042e-02,-7.448820299999981387e+01,1.000000000000000000e+00
1.625316653974936184e-03,5.821621113329544447e-03,5.850000538249107152e-01,-8.591740900424108318e+00,2.000000000000000000e+01,7.255166395925428946e-02,0.000000000000000000e+00,0.000000000000000000e+00,0.000000000000000000e+00,0.000000000000000000e+00,0.000000000000000000e+00,0.000000000000000000e+00,8.100000000000000000e+01,6.769379857530967683e+02,3.932046944490408009e+02,2.110700000000000000e+06,1.212499999999999967e-01,-1.796796000000084916e+02,1.000000000000000000e+00
1.851167371317893450e-03,5.802865533840683397e-03,8.106791542590570110e-01,-9.358839016956554957e+00,2.000000000000000000e+01,7.332193047295351707e-02,0.000000000000000000e+00,0.000000000000000000e+00,0.000000000000000000e+00,0.000000000000000000e+00,0.000000000000000000e+00,0.000000000000000000e+00,8.200000000000000000e+01,6.757011928436818380e+02,3.943166449229291288e+02,2.110700000000000000e+06,1.932099999999999929e-01,-2.924580000000242990e+02,1.000000000000000000e+00
1.835448798836284388e-03,5.949373002282541331e-03,7.581006089464332742e-01,-9.664175541102094869e+00,2.000000000000000000e+01,7.423038159773621969e-02,0.000000000000000000e+00,0.000000000000000000e+00,0.000000000000000000e+00,0.000000000000000000e+00,0.000000000000000000e+00,0.000000000000000000e+00,8.300000000000000000e+01,6.295749527316756939e+02,4.015795927658714390e+02,2.110000000000000000e+06,1.351799999999999946e-01,-1.713899339999915128e+02,1.000000000000000000e+00
1.753569711347384820e-03,6.056745401367921201e-03,8.252332751006333789e-01,-1.051055823817716650e+01,2.000000000000000000e+01,7.412442563637397508e-02,0.000000000000000000e+00,0.000000000000000000e+00,0.000000000000000000e+00,0.000000000000000000e+00,0.000000000000000000e+00,0.000000000000000000e+00,8.400000000000000000e+01,6.628905554550093484e+02,3.992897718256990061e+02,2.110500000000000000e+06,3.236499999999999932e-01,-7.360024679998330157e+02,1.000000000000000000e+00
1.628606185990278624e-03,5.057900153238741731e-03,6.296530699398390496e-01,-6.179683548295153983e+00,2.000000000000000000e+01,8.147680013346311756e-02,0.000000000000000000e+00,0.000000000000000000e+00,0.000000000000000000e+00,0.000000000000000000e+00,0.000000000000000000e+00,0.000000000000000000e+00,8.500000000000000000e+01,1.487419732205322816e+03,3.194213874829310953e+02,2.116100000000000000e+06,1.220699999999999980e-01,-1.742663999999930695e+02,1.000000000000000000e+00
1.587323501686904118e-03,5.818228007039807914e-03,6.739157202976541194e-01,-7.787189469788479812e+00,2.000000000000000000e+01,7.421084204368241788e-02,0.000000000000000000e+00,0.000000000000000000e+00,0.000000000000000000e+00,0.000000000000000000e+00,0.000000000000000000e+00,0.000000000000000000e+00,8.600000000000000000e+01,9.923787158019472372e+02,3.593765206214743557e+02,2.113400000000000000e+06,1.465700000000000058e-01,-2.085317999999808762e+02,1.000000000000000000e+00
2.023017073958202194e-03,5.045561058619263579e-03,8.940472899753905134e-01,-8.200264259908820463e+00,2.000000000000000000e+01,6.537713140354853292e-02,0.000000000000000000e+00,0.000000000000000000e+00,0.000000000000000000e+00,0.000000000000000000e+00,0.000000000000000000e+00,0.000000000000000000e+00,8.700000000000000000e+01,9.948638002392222006e+02,3.590728462302836874e+02,2.113000000000000000e+06,8.947199999999999598e-02,-6.454903000000152247e+01,1.000000000000000000e+00
1.439332921839222125e-03,5.799912546000846048e-03,7.533198755356445009e-01,-6.303286180578236753e+00,2.000000000000000000e+01,7.359717784642701155e-02,0.000000000000000000e+00,0.000000000000000000e+00,0.000000000000000000e+00,0.000000000000000000e+00,0.000000000000000000e+00,0.000000000000000000e+00,8.800000000000000000e+01,1.412519120964004060e+03,3.263656491662460439e+02,2.115700000000000000e+06,2.133899999999999963e-01,-3.868180009999564390e+02,1.000000000000000000e+00
1.626192508622564033e-03,5.501214858798917327e-03,6.900363551157173703e-01,-6.447161992435587408e+00,2.000000000000000000e+01,7.455220068123744048e-02,0.000000000000000000e+00,0.000000000000000000e+00,0.000000000000000000e+00,0.000000000000000000e+00,0.000000000000000000e+00,0.000000000000000000e+00,8.900000000000000000e+01,1.394836880598988500e+03,3.285758375879053688e+02,2.115500000000000000e+06,1.288900000000000046e-01,-1.637923999999924547e+02,1.000000000000000000e+00
1.787736306272114063e-03,5.894337067390700152e-03,7.996222020396136498e-01,-8.476728079768726332e+00,2.000000000000000000e+01,7.307007476071605834e-02,0.000000000000000000e+00,0.000000000000000000e+00,0.000000000000000000e+00,0.000000000000000000e+00,0.000000000000000000e+00,0.000000000000000000e+00,9.000000000000000000e+01,8.512487958573785818e+02,3.754335088333697286e+02,2.112400000000000000e+06,2.296199999999999908e-01,-3.857907999999742970e+02,1.000000000000000000e+00
2.017290997621314259e-03,5.808517308524619067e-03,8.298088739843755279e-01,-7.932999012692789620e+00,2.000000000000000000e+01,7.351628101422662265e-02,0.000000000000000000e+00,0.000000000000000000e+00,0.000000000000000000e+00,0.000000000000000000e+00,0.000000000000000000e+00,0.000000000000000000e+00,9.100000000000000000e+01,8.778067410702093412e+02,3.754084350048784131e+02,2.112300000000000000e+06,2.384799999999999975e-01,-4.251345889999402061e+02,1.000000000000000000e+00
1.679322730261636120e-03,5.774771404146119072e-03,6.381778442008847474e-01,-8.511281938360708565e+00,2.000000000000000000e+01,7.527565588134671470e-02,0.000000000000000000e+00,0.000000000000000000e+00,0.000000000000000000e+00,0.000000000000000000e+00,0.000000000000000000e+00,0.000000000000000000e+00,9.200000000000000000e+01,8.454480070454292218e+02,3.763978833911771744e+02,2.112200000000000000e+06,1.065500000000000058e-01,-1.345446679999979267e+02,1.000000000000000000e+00
2.289818198470770522e-03,6.660421019265800463e-03,1.001044138449673326e+00,-9.939715949477534451e+00,2.000000000000000000e+01,7.122051686416652760e-02,0.000000000000000000e+00,0.000000000000000000e+00,0.000000000000000000e+00,0.000000000000000000e+00,0.000000000000000000e+00,0.000000000000000000e+00,9.300000000000000000e+01,6.066430254340932606e+02,4.149266113337841375e+02,2.109000000000000000e+06,2.959700000000000109e-01,-5.204948999999878652e+02,1.000000000000000000e+00
3.407011798605643141e-03,4.914678288776961994e-03,1.283891508485157651e+00,-9.463773650939730331e+00,2.000000000000000000e+01,5.779994575684553604e-02,0.000000000000000000e+00,0.000000000000000000e+00,0.000000000000000000e+00,0.000000000000000000e+00,0.000000000000000000e+00,0.000000000000000000e+00,9.400000000000000000e+01,6.221834717300228021e+02,4.135584925727549717e+02,2.108400000000000000e+06,9.332999999999999630e-02,-6.475699999999953604e+01,1.000000000000000000e+00
1.715664548981687357e-03,5.533844053242260863e-03,6.576809726323917804e-01,-8.953975015145497096e+00,2.000000000000000000e+01,7.494922030246284339e-02,0.000000000000000000e+00,0.000000000000000000e+00,0.000000000000000000e+00,0.000000000000000000e+00,0.000000000000000000e+00,0.000000000000000000e+00,9.500000000000000000e+01,7.645627263487127721e+02,3.853860735407831157e+02,2.111400000000000000e+06,1.187099999999999961e-01,-1.593019999999953598e+02,1.000000000000000000e+00
1.677297182086192814e-03,5.513169386834810767e-03,6.579549870519241228e-01,-8.873690475611482498e+00,2.000000000000000000e+01,7.493797044640901350e-02,0.000000000000000000e+00,0.000000000000000000e+00,0.000000000000000000e+00,0.000000000000000000e+00,0.000000000000000000e+00,0.000000000000000000e+00,9.600000000000000000e+01,7.686486647945603181e+02,3.834185161696572663e+02,2.111500000000000000e+06,1.177099999999999952e-01,-1.543957999999981041e+02,1.000000000000000000e+00
1.701373703523530612e-03,5.564417706923938979e-03,6.591394090555648955e-01,-8.958636141098359928e+00,2.000000000000000000e+01,7.513479436353069640e-02,0.000000000000000000e+00,0.000000000000000000e+00,0.000000000000000000e+00,0.000000000000000000e+00,0.000000000000000000e+00,0.000000000000000000e+00,9.700000000000000000e+01,7.559397093047438148e+02,3.855140052841213674e+02,2.111400000000000000e+06,1.105300000000000032e-01,-1.376108999999987930e+02,1.000000000000000000e+00
1.691909608043849766e-03,5.774862659410582091e-03,7.103678727616187238e-01,-8.190682497371430060e+00,2.000000000000000000e+01,7.414654289126251796e-02,0.000000000000000000e+00,0.000000000000000000e+00,0.000000000000000000e+00,0.000000000000000000e+00,0.000000000000000000e+00,0.000000000000000000e+00,9.800000000000000000e+01,9.054481829480920396e+02,3.693480577233995632e+02,2.112800000000000000e+06,1.457400000000000084e-01,-2.039987999999859767e+02,1.000000000000000000e+00
1.587342828903959844e-03,5.816248912732885357e-03,6.843269623196552853e-01,-8.013842631147573670e+00,2.000000000000000000e+01,7.455252799112796480e-02,0.000000000000000000e+00,0.000000000000000000e+00,0.000000000000000000e+00,0.000000000000000000e+00,0.000000000000000000e+00,0.000000000000000000e+00,9.900000000000000000e+01,9.241652608437689196e+02,3.648820173575247168e+02,2.113000000000000000e+06,1.265199999999999936e-01,-1.570071999999932757e+02,1.000000000000000000e+00
1.463200685837631699e-03,5.121287148608698672e-03,5.441652096370339642e-01,-5.318238436943847347e+00,2.000000000000000000e+01,7.649403303920206121e-02,0.000000000000000000e+00,0.000000000000000000e+00,0.000000000000000000e+00,0.000000000000000000e+00,0.000000000000000000e+00,0.000000000000000000e+00,1.000000000000000000e+02,1.782879858245800278e+03,3.006187206895798454e+02,2.117100000000000000e+06,8.514299999999999646e-02,-1.021668649999973155e+02,1.000000000000000000e+00
1.613540728685097618e-03,5.385840847948639501e-03,6.472060935597012676e-01,-5.124791702917635305e+00,2.000000000000000000e+01,7.509484566494027680e-02,0.000000000000000000e+00,0.000000000000000000e+00,0.000000000000000000e+00,0.000000000000000000e+00,0.000000000000000000e+00,0.000000000000000000e+00,1.010000000000000000e+02,1.882240238934985882e+03,2.951461324460391893e+02,2.117300000000000000e+06,1.126500000000000001e-01,-1.412787999999953570e+02,1.000000000000000000e+00
1.728970393072028298e-03,5.918810549054105176e-03,7.989610105077679103e-01,-5.726206882614390814e+00,2.000000000000000000e+01,8.460832182332364559e-02,0.000000000000000000e+00,0.000000000000000000e+00,0.000000000000000000e+00,0.000000000000000000e+00,0.000000000000000000e+00,0.000000000000000000e+00,1.020000000000000000e+02,1.892980325181765011e+03,2.922658363938645039e+02,2.117500000000000000e+06,3.361899999999999888e-01,-7.591628850001213777e+02,1.000000000000000000e+00
1.636585474401327763e-03,5.380608258719951978e-03,5.482057505885598037e-01,-5.098237455754090597e+00,2.000000000000000000e+01,6.712603656998936130e-02,0.000000000000000000e+00,0.000000000000000000e+00,0.000000000000000000e+00,0.000000000000000000e+00,0.000000000000000000e+00,0.000000000000000000e+00,1.030000000000000000e+02,1.889682868934964063e+03,2.924752682130443304e+02,2.117500000000000000e+06,1.991799999999999959e-01,-4.559245050000677679e+02,1.000000000000000000e+00
1.381944345551561724e-03,4.843592192845182394e-03,5.969297795386376837e-01,-4.810280630692520987e+00,2.000000000000000000e+01,7.076503050202791190e-02,0.000000000000000000e+00,0.000000000000000000e+00,0.000000000000000000e+00,0.000000000000000000e+00,0.000000000000000000e+00,0.000000000000000000e+00,1.040000000000000000e+02,1.899255009910968738e+03,2.885719205034477568e+02,2.117700000000000000e+06,1.652200000000000057e-01,-3.323191860000256952e+02,1.000000000000000000e+00
1.589780795019297196e-03,5.349173119021648042e-03,5.110533821069971339e-01,-4.794233066023622314e+00,2.000000000000000000e+01,7.570174975351683100e-02,0.000000000000000000e+00,0.000000000000000000e+00,0.000000000000000000e+00,0.000000000000000000e+00,0.000000000000000000e+00,0.000000000000000000e+00,1.050000000000000000e+02,1.981347451653060261e+03,2.874960568129208127e+02,2.117700000000000000e+06,1.165699999999999931e-01,-2.081839999999847919e+02,1.000000000000000000e+00
1.713791627923859275e-03,5.024004137516111662e-03,6.384269896367490427e-01,-4.809120096348641127e+00,2.000000000000000000e+01,7.385732216007924456e-02,0.000000000000000000e+00,0.000000000000000000e+00,0.000000000000000000e+00,0.000000000000000000e+00,0.000000000000000000e+00,0.000000000000000000e+00,1.060000000000000000e+02,1.951183946532187065e+03,2.878526801187889532e+02,2.117800000000000000e+06,2.081699999999999939e-01,-4.434092129999247049e+02,1.000000000000000000e+00
1.946866621489704973e-03,5.114618158474358231e-03,9.580494023501525680e-01,2.630569630079223398e+00,2.000000000000000000e+01,7.293861757471153950e-02,0.000000000000000000e+00,0.000000000000000000e+00,0.000000000000000000e+00,0.000000000000000000e+00,0.000000000000000000e+00,0.000000000000000000e+00,1.070000000000000000e+02,5.161576904271910280e+03,1.381934786410255356e+02,2.119600000000000000e+06,2.030399999999999983e-01,-2.454518000000257985e+02,1.000000000000000000e+00
4.063142389522767829e-03,3.717793537058676663e-03,4.482472430687072795e-01,2.355497419515935054e+00,2.000000000000000000e+01,7.797795931997882068e-02,0.000000000000000000e+00,0.000000000000000000e+00,0.000000000000000000e+00,0.000000000000000000e+00,0.000000000000000000e+00,0.000000000000000000e+00,1.080000000000000000e+02,4.677938752876291801e+03,1.382045248571189973e+02,2.119900000000000000e+06,1.575300000000000034e-01,-6.031326199999439268e+02,1.000000000000000000e+00
1.938922700512886238e-03,4.868752455972124270e-03,6.684455365282362393e-01,2.638736925960698976e+00,2.000000000000000000e+01,7.250834668261860183e-02,0.000000000000000000e+00,0.000000000000000000e+00,0.000000000000000000e+00,0.000000000000000000e+00,0.000000000000000000e+00,0.000000000000000000e+00,1.090000000000000000e+02,4.799537912797040008e+03,1.381977321547637700e+02,2.119800000000000000e+06,3.998300000000000187e-01,-1.384826657999924237e+03,1.000000000000000000e+00
1.729587518899817090e-03,5.668128204507403775e-03,7.969203292011521889e-01,-7.263834369882547826e+00,2.000000000000000000e+01,7.370034588296328626e-02,0.000000000000000000e+00,0.000000000000000000e+00,0.000000000000000000e+00,0.000000000000000000e+00,0.000000000000000000e+00,0.000000000000000000e+00,1.100000000000000000e+02,1.151504012284575538e+03,3.476558657186948835e+02,2.114300000000000000e+06,1.625500000000000000e-01,-2.103115489999853480e+02,1.000000000000000000e+00
2.297253435434268905e-03,4.978133365379495794e-03,9.620892548511628117e-01,-7.431420359402984843e+00,2.000000000000000000e+01,6.679953602095015097e-02,0.000000000000000000e+00,0.000000000000000000e+00,0.000000000000000000e+00,0.000000000000000000e+00,0.000000000000000000e+00,0.000000000000000000e+00,1.110000000000000000e+02,1.081102026835705601e+03,3.513208930715813381e+02,2.113700000000000000e+06,9.852800000000000447e-02,-7.434655700000128320e+01,1.000000000000000000e+00
1.846192990362397314e-03,6.212619362415923614e-03,1.125167688106953001e+00,-8.183041592484265436e+00,2.000000000000000000e+01,8.670051465377438815e-02,0.000000000000000000e+00,0.000000000000000000e+00,0.000000000000000000e+00,0.000000000000000000e+00,0.000000000000000000e+00,0.000000000000000000e+00,1.120000000000000000e+02,1.128354263874543676e+03,3.495367787075015826e+02,2.114200000000000000e+06,9.317100000000000382e-02,-5.469120000000120285e+01,1.000000000000000000e+00
2.055014798578570865e-03,5.476706974052246435e-03,8.964427691745427973e-01,-7.493241981512521299e+00,2.000000000000000000e+01,6.632286479461116380e-02,0.000000000000000000e+00,0.000000000000000000e+00,0.000000000000000000e+00,0.000000000000000000e+00,0.000000000000000000e+00,0.000000000000000000e+00,1.130000000000000000e+02,1.058370114066123733e+03,3.530644021177059813e+02,2.113400000000000000e+06,8.946700000000000486e-02,-6.288300000000054268e+01,1.000000000000000000e+00
1.671480494556018461e-03,5.665341417318777578e-03,7.981758869592916472e-01,-7.597028999393717008e+00,2.000000000000000000e+01,7.371977983290103897e-02,0.000000000000000000e+00,0.000000000000000000e+00,0.000000000000000000e+00,0.000000000000000000e+00,0.000000000000000000e+00,0.000000000000000000e+00,1.140000000000000000e+02,1.032490454713026566e+03,3.559022278692992813e+02,2.113800000000000000e+06,1.584800000000000098e-01,-1.949499999999842714e+02,1.000000000000000000e+00
1.814785936190006777e-03,5.525038134300320342e-03,7.850777955053001023e-01,-6.038094287963684970e+00,2.000000000000000000e+01,7.400210159863590542e-02,0.000000000000000000e+00,0.000000000000000000e+00,0.000000000000000000e+00,0.000000000000000000e+00,0.000000000000000000e+00,0.000000000000000000e+00,1.150000000000000000e+02,1.580164484802301558e+03,3.181831647006858930e+02,2.116100000000000000e+06,1.497900000000000065e-01,-1.921480000000072152e+02,1.000000000000000000e+00
3.243274173268520608e-03,4.509614660127122567e-03,7.404734417721271500e-01,2.869407800158201294e+00,2.000000000000000000e+01,6.103912518199097054e-02,0.000000000000000000e+00,0.000000000000000000e+00,0.000000000000000000e+00,0.000000000000000000e+00,0.000000000000000000e+00,0.000000000000000000e+00,1.160000000000000000e+02,7.134662749942943265e+03,1.381832354892634385e+02,2.118500000000000000e+06,6.479200000000000514e-01,-1.824385550000797593e+03,1.000000000000000000e+00
2.222023113655855180e-03,3.944871595629323609e-03,5.053742348972154463e-01,2.578958282901378407e+00,2.000000000000000000e+01,7.014378243780863831e-02,0.000000000000000000e+00,0.000000000000000000e+00,0.000000000000000000e+00,0.000000000000000000e+00,0.000000000000000000e+00,0.000000000000000000e+00,1.170000000000000000e+02,6.592964226393697572e+03,1.381834138508737624e+02,2.118700000000000000e+06,3.289300000000000002e-01,-7.035624330000161990e+02,1.000000000000000000e+00
2.891334352765229532e-03,4.834519038667499553e-03,1.074181575408285072e+00,-9.841293323003084126e+00,2.000000000000000000e+01,6.277014637487469961e-02,0.000000000000000000e+00,0.000000000000000000e+00,0.000000000000000000e+00,0.000000000000000000e+00,0.000000000000000000e+00,0.000000000000000000e+00,1.180000000000000000e+02,6.324395856182292164e+02,4.056948222806938134e+02,2.109300000000000000e+06,9.493799999999999462e-02,-6.209254099999968446e+01,1.000000000000000000e+00
2.256020513446954732e-03,3.742106264837491165e-03,1.354135597104312305e+00,-9.734708668581474100e+00,2.000000000000000000e+01,6.847675063348471203e-02,0.000000000000000000e+00,0.000000000000000000e+00,0.000000000000000000e+00,0.000000000000000000e+00,0.000000000000000000e+00,0.000000000000000000e+00,1.190000000000000000e+02,6.412273415200403406e+02,4.031246071518667122e+02,2.109700000000000000e+06,1.928300000000000014e-01,-1.342320000000029268e+02,1.000000000000000000e+00
1.909221817223053343e-03,5.401698485439130649e-03,7.611318915077915914e-01,-5.650564485664178349e+00,2.000000000000000000e+01,7.347187445806242778e-02,0.000000000000000000e+00,0.000000000000000000e+00,0.000000000000000000e+00,0.000000000000000000e+00,0.000000000000000000e+00,0.000000000000000000e+00,1.200000000000000000e+02,1.730346265646314123e+03,3.078444892204930170e+02,2.116700000000000000e+06,2.110799999999999899e-01,-3.754983329999692501e+02,1.000000000000000000e+00
1.457079565598083789e-03,5.905275220223564839e-03,6.831232673324311166e-01,-6.298151941939880594e+00,2.000000000000000000e+01,7.269190781997819650e-02,0.000000000000000000e+00,0.000000000000000000e+00,0.000000000000000000e+00,0.000000000000000000e+00,0.000000000000000000e+00,0.000000000000000000e+00,1.210000000000000000e+02,1.474448413927385900e+03,3.246445933090704443e+02,2.115800000000000000e+06,3.148099999999999787e-01,-7.573537980000992320e+02,1.000000000000000000e+00
1.753125291088997000e-03,5.283456547667415501e-03,5.964761207395419262e-01,-3.797468105299731000e+00,2.000000000000000000e+01,7.428356303145015882e-02,0.000000000000000000e+00,0.000000000000000000e+00,0.000000000000000000e+00,0.000000000000000000e+00,0.000000000000000000e+00,0.000000000000000000e+00,1.220000000000000000e+02,2.330292565458090394e+03,2.611906710363134607e+02,2.118700000000000000e+06,1.839099999999999902e-01,-3.919101309999798559e+02,1.000000000000000000e+00
1.892747100393434197e-03,5.285986669451375741e-03,7.545396540497231186e-01,-3.669520744167508841e+00,2.000000000000000000e+01,7.309498375042719487e-02,0.000000000000000000e+00,0.000000000000000000e+00,0.000000000000000000e+00,0.000000000000000000e+00,0.000000000000000000e+00,0.000000000000000000e+00,1.230000000000000000e+02,2.360298346353229590e+03,2.583320367137542917e+02,2.118900000000000000e+06,2.682800000000000185e-01,-5.938972000000586604e+02,1.000000000000000000e+00
1.853240617553351260e-03,4.839899244689121333e-03,6.167411383001535352e-01,-3.781361987385365886e+00,2.000000000000000000e+01,7.515742186304509576e-02,0.000000000000000000e+00,0.000000000000000000e+00,0.000000000000000000e+00,0.000000000000000000e+00,0.000000000000000000e+00,0.000000000000000000e+00,1.240000000000000000e+02,2.358725254276530904e+03,2.608151758774295104e+02,2.118800000000000000e+06,1.264000000000000123e-01,-2.087106930000116165e+02,1.000000000000000000e+00
1.676042652244527469e-03,5.144430369281796298e-03,6.361853365957168549e-01,-4.835893094898819911e+00,2.000000000000000000e+01,7.422536740860033455e-02,0.000000000000000000e+00,0.000000000000000000e+00,0.000000000000000000e+00,0.000000000000000000e+00,0.000000000000000000e+00,0.000000000000000000e+00,1.250000000000000000e+02,1.952597922892336101e+03,2.884875552859484742e+02,2.117700000000000000e+06,1.683199999999999974e-01,-2.958716320000140740e+02,1.000000000000000000e+00
2.803379853995187874e-03,3.860394674434077227e-03,3.542357432024586528e-01,2.373717565005854624e+00,2.000000000000000000e+01,7.704528153024407799e-02,0.000000000000000000e+00,0.000000000000000000e+00,0.000000000000000000e+00,0.000000000000000000e+00,0.000000000000000000e+00,0.000000000000000000e+00,1.260000000000000000e+02,7.530389876461927088e+03,1.381832758480795462e+02,2.118300000000000000e+06,2.331900000000000084e-01,-4.993790000000230975e+02,1.000000000000000000e+00
3.235205640745488463e-03,9.033798949811604152e-04,4.739402165676502299e-01,2.732879150571775995e+00,2.000000000000000000e+01,6.639494882534215103e-02,0.000000000000000000e+00,0.000000000000000000e+00,0.000000000000000000e+00,0.000000000000000000e+00,0.000000000000000000e+00,0.000000000000000000e+00,1.270000000000000000e+02,7.144134297116669586e+03,1.381832776006636152e+02,2.119200000000000000e+06,2.165300000000000002e-01,-4.040883900000150675e+02,1.000000000000000000e+00
1.782973770459715321e-03,5.434169042295495210e-03,6.684209012130033489e-01,-5.219712302152117900e+00,2.000000000000000000e+01,7.480119759741707397e-02,0.000000000000000000e+00,0.000000000000000000e+00,0.000000000000000000e+00,0.000000000000000000e+00,0.000000000000000000e+00,0.000000000000000000e+00,1.280000000000000000e+02,1.879910019062360789e+03,2.977654128889588492e+02,2.117200000000000000e+06,1.262099999999999889e-01,-1.789527630000085310e+02,1.000000000000000000e+00
1.625334406208568932e-03,5.756662514190010946e-03,5.811506436852689195e-01,-7.970382355424922238e+00,2.000000000000000000e+01,7.554676568075452403e-02,0.000000000000000000e+00,0.000000000000000000e+00,0.000000000000000000e+00,0.000000000000000000e+00,0.000000000000000000e+00,0.000000000000000000e+00,1.290000000000000000e+02,9.839022908483796073e+02,3.635620332798883396e+02,2.113100000000000000e+06,1.062099999999999989e-01,-1.508550950000039848e+02,1.000000000000000000e+00
1.680722585168487829e-03,5.805089614651752494e-03,8.114341071637862779e-01,-7.065977601658469887e+00,2.000000000000000000e+01,7.355476248954503915e-02,0.000000000000000000e+00,0.000000000000000000e+00,0.000000000000000000e+00,0.000000000000000000e+00,0.000000000000000000e+00,0.000000000000000000e+00,1.300000000000000000e+02,1.197833941250064072e+03,3.432596118245285197e+02,2.114600000000000000e+06,1.691699999999999871e-01,-2.131495319999891080e+02,1.000000000000000000e+00
1.600958563273209307e-03,5.599952549693825235e-03,6.326385897605224518e-01,-7.064443679531498432e+00,2.000000000000000000e+01,7.488567727017014786e-02,0.000000000000000000e+00,0.000000000000000000e+00,0.000000000000000000e+00,0.000000000000000000e+00,0.000000000000000000e+00,0.000000000000000000e+00,1.310000000000000000e+02,1.208585935044479584e+03,3.432155583347495735e+02,2.114600000000000000e+06,1.217400000000000010e-01,-1.677858479999978556e+02,1.000000000000000000e+00
1.634818203186513309e-03,5.618285853894655277e-03,6.288190963638019548e-01,-7.008252193864439761e+00,2.000000000000000000e+01,7.452026989283298819e-02,0.000000000000000000e+00,0.000000000000000000e+00,0.000000000000000000e+00,0.000000000000000000e+00,0.000000000000000000e+00,0.000000000000000000e+00,1.320000000000000000e+02,1.252929941137200558e+03,3.414963303753305581e+02,2.114700000000000000e+06,1.428200000000000025e-01,-2.256299999999860404e+02,1.000000000000000000e+00
1.496160343174362476e-03,5.446312634432135327e-03,5.848274983575678654e-01,-6.848811591602112614e+00,2.000000000000000000e+01,7.496701303076278022e-02,0.000000000000000000e+00,0.000000000000000000e+00,0.000000000000000000e+00,0.000000000000000000e+00,0.000000000000000000e+00,0.000000000000000000e+00,1.330000000000000000e+02,1.265666857958324272e+03,3.370134763977910666e+02,2.114900000000000000e+06,1.255199999999999927e-01,-1.876993879999912735e+02,1.000000000000000000e+00
1.784725746071999779e-03,5.748548039794878356e-03,7.515435256951277232e-01,-8.641100676359263488e+00,2.000000000000000000e+01,7.563356872926718655e-02,0.000000000000000000e+00,0.000000000000000000e+00,0.000000000000000000e+00,0.000000000000000000e+00,0.000000000000000000e+00,0.000000000000000000e+00,1.340000000000000000e+02,8.355958346629428206e+02,3.794756641185442732e+02,2.111900000000000000e+06,8.877799999999999581e-02,-7.598150000000089221e+01,1.000000000000000000e+00
1.457079565598083789e-03,5.905275220223564839e-03,6.831232673324311166e-01,-6.298151941939880594e+00,2.000000000000000000e+01,7.269190781997819650e-02,0.000000000000000000e+00,0.000000000000000000e+00,0.000000000000000000e+00,0.000000000000000000e+00,0.000000000000000000e+00,0.000000000000000000e+00,1.350000000000000000e+02,1.276724174710834177e+03,3.350361749951819093e+02,2.115000000000000000e+06,1.211099999999999954e-01,-1.461110399999990079e+02,1.000000000000000000e+00
1.517140266201049640e-03,5.795440270087674241e-03,6.016127128233342836e-01,-6.691980265879427847e+00,2.000000000000000000e+01,7.419451634806262241e-02,0.000000000000000000e+00,0.000000000000000000e+00,0.000000000000000000e+00,0.000000000000000000e+00,0.000000000000000000e+00,0.000000000000000000e+00,1.360000000000000000e+02,1.321269696716571843e+03,3.340703687610490533e+02,2.115200000000000000e+06,1.671300000000000008e-01,-2.914176210000139235e+02,1.000000000000000000e+00
1.571187937616107949e-03,5.630313333808927186e-03,6.822320073554430930e-01,-6.622442419668788105e+00,2.000000000000000000e+01,7.404336127865338013e-02,0.000000000000000000e+00,0.000000000000000000e+00,0.000000000000000000e+00,0.000000000000000000e+00,0.000000000000000000e+00,0.000000000000000000e+00,1.370000000000000000e+02,1.328445124383022630e+03,3.327074216143217882e+02,2.115300000000000000e+06,1.567699999999999927e-01,-2.295769280000104402e+02,1.000000000000000000e+00
1.642943512241975407e-03,5.447769026734128675e-03,6.635139258530786677e-01,-7.430903730571326804e+00,2.000000000000000000e+01,7.579538542081011576e-02,0.000000000000000000e+00,0.000000000000000000e+00,0.000000000000000000e+00,0.000000000000000000e+00,0.000000000000000000e+00,0.000000000000000000e+00,1.380000000000000000e+02,1.136292869303290900e+03,3.513072166326313663e+02,2.114100000000000000e+06,9.045999999999999874e-02,-9.069415199999802724e+01,1.000000000000000000e+00
1.748893350957101767e-03,5.929071454052071283e-03,6.399426813309188056e-01,-9.013926112118692657e+00,2.000000000000000000e+01,7.518369969900839944e-02,0.000000000000000000e+00,0.000000000000000000e+00,0.000000000000000000e+00,0.000000000000000000e+00,0.000000000000000000e+00,0.000000000000000000e+00,1.390000000000000000e+02,7.500351305558309605e+02,3.871332687549569869e+02,2.111200000000000000e+06,1.110300000000000037e-01,-1.484318000000041593e+02,1.000000000000000000e+00
1.846753992350240632e-03,6.086561029021667762e-03,7.469747014026404397e-01,-9.298200670574107818e+00,2.000000000000000000e+01,7.544320792440238621e-02,0.000000000000000000e+00,0.000000000000000000e+00,0.000000000000000000e+00,0.000000000000000000e+00,0.000000000000000000e+00,0.000000000000000000e+00,1.400000000000000000e+02,7.499431227671717579e+02,3.931876242543551712e+02,2.110700000000000000e+06,9.370599999999999763e-02,-8.736357299999929182e+01,1.000000000000000000e+00
1.963003177389894931e-03,6.265566970312828540e-03,7.805218933872921649e-01,-9.642813528475159046e+00,2.000000000000000000e+01,7.409706119054482176e-02,0.000000000000000000e+00,0.000000000000000000e+00,0.000000000000000000e+00,0.000000000000000000e+00,0.000000000000000000e+00,0.000000000000000000e+00,1.410000000000000000e+02,6.686701841767796850e+02,4.010910517617414257e+02,2.110100000000000000e+06,1.412799999999999889e-01,-1.861568849999954978e+02,1.000000000000000000e+00
1.874939151116787866e-03,5.368845477204609723e-03,9.709454987363703715e-01,-7.480577416656771561e+00,2.000000000000000000e+01,7.468248791954794352e-02,0.000000000000000000e+00,0.000000000000000000e+00,0.000000000000000000e+00,0.000000000000000000e+00,0.000000000000000000e+00,0.000000000000000000e+00,1.420000000000000000e+02,1.083737609961876387e+03,3.526899304182650781e+02,2.114000000000000000e+06,1.051799999999999957e-01,-6.862500000000044054e+01,1.000000000000000000e+00
1.748893350957101767e-03,5.929071454052071283e-03,6.399426813309188056e-01,-9.013926112118692657e+00,2.000000000000000000e+01,7.518369969900839944e-02,0.000000000000000000e+00,0.000000000000000000e+00,0.000000000000000000e+00,0.000000000000000000e+00,0.000000000000000000e+00,0.000000000000000000e+00,1.430000000000000000e+02,6.409600667804044178e+02,4.081440165538292604e+02,2.109300000000000000e+06,1.290100000000000136e-01,-1.980556770000111726e+02,1.000000000000000000e+00
3.159199017505071299e-03,1.633283731590068387e-03,5.568723834267682582e-01,2.136066454487709265e+00,2.000000000000000000e+01,7.426126541905027356e-02,0.000000000000000000e+00,0.000000000000000000e+00,0.000000000000000000e+00,0.000000000000000000e+00,0.000000000000000000e+00,0.000000000000000000e+00,1.440000000000000000e+02,4.663445562435013926e+03,1.383430150798859017e+02,2.120400000000000000e+06,8.212999999999999468e-02,-1.364232810000019072e+02,1.000000000000000000e+00
4.197233342956209305e-03,1.807652928637229484e-03,1.328872415142863916e+00,2.178558051847332422e+00,2.000000000000000000e+01,7.272363204959281235e-02,0.000000000000000000e+00,0.000000000000000000e+00,0.000000000000000000e+00,0.000000000000000000e+00,0.000000000000000000e+00,0.000000000000000000e+00,1.450000000000000000e+02,4.249151179133189544e+03,1.390669271685819979e+02,2.121100000000000000e+06,3.679600000000000093e-01,-7.389518000000090296e+02,1.000000000000000000e+00
3.354626971433237979e-03,2.667822380959554516e-03,1.163697566785929505e+00,2.469936217053108063e+00,2.000000000000000000e+01,7.043220772733289892e-02,0.000000000000000000e+00,0.000000000000000000e+00,0.000000000000000000e+00,0.000000000000000000e+00,0.000000000000000000e+00,0.000000000000000000e+00,1.460000000000000000e+02,4.326527808672262836e+03,1.384025859968247971e+02,2.120300000000000000e+06,9.271099999999999897e-01,-3.003195699998369491e+03,1.000000000000000000e+00
2.878227097151673120e-03,4.324150069524584569e-03,6.650855530403300131e-01,3.038151779863525359e+00,2.000000000000000000e+01,7.893204024182867706e-02,0.000000000000000000e+00,0.000000000000000000e+00,0.000000000000000000e+00,0.000000000000000000e+00,0.000000000000000000e+00,0.000000000000000000e+00,1.470000000000000000e+02,4.377753843183642857e+03,1.383638853244746372e+02,2.119900000000000000e+06,3.044000000000000039e-01,-1.065174299999978984e+03,1.000000000000000000e+00
3.976110682913610792e-03,2.065079980716902699e-03,1.035466967539075078e+00,2.342559720881680185e+00,2.000000000000000000e+01,6.777794184216043294e-02,0.000000000000000000e+00,0.000000000000000000e+00,0.000000000000000000e+00,0.000000000000000000e+00,0.000000000000000000e+00,0.000000000000000000e+00,1.480000000000000000e+02,4.272985806194697034e+03,1.385241769826049847e+02,2.120000000000000000e+06,1.073999999999999955e-01,-1.264336200000006016e+02,1.000000000000000000e+00
2.246967739324338183e-03,6.420598526340203643e-03,2.794777273417058949e-01,2.833390454096928579e+00,2.000000000000000000e+01,6.425276814350522336e-02,0.000000000000000000e+00,0.000000000000000000e+00,0.000000000000000000e+00,0.000000000000000000e+00,0.000000000000000000e+00,0.000000000000000000e+00,1.490000000000000000e+02,5.337071468664634267e+03,1.381837355557586307e+02,2.119700000000000000e+06,2.589099999999999735e-01,-1.585140799999726141e+03,1.000000000000000000e+00
1.834558329953443929e-03,5.748867403767631695e-03,7.903191034114418478e-01,-8.100615044199459547e+00,2.000000000000000000e+01,7.333280491529992062e-02,0.000000000000000000e+00,0.000000000000000000e+00,0.000000000000000000e+00,0.000000000000000000e+00,0.000000000000000000e+00,0.000000000000000000e+00,1.500000000000000000e+02,9.617131245751734241e+02,3.673002004105062497e+02,2.113000000000000000e+06,2.030800000000000105e-01,-3.252861060000149109e+02,1.000000000000000000e+00
1.390785577067335391e-03,5.385279323913291782e-03,4.418887339262759228e-01,-8.108784851384458037e+00,2.000000000000000000e+01,7.728890322899040211e-02,0.000000000000000000e+00,0.000000000000000000e+00,0.000000000000000000e+00,0.000000000000000000e+00,0.000000000000000000e+00,0.000000000000000000e+00,1.510000000000000000e+02,9.378405247424797153e+02,3.675053493687013884e+02,2.112900000000000000e+06,8.071699999999999708e-02,-1.206469340000061266e+02,1.000000000000000000e+00
1.501523754731369682e-03,5.578657053062961030e-03,4.618854167674901756e-01,-7.732248712508868138e+00,2.000000000000000000e+01,7.684688275282747227e-02,0.000000000000000000e+00,0.000000000000000000e+00,0.000000000000000000e+00,0.000000000000000000e+00,0.000000000000000000e+00,0.000000000000000000e+00,1.520000000000000000e+02,1.050434657013013521e+03,3.585499539535903750e+02,2.113400000000000000e+06,8.890399999999999692e-02,-1.440928260000064824e+02,1.000000000000000000e+00
1.688413136919008403e-03,4.982592358100739263e-03,6.803478375846179205e-01,-6.110683490745399737e+00,2.000000000000000000e+01,7.360681460821233424e-02,0.000000000000000000e+00,0.000000000000000000e+00,0.000000000000000000e+00,0.000000000000000000e+00,0.000000000000000000e+00,0.000000000000000000e+00,1.530000000000000000e+02,1.550486163971268297e+03,3.197651353890846053e+02,2.116100000000000000e+06,2.168100000000000027e-01,-4.321868269999387735e+02,1.000000000000000000e+00
2.808760813294584446e-03,1.958330056506986036e-03,6.130600531998412484e-01,2.422211043605309921e+00,2.000000000000000000e+01,7.795426433479003825e-02,0.000000000000000000e+00,0.000000000000000000e+00,0.000000000000000000e+00,0.000000000000000000e+00,0.000000000000000000e+00,0.000000000000000000e+00,1.540000000000000000e+02,4.733524351760032005e+03,1.382203705084971261e+02,2.120300000000000000e+06,7.604199999999999848e-02,-1.339613819999971156e+02,1.000000000000000000e+00
2.026369453361123035e-03,5.991004514566656940e-03,8.005734979302994159e-01,-8.595997038554834546e+00,2.000000000000000000e+01,7.369066139168664598e-02,0.000000000000000000e+00,0.000000000000000000e+00,0.000000000000000000e+00,0.000000000000000000e+00,0.000000000000000000e+00,0.000000000000000000e+00,1.550000000000000000e+02,8.771935373824863973e+02,3.785233818250919740e+02,2.112100000000000000e+06,1.704199999999999882e-01,-2.563552680000157125e+02,1.000000000000000000e+00
1.747979182914053027e-03,5.811645267310282248e-03,7.272502744016589027e-01,-7.023362982683056366e+00,2.000000000000000000e+01,7.337039275057873067e-02,0.000000000000000000e+00,0.000000000000000000e+00,0.000000000000000000e+00,0.000000000000000000e+00,0.000000000000000000e+00,0.000000000000000000e+00,1.560000000000000000e+02,1.258151341341533907e+03,3.419787929850394903e+02,2.114700000000000000e+06,2.185400000000000120e-01,-4.001194890000389250e+02,1.000000000000000000e+00
1.486186582795177369e-03,4.856523016638648535e-03,5.715523272449500869e-01,-6.544587038610119478e+00,2.000000000000000000e+01,7.448220432495361587e-02,0.000000000000000000e+00,0.000000000000000000e+00,0.000000000000000000e+00,0.000000000000000000e+00,0.000000000000000000e+00,0.000000000000000000e+00,1.570000000000000000e+02,1.401500879880774391e+03,3.309853480151299436e+02,2.115500000000000000e+06,1.682700000000000029e-01,-3.136924889999830839e+02,1.000000000000000000e+00
1.466459495042335285e-03,4.656533868267706024e-03,5.454008092941007302e-01,-6.297789905352477291e+00,2.000000000000000000e+01,7.387214617381029913e-02,0.000000000000000000e+00,0.000000000000000000e+00,0.000000000000000000e+00,0.000000000000000000e+00,0.000000000000000000e+00,0.000000000000000000e+00,1.580000000000000000e+02,1.421870733355512357e+03,3.298217739101490338e+02,2.115500000000000000e+06,1.046699999999999992e-01,-1.736711899999993705e+02,1.000000000000000000e+00
1.432610223484203976e-03,5.184747571778536811e-03,5.252412851695317242e-01,-6.525228113981803801e+00,2.000000000000000000e+01,7.468691256133787315e-02,0.000000000000000000e+00,0.000000000000000000e+00,0.000000000000000000e+00,0.000000000000000000e+00,0.000000000000000000e+00,0.000000000000000000e+00,1.590000000000000000e+02,1.414554074350252449e+03,3.300459016375222063e+02,2.115500000000000000e+06,9.942399999999999849e-02,-1.495192490000028727e+02,1.000000000000000000e+00
1.739903546691708939e-03,5.209475192461988056e-03,6.721253444626308360e-01,-1.073543363574892417e+01,2.000000000000000000e+01,7.238175237214707070e-02,0.000000000000000000e+00,0.000000000000000000e+00,0.000000000000000000e+00,0.000000000000000000e+00,0.000000000000000000e+00,0.000000000000000000e+00,1.600000000000000000e+02,6.490663481406585333e+02,4.073489718363416046e+02,2.109400000000000000e+06,8.532900000000000207e-02,-7.457260000000080424e+01,1.000000000000000000e+00
1.824419048539501279e-03,5.152772142497568340e-03,5.755831149046719553e-01,-9.706363540372391796e+00,2.000000000000000000e+01,7.348259139962606823e-02,0.000000000000000000e+00,0.000000000000000000e+00,0.000000000000000000e+00,0.000000000000000000e+00,0.000000000000000000e+00,0.000000000000000000e+00,1.610000000000000000e+02,6.495454220362976230e+02,4.061374722537033790e+02,2.109500000000000000e+06,1.074100000000000055e-01,-1.485299000000073022e+02,1.000000000000000000e+00
1.804630090208760376e-03,5.527613017783046534e-03,6.980775025396287470e-01,-5.880582748124990822e+00,2.000000000000000000e+01,7.440237553029524498e-02,0.000000000000000000e+00,0.000000000000000000e+00,0.000000000000000000e+00,0.000000000000000000e+00,0.000000000000000000e+00,0.000000000000000000e+00,1.620000000000000000e+02,1.647549363791340511e+03,3.147302606653522616e+02,2.116300000000000000e+06,1.406600000000000072e-01,-2.071549810000150558e+02,1.000000000000000000e+00
1.847224232372152945e-03,5.783044319325003277e-03,7.106876191316804370e-01,-9.396225921017897775e+00,2.000000000000000000e+01,7.449311162688075638e-02,0.000000000000000000e+00,0.000000000000000000e+00,0.000000000000000000e+00,0.000000000000000000e+00,0.000000000000000000e+00,0.000000000000000000e+00,1.630000000000000000e+02,6.823701587171492520e+02,3.950939817920994415e+02,2.110500000000000000e+06,1.315900000000000125e-01,-1.818073509999929911e+02,1.000000000000000000e+00
1.662941151075205976e-03,5.970112084299996312e-03,6.171045480605579225e-01,-5.628356952720354300e+00,2.000000000000000000e+01,6.747086054183806803e-02,0.000000000000000000e+00,0.000000000000000000e+00,0.000000000000000000e+00,0.000000000000000000e+00,0.000000000000000000e+00,0.000000000000000000e+00,1.640000000000000000e+02,1.509519978334707048e+03,3.229983751187394319e+02,2.115800000000000000e+06,1.383500000000000008e-01,-2.414338300000186734e+02,1.000000000000000000e+00
1.658251102058039446e-03,5.353519617554354168e-03,6.234066900193340199e-01,-6.205090475208634437e+00,2.000000000000000000e+01,7.467001984623863886e-02,0.000000000000000000e+00,0.000000000000000000e+00,0.000000000000000000e+00,0.000000000000000000e+00,0.000000000000000000e+00,0.000000000000000000e+00,1.650000000000000000e+02,1.512744469607449219e+03,3.220981049754393553e+02,2.115900000000000000e+06,1.391300000000000037e-01,-2.208469319999838376e+02,1.000000000000000000e+00
1.647106455657154330e-03,2.814952824543017536e-03,6.396123892806491185e-01,1.794506318376089649e+00,2.000000000000000000e+01,5.513814256771328720e-02,0.000000000000000000e+00,0.000000000000000000e+00,0.000000000000000000e+00,0.000000000000000000e+00,0.000000000000000000e+00,0.000000000000000000e+00,1.660000000000000000e+02,3.637917690173643223e+03,1.400761993957846414e+02,2.120100000000000000e+06,1.209400000000000058e-01,-1.075654859999974491e+02,1.000000000000000000e+00
1.650238018592277509e-03,5.644230571416587738e-03,6.101694812549427471e-01,-7.003905719881363012e+00,2.000000000000000000e+01,7.437142673118765646e-02,0.000000000000000000e+00,0.000000000000000000e+00,0.000000000000000000e+00,0.000000000000000000e+00,0.000000000000000000e+00,0.000000000000000000e+00,1.670000000000000000e+02,1.272063624780711507e+03,3.413548200532106307e+02,2.114700000000000000e+06,1.605999999999999928e-01,-2.841849999999934084e+02,1.000000000000000000e+00
1.848118806651769842e-03,5.104515317796581159e-03,6.751005773723166570e-01,-5.475945238674780668e+00,2.000000000000000000e+01,7.477453084902835334e-02,0.000000000000000000e+00,0.000000000000000000e+00,0.000000000000000000e+00,0.000000000000000000e+00,0.000000000000000000e+00,0.000000000000000000e+00,1.680000000000000000e+02,1.792920217672014132e+03,3.041505989763194293e+02,2.116900000000000000e+06,1.310000000000000053e-01,-1.955799999999986483e+02,1.000000000000000000e+00
1.924938527537501266e-03,5.452695208975105040e-03,6.811229019164992682e-01,-5.688789255950078783e+00,2.000000000000000000e+01,7.437884953171602920e-02,0.000000000000000000e+00,0.000000000000000000e+00,0.000000000000000000e+00,0.000000000000000000e+00,0.000000000000000000e+00,0.000000000000000000e+00,1.690000000000000000e+02,1.750720522884309503e+03,3.089184390426170808e+02,2.116600000000000000e+06,1.516899999999999915e-01,-2.544863219999822945e+02,1.000000000000000000e+00
2.272357247799175733e-03,6.057250079332728888e-03,9.455428811144209744e-01,-1.097342935901235883e+01,2.000000000000000000e+01,6.682441870465349876e-02,0.000000000000000000e+00,0.000000000000000000e+00,0.000000000000000000e+00,0.000000000000000000e+00,0.000000000000000000e+00,0.000000000000000000e+00,1.700000000000000000e+02,6.451783243894577708e+02,4.081520440285061682e+02,2.109700000000000000e+06,3.321399999999999908e-01,-6.208874730000194404e+02,1.000000000000000000e+00
1.732665069697453958e-03,5.125566334500692572e-03,6.610888498382870848e-01,-4.068136828827501716e+00,2.000000000000000000e+01,7.400273673161578136e-02,0.000000000000000000e+00,0.000000000000000000e+00,0.000000000000000000e+00,0.000000000000000000e+00,0.000000000000000000e+00,0.000000000000000000e+00,1.710000000000000000e+02,2.205349947937544130e+03,2.689315400773609213e+02,2.118500000000000000e+06,1.825900000000000023e-01,-3.313515120000059255e+02,1.000000000000000000e+00
1.744241943460696394e-03,5.482878052798926746e-03,6.546512265689784504e-01,-9.933836480740094288e+00,2.000000000000000000e+01,7.409217169091351918e-02,0.000000000000000000e+00,0.000000000000000000e+00,0.000000000000000000e+00,0.000000000000000000e+00,0.000000000000000000e+00,0.000000000000000000e+00,1.720000000000000000e+02,6.624978511121298652e+02,4.068484915650275866e+02,2.109500000000000000e+06,1.753699999999999981e-01,-3.073491710000107560e+02,1.000000000000000000e+00
1.903797044771531359e-03,5.000115449737203496e-03,9.690498461007314157e-01,2.576866254579821991e+00,2.000000000000000000e+01,7.518162695458281697e-02,0.000000000000000000e+00,0.000000000000000000e+00,0.000000000000000000e+00,0.000000000000000000e+00,0.000000000000000000e+00,0.000000000000000000e+00,1.730000000000000000e+02,5.412337138295740260e+03,1.381836353623086211e+02,2.119400000000000000e+06,8.983299999999999619e-02,-5.083706700000003309e+01,1.000000000000000000e+00
1.921892519862118546e-03,5.475594495849792943e-03,6.991333882316479453e-01,-5.116479115044665349e+00,2.000000000000000000e+01,7.427709211294503122e-02,0.000000000000000000e+00,0.000000000000000000e+00,0.000000000000000000e+00,0.000000000000000000e+00,0.000000000000000000e+00,0.000000000000000000e+00,1.740000000000000000e+02,1.941629146798751208e+03,2.949320973631722040e+02,2.117300000000000000e+06,1.536200000000000065e-01,-2.499253670000095440e+02,1.000000000000000000e+00
1.886102335370637255e-03,5.551528254012987745e-03,8.749952477139990581e-01,-7.735196781092692042e+00,2.000000000000000000e+01,7.482001706085580905e-02,0.000000000000000000e+00,0.000000000000000000e+00,0.000000000000000000e+00,0.000000000000000000e+00,0.000000000000000000e+00,0.000000000000000000e+00,1.750000000000000000e+02,1.052901860164780828e+03,3.585943501713200021e+02,2.113600000000000000e+06,1.053199999999999970e-01,-8.392744500000115693e+01,1.000000000000000000e+00
1.682614517842856948e-03,5.776565114850269050e-03,6.155254835563483962e-01,-7.663875118649960072e+00,2.000000000000000000e+01,7.515153973367147411e-02,0.000000000000000000e+00,0.000000000000000000e+00,0.000000000000000000e+00,0.000000000000000000e+00,0.000000000000000000e+00,0.000000000000000000e+00,1.760000000000000000e+02,1.072482743045496136e+03,3.573605354253745645e+02,2.113600000000000000e+06,1.158200000000000063e-01,-1.658315999999900612e+02,1.000000000000000000e+00
1.610893978637101655e-03,5.567104690299046026e-03,5.311689583655347935e-01,-6.134773306247391034e+00,2.000000000000000000e+01,7.409350569468999004e-02,0.000000000000000000e+00,0.000000000000000000e+00,0.000000000000000000e+00,0.000000000000000000e+00,0.000000000000000000e+00,0.000000000000000000e+00,1.770000000000000000e+02,1.406932381869000665e+03,3.312487405894252674e+02,2.115400000000000000e+06,8.547599999999999643e-02,-1.068248999999977542e+02,1.000000000000000000e+00
1.780451482171365504e-03,5.783708805436163329e-03,6.716955302675627903e-01,-8.221381353648517631e+00,2.000000000000000000e+01,7.474758896831248944e-02,0.000000000000000000e+00,0.000000000000000000e+00,0.000000000000000000e+00,0.000000000000000000e+00,0.000000000000000000e+00,0.000000000000000000e+00,1.780000000000000000e+02,9.318025942817325813e+02,3.699387591360405168e+02,2.112600000000000000e+06,1.253199999999999870e-01,-1.753290150000089511e+02,1.000000000000000000e+00
1.959240614833678007e-03,6.353331681123553648e-03,9.394487509596550767e-01,-7.783085157267195520e+00,2.000000000000000000e+01,6.624744323958604852e-02,0.000000000000000000e+00,0.000000000000000000e+00,0.000000000000000000e+00,0.000000000000000000e+00,0.000000000000000000e+00,0.000000000000000000e+00,1.790000000000000000e+02,9.315126035803845070e+02,3.703917456538547981e+02,2.111900000000000000e+06,9.074599999999999334e-02,-5.109810399999962272e+01,1.000000000000000000e+00
2.935788277034512023e-03,5.089165154487794614e-03,1.132650426341103689e+00,2.605188186803413686e+00,2.000000000000000000e+01,6.916190847914441275e-02,0.000000000000000000e+00,0.000000000000000000e+00,0.000000000000000000e+00,0.000000000000000000e+00,0.000000000000000000e+00,0.000000000000000000e+00,1.800000000000000000e+02,4.579668936431611655e+03,1.383677974603341170e+02,2.120200000000000000e+06,5.429699999999999527e-01,-2.013764999999722249e+03,1.000000000000000000e+00
1.995424395444900766e-03,6.376047516535796045e-03,6.712081703025936097e-01,-6.431273282952498782e+00,2.000000000000000000e+01,7.745007024398620210e-02,0.000000000000000000e+00,0.000000000000000000e+00,0.000000000000000000e+00,0.000000000000000000e+00,0.000000000000000000e+00,0.000000000000000000e+00,1.810000000000000000e+02,1.515462564664253250e+03,3.228313713293291016e+02,2.115800000000000000e+06,1.674599999999999977e-01,-2.534286690000166118e+02,1.000000000000000000e+00
1.597141736797667855e-03,5.746685019938886987e-03,6.603425292028087812e-01,-6.218484642692450493e+00,2.000000000000000000e+01,7.523048320247116560e-02,0.000000000000000000e+00,0.000000000000000000e+00,0.000000000000000000e+00,0.000000000000000000e+00,0.000000000000000000e+00,0.000000000000000000e+00,1.820000000000000000e+02,1.518279281884038255e+03,3.224541165583909788e+02,2.115800000000000000e+06,1.045900000000000024e-01,-1.174852309999968298e+02,1.000000000000000000e+00
2.288936766913104732e-03,6.778098894661712531e-03,1.071808040873518664e+00,-1.025595078845155861e+01,2.000000000000000000e+01,7.753124435097684397e-02,0.000000000000000000e+00,0.000000000000000000e+00,0.000000000000000000e+00,0.000000000000000000e+00,0.000000000000000000e+00,0.000000000000000000e+00,1.830000000000000000e+02,6.530420759090700358e+02,4.074978358741778379e+02,2.109900000000000000e+06,3.215399999999999925e-01,-5.754937769999233979e+02,1.000000000000000000e+00
1.796644907373079469e-03,5.446048706415785451e-03,7.015228904281944899e-01,-4.962200368452492683e+00,2.000000000000000000e+01,7.434404942279462802e-02,0.000000000000000000e+00,0.000000000000000000e+00,0.000000000000000000e+00,0.000000000000000000e+00,0.000000000000000000e+00,0.000000000000000000e+00,1.840000000000000000e+02,1.954326750773291906e+03,2.913662292169416901e+02,2.117500000000000000e+06,1.435800000000000132e-01,-2.123454999999871404e+02,1.000000000000000000e+00
1.685340493996185119e-03,5.481084601602679782e-03,7.450531168924581227e-01,-4.324172016938456764e+00,2.000000000000000000e+01,7.351152383286112257e-02,0.000000000000000000e+00,0.000000000000000000e+00,0.000000000000000000e+00,0.000000000000000000e+00,0.000000000000000000e+00,0.000000000000000000e+00,1.850000000000000000e+02,2.137601033822983027e+03,2.745361789003314925e+02,2.118200000000000000e+06,1.926100000000000034e-01,-3.036949689999885322e+02,1.000000000000000000e+00
1.714236823860426119e-03,5.504477333848147719e-03,8.428733391365554883e-01,-4.371767397827834856e+00,2.000000000000000000e+01,7.346610955209331717e-02,0.000000000000000000e+00,0.000000000000000000e+00,0.000000000000000000e+00,0.000000000000000000e+00,0.000000000000000000e+00,0.000000000000000000e+00,1.860000000000000000e+02,2.127474639525679322e+03,2.756410707078881046e+02,2.118100000000000000e+06,1.752499999999999891e-01,-2.175053309999778151e+02,1.000000000000000000e+00
1.871966253040683757e-03,5.469408972307439679e-03,7.458260641685354742e-01,-4.481980341506099030e+00,2.000000000000000000e+01,7.337917168492261166e-02,0.000000000000000000e+00,0.000000000000000000e+00,0.000000000000000000e+00,0.000000000000000000e+00,0.000000000000000000e+00,0.000000000000000000e+00,1.870000000000000000e+02,2.108074226704664397e+03,2.787268158137109708e+02,2.118000000000000000e+06,2.243400000000000116e-01,-4.291871999999281684e+02,1.000000000000000000e+00
1.807401382101904517e-03,5.538142958413436526e-03,7.047972101500743491e-01,-4.673816249176402593e+00,2.000000000000000000e+01,7.432964018830590103e-02,0.000000000000000000e+00,0.000000000000000000e+00,0.000000000000000000e+00,0.000000000000000000e+00,0.000000000000000000e+00,0.000000000000000000e+00,1.880000000000000000e+02,2.071952223756550211e+03,2.844610053026264040e+02,2.117800000000000000e+06,1.430800000000000127e-01,-2.103336359999806291e+02,1.000000000000000000e+00
1.901237335859067836e-03,5.442699527321182007e-03,7.763254061313289434e-01,-4.589156983332791206e+00,2.000000000000000000e+01,7.342979012180729514e-02,0.000000000000000000e+00,0.000000000000000000e+00,0.000000000000000000e+00,0.000000000000000000e+00,0.000000000000000000e+00,0.000000000000000000e+00,1.890000000000000000e+02,2.087402821791591123e+03,2.820678818199928628e+02,2.117900000000000000e+06,2.070799999999999863e-01,-3.523205200000482478e+02,1.000000000000000000e+00
1.677094941864086790e-03,5.158030943324604274e-03,7.186503084839043209e-01,-4.657879823043817424e+00,2.000000000000000000e+01,7.257285797097626223e-02,0.000000000000000000e+00,0.000000000000000000e+00,0.000000000000000000e+00,0.000000000000000000e+00,0.000000000000000000e+00,0.000000000000000000e+00,1.900000000000000000e+02,2.080945378717530275e+03,2.840278207739634695e+02,2.117900000000000000e+06,3.710499999999999909e-01,-1.043261699999728080e+03,1.000000000000000000e+00
1.626610599858399186e-03,5.587214678898279677e-03,6.192216490696558218e-01,-7.090304064475822621e+00,2.000000000000000000e+01,7.468528839618809867e-02,0.000000000000000000e+00,0.000000000000000000e+00,0.000000000000000000e+00,0.000000000000000000e+00,0.000000000000000000e+00,0.000000000000000000e+00,1.910000000000000000e+02,1.229883814126069637e+03,3.439377245601151571e+02,2.114600000000000000e+06,1.358300000000000063e-01,-2.107494380000019873e+02,1.000000000000000000e+00
1.690492124266870701e-03,5.736296070591144144e-03,7.401219356130925853e-01,-7.165952812944574646e+00,2.000000000000000000e+01,7.404966179291633255e-02,0.000000000000000000e+00,0.000000000000000000e+00,0.000000000000000000e+00,0.000000000000000000e+00,0.000000000000000000e+00,0.000000000000000000e+00,1.920000000000000000e+02,1.185440033826077979e+03,3.457984705482984396e+02,2.114400000000000000e+06,1.478700000000000014e-01,-1.949685130000123365e+02,1.000000000000000000e+00
1.998331277199715331e-03,6.070702101333351301e-03,8.070472151103555980e-01,-8.679770221042176104e+00,2.000000000000000000e+01,7.425626679732677538e-02,0.000000000000000000e+00,0.000000000000000000e+00,0.000000000000000000e+00,0.000000000000000000e+00,0.000000000000000000e+00,0.000000000000000000e+00,1.930000000000000000e+02,8.466578689005559681e+02,3.801931895064418541e+02,2.111900000000000000e+06,1.305000000000000049e-01,-1.551113999999944610e+02,1.000000000000000000e+00
1.651445959841039632e-03,4.604453174255696349e-03,6.661874578373617739e-01,-2.731032875110026126e+00,2.000000000000000000e+01,7.394978721374563524e-02,0.000000000000000000e+00,0.000000000000000000e+00,0.000000000000000000e+00,0.000000000000000000e+00,0.000000000000000000e+00,0.000000000000000000e+00,1.940000000000000000e+02,2.546125523158362739e+03,2.345388577085718396e+02,2.119700000000000000e+06,1.859599999999999864e-01,-3.245296009999723879e+02,1.000000000000000000e+00
1.637000800198505548e-03,4.285175748513626523e-03,6.848519748376409311e-01,-3.063064050645599501e+00,2.000000000000000000e+01,7.137170312335552880e-02,0.000000000000000000e+00,0.000000000000000000e+00,0.000000000000000000e+00,0.000000000000000000e+00,0.000000000000000000e+00,0.000000000000000000e+00,1.950000000000000000e+02,2.518278005198406390e+03,2.369604278667781045e+02,2.119600000000000000e+06,2.443400000000000016e-01,-5.174362250000634731e+02,1.000000000000000000e+00
1.697147799167631572e-03,4.559914440447076361e-03,6.776637110585918000e-01,-2.991865830636118329e+00,2.000000000000000000e+01,7.402874383358487576e-02,0.000000000000000000e+00,0.000000000000000000e+00,0.000000000000000000e+00,0.000000000000000000e+00,0.000000000000000000e+00,0.000000000000000000e+00,1.960000000000000000e+02,2.485793548731600367e+03,2.405835658794752874e+02,2.119500000000000000e+06,1.770899999999999974e-01,-2.991262960000187263e+02,1.000000000000000000e+00
1.708959348093997983e-03,4.741287472646140387e-03,6.784413829297819554e-01,-3.070601214682532110e+00,2.000000000000000000e+01,7.334862157408444938e-02,0.000000000000000000e+00,0.000000000000000000e+00,0.000000000000000000e+00,0.000000000000000000e+00,0.000000000000000000e+00,0.000000000000000000e+00,1.970000000000000000e+02,2.443375621952873644e+03,2.422363183755718126e+02,2.119500000000000000e+06,2.596399999999999819e-01,-5.975838300000972367e+02,1.000000000000000000e+00
1.942187925542082378e-03,5.250090721051382456e-03,7.850506314215039971e-01,2.520903751256873271e+00,2.000000000000000000e+01,7.294584668694341356e-02,0.000000000000000000e+00,0.000000000000000000e+00,0.000000000000000000e+00,0.000000000000000000e+00,0.000000000000000000e+00,0.000000000000000000e+00,1.980000000000000000e+02,4.977451226009354286e+03,1.382086472153935688e+02,2.119800000000000000e+06,2.426500000000000046e-01,-4.702852449999271585e+02,1.000000000000000000e+00
1.794089614537458261e-03,5.015485175101763032e-03,6.735075671550954102e-01,-4.990822335591643011e+00,2.000000000000000000e+01,7.323186366352310572e-02,0.000000000000000000e+00,0.000000000000000000e+00,0.000000000000000000e+00,0.000000000000000000e+00,0.000000000000000000e+00,0.000000000000000000e+00,1.990000000000000000e+02,1.955042360400881989e+03,2.919908286560335000e+02,2.117600000000000000e+06,2.901400000000000090e-01,-7.683104000000953420e+02,1.000000000000000000e+00
