1.754292584378966185e-03,5.460082313022853080e-03,4.151099799058035611e-01,2.745420123217523489e+00,2.000000000000000000e+01,7.058188915907291638e-02,0.000000000000000000e+00,0.000000000000000000e+00,0.000000000000000000e+00,0.000000000000000000e+00,0.000000000000000000e+00,0.000000000000000000e+00,0.000000000000000000e+00,5.213096503396264779e+03,1.381830716020471641e+02,2.119600000000000000e+06,3.749399999999999955e-01,-1.650653526000441161e+03,1.000000000000000000e+00
2.636326417080257084e-03,3.627904115060937712e-03,1.043369161293856262e+00,2.583626103037615529e+00,2.000000000000000000e+01,7.137466104164461034e-02,0.000000000000000000e+00,0.000000000000000000e+00,0.000000000000000000e+00,0.000000000000000000e+00,0.000000000000000000e+00,0.000000000000000000e+00,1.000000000000000000e+00,4.741135575969480669e+03,1.381831000657800246e+02,2.119900000000000000e+06,8.098400000000000043e-01,-2.541377241000693175e+03,1.000000000000000000e+00
2.838623996240733326e-03,2.433652689533084834e-03,6.355324670269786314e-01,2.666134399472499972e+00,2.000000000000000000e+01,7.348765668871064249e-02,0.000000000000000000e+00,0.000000000000000000e+00,0.000000000000000000e+00,0.000000000000000000e+00,0.000000000000000000e+00,0.000000000000000000e+00,2.000000000000000000e+00,4.048339414558228782e+03,1.381831787727977598e+02,2.120200000000000000e+06,2.472300000000000053e-01,-7.476954189999383971e+02,1.000000000000000000e+00
3.305575919091932602e-03,2.603570949787823406e-03,1.034137597793320262e+00,2.596214180716397202e+00,2.000000000000000000e+01,7.268143691075840129e-02,0.000000000000000000e+00,0.000000000000000000e+00,0.000000000000000000e+00,0.000000000000000000e+00,0.000000000000000000e+00,0.000000000000000000e+00,3.000000000000000000e+00,3.973442459258408235e+03,1.381834857465694881e+02,2.120400000000000000e+06,4.269999999999999907e-01,-1.246031400000005306e+03,1.000000000000000000e+00
3.032475835574573262e-03,3.223503025161838717e-03,1.173559309658342098e+00,2.602833831708485146e+00,2.000000000000000000e+01,7.244127425823065902e-02,0.000000000000000000e+00,0.000000000000000000e+00,0.000000000000000000e+00,0.000000000000000000e+00,0.000000000000000000e+00,0.000000000000000000e+00,4.000000000000000000e+00,3.949080053329133534e+03,1.381844021289922750e+02,2.120200000000000000e+06,3.385799999999999921e-01,-6.382570500000468883e+02,1.000000000000000000e+00
2.435926518106031752e-03,2.485623805170088328e-03,6.930746787678462306e-01,2.560185324778462945e+00,2.000000000000000000e+01,7.476803549699159723e-02,0.000000000000000000e+00,0.000000000000000000e+00,0.000000000000000000e+00,0.000000000000000000e+00,0.000000000000000000e+00,0.000000000000000000e+00,5.000000000000000000e+00,3.925392870184532512e+03,1.381872107507784619e+02,2.120100000000000000e+06,1.805499999999999883e-01,-3.839135999999641626e+02,1.000000000000000000e+00
3.150693804093990594e-03,2.629584230031906198e-03,1.048336843137319452e+00,2.618163241426186172e+00,2.000000000000000000e+01,7.279354993275785612e-02,0.000000000000000000e+00,0.000000000000000000e+00,0.000000000000000000e+00,0.000000000000000000e+00,0.000000000000000000e+00,0.000000000000000000e+00,6.000000000000000000e+00,3.904075700657108882e+03,1.381883837497744878e+02,2.120300000000000000e+06,3.462299999999999822e-01,-8.187088500000727436e+02,1.000000000000000000e+00
2.240015501923508113e-03,2.021292679898404991e-03,6.729738171238623945e-01,2.542856608707205091e+00,2.000000000000000000e+01,7.474893447481276154e-02,0.000000000000000000e+00,0.000000000000000000e+00,0.000000000000000000e+00,0.000000000000000000e+00,0.000000000000000000e+00,0.000000000000000000e+00,7.000000000000000000e+00,3.839516952180064891e+03,1.381943825659437550e+02,2.120200000000000000e+06,2.019299999999999984e-01,-4.619647290000394264e+02,1.000000000000000000e+00
2.258795255652087247e-03,2.526413045395953846e-03,6.349097996049188897e-01,2.526007263915455603e+00,2.000000000000000000e+01,7.417938440216748086e-02,0.000000000000000000e+00,0.000000000000000000e+00,0.000000000000000000e+00,0.000000000000000000e+00,0.000000000000000000e+00,0.000000000000000000e+00,8.000000000000000000e+00,3.821313678321442694e+03,1.382048072826079590e+02,2.120200000000000000e+06,2.841000000000000192e-01,-9.114311999998543570e+02,1.000000000000000000e+00
5.831585581288110335e-04,3.351037987835098295e-03,4.065332017140239618e-01,1.795447896390140796e+00,2.000000000000000000e+01,7.389331859883577214e-02,0.000000000000000000e+00,0.000000000000000000e+00,0.000000000000000000e+00,0.000000000000000000e+00,0.000000000000000000e+00,0.000000000000000000e+00,9.000000000000000000e+00,3.345099435783400168e+03,1.414068934349543554e+02,2.120300000000000000e+06,8.417499999999999982e-02,-5.607500700000161942e+01,1.000000000000000000e+00
1.491917816542591944e-03,3.312378956287950239e-03,6.854225733714491842e-01,2.261020726188113450e+00,2.000000000000000000e+01,7.645228715736726577e-02,0.000000000000000000e+00,0.000000000000000000e+00,0.000000000000000000e+00,0.000000000000000000e+00,0.000000000000000000e+00,0.000000000000000000e+00,1.000000000000000000e+01,3.522838432448312687e+03,1.392088616301796549e+02,2.120300000000000000e+06,1.440800000000000136e-01,-1.738260370000043906e+02,1.000000000000000000e+00
2.240692702911227345e-03,2.443613714412289604e-03,6.578594573488559805e-01,2.221268348575228480e+00,2.000000000000000000e+01,7.489239496030036802e-02,0.000000000000000000e+00,0.000000000000000000e+00,0.000000000000000000e+00,0.000000000000000000e+00,0.000000000000000000e+00,0.000000000000000000e+00,1.100000000000000000e+01,3.599429343088458154e+03,1.388570124589804209e+02,2.120300000000000000e+06,1.945300000000000085e-01,-3.813456000000185782e+02,1.000000000000000000e+00
1.844028989907262441e-03,2.584339452899943410e-03,6.787026338826911420e-01,2.921743183165885327e+00,2.000000000000000000e+01,7.403095063104681017e-02,0.000000000000000000e+00,0.000000000000000000e+00,0.000000000000000000e+00,0.000000000000000000e+00,0.000000000000000000e+00,0.000000000000000000e+00,1.200000000000000000e+01,3.646879458857806185e+03,1.388203633440481326e+02,2.119800000000000000e+06,2.090500000000000136e-01,-4.222168230000277163e+02,1.000000000000000000e+00
1.682716783756623737e-03,2.825920294964012411e-03,7.163503185945708784e-01,2.759016074528851004e+00,2.000000000000000000e+01,7.275716587371573729e-02,0.000000000000000000e+00,0.000000000000000000e+00,0.000000000000000000e+00,0.000000000000000000e+00,0.000000000000000000e+00,0.000000000000000000e+00,1.300000000000000000e+01,3.656475113957780195e+03,1.383378599124786206e+02,2.120000000000000000e+06,3.712900000000000089e-01,-1.015802700000412756e+03,1.000000000000000000e+00
5.831585581288110335e-04,3.351037987835098295e-03,4.065332017140239618e-01,1.795447896390140796e+00,2.000000000000000000e+01,7.389331859883577214e-02,0.000000000000000000e+00,0.000000000000000000e+00,0.000000000000000000e+00,0.000000000000000000e+00,0.000000000000000000e+00,0.000000000000000000e+00,1.400000000000000000e+01,3.136955372256606552e+03,1.416325693824117593e+02,2.120400000000000000e+06,1.861899999999999944e-01,-3.128130009999732692e+02,1.000000000000000000e+00
1.516219261959642420e-03,3.571232963016049422e-03,1.295634179860691848e+00,-2.666070593773766984e+00,2.000000000000000000e+01,7.233978081856222431e-02,0.000000000000000000e+00,0.000000000000000000e+00,0.000000000000000000e+00,0.000000000000000000e+00,0.000000000000000000e+00,0.000000000000000000e+00,1.500000000000000000e+01,2.138525539714312345e+03,2.328060969016137278e+02,2.119900000000000000e+06,2.689400000000000124e-01,-2.010708070000181351e+02,1.000000000000000000e+00
1.593285630861404623e-03,3.771441577456804105e-03,1.197044312111068542e+00,-2.869345188457704587e+00,2.000000000000000000e+01,6.402757848844821409e-02,0.000000000000000000e+00,0.000000000000000000e+00,0.000000000000000000e+00,0.000000000000000000e+00,0.000000000000000000e+00,0.000000000000000000e+00,1.600000000000000000e+01,1.951493722031684001e+03,2.397304661925039113e+02,2.119600000000000000e+06,1.439300000000000024e-01,-5.805449999999915178e+01,1.000000000000000000e+00
1.219555910432913075e-03,3.394788989759217439e-03,9.615464210896756958e-01,-2.734050257541448037e+00,2.000000000000000000e+01,6.088847987284714408e-02,0.000000000000000000e+00,0.000000000000000000e+00,0.000000000000000000e+00,0.000000000000000000e+00,0.000000000000000000e+00,0.000000000000000000e+00,1.700000000000000000e+01,1.991970733117226473e+03,2.331581135403072551e+02,2.119900000000000000e+06,1.208599999999999952e-01,-5.468578699999812898e+01,1.000000000000000000e+00
1.428787182357724346e-03,3.174946146059625437e-03,1.353729644284341838e+00,-3.336327430771647062e+00,2.000000000000000000e+01,6.538757184867662053e-02,0.000000000000000000e+00,0.000000000000000000e+00,0.000000000000000000e+00,0.000000000000000000e+00,0.000000000000000000e+00,0.000000000000000000e+00,1.800000000000000000e+01,1.871958362174098511e+03,2.465839861612991797e+02,2.119400000000000000e+06,1.378199999999999981e-01,-5.293080000000095708e+01,1.000000000000000000e+00
1.509595032856350747e-03,3.254137952451747508e-03,1.073105683663532872e+00,-3.217822750534826692e+00,2.000000000000000000e+01,6.735707150133975196e-02,0.000000000000000000e+00,0.000000000000000000e+00,0.000000000000000000e+00,0.000000000000000000e+00,0.000000000000000000e+00,0.000000000000000000e+00,1.900000000000000000e+01,1.923163541798553297e+03,2.461893780077554652e+02,2.119500000000000000e+06,1.150299999999999934e-01,-5.481263699999907146e+01,1.000000000000000000e+00
1.412085349280426186e-03,3.778651268254855453e-03,1.374548463254738451e+00,-2.244787411034154356e+00,2.000000000000000000e+01,7.354563799184421491e-02,0.000000000000000000e+00,0.000000000000000000e+00,0.000000000000000000e+00,0.000000000000000000e+00,0.000000000000000000e+00,0.000000000000000000e+00,2.000000000000000000e+01,2.198137577144195348e+03,2.218723190281796747e+02,2.120100000000000000e+06,1.482700000000000129e-01,-6.123561600000122951e+01,1.000000000000000000e+00
1.472081836764837625e-03,3.472329233192144107e-03,1.277086818796639101e+00,-2.247401807380359440e+00,2.000000000000000000e+01,6.800736018993923382e-02,0.000000000000000000e+00,0.000000000000000000e+00,0.000000000000000000e+00,0.000000000000000000e+00,0.000000000000000000e+00,0.000000000000000000e+00,2.100000000000000000e+01,2.198137577144195348e+03,2.218723190281796747e+02,2.120100000000000000e+06,1.482700000000000129e-01,-6.123561600000122951e+01,1.000000000000000000e+00
1.472081836764837625e-03,3.472329233192144107e-03,1.277086818796639101e+00,-2.247401807380359440e+00,2.000000000000000000e+01,6.800736018993923382e-02,0.000000000000000000e+00,0.000000000000000000e+00,0.000000000000000000e+00,0.000000000000000000e+00,0.000000000000000000e+00,0.000000000000000000e+00,2.200000000000000000e+01,2.198137577144195348e+03,2.218723190281796747e+02,2.120100000000000000e+06,1.482700000000000129e-01,-6.123561600000122951e+01,1.000000000000000000e+00
1.182537988267973314e-03,3.912038364178352032e-03,1.271262104775707336e+00,-2.560807767421001468e+00,2.000000000000000000e+01,6.720300921705461838e-02,0.000000000000000000e+00,0.000000000000000000e+00,0.000000000000000000e+00,0.000000000000000000e+00,0.000000000000000000e+00,0.000000000000000000e+00,2.300000000000000000e+01,2.184474264493169358e+03,2.316850445089926041e+02,2.120000000000000000e+06,5.641300000000000203e-01,-8.477242410002772885e+02,1.000000000000000000e+00
1.402888117078074370e-03,3.336914579245151696e-03,1.259567825438260069e+00,-3.240846938475474559e+00,2.000000000000000000e+01,6.787304425566773047e-02,0.000000000000000000e+00,0.000000000000000000e+00,0.000000000000000000e+00,0.000000000000000000e+00,0.000000000000000000e+00,0.000000000000000000e+00,2.400000000000000000e+01,1.817587695275239639e+03,2.469112565435488307e+02,2.119400000000000000e+06,1.393600000000000116e-01,-5.453032199999894658e+01,1.000000000000000000e+00
1.711861997630052638e-03,3.466859223680140902e-03,1.350969788569837515e+00,-2.089681149341050315e+00,2.000000000000000000e+01,6.918627254840803431e-02,0.000000000000000000e+00,0.000000000000000000e+00,0.000000000000000000e+00,0.000000000000000000e+00,0.000000000000000000e+00,0.000000000000000000e+00,2.500000000000000000e+01,2.265717126954765263e+03,2.148667257511687296e+02,2.120300000000000000e+06,1.650899999999999868e-01,-7.112705600000133188e+01,1.000000000000000000e+00
1.046479722071560862e-03,1.728752429147305432e-03,6.787168617105686641e-01,1.655577233652288260e+00,2.000000000000000000e+01,6.671379656136541825e-02,0.000000000000000000e+00,0.000000000000000000e+00,0.000000000000000000e+00,0.000000000000000000e+00,0.000000000000000000e+00,0.000000000000000000e+00,2.600000000000000000e+01,2.693477153903168073e+03,1.429124065855195056e+02,2.120500000000000000e+06,8.649199999999999944e-02,-5.310244099999818701e+01,1.000000000000000000e+00
1.248864792039859400e-03,3.385684949317177301e-03,9.963776499134510134e-01,-3.414742580047119169e+00,2.000000000000000000e+01,6.713833011105396764e-02,0.000000000000000000e+00,0.000000000000000000e+00,0.000000000000000000e+00,0.000000000000000000e+00,0.000000000000000000e+00,0.000000000000000000e+00,2.700000000000000000e+01,1.798403661235929121e+03,2.570928744297593198e+02,2.119100000000000000e+06,1.335099999999999898e-01,-5.660472999999930011e+01,1.000000000000000000e+00
1.353430508613793744e-03,3.725663387167773254e-03,1.182636389165996560e+00,-4.098509943583562354e+00,2.000000000000000000e+01,7.855498309423801506e-02,0.000000000000000000e+00,0.000000000000000000e+00,0.000000000000000000e+00,0.000000000000000000e+00,0.000000000000000000e+00,0.000000000000000000e+00,2.800000000000000000e+01,1.794699425197175742e+03,2.586933873017952692e+02,2.119000000000000000e+06,1.300900000000000112e-01,-5.757017699999877181e+01,1.000000000000000000e+00
1.599999544100422439e-03,3.458735181567080489e-03,1.090625316494300057e+00,-3.684421449509682756e+00,2.000000000000000000e+01,7.063664610680053801e-02,0.000000000000000000e+00,0.000000000000000000e+00,0.000000000000000000e+00,0.000000000000000000e+00,0.000000000000000000e+00,0.000000000000000000e+00,2.900000000000000000e+01,1.790509091241077613e+03,2.594159602265196440e+02,2.119000000000000000e+06,1.284299999999999886e-01,-5.665373799999857596e+01,1.000000000000000000e+00
1.407618769624557464e-03,3.356351746582738379e-03,1.165600896477851922e+00,-3.217071256529292711e+00,2.000000000000000000e+01,6.380560165864643252e-02,0.000000000000000000e+00,0.000000000000000000e+00,0.000000000000000000e+00,0.000000000000000000e+00,0.000000000000000000e+00,0.000000000000000000e+00,3.000000000000000000e+01,1.764096248517801541e+03,2.599743232280401912e+02,2.119000000000000000e+06,1.865199999999999914e-01,-9.724471799999633959e+01,1.000000000000000000e+00
1.662756909849174127e-03,3.705185124833168704e-03,1.207069732531753647e+00,-1.828732650296319040e+00,2.000000000000000000e+01,7.595965474322395605e-02,0.000000000000000000e+00,0.000000000000000000e+00,0.000000000000000000e+00,0.000000000000000000e+00,0.000000000000000000e+00,0.000000000000000000e+00,3.100000000000000000e+01,2.426276217904674013e+03,2.103633361871277714e+02,2.120400000000000000e+06,4.844300000000000272e-01,-7.262656719998902872e+02,1.000000000000000000e+00
2.116503465329187990e-03,4.107176438802796758e-03,8.856538907678774830e-01,-1.384122049102304519e+00,2.000000000000000000e+01,6.678368129312366175e-02,0.000000000000000000e+00,0.000000000000000000e+00,0.000000000000000000e+00,0.000000000000000000e+00,0.000000000000000000e+00,0.000000000000000000e+00,3.200000000000000000e+01,2.428302608302256431e+03,2.094913871026722063e+02,2.120400000000000000e+06,1.103399999999999936e-01,-5.890640000000100684e+01,1.000000000000000000e+00
9.483143348190877257e-04,1.854642343826381741e-03,7.518622587021664971e-01,-4.279827444144564397e-01,2.000000000000000000e+01,7.744087386883677371e-02,0.000000000000000000e+00,0.000000000000000000e+00,0.000000000000000000e+00,0.000000000000000000e+00,0.000000000000000000e+00,0.000000000000000000e+00,3.300000000000000000e+01,2.646702156762786217e+03,1.797039220100648151e+02,2.120900000000000000e+06,3.865999999999999992e-01,-5.168201999998709653e+02,1.000000000000000000e+00
1.596419728621533730e-03,3.686222945985973432e-03,1.038480114085647443e+00,-1.405589149851204755e+00,2.000000000000000000e+01,7.553649504025973516e-02,0.000000000000000000e+00,0.000000000000000000e+00,0.000000000000000000e+00,0.000000000000000000e+00,0.000000000000000000e+00,0.000000000000000000e+00,3.400000000000000000e+01,2.447281494442128860e+03,2.044328749601019410e+02,2.120600000000000000e+06,3.532600000000000184e-01,-4.421647999999528338e+02,1.000000000000000000e+00
1.485053094796522262e-03,3.560211248735049676e-03,9.130875405724144800e-01,-1.590899538370714295e+00,2.000000000000000000e+01,7.886799201744468246e-02,0.000000000000000000e+00,0.000000000000000000e+00,0.000000000000000000e+00,0.000000000000000000e+00,0.000000000000000000e+00,0.000000000000000000e+00,3.500000000000000000e+01,2.436091976195731149e+03,2.070616364000907765e+02,2.120500000000000000e+06,3.315199999999999814e-01,-4.994529930000467175e+02,1.000000000000000000e+00
1.202290642060545095e-03,3.418639134125802705e-03,1.165381657992022646e+00,-4.042561673957447255e+00,2.000000000000000000e+01,6.722840868699166139e-02,0.000000000000000000e+00,0.000000000000000000e+00,0.000000000000000000e+00,0.000000000000000000e+00,0.000000000000000000e+00,0.000000000000000000e+00,3.600000000000000000e+01,1.742457638744506539e+03,2.613930594824828972e+02,2.119000000000000000e+06,2.021300000000000041e-01,-1.057168560000043271e+02,1.000000000000000000e+00
1.711326693523345949e-03,3.461619143678391214e-03,1.204805305434968332e+00,-1.320222837236724400e+00,2.000000000000000000e+01,6.701421151821579381e-02,0.000000000000000000e+00,0.000000000000000000e+00,0.000000000000000000e+00,0.000000000000000000e+00,0.000000000000000000e+00,0.000000000000000000e+00,3.700000000000000000e+01,2.499898647617138977e+03,2.017773194584708563e+02,2.120600000000000000e+06,3.241100000000000092e-01,-3.590971999999770787e+02,1.000000000000000000e+00
1.328272785009839817e-03,3.854683323633146998e-03,1.182336319847900663e+00,-2.011740981805074657e+00,2.000000000000000000e+01,6.824191807243590313e-02,0.000000000000000000e+00,0.000000000000000000e+00,0.000000000000000000e+00,0.000000000000000000e+00,0.000000000000000000e+00,0.000000000000000000e+00,3.800000000000000000e+01,2.379435739120469862e+03,2.147275636519015620e+02,2.120300000000000000e+06,3.400599999999999734e-01,-4.174508240000184855e+02,1.000000000000000000e+00
1.443361000342097871e-03,3.625781740146819931e-03,1.317969203706207626e+00,-3.417709773143127627e+00,2.000000000000000000e+01,7.423454121426696639e-02,0.000000000000000000e+00,0.000000000000000000e+00,0.000000000000000000e+00,0.000000000000000000e+00,0.000000000000000000e+00,0.000000000000000000e+00,3.900000000000000000e+01,1.688469075632335262e+03,2.614675378635494098e+02,2.118900000000000000e+06,1.260900000000000076e-01,-5.055309999999894188e+01,1.000000000000000000e+00
1.548518262709132256e-03,2.773039901183368527e-03,9.221595191326563690e-01,-1.177994316024856936e+00,2.000000000000000000e+01,7.015084240579742836e-02,0.000000000000000000e+00,0.000000000000000000e+00,0.000000000000000000e+00,0.000000000000000000e+00,0.000000000000000000e+00,0.000000000000000000e+00,4.000000000000000000e+01,2.535446136870491046e+03,1.955582149974777906e+02,2.120600000000000000e+06,9.783899999999999542e-02,-5.125499999999863832e+01,1.000000000000000000e+00
1.655461064057952734e-03,3.693333571453950599e-03,1.165041875314440700e+00,-1.129056031342497102e+00,2.000000000000000000e+01,7.877513648907692734e-02,0.000000000000000000e+00,0.000000000000000000e+00,0.000000000000000000e+00,0.000000000000000000e+00,0.000000000000000000e+00,0.000000000000000000e+00,4.100000000000000000e+01,2.571501332309808276e+03,1.926569043705177364e+02,2.120700000000000000e+06,4.188799999999999746e-01,-5.611447010001101035e+02,1.000000000000000000e+00
1.200380692621036286e-03,3.224396874323642165e-03,1.109266392806925516e+00,-3.867151454578690917e+00,2.000000000000000000e+01,6.844131184082637154e-02,0.000000000000000000e+00,0.000000000000000000e+00,0.000000000000000000e+00,0.000000000000000000e+00,0.000000000000000000e+00,0.000000000000000000e+00,4.200000000000000000e+01,1.665387824613703060e+03,2.629419601617555600e+02,2.118900000000000000e+06,1.705699999999999994e-01,-8.840000000000382840e+01,1.000000000000000000e+00
1.469530861854766082e-03,3.100801292623463472e-03,1.236102278168148771e+00,-3.640105820881339049e+00,2.000000000000000000e+01,6.959926031065381824e-02,0.000000000000000000e+00,0.000000000000000000e+00,0.000000000000000000e+00,0.000000000000000000e+00,0.000000000000000000e+00,0.000000000000000000e+00,4.300000000000000000e+01,1.620157416222153870e+03,2.646803521205323477e+02,2.118800000000000000e+06,1.546399999999999997e-01,-6.394843800000142409e+01,1.000000000000000000e+00
1.285695704757865024e-03,4.850166013784996955e-03,1.123437283955289745e+00,-1.061538315272784772e+01,2.000000000000000000e+01,6.926204981934880323e-02,0.000000000000000000e+00,0.000000000000000000e+00,0.000000000000000000e+00,0.000000000000000000e+00,0.000000000000000000e+00,0.000000000000000000e+00,4.400000000000000000e+01,4.270103128568665625e+02,4.075329956930839330e+02,2.110100000000000000e+06,3.434400000000000230e-01,-3.006366000000035115e+02,1.000000000000000000e+00
1.084669284496081552e-03,3.376238130974379067e-03,1.108048126475211115e+00,-3.679891533925229385e+00,2.000000000000000000e+01,6.529467167985283926e-02,0.000000000000000000e+00,0.000000000000000000e+00,0.000000000000000000e+00,0.000000000000000000e+00,0.000000000000000000e+00,0.000000000000000000e+00,4.500000000000000000e+01,1.583028093200399553e+03,2.662464513399893917e+02,2.118800000000000000e+06,1.650600000000000123e-01,-7.506963100000092481e+01,1.000000000000000000e+00
1.465011202386649978e-03,3.175372359433114005e-03,1.408310399216058384e+00,-3.850299519265242498e+00,2.000000000000000000e+01,6.968454102109125636e-02,0.000000000000000000e+00,0.000000000000000000e+00,0.000000000000000000e+00,0.000000000000000000e+00,0.000000000000000000e+00,0.000000000000000000e+00,4.600000000000000000e+01,1.550235555674277521e+03,2.710071604591911978e+02,2.118600000000000000e+06,1.397100000000000009e-01,-5.461904000000136961e+01,1.000000000000000000e+00
1.548459152687424413e-03,3.625559517491248190e-03,1.051866250625588917e+00,-9.439246293661470943e+00,2.000000000000000000e+01,6.604485812519515775e-02,0.000000000000000000e+00,0.000000000000000000e+00,0.000000000000000000e+00,0.000000000000000000e+00,0.000000000000000000e+00,0.000000000000000000e+00,4.700000000000000000e+01,4.582755958792809565e+02,3.980946576850699330e+02,2.110000000000000000e+06,1.475200000000000122e-01,-6.348815099999890776e+01,1.000000000000000000e+00
1.314638273225722347e-03,3.263474118362358692e-03,1.088171001834737028e+00,-9.630968415974166419e+00,2.000000000000000000e+01,7.567209680537433092e-02,0.000000000000000000e+00,0.000000000000000000e+00,0.000000000000000000e+00,0.000000000000000000e+00,0.000000000000000000e+00,0.000000000000000000e+00,4.800000000000000000e+01,4.585807389951953610e+02,3.951081164061714048e+02,2.110300000000000000e+06,1.200999999999999984e-01,-5.131910000000106464e+01,1.000000000000000000e+00
1.335373218759627542e-03,3.302282852537691618e-03,1.342290324141849345e+00,-4.388079571131341616e+00,2.000000000000000000e+01,6.270357783951349684e-02,0.000000000000000000e+00,0.000000000000000000e+00,0.000000000000000000e+00,0.000000000000000000e+00,0.000000000000000000e+00,0.000000000000000000e+00,4.900000000000000000e+01,1.541627845398835234e+03,2.748385430018444708e+02,2.118300000000000000e+06,1.339299999999999935e-01,-5.321680000000100819e+01,1.000000000000000000e+00
9.518416588253180138e-04,3.049002088842092412e-03,1.146723143911215992e+00,-4.561290845037420105e+00,2.000000000000000000e+01,6.927618545843829134e-02,0.000000000000000000e+00,0.000000000000000000e+00,0.000000000000000000e+00,0.000000000000000000e+00,0.000000000000000000e+00,0.000000000000000000e+00,5.000000000000000000e+01,1.376419420708750749e+03,2.812304862924506210e+02,2.118200000000000000e+06,2.661600000000000077e-01,-1.535877199999941638e+02,1.000000000000000000e+00
1.271303561961186239e-03,3.134948068547310437e-03,1.310471671178347730e+00,-4.759203259960564480e+00,2.000000000000000000e+01,6.401359937588550764e-02,0.000000000000000000e+00,0.000000000000000000e+00,0.000000000000000000e+00,0.000000000000000000e+00,0.000000000000000000e+00,0.000000000000000000e+00,5.100000000000000000e+01,1.374580684369108894e+03,2.889632872285548046e+02,2.117800000000000000e+06,1.570699999999999874e-01,-7.004613999999881457e+01,1.000000000000000000e+00
1.745775461508001060e-03,3.139240039151524643e-03,1.158178251262460545e+00,-4.247993528450704659e+00,2.000000000000000000e+01,6.265794197430360479e-02,0.000000000000000000e+00,0.000000000000000000e+00,0.000000000000000000e+00,0.000000000000000000e+00,0.000000000000000000e+00,0.000000000000000000e+00,5.200000000000000000e+01,1.477814128615127629e+03,2.797909799727603968e+02,2.118200000000000000e+06,1.298999999999999877e-01,-5.190765999999923253e+01,1.000000000000000000e+00
1.515269223002186239e-03,3.307533882109820605e-03,1.277405382606279893e+00,-4.458386362350382548e+00,2.000000000000000000e+01,6.768921829507852650e-02,0.000000000000000000e+00,0.000000000000000000e+00,0.000000000000000000e+00,0.000000000000000000e+00,0.000000000000000000e+00,0.000000000000000000e+00,5.300000000000000000e+01,1.482378061888085313e+03,2.780041142308571693e+02,2.118300000000000000e+06,1.328999999999999904e-01,-5.216650000000074527e+01,1.000000000000000000e+00
1.281741398307930995e-03,3.817845004137268052e-03,1.070397324388133065e+00,-9.251905248239568280e+00,2.000000000000000000e+01,6.755463951032573966e-02,0.000000000000000000e+00,0.000000000000000000e+00,0.000000000000000000e+00,0.000000000000000000e+00,0.000000000000000000e+00,0.000000000000000000e+00,5.400000000000000000e+01,4.643140411461577060e+02,3.924359343181472468e+02,2.110600000000000000e+06,1.343999999999999917e-01,-6.226198100000138425e+01,1.000000000000000000e+00
1.332022111063143471e-03,3.689975663777845041e-03,1.143838429398102763e+00,-9.225572616545671067e+00,2.000000000000000000e+01,7.195445803389820261e-02,0.000000000000000000e+00,0.000000000000000000e+00,0.000000000000000000e+00,0.000000000000000000e+00,0.000000000000000000e+00,0.000000000000000000e+00,5.500000000000000000e+01,4.651042167248747887e+02,3.924260551986141650e+02,2.110600000000000000e+06,1.223800000000000027e-01,-5.321130899999824493e+01,1.000000000000000000e+00
1.476793834517982395e-03,3.958530681505939390e-03,1.182528616552563916e+00,-9.229982440450813286e+00,2.000000000000000000e+01,7.237505034183330799e-02,0.000000000000000000e+00,0.000000000000000000e+00,0.000000000000000000e+00,0.000000000000000000e+00,0.000000000000000000e+00,0.000000000000000000e+00,5.600000000000000000e+01,4.659960839806641388e+02,3.913285426005051590e+02,2.110700000000000000e+06,1.538100000000000023e-01,-7.234780900000060910e+01,1.000000000000000000e+00
1.491528142724465921e-03,3.740444993929590862e-03,1.303982202085774089e+00,-4.999472628172918043e+00,2.000000000000000000e+01,6.527066470302618495e-02,0.000000000000000000e+00,0.000000000000000000e+00,0.000000000000000000e+00,0.000000000000000000e+00,0.000000000000000000e+00,0.000000000000000000e+00,5.700000000000000000e+01,1.367440250290548192e+03,2.898659654829669421e+02,2.117700000000000000e+06,1.517000000000000015e-01,-6.490935500000058767e+01,1.000000000000000000e+00
1.403251791882196425e-03,3.394311533086980925e-03,9.669627662442493721e-01,-8.614889113673006804e+00,2.000000000000000000e+01,6.294294123386263984e-02,0.000000000000000000e+00,0.000000000000000000e+00,0.000000000000000000e+00,0.000000000000000000e+00,0.000000000000000000e+00,0.000000000000000000e+00,5.800000000000000000e+01,4.691498599702467232e+02,3.852861731381956361e+02,2.111200000000000000e+06,1.209100000000000036e-01,-5.074160000000056669e+01,1.000000000000000000e+00
1.360024408722193719e-03,3.605597907631801630e-03,1.232526126215037099e+00,-4.945399176793592311e+00,2.000000000000000000e+01,6.804374137973971670e-02,0.000000000000000000e+00,0.000000000000000000e+00,0.000000000000000000e+00,0.000000000000000000e+00,0.000000000000000000e+00,0.000000000000000000e+00,5.900000000000000000e+01,1.345049084488880908e+03,2.909947122764664869e+02,2.117600000000000000e+06,1.529999999999999971e-01,-6.469019100000137712e+01,1.000000000000000000e+00
1.296214807808155397e-03,3.604829812045336288e-03,1.240503581851618131e+00,-5.117994918014186823e+00,2.000000000000000000e+01,7.314258423779389229e-02,0.000000000000000000e+00,0.000000000000000000e+00,0.000000000000000000e+00,0.000000000000000000e+00,0.000000000000000000e+00,0.000000000000000000e+00,6.000000000000000000e+01,1.506077975292385190e+03,2.768408987495230917e+02,2.118300000000000000e+06,1.288900000000000046e-01,-5.043465000000041698e+01,1.000000000000000000e+00
1.338700068501896172e-03,4.152584659205739437e-03,1.188959843632206193e+00,-8.769859296748197863e+00,2.000000000000000000e+01,6.745552241286009720e-02,0.000000000000000000e+00,0.000000000000000000e+00,0.000000000000000000e+00,0.000000000000000000e+00,0.000000000000000000e+00,0.000000000000000000e+00,6.100000000000000000e+01,4.825110533169026894e+02,3.815376549830551767e+02,2.111400000000000000e+06,1.328000000000000014e-01,-5.159574799999980144e+01,1.000000000000000000e+00
1.340155865130249549e-03,3.565505979919707073e-03,1.201559205410306141e+00,-4.979452814813476458e+00,2.000000000000000000e+01,6.798528173007349629e-02,0.000000000000000000e+00,0.000000000000000000e+00,0.000000000000000000e+00,0.000000000000000000e+00,0.000000000000000000e+00,0.000000000000000000e+00,6.200000000000000000e+01,1.338007662023541798e+03,2.917439798033199736e+02,2.117600000000000000e+06,1.490799999999999903e-01,-6.400781099999981905e+01,1.000000000000000000e+00
1.467141127286014776e-03,3.554108829870346754e-03,1.196689898514758266e+00,-8.226904754621820359e+00,2.000000000000000000e+01,6.964163297506012484e-02,0.000000000000000000e+00,0.000000000000000000e+00,0.000000000000000000e+00,0.000000000000000000e+00,0.000000000000000000e+00,0.000000000000000000e+00,6.300000000000000000e+01,4.842245060561195373e+02,3.808462922892845199e+02,2.111700000000000000e+06,1.330800000000000038e-01,-5.173239999999891836e+01,1.000000000000000000e+00
1.215120448292670652e-03,3.613105768700741651e-03,1.348291049930230301e+00,-5.538879673915908519e+00,2.000000000000000000e+01,6.853536330325808723e-02,0.000000000000000000e+00,0.000000000000000000e+00,0.000000000000000000e+00,0.000000000000000000e+00,0.000000000000000000e+00,0.000000000000000000e+00,6.400000000000000000e+01,1.111708773396071138e+03,3.052691597224553561e+02,2.116900000000000000e+06,1.909800000000000109e-01,-7.577550000000117336e+01,1.000000000000000000e+00
1.258458028571153532e-03,3.287712953233135147e-03,1.015734668859048950e+00,-5.110272331458692641e+00,2.000000000000000000e+01,6.645283032739278395e-02,0.000000000000000000e+00,0.000000000000000000e+00,0.000000000000000000e+00,0.000000000000000000e+00,0.000000000000000000e+00,0.000000000000000000e+00,6.500000000000000000e+01,1.311631919170235960e+03,2.932608774954169348e+02,2.117500000000000000e+06,1.381000000000000005e-01,-5.697869300000196802e+01,1.000000000000000000e+00
1.322048616417752492e-03,4.163950707731514482e-03,1.107783459910119062e+00,-8.945943970616600183e+00,2.000000000000000000e+01,6.571514739783035353e-02,0.000000000000000000e+00,0.000000000000000000e+00,0.000000000000000000e+00,0.000000000000000000e+00,0.000000000000000000e+00,0.000000000000000000e+00,6.600000000000000000e+01,5.203622130345595451e+02,3.778608131783810222e+02,2.111900000000000000e+06,1.648699999999999888e-01,-7.688801099999844268e+01,1.000000000000000000e+00
1.241345291786406704e-03,2.904549485840103151e-03,1.468740148770783405e+00,-5.898848700230044706e+00,2.000000000000000000e+01,7.276989370918335309e-02,0.000000000000000000e+00,0.000000000000000000e+00,0.000000000000000000e+00,0.000000000000000000e+00,0.000000000000000000e+00,0.000000000000000000e+00,6.700000000000000000e+01,1.206979082374109794e+03,2.999857215796959053e+02,2.117300000000000000e+06,1.565999999999999892e-01,-6.302075700000138170e+01,1.000000000000000000e+00
1.385623256940681294e-03,3.504427546993838308e-03,1.199847077164664766e+00,-5.530451092320804563e+00,2.000000000000000000e+01,6.793255764916814043e-02,0.000000000000000000e+00,0.000000000000000000e+00,0.000000000000000000e+00,0.000000000000000000e+00,0.000000000000000000e+00,0.000000000000000000e+00,6.800000000000000000e+01,1.203626977555128406e+03,3.051087343803226872e+02,2.116900000000000000e+06,1.466699999999999948e-01,-6.403320000000000789e+01,1.000000000000000000e+00
1.278833123532699097e-03,4.069403619538874278e-03,1.150214456373270799e+00,-7.807326096390784897e+00,2.000000000000000000e+01,6.768087652103889351e-02,0.000000000000000000e+00,0.000000000000000000e+00,0.000000000000000000e+00,0.000000000000000000e+00,0.000000000000000000e+00,0.000000000000000000e+00,6.900000000000000000e+01,5.279185702427298565e+02,3.766847776212816825e+02,2.112000000000000000e+06,1.575999999999999901e-01,-7.511600000000024124e+01,1.000000000000000000e+00
1.457111270731888163e-03,4.129513686251239449e-03,1.203018653855209452e+00,-8.190728635239112876e+00,2.000000000000000000e+01,6.509359247543292093e-02,0.000000000000000000e+00,0.000000000000000000e+00,0.000000000000000000e+00,0.000000000000000000e+00,0.000000000000000000e+00,0.000000000000000000e+00,7.000000000000000000e+01,5.346160346497318869e+02,3.747052838594180457e+02,2.112100000000000000e+06,1.576299999999999923e-01,-7.402578699999892820e+01,1.000000000000000000e+00
1.286779353614577121e-03,4.051454222825865738e-03,1.073916316204958310e+00,-9.220305043963653802e+00,2.000000000000000000e+01,6.358766263487057591e-02,0.000000000000000000e+00,0.000000000000000000e+00,0.000000000000000000e+00,0.000000000000000000e+00,0.000000000000000000e+00,0.000000000000000000e+00,7.100000000000000000e+01,5.350626358867480121e+02,3.744084106223609751e+02,2.112100000000000000e+06,1.545799999999999952e-01,-7.110513799999884554e+01,1.000000000000000000e+00
1.419929814256860184e-03,3.964528759973290177e-03,1.101705177868642416e+00,-5.415190348182107982e+00,2.000000000000000000e+01,7.971861194916811388e-02,0.000000000000000000e+00,0.000000000000000000e+00,0.000000000000000000e+00,0.000000000000000000e+00,0.000000000000000000e+00,0.000000000000000000e+00,7.200000000000000000e+01,1.308307756866941872e+03,2.971854164024722422e+02,2.117300000000000000e+06,1.614099999999999979e-01,-7.011011400000009530e+01,1.000000000000000000e+00
1.339178150255853229e-03,3.800154594183124176e-03,1.080409408926823689e+00,-9.804865469583521786e+00,2.000000000000000000e+01,6.694155078909229395e-02,0.000000000000000000e+00,0.000000000000000000e+00,0.000000000000000000e+00,0.000000000000000000e+00,0.000000000000000000e+00,0.000000000000000000e+00,7.300000000000000000e+01,5.059349625957131025e+02,3.796505215872412577e+02,2.111800000000000000e+06,1.346900000000000042e-01,-5.631214800000085319e+01,1.000000000000000000e+00
1.420552693895982613e-03,3.552937763961796537e-03,1.227176013909337726e+00,-5.236055933521403638e+00,2.000000000000000000e+01,6.800501846023052077e-02,0.000000000000000000e+00,0.000000000000000000e+00,0.000000000000000000e+00,0.000000000000000000e+00,0.000000000000000000e+00,0.000000000000000000e+00,7.400000000000000000e+01,1.289106831768130633e+03,2.982492018382709489e+02,2.117300000000000000e+06,1.504600000000000104e-01,-6.617169899999933591e+01,1.000000000000000000e+00
1.421137012401812918e-03,3.556542689356100191e-03,1.223383870063449841e+00,-5.294441729163540167e+00,2.000000000000000000e+01,6.800212287021320523e-02,0.000000000000000000e+00,0.000000000000000000e+00,0.000000000000000000e+00,0.000000000000000000e+00,0.000000000000000000e+00,0.000000000000000000e+00,7.500000000000000000e+01,1.274821495477443250e+03,2.999676568774792145e+02,2.117200000000000000e+06,1.500100000000000044e-01,-6.607696499999931916e+01,1.000000000000000000e+00
1.375143496376272229e-03,4.355843363162423612e-03,1.299724752305198461e+00,-5.803111625515448679e+00,2.000000000000000000e+01,7.110572699817194198e-02,0.000000000000000000e+00,0.000000000000000000e+00,0.000000000000000000e+00,0.000000000000000000e+00,0.000000000000000000e+00,0.000000000000000000e+00,7.600000000000000000e+01,1.285576427214441082e+03,2.987933521170248810e+02,2.117100000000000000e+06,1.442299999999999971e-01,-5.649598100000061862e+01,1.000000000000000000e+00
1.072799670309448720e-03,4.243806442294592585e-03,1.191871951571005006e+00,-1.020676647304351015e+01,2.000000000000000000e+01,6.619699067808328119e-02,0.000000000000000000e+00,0.000000000000000000e+00,0.000000000000000000e+00,0.000000000000000000e+00,0.000000000000000000e+00,0.000000000000000000e+00,7.700000000000000000e+01,5.353951485846648666e+02,3.670029450059598162e+02,2.112800000000000000e+06,1.752499999999999891e-01,-7.121599799999980007e+01,1.000000000000000000e+00
1.468462308505519114e-03,3.289476996007968321e-03,1.260234016244296873e+00,-5.205352188383411516e+00,2.000000000000000000e+01,6.818931057760993508e-02,0.000000000000000000e+00,0.000000000000000000e+00,0.000000000000000000e+00,0.000000000000000000e+00,0.000000000000000000e+00,0.000000000000000000e+00,7.800000000000000000e+01,1.293774476335330974e+03,2.973483350294948195e+02,2.117400000000000000e+06,1.600499999999999978e-01,-7.242084000000035360e+01,1.000000000000000000e+00
1.258064537049598513e-03,3.913014005022957993e-03,1.286115376379093123e+00,-5.413940767727915215e+00,2.000000000000000000e+01,6.170532743912773843e-02,0.000000000000000000e+00,0.000000000000000000e+00,0.000000000000000000e+00,0.000000000000000000e+00,0.000000000000000000e+00,0.000000000000000000e+00,7.900000000000000000e+01,1.080672981967530177e+03,3.129643859522427647e+02,2.116400000000000000e+06,1.859500000000000042e-01,-7.418609599999716409e+01,1.000000000000000000e+00
1.257674338155249320e-03,3.906562168006214551e-03,1.131465030129759297e+00,-5.567195024139343751e+00,2.000000000000000000e+01,6.602856371809233405e-02,0.000000000000000000e+00,0.000000000000000000e+00,0.000000000000000000e+00,0.000000000000000000e+00,0.000000000000000000e+00,0.000000000000000000e+00,8.000000000000000000e+01,1.058177084916938384e+03,3.159270326330290573e+02,2.116300000000000000e+06,1.723200000000000010e-01,-7.482059999999785305e+01,1.000000000000000000e+00
1.189549389291155983e-03,3.982012830412833167e-03,1.096937925532785352e+00,-8.003948764130264237e+00,2.000000000000000000e+01,6.767702443982652472e-02,0.000000000000000000e+00,0.000000000000000000e+00,0.000000000000000000e+00,0.000000000000000000e+00,0.000000000000000000e+00,0.000000000000000000e+00,8.100000000000000000e+01,5.758615646981019154e+02,3.645784855113169556e+02,2.112900000000000000e+06,1.391699999999999882e-01,-5.906416300000108777e+01,1.000000000000000000e+00
1.277952051015913450e-03,3.453270436133849992e-03,1.282521929131957616e+00,-6.626873849813252448e+00,2.000000000000000000e+01,6.823539892140065288e-02,0.000000000000000000e+00,0.000000000000000000e+00,0.000000000000000000e+00,0.000000000000000000e+00,0.000000000000000000e+00,0.000000000000000000e+00,8.200000000000000000e+01,8.589714131797506980e+02,3.327992483104550274e+02,2.115400000000000000e+06,1.696600000000000052e-01,-6.867119999999823676e+01,1.000000000000000000e+00
1.514047699194629197e-03,4.093021588621528761e-03,1.197053939114688603e+00,-6.008296291747883267e+00,2.000000000000000000e+01,7.172015604265270794e-02,0.000000000000000000e+00,0.000000000000000000e+00,0.000000000000000000e+00,0.000000000000000000e+00,0.000000000000000000e+00,0.000000000000000000e+00,8.300000000000000000e+01,1.053686522910026952e+03,3.206587341932417417e+02,2.116000000000000000e+06,1.535900000000000043e-01,-7.073879999999928714e+01,1.000000000000000000e+00
1.279025960407009169e-03,3.948160301067849508e-03,1.214305273985738731e+00,-6.231089498027912121e+00,2.000000000000000000e+01,6.792059177593025299e-02,0.000000000000000000e+00,0.000000000000000000e+00,0.000000000000000000e+00,0.000000000000000000e+00,0.000000000000000000e+00,0.000000000000000000e+00,8.400000000000000000e+01,9.859540775546955729e+02,3.227947951242469458e+02,2.115800000000000000e+06,1.496200000000000030e-01,-6.006989700000117693e+01,1.000000000000000000e+00
1.162729485990673202e-03,3.524970613412583414e-03,1.279175715241705369e+00,-6.345756924197633708e+00,2.000000000000000000e+01,6.849151906990713634e-02,0.000000000000000000e+00,0.000000000000000000e+00,0.000000000000000000e+00,0.000000000000000000e+00,0.000000000000000000e+00,0.000000000000000000e+00,8.500000000000000000e+01,9.053684849008506035e+02,3.259295275865111421e+02,2.115800000000000000e+06,1.850499999999999923e-01,-7.745646600000017656e+01,1.000000000000000000e+00
1.351104890044793182e-03,3.205462005784966758e-03,1.283273819294060925e+00,-6.613228033692327479e+00,2.000000000000000000e+01,6.787657812228388432e-02,0.000000000000000000e+00,0.000000000000000000e+00,0.000000000000000000e+00,0.000000000000000000e+00,0.000000000000000000e+00,0.000000000000000000e+00,8.600000000000000000e+01,8.885472904391190241e+02,3.325143344074485299e+02,2.115400000000000000e+06,1.461600000000000121e-01,-5.462502900000070127e+01,1.000000000000000000e+00
1.293755522075878571e-03,3.433432539505159448e-03,1.291804760474533964e+00,-6.527021865756880814e+00,2.000000000000000000e+01,6.843731397823263340e-02,0.000000000000000000e+00,0.000000000000000000e+00,0.000000000000000000e+00,0.000000000000000000e+00,0.000000000000000000e+00,0.000000000000000000e+00,8.700000000000000000e+01,9.032123562643404284e+02,3.305686539690356085e+02,2.115500000000000000e+06,1.823299999999999921e-01,-8.005484800000074586e+01,1.000000000000000000e+00
1.560985925264488485e-03,3.707457867376624024e-03,1.250266005671466285e+00,-8.465468003038177258e+00,2.000000000000000000e+01,6.057326462050263705e-02,0.000000000000000000e+00,0.000000000000000000e+00,0.000000000000000000e+00,0.000000000000000000e+00,0.000000000000000000e+00,0.000000000000000000e+00,8.800000000000000000e+01,5.836219412458756324e+02,3.616788077338969742e+02,2.113100000000000000e+06,1.390899999999999914e-01,-5.145996599999907772e+01,1.000000000000000000e+00
1.357525620649932541e-03,3.668049460488983365e-03,1.216407791273238725e+00,-6.204029653848792236e+00,2.000000000000000000e+01,6.801760376925200524e-02,0.000000000000000000e+00,0.000000000000000000e+00,0.000000000000000000e+00,0.000000000000000000e+00,0.000000000000000000e+00,0.000000000000000000e+00,8.900000000000000000e+01,1.013843480107719756e+03,3.220701733045839319e+02,2.115900000000000000e+06,1.532600000000000073e-01,-6.613508700000026863e+01,1.000000000000000000e+00
1.382711138189575461e-03,3.960105528906668684e-03,1.237955366848517480e+00,-6.168492439332619703e+00,2.000000000000000000e+01,6.806335815881499329e-02,0.000000000000000000e+00,0.000000000000000000e+00,0.000000000000000000e+00,0.000000000000000000e+00,0.000000000000000000e+00,0.000000000000000000e+00,9.000000000000000000e+01,1.034178744895921227e+03,3.211569585376785767e+02,2.115900000000000000e+06,1.566099999999999992e-01,-6.785919999999929075e+01,1.000000000000000000e+00
1.355873678044973961e-03,3.877052416260039214e-03,1.269759214567913963e+00,-4.656105045209940840e+00,2.000000000000000000e+01,7.177551934613940476e-02,0.000000000000000000e+00,0.000000000000000000e+00,0.000000000000000000e+00,0.000000000000000000e+00,0.000000000000000000e+00,0.000000000000000000e+00,9.100000000000000000e+01,1.027414781021529052e+03,3.220060743136992869e+02,2.115800000000000000e+06,1.554399999999999948e-01,-6.364990499999821338e+01,1.000000000000000000e+00
1.328401504849420619e-03,3.915679868514879841e-03,1.321456154448566123e+00,-6.565124041914663700e+00,2.000000000000000000e+01,6.784636234156618539e-02,0.000000000000000000e+00,0.000000000000000000e+00,0.000000000000000000e+00,0.000000000000000000e+00,0.000000000000000000e+00,0.000000000000000000e+00,9.200000000000000000e+01,9.741404574649982351e+02,3.258047311354023918e+02,2.115700000000000000e+06,2.429699999999999915e-01,-1.239037590000056355e+02,1.000000000000000000e+00
1.077108544510712142e-03,3.338065963335121612e-03,1.289190092397705767e+00,-6.586079802831766195e+00,2.000000000000000000e+01,5.601666955471014397e-02,0.000000000000000000e+00,0.000000000000000000e+00,0.000000000000000000e+00,0.000000000000000000e+00,0.000000000000000000e+00,0.000000000000000000e+00,9.300000000000000000e+01,8.268240848577340785e+02,3.341505783116793395e+02,2.115200000000000000e+06,1.771199999999999997e-01,-7.501573199999991459e+01,1.000000000000000000e+00
1.213827101865017511e-03,3.966721450667066474e-03,1.177110047962127481e+00,-7.113191346622127931e+00,2.000000000000000000e+01,6.808115773288095363e-02,0.000000000000000000e+00,0.000000000000000000e+00,0.000000000000000000e+00,0.000000000000000000e+00,0.000000000000000000e+00,0.000000000000000000e+00,9.400000000000000000e+01,7.565921977920892232e+02,3.445403709276930613e+02,2.114500000000000000e+06,1.603199999999999903e-01,-6.907716899999739724e+01,1.000000000000000000e+00
1.397783862670964709e-03,3.823193844057107965e-03,1.233340426371639875e+00,-7.191854498532373796e+00,2.000000000000000000e+01,6.758107581912245476e-02,0.000000000000000000e+00,0.000000000000000000e+00,0.000000000000000000e+00,0.000000000000000000e+00,0.000000000000000000e+00,0.000000000000000000e+00,9.500000000000000000e+01,7.540867490379339415e+02,3.463488393121868398e+02,2.114400000000000000e+06,1.332500000000000073e-01,-5.153960000000047614e+01,1.000000000000000000e+00
1.358973159358926094e-03,4.371737472269415087e-03,1.149416391875323518e+00,-7.861656930154740763e+00,2.000000000000000000e+01,6.127351873927774223e-02,0.000000000000000000e+00,0.000000000000000000e+00,0.000000000000000000e+00,0.000000000000000000e+00,0.000000000000000000e+00,0.000000000000000000e+00,9.600000000000000000e+01,7.477704391883906965e+02,3.467345244918026310e+02,2.114200000000000000e+06,1.410299999999999887e-01,-5.739891300000116559e+01,1.000000000000000000e+00
1.279025960407009169e-03,3.948160301067849508e-03,1.214305273985738731e+00,-6.231089498027912121e+00,2.000000000000000000e+01,6.792059177593025299e-02,0.000000000000000000e+00,0.000000000000000000e+00,0.000000000000000000e+00,0.000000000000000000e+00,0.000000000000000000e+00,0.000000000000000000e+00,9.700000000000000000e+01,8.169406286433182913e+02,3.381002322058470781e+02,2.114800000000000000e+06,1.352200000000000069e-01,-5.041889999999925465e+01,1.000000000000000000e+00
1.373841556752849980e-03,3.727187817029893255e-03,1.344799626176246488e+00,-7.401615024214114769e+00,2.000000000000000000e+01,6.514838516395760060e-02,0.000000000000000000e+00,0.000000000000000000e+00,0.000000000000000000e+00,0.000000000000000000e+00,0.000000000000000000e+00,0.000000000000000000e+00,9.800000000000000000e+01,8.154267844813327883e+02,3.388032072352797286e+02,2.114900000000000000e+06,1.376499999999999946e-01,-5.253119999999866252e+01,1.000000000000000000e+00
1.286004421007168677e-03,3.944653082410268935e-03,1.177357639619699858e+00,-7.007366272514714112e+00,2.000000000000000000e+01,6.782301623851809402e-02,0.000000000000000000e+00,0.000000000000000000e+00,0.000000000000000000e+00,0.000000000000000000e+00,0.000000000000000000e+00,0.000000000000000000e+00,9.900000000000000000e+01,7.950292152650268918e+02,3.414675860398975829e+02,2.114600000000000000e+06,1.451900000000000135e-01,-6.061393800000134036e+01,1.000000000000000000e+00
1.361530775980314628e-03,3.850756576126469766e-03,1.292288686172716305e+00,-7.276724370562443589e+00,2.000000000000000000e+01,6.256753398982202452e-02,0.000000000000000000e+00,0.000000000000000000e+00,0.000000000000000000e+00,0.000000000000000000e+00,0.000000000000000000e+00,0.000000000000000000e+00,1.000000000000000000e+02,8.043704420044056178e+02,3.395078975820870824e+02,2.114700000000000000e+06,1.359700000000000075e-01,-5.050770200000128085e+01,1.000000000000000000e+00
1.345148607463939831e-03,3.687214933925259900e-03,1.214337701148354931e+00,-7.832298602546452493e+00,2.000000000000000000e+01,6.796553014434980611e-02,0.000000000000000000e+00,0.000000000000000000e+00,0.000000000000000000e+00,0.000000000000000000e+00,0.000000000000000000e+00,0.000000000000000000e+00,1.010000000000000000e+02,6.345292550109290914e+02,3.601928981920178217e+02,2.113300000000000000e+06,1.538299999999999945e-01,-6.657700499999950239e+01,1.000000000000000000e+00
1.362010814257502223e-03,4.049661195852676497e-03,1.262800343134737657e+00,-7.405633541437584455e+00,2.000000000000000000e+01,6.772588157834416589e-02,0.000000000000000000e+00,0.000000000000000000e+00,0.000000000000000000e+00,0.000000000000000000e+00,0.000000000000000000e+00,0.000000000000000000e+00,1.020000000000000000e+02,6.914738934695986927e+02,3.506562840015865277e+02,2.113900000000000000e+06,1.428399999999999948e-01,-5.393519999999925574e+01,1.000000000000000000e+00
1.336717356751546126e-03,3.728745160168844656e-03,1.179650695326051268e+00,-7.831568855012180919e+00,2.000000000000000000e+01,6.783829095325791259e-02,0.000000000000000000e+00,0.000000000000000000e+00,0.000000000000000000e+00,0.000000000000000000e+00,0.000000000000000000e+00,0.000000000000000000e+00,1.030000000000000000e+02,6.406440407503013148e+02,3.601785780704377089e+02,2.113300000000000000e+06,1.469100000000000128e-01,-6.386451099999909076e+01,1.000000000000000000e+00
1.379048460466438973e-03,3.796930668315436422e-03,1.281973451372492745e+00,-7.485012938823857986e+00,2.000000000000000000e+01,5.914732566024560184e-02,0.000000000000000000e+00,0.000000000000000000e+00,0.000000000000000000e+00,0.000000000000000000e+00,0.000000000000000000e+00,0.000000000000000000e+00,1.040000000000000000e+02,6.271796141229380055e+02,3.608045965503934553e+02,2.113200000000000000e+06,1.426099999999999868e-01,-6.075041700000017642e+01,1.000000000000000000e+00
1.367321002805255495e-03,3.856959953256260034e-03,1.205450071652395261e+00,-7.615687104467523838e+00,2.000000000000000000e+01,6.774042135633892570e-02,0.000000000000000000e+00,0.000000000000000000e+00,0.000000000000000000e+00,0.000000000000000000e+00,0.000000000000000000e+00,0.000000000000000000e+00,1.050000000000000000e+02,6.732731992616488697e+02,3.563386022456502360e+02,2.113600000000000000e+06,1.412599999999999967e-01,-5.900926500000134212e+01,1.000000000000000000e+00
1.336047160154678294e-03,4.000866719775508784e-03,1.197427086647650629e+00,-7.698851861288652287e+00,2.000000000000000000e+01,6.794832328453628834e-02,0.000000000000000000e+00,0.000000000000000000e+00,0.000000000000000000e+00,0.000000000000000000e+00,0.000000000000000000e+00,0.000000000000000000e+00,1.060000000000000000e+02,6.528029886591109516e+02,3.580072323534079715e+02,2.113400000000000000e+06,1.528400000000000036e-01,-6.702216499999943267e+01,1.000000000000000000e+00
1.418532298206959252e-03,3.795435789948162653e-03,1.229655342316446021e+00,-7.634823757234460828e+00,2.000000000000000000e+01,6.751389210059896562e-02,0.000000000000000000e+00,0.000000000000000000e+00,0.000000000000000000e+00,0.000000000000000000e+00,0.000000000000000000e+00,0.000000000000000000e+00,1.070000000000000000e+02,6.636545199518238860e+02,3.567625860862701757e+02,2.113600000000000000e+06,1.310399999999999898e-01,-5.103670000000056461e+01,1.000000000000000000e+00
1.298445223144387367e-03,4.093071532035438484e-03,1.143551637721583525e+00,-7.168642695574956036e+00,2.000000000000000000e+01,6.929891074205211943e-02,0.000000000000000000e+00,0.000000000000000000e+00,0.000000000000000000e+00,0.000000000000000000e+00,0.000000000000000000e+00,0.000000000000000000e+00,1.080000000000000000e+02,6.527342834032400560e+02,3.587289439377281610e+02,2.113400000000000000e+06,1.454400000000000137e-01,-6.417940000000200484e+01,1.000000000000000000e+00
1.266943245260399422e-03,3.842564737986027459e-03,1.080952829843065732e+00,-8.256032986615135627e+00,2.000000000000000000e+01,6.054989944016287567e-02,0.000000000000000000e+00,0.000000000000000000e+00,0.000000000000000000e+00,0.000000000000000000e+00,0.000000000000000000e+00,0.000000000000000000e+00,1.090000000000000000e+02,7.921506674407778519e+02,3.444775909941867553e+02,2.114300000000000000e+06,1.617699999999999971e-01,-6.663675200000105292e+01,1.000000000000000000e+00
1.442732812577453630e-03,3.560279752574420278e-03,1.146596430406854106e+00,-7.544892273741493405e+00,2.000000000000000000e+01,7.237280943624498086e-02,0.000000000000000000e+00,0.000000000000000000e+00,0.000000000000000000e+00,0.000000000000000000e+00,0.000000000000000000e+00,0.000000000000000000e+00,1.100000000000000000e+02,6.827524636446141812e+02,3.561330545965132046e+02,2.113700000000000000e+06,1.444199999999999928e-01,-6.215279000000094811e+01,1.000000000000000000e+00
1.320823114577505085e-03,3.817133333997522245e-03,1.221843005461059839e+00,-7.224719084484212850e+00,2.000000000000000000e+01,6.764059483953252516e-02,0.000000000000000000e+00,0.000000000000000000e+00,0.000000000000000000e+00,0.000000000000000000e+00,0.000000000000000000e+00,0.000000000000000000e+00,1.110000000000000000e+02,7.322756191602368290e+02,3.469831041919893551e+02,2.114300000000000000e+06,1.378300000000000081e-01,-5.204700599999880239e+01,1.000000000000000000e+00
1.301644472792322024e-03,4.019058623009454621e-03,1.075975132717815308e+00,-8.389017524784792457e+00,2.000000000000000000e+01,6.826583082415138559e-02,0.000000000000000000e+00,0.000000000000000000e+00,0.000000000000000000e+00,0.000000000000000000e+00,0.000000000000000000e+00,0.000000000000000000e+00,1.120000000000000000e+02,6.502952468198163842e+02,3.588541301557868906e+02,2.113400000000000000e+06,1.555999999999999883e-01,-6.963358400000117854e+01,1.000000000000000000e+00
1.200127139272764380e-03,3.917094856053632800e-03,1.129439664655095710e+00,-7.900511661375960060e+00,2.000000000000000000e+01,7.634682074555211584e-02,0.000000000000000000e+00,0.000000000000000000e+00,0.000000000000000000e+00,0.000000000000000000e+00,0.000000000000000000e+00,0.000000000000000000e+00,1.130000000000000000e+02,6.622499613413851876e+02,3.577207610698268923e+02,2.113400000000000000e+06,1.392700000000000049e-01,-5.922649200000003589e+01,1.000000000000000000e+00
1.373474778011733342e-03,3.652172042732518449e-03,1.166699289777810788e+00,-6.984909094773892768e+00,2.000000000000000000e+01,7.225631676306508433e-02,0.000000000000000000e+00,0.000000000000000000e+00,0.000000000000000000e+00,0.000000000000000000e+00,0.000000000000000000e+00,0.000000000000000000e+00,1.140000000000000000e+02,6.779107767860289187e+02,3.562134561677945612e+02,2.113600000000000000e+06,1.393199999999999994e-01,-5.985250000000146287e+01,1.000000000000000000e+00
1.773130752324305216e-03,4.017658957022048755e-03,1.137816495311452680e+00,-6.422790565000010332e+00,2.000000000000000000e+01,7.950273938249513561e-02,0.000000000000000000e+00,0.000000000000000000e+00,0.000000000000000000e+00,0.000000000000000000e+00,0.000000000000000000e+00,0.000000000000000000e+00,1.150000000000000000e+02,6.482703465600801565e+02,3.593173725535883705e+02,2.113300000000000000e+06,1.510100000000000053e-01,-6.596909999999931529e+01,1.000000000000000000e+00
1.338802999128958001e-03,3.865508892038007835e-03,1.147798408010643367e+00,-7.830756660024642102e+00,2.000000000000000000e+01,6.792176749318570850e-02,0.000000000000000000e+00,0.000000000000000000e+00,0.000000000000000000e+00,0.000000000000000000e+00,0.000000000000000000e+00,0.000000000000000000e+00,1.160000000000000000e+02,6.473771756093854037e+02,3.601626831069218042e+02,2.113300000000000000e+06,1.507900000000000074e-01,-7.038624100000113515e+01,1.000000000000000000e+00
1.341081102347161606e-03,3.890980275110238022e-03,1.191902557996622480e+00,-7.549741148488664066e+00,2.000000000000000000e+01,6.792499407547744616e-02,0.000000000000000000e+00,0.000000000000000000e+00,0.000000000000000000e+00,0.000000000000000000e+00,0.000000000000000000e+00,0.000000000000000000e+00,1.170000000000000000e+02,6.882488356789858699e+02,3.546947479198229303e+02,2.113700000000000000e+06,1.509399999999999908e-01,-6.597720000000160212e+01,1.000000000000000000e+00
1.351436479333036067e-03,4.054185297464275514e-03,1.184817277184011308e+00,-7.348108442134508422e+00,2.000000000000000000e+01,6.749570269204777095e-02,0.000000000000000000e+00,0.000000000000000000e+00,0.000000000000000000e+00,0.000000000000000000e+00,0.000000000000000000e+00,0.000000000000000000e+00,1.180000000000000000e+02,7.137319742036868320e+02,3.493059508265902195e+02,2.114000000000000000e+06,1.296200000000000130e-01,-5.088729000000064673e+01,1.000000000000000000e+00
1.274978336995509368e-03,3.600042432509226262e-03,1.209515078976625135e+00,-7.652939805332128920e+00,2.000000000000000000e+01,6.713353883274963962e-02,0.000000000000000000e+00,0.000000000000000000e+00,0.000000000000000000e+00,0.000000000000000000e+00,0.000000000000000000e+00,0.000000000000000000e+00,1.190000000000000000e+02,6.876325133741735272e+02,3.560085339784672556e+02,2.113600000000000000e+06,1.359599999999999975e-01,-5.684594200000171327e+01,1.000000000000000000e+00
1.155282163261947895e-03,4.164802546471805741e-03,1.005476195890008029e+00,-7.021221402753131002e+00,2.000000000000000000e+01,6.924742833096385330e-02,0.000000000000000000e+00,0.000000000000000000e+00,0.000000000000000000e+00,0.000000000000000000e+00,0.000000000000000000e+00,0.000000000000000000e+00,1.200000000000000000e+02,6.179387028998964979e+02,3.612351739880573405e+02,2.113200000000000000e+06,1.442700000000000093e-01,-6.086340000000103601e+01,1.000000000000000000e+00
1.330653375663814293e-03,3.842758339160758010e-03,1.196471844105102544e+00,-7.895863061481312783e+00,2.000000000000000000e+01,6.795452757720255033e-02,0.000000000000000000e+00,0.000000000000000000e+00,0.000000000000000000e+00,0.000000000000000000e+00,0.000000000000000000e+00,0.000000000000000000e+00,1.210000000000000000e+02,6.152609905064236955e+02,3.615807957061346656e+02,2.113100000000000000e+06,1.528799999999999881e-01,-6.694980299999869544e+01,1.000000000000000000e+00
1.428215493810523111e-03,4.341233959096611056e-03,1.066355264992664642e+00,-8.844138392963202477e+00,2.000000000000000000e+01,6.538428889043845782e-02,0.000000000000000000e+00,0.000000000000000000e+00,0.000000000000000000e+00,0.000000000000000000e+00,0.000000000000000000e+00,0.000000000000000000e+00,1.220000000000000000e+02,4.711122534330842768e+02,3.886029162826425818e+02,2.110900000000000000e+06,1.549399999999999944e-01,-7.263058600000050546e+01,1.000000000000000000e+00
1.492861786258426480e-03,4.332089606504416907e-03,1.384566174819263695e+00,-7.663543888335205168e+00,2.000000000000000000e+01,7.801824442422777839e-02,0.000000000000000000e+00,0.000000000000000000e+00,0.000000000000000000e+00,0.000000000000000000e+00,0.000000000000000000e+00,0.000000000000000000e+00,1.230000000000000000e+02,5.225952323682392944e+02,3.779805152340125574e+02,2.111900000000000000e+06,1.243299999999999961e-01,-5.322202199999950523e+01,1.000000000000000000e+00
1.960374468460254933e-03,2.896883545322168334e-03,7.205196525016426268e-01,1.869606916068293767e+00,2.000000000000000000e+01,6.570911176481486482e-02,0.000000000000000000e+00,0.000000000000000000e+00,0.000000000000000000e+00,0.000000000000000000e+00,0.000000000000000000e+00,0.000000000000000000e+00,1.240000000000000000e+02,3.581548749844080703e+03,1.397766899585890030e+02,2.120500000000000000e+06,2.932000000000000162e-01,-7.896482999998586365e+02,1.000000000000000000e+00
1.378388116216580118e-03,3.997144590282707480e-03,1.099719006945496735e+00,-7.554549533292337138e+00,2.000000000000000000e+01,6.985382924793298587e-02,0.000000000000000000e+00,0.000000000000000000e+00,0.000000000000000000e+00,0.000000000000000000e+00,0.000000000000000000e+00,0.000000000000000000e+00,1.250000000000000000e+02,5.282636660614261928e+02,3.775623067866022211e+02,2.111900000000000000e+06,1.306900000000000006e-01,-5.651641500000073393e+01,1.000000000000000000e+00
1.258067393649285560e-03,3.496485774800343373e-03,1.258285918574188589e+00,-7.448538862587427367e+00,2.000000000000000000e+01,7.001741769157017459e-02,0.000000000000000000e+00,0.000000000000000000e+00,0.000000000000000000e+00,0.000000000000000000e+00,0.000000000000000000e+00,0.000000000000000000e+00,1.260000000000000000e+02,5.063143504969912101e+02,3.798778321146123744e+02,2.111700000000000000e+06,1.359899999999999998e-01,-5.685149999999892856e+01,1.000000000000000000e+00
1.312913321895881448e-03,3.899754475554001627e-03,1.107729106246183148e+00,-8.533315645574846897e+00,2.000000000000000000e+01,6.763032329281207233e-02,0.000000000000000000e+00,0.000000000000000000e+00,0.000000000000000000e+00,0.000000000000000000e+00,0.000000000000000000e+00,0.000000000000000000e+00,1.270000000000000000e+02,5.336900493733850226e+02,3.769931003684740176e+02,2.112000000000000000e+06,1.363499999999999990e-01,-6.197407199999840088e+01,1.000000000000000000e+00
1.420220648256310426e-03,3.831803521281935097e-03,9.952224661088117097e-01,-4.122599711218927432e+00,2.000000000000000000e+01,7.345726719857903486e-02,0.000000000000000000e+00,0.000000000000000000e+00,0.000000000000000000e+00,0.000000000000000000e+00,0.000000000000000000e+00,0.000000000000000000e+00,1.280000000000000000e+02,1.815949636648343130e+03,2.578822852709450899e+02,2.119200000000000000e+06,3.242700000000000027e-01,-3.248205000000203881e+02,1.000000000000000000e+00
1.503549887890200890e-03,3.567668910579817679e-03,1.174761697893106138e+00,-3.778753711620580269e+00,2.000000000000000000e+01,6.793917561151380236e-02,0.000000000000000000e+00,0.000000000000000000e+00,0.000000000000000000e+00,0.000000000000000000e+00,0.000000000000000000e+00,0.000000000000000000e+00,1.290000000000000000e+02,1.778424129825485579e+03,2.607553943174045230e+02,2.118900000000000000e+06,1.433099999999999929e-01,-6.898300799999820754e+01,1.000000000000000000e+00
1.152906465648917628e-03,3.536084520761621428e-03,1.222311756102547609e+00,-3.786931856570411981e+00,2.000000000000000000e+01,8.615245689274252106e-02,0.000000000000000000e+00,0.000000000000000000e+00,0.000000000000000000e+00,0.000000000000000000e+00,0.000000000000000000e+00,0.000000000000000000e+00,1.300000000000000000e+02,1.764233636516361912e+03,2.609434080729466245e+02,2.119000000000000000e+06,2.649900000000000033e-01,-1.913951059999881181e+02,1.000000000000000000e+00
3.129280757284396558e-03,3.075716572770727589e-03,1.248458928261489520e+00,2.591030927191645183e+00,2.000000000000000000e+01,7.093962801179282129e-02,0.000000000000000000e+00,0.000000000000000000e+00,0.000000000000000000e+00,0.000000000000000000e+00,0.000000000000000000e+00,0.000000000000000000e+00,1.310000000000000000e+02,4.819816199225871060e+03,1.381831104201753817e+02,2.119700000000000000e+06,9.610800000000000454e-01,-2.746636200000129975e+03,1.000000000000000000e+00
3.514753976010134059e-03,4.415126747643533141e-03,6.423533116878368254e-01,2.416654087651228355e+00,2.000000000000000000e+01,6.481144736220374736e-02,0.000000000000000000e+00,0.000000000000000000e+00,0.000000000000000000e+00,0.000000000000000000e+00,0.000000000000000000e+00,0.000000000000000000e+00,1.320000000000000000e+02,4.672072728420701424e+03,1.381834771173181480e+02,2.120100000000000000e+06,4.614599999999999813e-01,-2.134055500000098618e+03,1.000000000000000000e+00
1.472504071285061968e-03,4.122339698471010234e-03,1.155110309328072127e+00,-7.525163259359268331e+00,2.000000000000000000e+01,6.447001299850758926e-02,0.000000000000000000e+00,0.000000000000000000e+00,0.000000000000000000e+00,0.000000000000000000e+00,0.000000000000000000e+00,0.000000000000000000e+00,1.330000000000000000e+02,4.893805412531738739e+02,3.817264396581520032e+02,2.111500000000000000e+06,1.233899999999999997e-01,-5.063042599999933913e+01,1.000000000000000000e+00
2.247508093504373573e-03,3.960337374958485673e-03,8.593138085693139416e-01,2.637186809531122833e+00,2.000000000000000000e+01,7.103989026417716068e-02,0.000000000000000000e+00,0.000000000000000000e+00,0.000000000000000000e+00,0.000000000000000000e+00,0.000000000000000000e+00,0.000000000000000000e+00,1.340000000000000000e+02,5.400315828494982270e+03,1.381831052350717357e+02,2.119400000000000000e+06,9.896800000000000042e-02,-7.448820299999981387e+01,1.000000000000000000e+00
3.409645690873808459e-03,3.172003469232498839e-03,1.203440185241192451e+00,2.748265156207120086e+00,2.000000000000000000e+01,7.353076147256216999e-02,0.000000000000000000e+00,0.000000000000000000e+00,0.000000000000000000e+00,0.000000000000000000e+00,0.000000000000000000e+00,0.000000000000000000e+00,1.350000000000000000e+02,3.842585723414563290e+03,1.381956512125346705e+02,2.120400000000000000e+06,3.396600000000000175e-01,-5.793349999999503552e+02,1.000000000000000000e+00
1.350059616099673690e-03,3.318482299939580753e-03,1.134963130003042275e+00,-8.582442288097642091e+00,2.000000000000000000e+01,6.863782949347829732e-02,0.000000000000000000e+00,0.000000000000000000e+00,0.000000000000000000e+00,0.000000000000000000e+00,0.000000000000000000e+00,0.000000000000000000e+00,1.360000000000000000e+02,5.130836680172757269e+02,3.803838757588127351e+02,2.111600000000000000e+06,1.305900000000000116e-01,-5.503919999999857282e+01,1.000000000000000000e+00
3.045904619628814290e-03,3.132713972672346824e-03,1.005657764210633909e+00,3.101681754468061047e+00,2.000000000000000000e+01,6.185703262966991967e-02,0.000000000000000000e+00,0.000000000000000000e+00,0.000000000000000000e+00,0.000000000000000000e+00,0.000000000000000000e+00,0.000000000000000000e+00,1.370000000000000000e+02,3.830553625528484645e+03,1.382344389947924128e+02,2.120500000000000000e+06,4.484799999999999898e-01,-1.005727999999994154e+03,1.000000000000000000e+00
3.554848713313256327e-03,2.803683173223381776e-03,1.397373112836362896e+00,2.364056837716447479e+00,2.000000000000000000e+01,7.196796407749483926e-02,0.000000000000000000e+00,0.000000000000000000e+00,0.000000000000000000e+00,0.000000000000000000e+00,0.000000000000000000e+00,0.000000000000000000e+00,1.380000000000000000e+02,3.830553625528484645e+03,1.382344389947924128e+02,2.120500000000000000e+06,4.484799999999999898e-01,-1.005727999999994154e+03,1.000000000000000000e+00
4.060187170449926566e-03,3.578517210692236904e-03,1.352070323197787971e+00,2.202665606915628960e+00,2.000000000000000000e+01,7.468981729963933280e-02,0.000000000000000000e+00,0.000000000000000000e+00,0.000000000000000000e+00,0.000000000000000000e+00,0.000000000000000000e+00,0.000000000000000000e+00,1.390000000000000000e+02,3.830553625528484645e+03,1.382344389947924128e+02,2.120500000000000000e+06,4.484799999999999898e-01,-1.005727999999994154e+03,1.000000000000000000e+00
1.314153025364992204e-03,3.870171984879658238e-03,1.119864334634080194e+00,-8.832120367695988961e+00,2.000000000000000000e+01,6.765990899364178468e-02,0.000000000000000000e+00,0.000000000000000000e+00,0.000000000000000000e+00,0.000000000000000000e+00,0.000000000000000000e+00,0.000000000000000000e+00,1.400000000000000000e+02,4.953253376093345537e+02,3.825754134780777349e+02,2.111400000000000000e+06,1.387799999999999867e-01,-6.272160000000118885e+01,1.000000000000000000e+00
3.554848713313256327e-03,2.803683173223381776e-03,1.397373112836362896e+00,2.364056837716447479e+00,2.000000000000000000e+01,7.196796407749483926e-02,0.000000000000000000e+00,0.000000000000000000e+00,0.000000000000000000e+00,0.000000000000000000e+00,0.000000000000000000e+00,0.000000000000000000e+00,1.410000000000000000e+02,3.701393025203388333e+03,1.384696134429423182e+02,2.120700000000000000e+06,5.845900000000000540e-01,-1.399366500000184715e+03,1.000000000000000000e+00
1.275087139791621256e-03,3.783619430003800146e-03,1.331099794360917965e+00,-4.649173572862629555e+00,2.000000000000000000e+01,7.288519837732171380e-02,0.000000000000000000e+00,0.000000000000000000e+00,0.000000000000000000e+00,0.000000000000000000e+00,0.000000000000000000e+00,0.000000000000000000e+00,1.420000000000000000e+02,1.547741736103132780e+03,2.761784206820606187e+02,2.118300000000000000e+06,1.523599999999999954e-01,-6.977236899999954289e+01,1.000000000000000000e+00
1.480530544598304904e-03,3.415621304958223799e-03,1.246472762201602524e+00,-4.427687766119151824e+00,2.000000000000000000e+01,6.802262091403619981e-02,0.000000000000000000e+00,0.000000000000000000e+00,0.000000000000000000e+00,0.000000000000000000e+00,0.000000000000000000e+00,0.000000000000000000e+00,1.430000000000000000e+02,1.519439230820316652e+03,2.771145122295729948e+02,2.118300000000000000e+06,1.486000000000000099e-01,-6.600367900000128429e+01,1.000000000000000000e+00
1.515269223002186239e-03,3.307533882109820605e-03,1.277405382606279893e+00,-4.458386362350382548e+00,2.000000000000000000e+01,6.768921829507852650e-02,0.000000000000000000e+00,0.000000000000000000e+00,0.000000000000000000e+00,0.000000000000000000e+00,0.000000000000000000e+00,0.000000000000000000e+00,1.440000000000000000e+02,1.499899764517498625e+03,2.785059174993585316e+02,2.118200000000000000e+06,1.641499999999999904e-01,-7.346432699999692773e+01,1.000000000000000000e+00
2.360153203421552857e-03,2.785917745792839111e-03,7.354005781266078623e-01,1.865033900212505591e+00,2.000000000000000000e+01,5.407803574883185416e-02,0.000000000000000000e+00,0.000000000000000000e+00,0.000000000000000000e+00,0.000000000000000000e+00,0.000000000000000000e+00,0.000000000000000000e+00,1.450000000000000000e+02,3.800706198481492265e+03,1.386429309071504861e+02,2.120200000000000000e+06,2.262599999999999889e-01,-4.585900159999659991e+02,1.000000000000000000e+00
1.193047416591028415e-03,3.655373151529757881e-03,1.305778226674123577e+00,-5.339239590921756928e+00,2.000000000000000000e+01,6.712041077111147169e-02,0.000000000000000000e+00,0.000000000000000000e+00,0.000000000000000000e+00,0.000000000000000000e+00,0.000000000000000000e+00,0.000000000000000000e+00,1.460000000000000000e+02,1.329905322537925031e+03,2.945670679329099357e+02,2.117500000000000000e+06,1.429400000000000115e-01,-6.598949999999989302e+01,1.000000000000000000e+00
1.377721717011115565e-03,4.287869950456987996e-03,1.154940297641023905e+00,-8.755696149640060710e+00,2.000000000000000000e+01,6.740448180967147096e-02,0.000000000000000000e+00,0.000000000000000000e+00,0.000000000000000000e+00,0.000000000000000000e+00,0.000000000000000000e+00,0.000000000000000000e+00,1.470000000000000000e+02,5.306762720246490517e+02,3.813393489573668944e+02,2.111400000000000000e+06,1.302099999999999924e-01,-5.355787800000098997e+01,1.000000000000000000e+00
1.347018427866007555e-03,3.523123371870428948e-03,1.184503585309117257e+00,-4.553081868372031771e+00,2.000000000000000000e+01,6.811016305878081489e-02,0.000000000000000000e+00,0.000000000000000000e+00,0.000000000000000000e+00,0.000000000000000000e+00,0.000000000000000000e+00,0.000000000000000000e+00,1.480000000000000000e+02,1.487435852446108811e+03,2.809790920361980398e+02,2.118100000000000000e+06,1.546700000000000019e-01,-7.062769999999727588e+01,1.000000000000000000e+00
1.517513470964414451e-03,3.744222808825624707e-03,1.133669765254335937e+00,-4.376924521364619736e+00,2.000000000000000000e+01,7.360338070912350594e-02,0.000000000000000000e+00,0.000000000000000000e+00,0.000000000000000000e+00,0.000000000000000000e+00,0.000000000000000000e+00,0.000000000000000000e+00,1.490000000000000000e+02,1.491351513159164142e+03,2.803002764546099002e+02,2.118100000000000000e+06,1.631100000000000050e-01,-7.342919999999931235e+01,1.000000000000000000e+00
1.307854837255673650e-03,3.998675501020953170e-03,1.078474217808748969e+00,-8.141732239331798127e+00,2.000000000000000000e+01,6.962867187148250037e-02,0.000000000000000000e+00,0.000000000000000000e+00,0.000000000000000000e+00,0.000000000000000000e+00,0.000000000000000000e+00,0.000000000000000000e+00,1.500000000000000000e+02,6.255325168135940430e+02,3.614471467381754337e+02,2.113100000000000000e+06,1.594500000000000084e-01,-7.477473099999785688e+01,1.000000000000000000e+00
1.356458601223251145e-03,4.003939442446822865e-03,1.176846002195760743e+00,-7.840921773136347639e+00,2.000000000000000000e+01,6.794791051738498233e-02,0.000000000000000000e+00,0.000000000000000000e+00,0.000000000000000000e+00,0.000000000000000000e+00,0.000000000000000000e+00,0.000000000000000000e+00,1.510000000000000000e+02,6.362144083670268628e+02,3.603648870058544844e+02,2.113200000000000000e+06,1.539999999999999980e-01,-7.010519999999928586e+01,1.000000000000000000e+00
1.346601272791925121e-03,3.840681340984719062e-03,1.177881576671562236e+00,-7.834817860743022777e+00,2.000000000000000000e+01,6.782829267108220206e-02,0.000000000000000000e+00,0.000000000000000000e+00,0.000000000000000000e+00,0.000000000000000000e+00,0.000000000000000000e+00,0.000000000000000000e+00,1.520000000000000000e+02,6.392699315953861969e+02,3.602426159938275418e+02,2.113300000000000000e+06,1.469600000000000073e-01,-6.443149999999771183e+01,1.000000000000000000e+00
1.273024278882836516e-03,3.905451162052090384e-03,1.100070999274659123e+00,-7.568242388781325936e+00,2.000000000000000000e+01,6.303043289490785350e-02,0.000000000000000000e+00,0.000000000000000000e+00,0.000000000000000000e+00,0.000000000000000000e+00,0.000000000000000000e+00,0.000000000000000000e+00,1.530000000000000000e+02,5.374986017057176468e+02,3.719346373359211384e+02,2.112300000000000000e+06,1.393899999999999861e-01,-5.833982199999900331e+01,1.000000000000000000e+00
1.386817055033790283e-03,4.261627716640304861e-03,1.065846880153140663e+00,-8.340170856545855216e+00,2.000000000000000000e+01,6.816868298232492407e-02,0.000000000000000000e+00,0.000000000000000000e+00,0.000000000000000000e+00,0.000000000000000000e+00,0.000000000000000000e+00,0.000000000000000000e+00,1.540000000000000000e+02,5.410354447700815399e+02,3.718560621472119010e+02,2.112400000000000000e+06,1.463599999999999901e-01,-6.180452999999917552e+01,1.000000000000000000e+00
1.264827700315302545e-03,3.816027394581203696e-03,1.175940026451664844e+00,-8.139356887303785371e+00,2.000000000000000000e+01,6.781345625809220845e-02,0.000000000000000000e+00,0.000000000000000000e+00,0.000000000000000000e+00,0.000000000000000000e+00,0.000000000000000000e+00,0.000000000000000000e+00,1.550000000000000000e+02,5.564896706943753770e+02,3.682386814984782291e+02,2.112700000000000000e+06,1.469000000000000028e-01,-6.067831300000096206e+01,1.000000000000000000e+00
1.321733419213340539e-03,2.930582154966870218e-03,1.170473903212199129e+00,-8.743497895628003391e+00,2.000000000000000000e+01,6.767852301698103201e-02,0.000000000000000000e+00,0.000000000000000000e+00,0.000000000000000000e+00,0.000000000000000000e+00,0.000000000000000000e+00,0.000000000000000000e+00,1.560000000000000000e+02,5.471128195152217586e+02,3.691975193311860721e+02,2.112600000000000000e+06,1.409299999999999997e-01,-5.641906499999812752e+01,1.000000000000000000e+00
1.349349687306286225e-03,3.594031685268233352e-03,1.237715063775625346e+00,-7.932609514328647471e+00,2.000000000000000000e+01,6.175410341391233959e-02,0.000000000000000000e+00,0.000000000000000000e+00,0.000000000000000000e+00,0.000000000000000000e+00,0.000000000000000000e+00,0.000000000000000000e+00,1.570000000000000000e+02,6.519785255886579307e+02,3.593000456035845787e+02,2.113400000000000000e+06,1.452299999999999980e-01,-6.449847600000070713e+01,1.000000000000000000e+00
2.220670819327468827e-03,3.527665309173230995e-03,9.993593286857329616e-01,-1.504519045297261215e-01,2.000000000000000000e+01,6.771527191046532168e-02,0.000000000000000000e+00,0.000000000000000000e+00,0.000000000000000000e+00,0.000000000000000000e+00,0.000000000000000000e+00,0.000000000000000000e+00,1.580000000000000000e+02,3.477471774784443369e+03,1.721133307879502468e+02,2.120600000000000000e+06,1.237800000000000011e-01,-1.019434410000031335e+02,1.000000000000000000e+00
1.445508692905859505e-03,3.601780353519230989e-03,1.226228723821896738e+00,-5.449978534428207233e+00,2.000000000000000000e+01,6.801202638952130730e-02,0.000000000000000000e+00,0.000000000000000000e+00,0.000000000000000000e+00,0.000000000000000000e+00,0.000000000000000000e+00,0.000000000000000000e+00,1.590000000000000000e+02,1.245014009920768103e+03,3.036632268584617123e+02,2.117000000000000000e+06,1.504699999999999926e-01,-6.733539999999820225e+01,1.000000000000000000e+00
1.474623689255497505e-03,3.854175981502099262e-03,1.280258207361626654e+00,-5.270569281051209920e+00,2.000000000000000000e+01,7.332989716089864662e-02,0.000000000000000000e+00,0.000000000000000000e+00,0.000000000000000000e+00,0.000000000000000000e+00,0.000000000000000000e+00,0.000000000000000000e+00,1.600000000000000000e+02,1.249578775900663913e+03,3.027818223493515575e+02,2.117100000000000000e+06,1.496200000000000030e-01,-6.749596099999949672e+01,1.000000000000000000e+00
1.363464865936783212e-03,3.716096343724010521e-03,1.187840353939310534e+00,-5.361570669930925348e+00,2.000000000000000000e+01,6.804308429767554067e-02,0.000000000000000000e+00,0.000000000000000000e+00,0.000000000000000000e+00,0.000000000000000000e+00,0.000000000000000000e+00,0.000000000000000000e+00,1.610000000000000000e+02,1.259368213519391475e+03,3.017250928088702153e+02,2.117100000000000000e+06,1.512900000000000078e-01,-6.828579900000070779e+01,1.000000000000000000e+00
1.334769315935134797e-03,3.744919419939701701e-03,1.182596827416300789e+00,-7.737001573537645172e+00,2.000000000000000000e+01,6.783926022460015637e-02,0.000000000000000000e+00,0.000000000000000000e+00,0.000000000000000000e+00,0.000000000000000000e+00,0.000000000000000000e+00,0.000000000000000000e+00,1.620000000000000000e+02,6.564080861724946772e+02,3.586212480009854744e+02,2.113500000000000000e+06,1.473299999999999887e-01,-6.381300000000128136e+01,1.000000000000000000e+00
1.341700531960954811e-03,3.838526285573062250e-03,1.177481343029858962e+00,-7.717365320148933172e+00,2.000000000000000000e+01,6.782825330600328329e-02,0.000000000000000000e+00,0.000000000000000000e+00,0.000000000000000000e+00,0.000000000000000000e+00,0.000000000000000000e+00,0.000000000000000000e+00,1.630000000000000000e+02,6.619731955486694233e+02,3.583171176753018585e+02,2.113500000000000000e+06,1.464000000000000024e-01,-6.387872400000003381e+01,1.000000000000000000e+00
1.355594135901294454e-03,3.403491311079797580e-03,1.508835992304590423e+00,-4.753316777216767264e+00,2.000000000000000000e+01,5.993095623491806467e-02,0.000000000000000000e+00,0.000000000000000000e+00,0.000000000000000000e+00,0.000000000000000000e+00,0.000000000000000000e+00,0.000000000000000000e+00,1.640000000000000000e+02,1.294327834657252879e+03,2.984160335522471428e+02,2.117300000000000000e+06,2.323500000000000010e-01,-1.262976000000067813e+02,1.000000000000000000e+00
1.261187777594865002e-03,4.121933021732090453e-03,1.148788556201717492e+00,-8.281745370397104011e+00,2.000000000000000000e+01,7.013064195686868896e-02,0.000000000000000000e+00,0.000000000000000000e+00,0.000000000000000000e+00,0.000000000000000000e+00,0.000000000000000000e+00,0.000000000000000000e+00,1.650000000000000000e+02,5.936186441067002306e+02,3.626261275918981255e+02,2.113100000000000000e+06,1.611899999999999999e-01,-6.995894400000183566e+01,1.000000000000000000e+00
1.753574849204006308e-03,3.779270981658270235e-03,1.335764447494667939e+00,-7.468823476746996981e+00,2.000000000000000000e+01,6.602139307381413302e-02,0.000000000000000000e+00,0.000000000000000000e+00,0.000000000000000000e+00,0.000000000000000000e+00,0.000000000000000000e+00,0.000000000000000000e+00,1.660000000000000000e+02,6.080812279706423169e+02,3.619608879144739717e+02,2.113100000000000000e+06,1.391600000000000059e-01,-5.517635900000125559e+01,1.000000000000000000e+00
1.273233033321352322e-03,3.859158057561282683e-03,1.135855901061467943e+00,-8.169402100485955387e+00,2.000000000000000000e+01,6.794405495606890832e-02,0.000000000000000000e+00,0.000000000000000000e+00,0.000000000000000000e+00,0.000000000000000000e+00,0.000000000000000000e+00,0.000000000000000000e+00,1.670000000000000000e+02,5.683759245409248706e+02,3.689066009957211918e+02,2.112700000000000000e+06,1.522799999999999987e-01,-7.026904800000109219e+01,1.000000000000000000e+00
1.235522368890895010e-03,3.798828721082123452e-03,1.287351866701263114e+00,-8.028520418099551748e+00,2.000000000000000000e+01,5.659202767887069885e-02,0.000000000000000000e+00,0.000000000000000000e+00,0.000000000000000000e+00,0.000000000000000000e+00,0.000000000000000000e+00,0.000000000000000000e+00,1.680000000000000000e+02,5.731510380804345459e+02,3.685279255913417842e+02,2.112700000000000000e+06,1.537699999999999900e-01,-6.637400000000032207e+01,1.000000000000000000e+00
1.496018172649965505e-03,3.760870877949029807e-03,1.313768176515163644e+00,-6.572842613818823843e+00,2.000000000000000000e+01,7.195596991092848005e-02,0.000000000000000000e+00,0.000000000000000000e+00,0.000000000000000000e+00,0.000000000000000000e+00,0.000000000000000000e+00,0.000000000000000000e+00,1.690000000000000000e+02,1.045995182543119427e+03,3.214553779857399718e+02,2.115900000000000000e+06,1.586799999999999877e-01,-6.828779999999966321e+01,1.000000000000000000e+00
1.357762325492586648e-03,3.810210246582275070e-03,1.265743091104262419e+00,-5.567901349456690241e+00,2.000000000000000000e+01,6.794564223510057843e-02,0.000000000000000000e+00,0.000000000000000000e+00,0.000000000000000000e+00,0.000000000000000000e+00,0.000000000000000000e+00,0.000000000000000000e+00,1.700000000000000000e+02,1.171857481185176766e+03,3.058579248748573605e+02,2.116800000000000000e+06,1.493599999999999928e-01,-5.907343500000089875e+01,1.000000000000000000e+00
1.205381723637615485e-03,3.345763852160059393e-03,1.323575621828376514e+00,-5.411461266384510971e+00,2.000000000000000000e+01,6.602642915792689138e-02,0.000000000000000000e+00,0.000000000000000000e+00,0.000000000000000000e+00,0.000000000000000000e+00,0.000000000000000000e+00,0.000000000000000000e+00,1.710000000000000000e+02,1.130160850268883678e+03,3.080798341916196250e+02,2.116700000000000000e+06,1.366199999999999914e-01,-5.149953899999916018e+01,1.000000000000000000e+00
2.247508093504373573e-03,3.960337374958485673e-03,8.593138085693139416e-01,2.637186809531122833e+00,2.000000000000000000e+01,7.103989026417716068e-02,0.000000000000000000e+00,0.000000000000000000e+00,0.000000000000000000e+00,0.000000000000000000e+00,0.000000000000000000e+00,0.000000000000000000e+00,1.720000000000000000e+02,5.239215020912459295e+03,1.381968704299822264e+02,2.119500000000000000e+06,7.219499999999999806e-01,-2.102170382000379959e+03,1.000000000000000000e+00
1.423893321400132930e-03,3.804533994924201752e-03,1.230727824575211793e+00,-6.225521853483100720e+00,2.000000000000000000e+01,6.787500455547851308e-02,0.000000000000000000e+00,0.000000000000000000e+00,0.000000000000000000e+00,0.000000000000000000e+00,0.000000000000000000e+00,0.000000000000000000e+00,1.730000000000000000e+02,1.022911908999755383e+03,3.226436407695236426e+02,2.115900000000000000e+06,1.456500000000000017e-01,-6.251403899999893099e+01,1.000000000000000000e+00
2.245454448557655889e-03,3.436852184781051360e-03,1.001520901633712768e+00,-8.704660522211402629e-01,2.000000000000000000e+01,6.759902791778363285e-02,0.000000000000000000e+00,0.000000000000000000e+00,0.000000000000000000e+00,0.000000000000000000e+00,0.000000000000000000e+00,0.000000000000000000e+00,1.740000000000000000e+02,3.137692730162789303e+03,1.882524430554602475e+02,2.120600000000000000e+06,1.162799999999999945e-01,-9.249358800000175052e+01,1.000000000000000000e+00
1.359696059227620936e-03,3.945694364863826242e-03,1.174262138675744360e+00,-7.789345945329766430e+00,2.000000000000000000e+01,6.790891971060881993e-02,0.000000000000000000e+00,0.000000000000000000e+00,0.000000000000000000e+00,0.000000000000000000e+00,0.000000000000000000e+00,0.000000000000000000e+00,1.750000000000000000e+02,6.505376266656902544e+02,3.594123645041581199e+02,2.113300000000000000e+06,1.500900000000000012e-01,-6.831683100000148556e+01,1.000000000000000000e+00
2.206607365318701258e-03,3.471915656614289747e-03,1.199473307524916654e+00,9.470726309156671796e-01,2.000000000000000000e+01,6.783911231222197746e-02,0.000000000000000000e+00,0.000000000000000000e+00,0.000000000000000000e+00,0.000000000000000000e+00,0.000000000000000000e+00,0.000000000000000000e+00,1.760000000000000000e+02,3.667755955081026059e+03,1.518212681436883145e+02,2.120500000000000000e+06,1.333999999999999908e-01,-8.599982299999882684e+01,1.000000000000000000e+00
1.552456983807889339e-03,4.650072537382869860e-03,1.379611874158364504e+00,-5.349983750549238692e+00,2.000000000000000000e+01,6.489806275436676986e-02,0.000000000000000000e+00,0.000000000000000000e+00,0.000000000000000000e+00,0.000000000000000000e+00,0.000000000000000000e+00,0.000000000000000000e+00,1.770000000000000000e+02,9.946475928755065752e+02,3.255300493516670031e+02,2.115700000000000000e+06,1.265900000000000081e-01,-5.009841900000041193e+01,1.000000000000000000e+00
1.366140764023034354e-03,3.553397021886579594e-03,1.136502799661282870e+00,-6.588264916637179169e+00,2.000000000000000000e+01,6.077615591012830443e-02,0.000000000000000000e+00,0.000000000000000000e+00,0.000000000000000000e+00,0.000000000000000000e+00,0.000000000000000000e+00,0.000000000000000000e+00,1.780000000000000000e+02,9.966399108885877922e+02,3.253130859574626470e+02,2.115700000000000000e+06,1.384599999999999997e-01,-6.078434399999926541e+01,1.000000000000000000e+00
1.363442748329913527e-03,3.709266998114676972e-03,1.186864733624651391e+00,-6.325379265553128683e+00,2.000000000000000000e+01,6.803765448100741742e-02,0.000000000000000000e+00,0.000000000000000000e+00,0.000000000000000000e+00,0.000000000000000000e+00,0.000000000000000000e+00,0.000000000000000000e+00,1.790000000000000000e+02,9.961217397139190552e+02,3.253829127211939749e+02,2.115800000000000000e+06,1.538200000000000123e-01,-7.023941800000048374e+01,1.000000000000000000e+00
1.295761747278044223e-03,3.754921354769682421e-03,1.240250680564098040e+00,-5.686400911813588976e+00,2.000000000000000000e+01,6.374387986789996352e-02,0.000000000000000000e+00,0.000000000000000000e+00,0.000000000000000000e+00,0.000000000000000000e+00,0.000000000000000000e+00,0.000000000000000000e+00,1.800000000000000000e+02,1.007316959314208816e+03,3.236418945168752543e+02,2.115900000000000000e+06,1.574299999999999866e-01,-6.940315199999909623e+01,1.000000000000000000e+00
1.414788627224159052e-03,4.180642373393197476e-03,1.207583535002994424e+00,-5.485456237395734291e+00,2.000000000000000000e+01,7.221015515657658312e-02,0.000000000000000000e+00,0.000000000000000000e+00,0.000000000000000000e+00,0.000000000000000000e+00,0.000000000000000000e+00,0.000000000000000000e+00,1.810000000000000000e+02,1.007385659533087846e+03,3.233232781531784781e+02,2.115900000000000000e+06,1.523700000000000054e-01,-6.616639999999938482e+01,1.000000000000000000e+00
1.376424514739446169e-03,3.730357411698585930e-03,1.209770237788805769e+00,-6.265988147085280957e+00,2.000000000000000000e+01,6.799280639975760487e-02,0.000000000000000000e+00,0.000000000000000000e+00,0.000000000000000000e+00,0.000000000000000000e+00,0.000000000000000000e+00,0.000000000000000000e+00,1.820000000000000000e+02,1.003747486333336838e+03,3.237604929006099610e+02,2.115800000000000000e+06,1.514999999999999958e-01,-6.646128300000053457e+01,1.000000000000000000e+00
1.348511344345498884e-03,3.693172621729653212e-03,1.214858001980347435e+00,-8.304810223659476520e+00,2.000000000000000000e+01,6.808048677433459206e-02,0.000000000000000000e+00,0.000000000000000000e+00,0.000000000000000000e+00,0.000000000000000000e+00,0.000000000000000000e+00,0.000000000000000000e+00,1.830000000000000000e+02,5.571473009893443304e+02,3.714267339981892633e+02,2.112400000000000000e+06,1.628300000000000025e-01,-7.347607800000021427e+01,1.000000000000000000e+00
1.317601561299032486e-03,3.832895586244320675e-03,1.169532794826330768e+00,-8.130566960237457508e+00,2.000000000000000000e+01,6.785371989936561654e-02,0.000000000000000000e+00,0.000000000000000000e+00,0.000000000000000000e+00,0.000000000000000000e+00,0.000000000000000000e+00,0.000000000000000000e+00,1.840000000000000000e+02,5.792659316777923095e+02,3.680333881653626236e+02,2.112700000000000000e+06,1.477400000000000102e-01,-6.497690699999922970e+01,1.000000000000000000e+00
1.366591231592282144e-03,3.148884781940305706e-03,1.337831669184316841e+00,-6.790308229088138248e+00,2.000000000000000000e+01,7.084590913811890378e-02,0.000000000000000000e+00,0.000000000000000000e+00,0.000000000000000000e+00,0.000000000000000000e+00,0.000000000000000000e+00,0.000000000000000000e+00,1.850000000000000000e+02,8.251481502243699424e+02,3.383908393465113704e+02,2.114900000000000000e+06,1.605300000000000060e-01,-7.069590000000148677e+01,1.000000000000000000e+00
1.491917816542591944e-03,3.312378956287950239e-03,6.854225733714491842e-01,2.261020726188113450e+00,2.000000000000000000e+01,7.645228715736726577e-02,0.000000000000000000e+00,0.000000000000000000e+00,0.000000000000000000e+00,0.000000000000000000e+00,0.000000000000000000e+00,0.000000000000000000e+00,1.860000000000000000e+02,3.939486150394114702e+03,1.387644303288372214e+02,2.120000000000000000e+06,7.571700000000000652e-02,-5.570095999999909253e+01,1.000000000000000000e+00
2.452604701640548768e-03,3.558537491142343447e-03,1.196785612020955902e+00,-1.087489579224385494e-01,2.000000000000000000e+01,7.111658699980205611e-02,0.000000000000000000e+00,0.000000000000000000e+00,0.000000000000000000e+00,0.000000000000000000e+00,0.000000000000000000e+00,0.000000000000000000e+00,1.870000000000000000e+02,3.798922637319174100e+03,1.713363087316756719e+02,2.120800000000000000e+06,8.938599999999999879e-01,-2.417441355000033582e+03,1.000000000000000000e+00
1.222831111441440672e-03,3.962649467495198315e-03,1.199640531655342013e+00,-7.977775320531529601e+00,2.000000000000000000e+01,6.431866528977706055e-02,0.000000000000000000e+00,0.000000000000000000e+00,0.000000000000000000e+00,0.000000000000000000e+00,0.000000000000000000e+00,0.000000000000000000e+00,1.880000000000000000e+02,7.388411340762796726e+02,3.487704051916725803e+02,2.114100000000000000e+06,1.575799999999999979e-01,-6.999318900000065469e+01,1.000000000000000000e+00
1.363770366570644975e-03,4.015328850214466838e-03,1.231438381324812426e+00,-7.363491072247507319e+00,2.000000000000000000e+01,6.776989904484734262e-02,0.000000000000000000e+00,0.000000000000000000e+00,0.000000000000000000e+00,0.000000000000000000e+00,0.000000000000000000e+00,0.000000000000000000e+00,1.890000000000000000e+02,7.180603290551890723e+02,3.496491852203744202e+02,2.114000000000000000e+06,1.428200000000000025e-01,-5.751575500000110708e+01,1.000000000000000000e+00
1.354459290247288575e-03,3.875828330488538011e-03,1.184805031673872078e+00,-7.541473167026214064e+00,2.000000000000000000e+01,6.782526246925787983e-02,0.000000000000000000e+00,0.000000000000000000e+00,0.000000000000000000e+00,0.000000000000000000e+00,0.000000000000000000e+00,0.000000000000000000e+00,1.900000000000000000e+02,6.972470973952056283e+02,3.544686970823186698e+02,2.113800000000000000e+06,1.456099999999999894e-01,-6.354726400000085107e+01,1.000000000000000000e+00
1.337255355744348126e-03,4.180760770115199421e-03,1.232846342500073966e+00,-7.931688131640473038e+00,2.000000000000000000e+01,6.549288529846453155e-02,0.000000000000000000e+00,0.000000000000000000e+00,0.000000000000000000e+00,0.000000000000000000e+00,0.000000000000000000e+00,0.000000000000000000e+00,1.910000000000000000e+02,6.614942035268032896e+02,3.586276201421189285e+02,2.113400000000000000e+06,1.443200000000000038e-01,-6.338789999999905689e+01,1.000000000000000000e+00
1.358212691007071359e-03,3.853709361649579942e-03,1.196167369540304115e+00,-7.500210823169811469e+00,2.000000000000000000e+01,6.795086869607652735e-02,0.000000000000000000e+00,0.000000000000000000e+00,0.000000000000000000e+00,0.000000000000000000e+00,0.000000000000000000e+00,0.000000000000000000e+00,1.920000000000000000e+02,7.050794045443461755e+02,3.532742685036116086e+02,2.113800000000000000e+06,1.518899999999999972e-01,-6.762889800000006346e+01,1.000000000000000000e+00
1.200712434010057974e-03,4.200762670877896017e-03,1.421107954764966319e+00,-6.067898263653832558e+00,2.000000000000000000e+01,6.642608767992656815e-02,0.000000000000000000e+00,0.000000000000000000e+00,0.000000000000000000e+00,0.000000000000000000e+00,0.000000000000000000e+00,0.000000000000000000e+00,1.930000000000000000e+02,7.060110613411608256e+02,3.521180968517818428e+02,2.113600000000000000e+06,2.379300000000000026e-01,-1.176797819999999888e+02,1.000000000000000000e+00
1.189048978545506619e-03,4.453260948165256930e-03,1.069511338479968376e+00,-6.534415068953904893e+00,2.000000000000000000e+01,6.638317757313685896e-02,0.000000000000000000e+00,0.000000000000000000e+00,0.000000000000000000e+00,0.000000000000000000e+00,0.000000000000000000e+00,0.000000000000000000e+00,1.940000000000000000e+02,7.131844355070961683e+02,3.514001051586298559e+02,2.113900000000000000e+06,1.284299999999999886e-01,-5.193929299999859950e+01,1.000000000000000000e+00
1.355389111559202444e-03,3.797925742725349278e-03,1.181131878669120505e+00,-7.752003572788630059e+00,2.000000000000000000e+01,6.776856972796971301e-02,0.000000000000000000e+00,0.000000000000000000e+00,0.000000000000000000e+00,0.000000000000000000e+00,0.000000000000000000e+00,0.000000000000000000e+00,1.950000000000000000e+02,6.559977830571165214e+02,3.588368299896993108e+02,2.113400000000000000e+06,1.428200000000000025e-01,-6.192395700000066938e+01,1.000000000000000000e+00
1.479640904719969246e-03,3.893538659412882578e-03,1.443388897333821141e+00,-6.527843648711121105e+00,2.000000000000000000e+01,6.977432611358204417e-02,0.000000000000000000e+00,0.000000000000000000e+00,0.000000000000000000e+00,0.000000000000000000e+00,0.000000000000000000e+00,0.000000000000000000e+00,1.960000000000000000e+02,8.936337990542325542e+02,3.325643473666543741e+02,2.115300000000000000e+06,2.047799999999999898e-01,-9.199145699999857584e+01,1.000000000000000000e+00
1.358226429711629265e-03,3.922194829811384044e-03,1.174408378356719185e+00,-7.689723224834041915e+00,2.000000000000000000e+01,6.783256506032632471e-02,0.000000000000000000e+00,0.000000000000000000e+00,0.000000000000000000e+00,0.000000000000000000e+00,0.000000000000000000e+00,0.000000000000000000e+00,1.970000000000000000e+02,6.697368666537029185e+02,3.578461704790676663e+02,2.113500000000000000e+06,1.465200000000000113e-01,-6.495814500000041392e+01,1.000000000000000000e+00
1.032962672855900019e-03,3.731201822955669285e-03,1.360371927541222048e+00,-7.651407744028424496e+00,2.000000000000000000e+01,7.544589636737464300e-02,0.000000000000000000e+00,0.000000000000000000e+00,0.000000000000000000e+00,0.000000000000000000e+00,0.000000000000000000e+00,0.000000000000000000e+00,1.980000000000000000e+02,8.053228354696511815e+02,3.400846531943977311e+02,2.115100000000000000e+06,2.253799999999999970e-01,-7.992302700000288951e+01,1.000000000000000000e+00
1.960374468460254933e-03,2.896883545322168334e-03,7.205196525016426268e-01,1.869606916068293767e+00,2.000000000000000000e+01,6.570911176481486482e-02,0.000000000000000000e+00,0.000000000000000000e+00,0.000000000000000000e+00,0.000000000000000000e+00,0.000000000000000000e+00,0.000000000000000000e+00,1.990000000000000000e+02,3.844668822140053180e+03,1.410053321874578387e+02,2.120200000000000000e+06,6.904399999999999427e-02,-5.612104699999935065e+01,1.000000000000000000e+00
