3.305618136759996741e-03,3.997325790516838111e-03,7.013309924393626993e-01,2.983304418793943924e+00,2.000000000000000000e+01,7.314348620945684831e-02,-2.657623692585648456e+01,6.620033741791253590e+00,-3.739093961509030350e+01,6.621251835277740305e+00,-5.735971626336466045e+01,6.109491542276591858e+00,0.000000000000000000e+00,1.268985461368988581e+03,5.426641931756455506e+01,3.774100000000000000e+06,4.543400000000000216e-01,-2.356737199999870427e+03,1.000000000000000000e+00
3.197263501539128472e-03,3.957309805306094379e-03,6.843154951516767781e-01,2.438383053643244480e+00,2.000000000000000000e+01,7.480799072843873077e-02,-2.730023140816962268e+01,6.613661916394953266e+00,-3.831021804928732166e+01,6.487495071054228291e+00,-5.615943420048208168e+01,6.369646015300483022e+00,1.000000000000000000e+00,1.209398908840966669e+03,5.488979754535921529e+01,3.780500000000000000e+06,1.749799999999999967e-01,-4.619809499999620357e+02,1.000000000000000000e+00
3.249118603031805105e-03,3.945495944662561968e-03,6.745992206931160640e-01,2.392668355476791575e+00,2.000000000000000000e+01,7.421128900095913528e-02,-2.653215899601045891e+01,6.590936408826913784e+00,-3.798450251878122685e+01,6.499819028024398371e+00,-5.646405723609144189e+01,6.354818764765509442e+00,2.000000000000000000e+00,1.166666586733455915e+03,5.496410373964665297e+01,3.781700000000000000e+06,2.638800000000000034e-01,-9.714509999998365402e+02,1.000000000000000000e+00
3.350362112928594819e-03,4.045370237402519907e-03,6.950818559276894515e-01,2.509642019459596529e+00,2.000000000000000000e+01,7.430931064707452238e-02,-2.852329548276736659e+01,6.362515291030058862e+00,-4.025127513565473691e+01,6.574703260628851353e+00,-5.813688105609311663e+01,6.565695263375185498e+00,3.000000000000000000e+00,1.053804151363058054e+03,5.514870705129008144e+01,3.729700000000000000e+06,2.323000000000000065e-01,-7.691829600000933169e+02,1.000000000000000000e+00
2.899722369916535314e-03,4.070103301060741703e-03,6.777865333650321400e-01,2.401025695076874911e+00,2.000000000000000000e+01,7.366687573202423955e-02,-2.982323915451872764e+01,6.355279831115415945e+00,-3.984825364615468146e+01,6.616988926481838007e+00,-5.722005116499137500e+01,6.508305881668021264e+00,4.000000000000000000e+00,9.972450050049399124e+02,5.529464737688434184e+01,3.734800000000000000e+06,3.139199999999999768e-01,-1.219937539999996488e+03,1.000000000000000000e+00
3.407078459098536981e-03,3.989826490315864435e-03,7.049216756695280139e-01,2.039885759520402964e+00,2.000000000000000000e+01,7.357121376350578279e-02,-3.108383706772438870e+01,5.878245818317653359e+00,-3.901317499928974541e+01,6.289334579855793805e+00,-5.933302581999348035e+01,6.082062232732776685e+00,5.000000000000000000e+00,9.545816287598132703e+02,5.644347102827055096e+01,3.609400000000000000e+06,3.779899999999999927e-01,-1.793383870000470779e+03,1.000000000000000000e+00
2.681296279829845607e-03,4.881020560808688354e-03,8.020036644972663442e-01,8.845551273701185435e-01,2.000000000000000000e+01,7.520196524674190031e-02,-4.176492102734517431e+01,5.283829681046346316e+00,-3.947226260355041205e+01,7.896386417760669296e+00,-6.639044147302524834e+01,6.473499486823714122e+00,6.000000000000000000e+00,5.238403996228967117e+02,5.942071940273467590e+01,3.587800000000000000e+06,3.410799999999999943e-01,-1.128893635999775597e+03,1.000000000000000000e+00
2.778792794918807409e-03,4.372000665684000996e-03,7.062483344995864609e-01,2.168557259136623561e+00,2.000000000000000000e+01,7.438053017195689343e-02,-2.696150062903334188e+01,6.431885960214434483e+00,-4.397699055601106721e+01,6.431306917018641656e+00,-6.218576828893104391e+01,6.469901290116890635e+00,7.000000000000000000e+00,9.554388252900630505e+02,5.618152935959783889e+01,3.650800000000000000e+06,1.713999999999999968e-01,-3.985997990000113873e+02,1.000000000000000000e+00
2.907434371546727819e-03,3.642339407397398882e-03,7.368840071430137195e-01,3.528164859269338760e-01,2.000000000000000000e+01,8.125043701078285552e-02,-3.865901767129276578e+01,7.209634805710995131e+00,-3.893505612156236140e+01,6.882433110473994198e+00,-7.104136201646386439e+01,6.898412021983629572e+00,8.000000000000000000e+00,5.163906062972688460e+02,5.959412764208738622e+01,3.624700000000000000e+06,1.786300000000000110e-01,-3.751624589999836417e+02,1.000000000000000000e+00
2.487440104818120813e-03,4.410686573273942673e-03,7.199195233765176560e-01,1.903461349494610877e+00,2.000000000000000000e+01,7.346446782938358122e-02,-2.961626656319824846e+01,6.254646653987588678e+00,-4.159589134860915749e+01,6.370808107025347056e+00,-6.060845751360049860e+01,6.067611080057504935e+00,9.000000000000000000e+00,8.930047445273412450e+02,5.651118722012834183e+01,3.627500000000000000e+06,2.639900000000000024e-01,-7.530635999999827845e+02,1.000000000000000000e+00
3.053956122274329148e-03,4.216494418111396518e-03,6.704581682636809870e-01,4.666862416487889131e-01,2.000000000000000000e+01,7.752467829342357675e-02,-3.890061844164166160e+01,6.190898359267428930e+00,-4.309049637106204500e+01,5.804185539500206659e+00,-7.345736938507084801e+01,6.193468846669892613e+00,1.000000000000000000e+01,4.353747905456669400e+02,6.067323839643722039e+01,3.521500000000000000e+06,2.699599999999999778e-01,-8.554613100000445911e+02,1.000000000000000000e+00
3.056184980576103372e-03,4.026531704567822348e-03,7.539004717100811215e-01,6.550785353802595079e-01,2.000000000000000000e+01,7.335580751950256106e-02,-3.971611717187698076e+01,6.016162576218579972e+00,-3.670388512674613679e+01,7.113513536230222201e+00,-7.504983797508428722e+01,6.211733581018489048e+00,1.100000000000000000e+01,5.098210912500667860e+02,5.979487455305581278e+01,3.535100000000000000e+06,2.941400000000000126e-01,-1.025234036000152855e+03,1.000000000000000000e+00
2.980471501639226847e-03,4.280859154103643614e-03,7.291413372005607352e-01,4.294298452526912335e-01,2.000000000000000000e+01,7.914259149570629370e-02,-3.560424665842650427e+01,5.486826632696240935e+00,-5.004323704703607234e+01,6.986572342410696912e+00,-6.296927841710158447e+01,5.592093059289216406e+00,1.200000000000000000e+01,4.426313319048440462e+02,6.065285981191062348e+01,3.529100000000000000e+06,2.627099999999999991e-01,-8.183024099998471002e+02,1.000000000000000000e+00
2.688518030173109221e-03,4.485529783362265932e-03,7.845440705299620010e-01,4.164023055400221107e-01,2.000000000000000000e+01,7.504637539004943569e-02,-3.267158316096075055e+01,6.643908278876173412e+00,-4.547090849960848402e+01,6.555807355590016705e+00,-6.808743318035725167e+01,6.687781610530983301e+00,1.300000000000000000e+01,5.014448953154883952e+02,5.983518148339307885e+01,3.576400000000000000e+06,1.158799999999999969e-01,-1.702130670000024111e+02,1.000000000000000000e+00
3.041755126247119682e-03,4.539805474108853794e-03,7.924658408552200939e-01,4.814660605701610030e-01,2.000000000000000000e+01,7.415380812693041224e-02,-3.812138136559091350e+01,6.242179741707875706e+00,-4.205910560887097915e+01,6.444536463323758291e+00,-6.676251187031763834e+01,6.198625660529826220e+00,1.400000000000000000e+01,4.344888727410414049e+02,6.074913211819021797e+01,3.512600000000000000e+06,1.763000000000000123e-01,-3.916067999999813765e+02,1.000000000000000000e+00
2.765613650116233516e-03,4.492270198403370586e-03,6.981364791107669276e-01,4.867818108080128603e-01,2.000000000000000000e+01,7.471939773020111475e-02,-3.810985443625339997e+01,5.779398060453283748e+00,-3.991790984810150889e+01,6.820988633525247202e+00,-6.669284913067200193e+01,6.298856818675857561e+00,1.500000000000000000e+01,4.958631521268465008e+02,6.010863166194061336e+01,3.527700000000000000e+06,1.542600000000000082e-01,-3.418775999999961073e+02,1.000000000000000000e+00
2.581167019649872104e-03,4.138794397585966213e-03,8.012856161418245859e-01,4.010414076441489173e-01,2.000000000000000000e+01,7.189157253095743161e-02,-4.139807104514805758e+01,6.583483342566210261e+00,-4.354479750920909709e+01,6.299358902869441224e+00,-6.921411734246949266e+01,5.913588356633804999e+00,1.600000000000000000e+01,4.797231661874699853e+02,6.019573406928373061e+01,3.540400000000000000e+06,2.051699999999999913e-01,-4.926207999999572849e+02,1.000000000000000000e+00
2.983777843022663353e-03,4.468370004166438182e-03,8.034391467991067737e-01,2.089066172451258252e-01,2.000000000000000000e+01,7.517554427277577112e-02,-4.432841508371991068e+01,4.863939982645085536e+00,-4.004741018011778664e+01,6.955650562693053374e+00,-5.432598895745326928e+01,5.756434281573717726e+00,1.700000000000000000e+01,4.334653396680702144e+02,6.081137121911226018e+01,3.517400000000000000e+06,2.230000000000000038e-01,-5.903709300000369922e+02,1.000000000000000000e+00
3.077232563445420153e-03,4.213846454327135199e-03,7.848078882450468807e-01,5.338782791826336416e-01,2.000000000000000000e+01,6.687166946288175540e-02,-4.088519188783112668e+01,6.277763439966741466e+00,-3.866136633214958351e+01,6.783854395436845763e+00,-6.072295426072408731e+01,5.731974533486670076e+00,1.800000000000000000e+01,4.450409732642812628e+02,6.055682737693690854e+01,3.510200000000000000e+06,2.661100000000000132e-01,-8.317013340000070230e+02,1.000000000000000000e+00
3.168936293415021248e-03,4.364260957687539529e-03,7.480286796294940421e-01,1.063027666308870023e+00,2.000000000000000000e+01,7.383720264251514287e-02,-3.781144004198731068e+01,5.845703955379619288e+00,-3.935310965212191547e+01,6.601082554703290306e+00,-6.272625335207789021e+01,6.093268174085562983e+00,1.900000000000000000e+01,6.215265046238090463e+02,5.897034996313293220e+01,3.553500000000000000e+06,2.506200000000000094e-01,-7.875772800000232792e+02,1.000000000000000000e+00
3.050344226483071419e-03,3.415425438345923506e-03,8.756101265787227250e-01,3.595280937080341799e-01,2.000000000000000000e+01,7.893582351269300135e-02,-3.949770036658243555e+01,7.205368435194396959e+00,-4.225200346897009496e+01,6.854341683803157004e+00,-6.400238491859703061e+01,6.627597172879183596e+00,2.000000000000000000e+01,5.746000249486497751e+02,5.924484477875333255e+01,3.702100000000000000e+06,3.558399999999999896e-01,-1.233236620000348921e+03,1.000000000000000000e+00
3.061843217778528574e-03,4.258914189694701716e-03,7.727396858204450547e-01,1.070649909162140867e+00,2.000000000000000000e+01,7.366840575758520915e-02,-3.560199541527450151e+01,5.881745152618353067e+00,-4.123478737217196510e+01,6.281464546576987829e+00,-6.437304070090976893e+01,6.175022942265202985e+00,2.100000000000000000e+01,5.852863288956388033e+02,5.920143569488134716e+01,3.514500000000000000e+06,2.552900000000000169e-01,-7.669539800001257390e+02,1.000000000000000000e+00
2.861749976261445186e-03,4.591845891258002077e-03,7.262784600053027173e-01,3.897411793118965573e-01,2.000000000000000000e+01,7.362837246361977894e-02,-3.591103498026311058e+01,6.308048125079336543e+00,-3.966962086249453989e+01,6.772881296351000557e+00,-6.611193641544700483e+01,6.352348732098231920e+00,2.200000000000000000e+01,5.715600712124688698e+02,5.929582206110390530e+01,3.598100000000000000e+06,2.765699999999999825e-01,-8.999082000000513517e+02,1.000000000000000000e+00
3.178209037733410996e-03,4.080250455714993195e-03,7.606020290354578162e-01,4.883395574597051425e-01,2.000000000000000000e+01,7.760710568424836198e-02,-3.637112968861056572e+01,6.545294040523997658e+00,-4.435471302328219423e+01,7.006932199203355083e+00,-6.714379165601145871e+01,6.578083100782308179e+00,2.300000000000000000e+01,4.674457750636938158e+02,6.030137942460732603e+01,3.595200000000000000e+06,6.582000000000000350e-02,-7.033751999999903148e+01,1.000000000000000000e+00
3.047661519847525390e-03,3.690982625431224375e-03,7.081832102019779418e-01,1.229556948444185505e+00,2.000000000000000000e+01,7.029715423062270208e-02,-3.768763593238528387e+01,6.247814815234927543e+00,-3.821519472098869841e+01,7.664460717616385033e+00,-6.352216554640816071e+01,6.211145521583591567e+00,2.400000000000000000e+01,6.331139072291999810e+02,5.893784962835794516e+01,3.544500000000000000e+06,2.356199999999999961e-01,-6.521598799999161429e+02,1.000000000000000000e+00
3.080287758366584069e-03,4.982674197788555803e-03,7.661550696947994066e-01,6.647353979317214279e-01,2.000000000000000000e+01,7.371798296037392062e-02,-3.875872088224669199e+01,6.252720381932632243e+00,-4.064771979793736989e+01,6.970880905379917003e+00,-6.043713750809665441e+01,6.677253456071769122e+00,2.500000000000000000e+01,6.101987741175663587e+02,5.898840064146091322e+01,3.663400000000000000e+06,2.365700000000000025e-01,-6.686897100000687715e+02,1.000000000000000000e+00
2.952320969714108522e-03,4.504898934783095783e-03,7.455605352002001585e-01,9.143179337750835245e-01,2.000000000000000000e+01,7.393825684517155161e-02,-3.635870680247858644e+01,6.020976929262259247e+00,-4.021522951472601903e+01,6.455904488103615613e+00,-6.472152009836753450e+01,5.955532180551388777e+00,2.600000000000000000e+01,6.037528664417922073e+02,5.919322282875974395e+01,3.531800000000000000e+06,2.192999999999999949e-01,-5.904000000000499995e+02,1.000000000000000000e+00
3.164751293390880536e-03,4.344305162242192465e-03,7.362177040962033514e-01,1.214818685347887506e+00,2.000000000000000000e+01,7.378540578827119667e-02,-3.776782192538387051e+01,5.923676674970562495e+00,-3.943248066177405065e+01,6.600058216116806875e+00,-6.236222787144113511e+01,6.086222369847775759e+00,2.700000000000000000e+01,6.365778860752394621e+02,5.877113887002462889e+01,3.563800000000000000e+06,2.674500000000000210e-01,-8.988599999998856447e+02,1.000000000000000000e+00
3.017823928132839020e-03,4.259669435977062393e-03,7.801381429700462444e-01,1.481218115140591873e+00,2.000000000000000000e+01,7.331338438201752405e-02,-3.427154422371009446e+01,6.261121100838561659e+00,-3.924452579457449986e+01,7.069447932381143218e+00,-6.412599181512862856e+01,6.074555721504321326e+00,2.800000000000000000e+01,7.314994853299942861e+02,5.740409560691246327e+01,3.642800000000000000e+06,3.182099999999999929e-01,-1.071490600000223139e+03,1.000000000000000000e+00
3.273828198848758534e-03,4.360825966071313689e-03,6.528479689552718623e-01,5.938252248597557514e-01,2.000000000000000000e+01,6.956205824970332352e-02,-3.764533762135553019e+01,6.991981042269779678e+00,-4.568494126486586993e+01,5.819622509478704409e+00,-8.335981537379613826e+01,5.839796118324081853e+00,2.900000000000000000e+01,4.626711354091406747e+02,6.040285545935116573e+01,3.530800000000000000e+06,2.507699999999999929e-01,-7.501491399999325722e+02,1.000000000000000000e+00
2.981280818312199033e-03,4.353961035174466580e-03,7.398974293209232833e-01,7.348339465970412654e-01,2.000000000000000000e+01,7.362767661774391459e-02,-3.552646897348489574e+01,6.267177674775563645e+00,-4.081014395000738659e+01,6.731690634276530361e+00,-6.174218175592260138e+01,6.293454335293459323e+00,3.000000000000000000e+01,6.451258558257032973e+02,5.861515870374639547e+01,3.629500000000000000e+06,2.845799999999999996e-01,-9.436883989998980269e+02,1.000000000000000000e+00
3.136381603155617183e-03,4.344921264293275485e-03,7.265552921982088019e-01,2.414690485013366583e+00,2.000000000000000000e+01,7.354940072435389720e-02,-3.404463892990108320e+01,5.819268077132511152e+00,-3.801407824073104536e+01,7.208077979047735617e+00,-6.304972551272767589e+01,5.972933293329715454e+00,3.100000000000000000e+01,8.597258051450118046e+02,5.661127203897547133e+01,3.630400000000000000e+06,3.071499999999999786e-01,-1.117216639999743393e+03,1.000000000000000000e+00
2.650468524154050032e-03,4.491179766898408150e-03,7.248866669281048836e-01,1.668954666114881302e-01,2.000000000000000000e+01,7.744470585274471075e-02,-3.550422729631537777e+01,6.582783338300954412e+00,-4.489376854851900589e+01,6.535770832943821773e+00,-6.791786540053340104e+01,6.937969910396835971e+00,3.200000000000000000e+01,4.081061199271725286e+02,6.082796737605526971e+01,3.568400000000000000e+06,6.658000000000000029e-02,-6.624975000000048908e+01,1.000000000000000000e+00
3.182250748740607458e-03,4.096493628718926409e-03,7.715763089384173323e-01,1.437551932247803865e+00,2.000000000000000000e+01,7.338700158658184591e-02,-3.351823955625643947e+01,6.386340145303588400e+00,-3.903626326079920261e+01,6.923496636912256363e+00,-6.158848566636471844e+01,5.783030411663586001e+00,3.300000000000000000e+01,8.098318880911245969e+02,5.719566211457856042e+01,3.660000000000000000e+06,3.347700000000000120e-01,-1.235185150000080284e+03,1.000000000000000000e+00
3.019326815167353885e-03,4.148203650828910342e-03,7.696618322751300756e-01,1.496154683562275878e+00,2.000000000000000000e+01,7.487808586685185119e-02,-3.953270829507538053e+01,6.330899674189944371e+00,-3.640931414401653399e+01,6.981220362234513921e+00,-6.677063887609534731e+01,5.662113537964576615e+00,3.400000000000000000e+01,6.525672943096976724e+02,5.851419021769002882e+01,3.583900000000000000e+06,2.037700000000000067e-01,-5.172999000000075966e+02,1.000000000000000000e+00
3.165936919616584543e-03,4.304075276440746251e-03,7.704680969105790478e-01,-6.534968847389144297e-02,2.000000000000000000e+01,7.362770436677214259e-02,-3.790110395651203135e+01,6.037436890734535488e+00,-4.406090050194310948e+01,6.506188845158064282e+00,-6.470437971251567433e+01,6.346449948873271296e+00,3.500000000000000000e+01,3.928436881332082180e+02,6.116703079996025139e+01,3.513500000000000000e+06,2.881699999999999817e-01,-9.657050299999087883e+02,1.000000000000000000e+00
2.922997796095610536e-03,4.225576637070202132e-03,7.450641953499275161e-01,1.567001911324924723e+00,2.000000000000000000e+01,7.327686070018246678e-02,-3.420184557196044750e+01,6.239377694604862690e+00,-4.088006068202582810e+01,6.493656494029613313e+00,-6.285212597309704563e+01,6.248669424204543077e+00,3.600000000000000000e+01,6.993161484334401621e+02,5.777942928983222259e+01,3.599500000000000000e+06,3.411699999999999733e-01,-1.280464485999794078e+03,1.000000000000000000e+00
2.791095891972029605e-03,4.440632666521691918e-03,7.045534342783326132e-01,2.032841815923509543e+00,2.000000000000000000e+01,7.434797579896793018e-02,-3.009147673923165200e+01,6.286739742037166678e+00,-4.303992986052540459e+01,6.418787106752629867e+00,-6.200185089172316566e+01,7.062842936715790998e+00,3.700000000000000000e+01,8.482773905042871547e+02,5.675251798149326987e+01,3.659500000000000000e+06,1.754300000000000026e-01,-4.139038169999661250e+02,1.000000000000000000e+00
3.116719234155537841e-03,4.121424184440993996e-03,7.959171641409437115e-01,1.497597885202262891e+00,2.000000000000000000e+01,7.380493564642096049e-02,-3.311317062850874038e+01,6.313679426643016512e+00,-3.893492458143122548e+01,6.774160856724911639e+00,-6.152814485358175034e+01,5.785938046872556306e+00,3.800000000000000000e+01,8.435000099596456948e+02,5.714118860256176902e+01,3.644300000000000000e+06,2.298000000000000043e-01,-5.972171999999289937e+02,1.000000000000000000e+00
3.234501990266226961e-03,4.098217498064749519e-03,8.038489380604383339e-01,1.354521635961215553e+00,2.000000000000000000e+01,7.120546152368047166e-02,-3.162798882833459757e+01,6.537458259146872841e+00,-4.273109764262284926e+01,6.784294651451015845e+00,-6.024086327368829075e+01,5.678435149741034138e+00,3.900000000000000000e+01,6.619712999212540581e+02,5.849625025539975098e+01,3.564400000000000000e+06,1.901400000000000035e-01,-4.768430099999702065e+02,1.000000000000000000e+00
2.938812617104936444e-03,4.248010904914873917e-03,7.401598303580070315e-01,1.520638337942439744e+00,2.000000000000000000e+01,7.352007409118284376e-02,-3.499076684181626717e+01,6.394390219140836606e+00,-4.115388995693834318e+01,6.749258429970192985e+00,-6.353791324131054807e+01,5.957554732098437000e+00,4.000000000000000000e+01,6.666624818996855311e+02,5.800192331305257909e+01,3.605600000000000000e+06,2.952199999999999824e-01,-9.993613670002043818e+02,1.000000000000000000e+00
3.126464749752476489e-03,4.382399514844943084e-03,7.943437971864700797e-01,1.550093523579884058e+00,2.000000000000000000e+01,7.133760821403134500e-02,-3.154453432566258897e+01,5.796642254818365814e+00,-4.246409860338240350e+01,7.345190639821590928e+00,-5.761723157769178272e+01,6.305422727529322202e+00,4.100000000000000000e+01,8.321526726567414016e+02,5.716959575412125361e+01,3.630100000000000000e+06,3.165799999999999725e-01,-1.130687999999945987e+03,1.000000000000000000e+00
3.123888365014901563e-03,5.005834761362046130e-03,8.493345318010586675e-01,1.895768121084951963e-01,2.000000000000000000e+01,6.356320802810627724e-02,-4.395219122165389081e+01,5.849863092351300864e+00,-3.682454779541762235e+01,7.130130013228621166e+00,-6.485303260982183815e+01,7.385867896063715854e+00,4.200000000000000000e+01,3.873080069342353795e+02,6.117321515954155586e+01,3.532100000000000000e+06,1.574899999999999911e-01,-3.434816699999911975e+02,1.000000000000000000e+00
3.066613887833633152e-03,4.541221437785081423e-03,7.802844734176991315e-01,-3.637691546312907809e-01,2.000000000000000000e+01,7.439873995304216447e-02,-3.994134787827727706e+01,6.212184017232719846e+00,-4.298291552787564740e+01,6.715568266579609258e+00,-6.498958901322885140e+01,6.205293753547318047e+00,4.300000000000000000e+01,3.532492689383346942e+02,6.159366970633866600e+01,3.532300000000000000e+06,1.652700000000000002e-01,-3.585206099999894036e+02,1.000000000000000000e+00
3.023000438752288486e-03,4.742641218582025441e-03,7.693534197531086694e-01,-6.134778852746554101e-01,2.000000000000000000e+01,7.667317368396760202e-02,-3.805459743602172296e+01,6.263688849017262861e+00,-4.152404542460065784e+01,7.009553326158566300e+00,-6.940745577231879793e+01,6.496285697850253449e+00,4.400000000000000000e+01,3.834862164194884144e+02,6.139683055030292991e+01,3.553300000000000000e+06,7.783199999999999841e-02,-9.018915000000107796e+01,1.000000000000000000e+00
3.109431404971204314e-03,4.619104755514262008e-03,8.037871734435294568e-01,-1.118003773396335498e+00,2.000000000000000000e+01,7.533319273752364653e-02,-3.768954887929666597e+01,6.573573036825409943e+00,-4.093872701882538223e+01,7.270222031794395079e+00,-7.199208017744837207e+01,6.724373349119194820e+00,4.500000000000000000e+01,3.279717418967427989e+02,6.168641274508662775e+01,3.587000000000000000e+06,1.113100000000000062e-01,-1.722330599999983463e+02,1.000000000000000000e+00
3.290834660166944842e-03,4.437718674980804974e-03,6.180774337523180506e-01,-4.539692324725680406e-01,2.000000000000000000e+01,6.416007377103243037e-02,-4.175686400087505490e+01,5.811158732544873473e+00,-3.593680446761629810e+01,8.652789750671542990e+00,-7.403734247442096716e+01,6.106428947032864762e+00,4.600000000000000000e+01,3.679197997467296091e+02,6.147925653306270988e+01,3.540100000000000000e+06,7.703000000000000125e-02,-8.940893300000058730e+01,1.000000000000000000e+00
3.626433098002497697e-03,4.350340919962582958e-03,7.605934823755595708e-01,-4.209380008914483384e-01,2.000000000000000000e+01,7.643588447688227927e-02,-3.440721200021122428e+01,7.491166549557043197e+00,-4.225658713373115916e+01,6.218503324139291522e+00,-8.326908732090954857e+01,7.263816221554096231e+00,4.700000000000000000e+01,3.679197997467296091e+02,6.147925653306270988e+01,3.540100000000000000e+06,7.703000000000000125e-02,-8.940893300000058730e+01,1.000000000000000000e+00
3.213477017279166986e-03,5.112992178020362571e-03,7.505415119619041064e-01,-3.836840141042702212e-01,2.000000000000000000e+01,6.677040567665754045e-02,-4.283087164404073377e+01,6.287994981460722776e+00,-4.288261598787995155e+01,7.129240373614188719e+00,-6.997776427712649649e+01,6.153402916890652108e+00,4.800000000000000000e+01,3.679197997467296091e+02,6.147925653306270988e+01,3.540100000000000000e+06,7.703000000000000125e-02,-8.940893300000058730e+01,1.000000000000000000e+00
2.981420882619636482e-03,4.654124752373411771e-03,7.916686823432158571e-01,-2.131117975953102928e-01,2.000000000000000000e+01,6.805055571758940325e-02,-4.251820274927034404e+01,6.099888760648470409e+00,-3.919638035451988145e+01,7.211668568955050596e+00,-6.387777804458180242e+01,6.146289205113938614e+00,4.900000000000000000e+01,3.665771476114717871e+02,6.157317969488844511e+01,3.507800000000000000e+06,2.300200000000000022e-01,-6.364468000000027814e+02,1.000000000000000000e+00
3.312508395070925659e-03,3.720856458197911720e-03,7.225898408464923595e-01,-1.286749812675765381e-01,2.000000000000000000e+01,7.826066043913411374e-02,-3.679475157729343948e+01,6.882476904908210180e+00,-4.652166205934290844e+01,7.495199101562676880e+00,-7.012144688424857009e+01,6.893605138162678614e+00,5.000000000000000000e+01,3.199914007275431800e+02,6.184126612122976496e+01,3.617800000000000000e+06,6.073800000000000032e-02,-6.813531000000013194e+01,1.000000000000000000e+00
3.027075750704637074e-03,4.405393785756057945e-03,8.011551914494724480e-01,-1.701371145197250190e-02,2.000000000000000000e+01,7.684580736005888757e-02,-3.928256263381807400e+01,5.928455699864768391e+00,-3.911822542421698756e+01,7.085616833619734933e+00,-7.150450084832364439e+01,6.604693733291019164e+00,5.100000000000000000e+01,3.801258827421058868e+02,6.139764067085773291e+01,3.520400000000000000e+06,7.305899999999999894e-02,-7.628039999999903387e+01,1.000000000000000000e+00
2.913311658350976191e-03,4.570494000707850911e-03,7.358472250025727135e-01,-9.040024166750882939e-01,2.000000000000000000e+01,7.558747688872412274e-02,-3.800264092270235494e+01,6.484444899182358668e+00,-4.659820545272233971e+01,6.413151586771716595e+00,-6.081217880934249820e+01,6.928320084683415203e+00,5.200000000000000000e+01,3.720975968892616947e+02,6.145754055253119219e+01,3.601600000000000000e+06,1.088100000000000039e-01,-1.791494999999962658e+02,1.000000000000000000e+00
3.117240914456107480e-03,4.688935796007667745e-03,7.890466613397487672e-01,-1.832296638059637828e-01,2.000000000000000000e+01,7.329753313616613197e-02,-4.130987417514845106e+01,6.182073564555185641e+00,-4.344971174475512044e+01,6.866757021465165423e+00,-6.486034293393446148e+01,6.556546903622347600e+00,5.300000000000000000e+01,3.006062770563261779e+02,6.202959352710526275e+01,3.544900000000000000e+06,3.202800000000000091e-01,-1.134172399999975141e+03,1.000000000000000000e+00
2.415462631891149813e-03,4.236797735866561741e-03,8.848907509552261796e-01,-3.363569842255153208e+00,2.000000000000000000e+01,7.376113082947699517e-02,-4.620532923264777025e+01,6.274976979220157958e+00,-4.610144964999187067e+01,6.889443455319453236e+00,-5.926057264511147338e+01,5.684170070102051220e+00,5.400000000000000000e+01,9.554561617200278079e+01,6.582711411879475349e+01,3.502600000000000000e+06,1.792600000000000027e-01,-2.844064999999959014e+02,1.000000000000000000e+00
3.266012513476045098e-03,5.274750488453850208e-03,8.201811406303820551e-01,-3.267222476101737882e+00,2.000000000000000000e+01,6.903988382045908589e-02,-4.239649834696189856e+01,5.027015976728002045e+00,-4.823550270877400692e+01,7.146905798320378977e+00,-6.108061877810819595e+01,6.189291946825044022e+00,5.500000000000000000e+01,1.216900103997822811e+02,6.456628286826928331e+01,3.523300000000000000e+06,2.002700000000000036e-01,-4.959078000000251905e+02,1.000000000000000000e+00
2.789904293983251973e-03,5.208713550030831009e-03,7.914493824844786030e-01,-1.117525351276922985e+00,2.000000000000000000e+01,6.887755704665107781e-02,-3.994146258829790952e+01,6.124744806088632032e+00,-4.154025478311307751e+01,6.756061136284706947e+00,-6.739650162586363535e+01,5.863822344586220758e+00,5.600000000000000000e+01,2.091687646114600909e+02,6.317861409985204091e+01,3.489100000000000000e+06,1.690200000000000036e-01,-3.498767999999735139e+02,1.000000000000000000e+00
2.981051881699931135e-03,4.691265146065611014e-03,7.949983788249690431e-01,-1.980313835779603959e+00,2.000000000000000000e+01,7.638570883528553179e-02,-4.288442049069067252e+01,6.212480345084072653e+00,-4.396012094305608287e+01,7.185290278640289685e+00,-6.631683846613738353e+01,6.428946195580753198e+00,5.700000000000000000e+01,1.665612602233470056e+02,6.374280560928100670e+01,3.536500000000000000e+06,8.165000000000000036e-02,-9.479611799999854327e+01,1.000000000000000000e+00
2.996598209754205815e-03,4.726160051709515225e-03,7.833556316599487035e-01,-1.981779659216839073e+00,2.000000000000000000e+01,7.671265200818731811e-02,-4.364014661833802933e+01,6.091054605557538082e+00,-4.506324848223442814e+01,7.203890917236630997e+00,-6.384515015805999383e+01,6.413725160521089208e+00,5.800000000000000000e+01,1.643625015792470094e+02,6.390302629374526333e+01,3.538900000000000000e+06,7.726500000000000035e-02,-8.581409999999938520e+01,1.000000000000000000e+00
2.986531846850801024e-03,4.666393299320397911e-03,7.813871256032749457e-01,-1.079411254394521347e+00,2.000000000000000000e+01,7.489288571339844380e-02,-4.194383583275948979e+01,6.235609871418738237e+00,-4.309166734244688968e+01,7.274867627538469605e+00,-6.887864620951012284e+01,6.273829479866471104e+00,5.900000000000000000e+01,1.996403958406208972e+02,6.323373666043155339e+01,3.523700000000000000e+06,1.316100000000000048e-01,-2.369694599999957916e+02,1.000000000000000000e+00
2.591047943545620076e-03,4.634663687586550000e-03,7.844326797629841419e-01,-2.269694886559778357e+00,2.000000000000000000e+01,8.540512089328351764e-02,-5.198629227016012777e+01,5.837498391763257466e+00,-4.139095914301565671e+01,7.560828272900581126e+00,-6.913239051831588711e+01,5.993629744281083305e+00,6.000000000000000000e+01,1.184312801258493977e+02,6.490170095679222584e+01,3.501500000000000000e+06,2.087900000000000034e-01,-5.255861600000462204e+02,1.000000000000000000e+00
2.965350485668172623e-03,4.556924776858040961e-03,8.029612441496273290e-01,-1.040527754278109951e+00,2.000000000000000000e+01,7.383979221691394645e-02,-4.028299010017126136e+01,6.032287867561778150e+00,-4.403873922835642674e+01,6.884688930709712551e+00,-6.810401738188011223e+01,6.342319043668511291e+00,6.100000000000000000e+01,2.148000195241206995e+02,6.306251267493234991e+01,3.488700000000000000e+06,2.149800000000000044e-01,-5.164024249999995391e+02,1.000000000000000000e+00
3.266024761102501520e-03,4.084382043264553515e-03,9.260598464222764559e-01,-2.300372994261766113e+00,2.000000000000000000e+01,6.815755375432863694e-02,-3.965121748272255076e+01,6.120221391906087050e+00,-4.855170359455033946e+01,7.001896282894140455e+00,-7.125169398850674440e+01,6.346466987969628271e+00,6.200000000000000000e+01,1.609623782040719675e+02,6.397799013666801216e+01,3.505800000000000000e+06,1.010000000000000064e-01,-1.439327999999997019e+02,1.000000000000000000e+00
2.965798714815895670e-03,4.364077509433005389e-03,8.087133858047149682e-01,-1.485304479491681873e+00,2.000000000000000000e+01,7.596660987062732462e-02,-4.200086117359434468e+01,6.091646337665752142e+00,-4.122202148545363798e+01,7.227976459861588765e+00,-6.993250306395006533e+01,6.303310410486423265e+00,6.300000000000000000e+01,2.146039960988836413e+02,6.311411877102553092e+01,3.514400000000000000e+06,9.269499999999999962e-02,-1.133015820000025542e+02,1.000000000000000000e+00
2.669108198088869857e-03,3.722038589251404177e-03,8.290458828891383858e-01,-2.270663424509350214e+00,2.000000000000000000e+01,8.963848831552358176e-02,-4.459426412534287465e+01,6.137145226404085108e+00,-4.932208853520607761e+01,7.055955466661927744e+00,-5.434472443710064482e+01,5.821537225793794512e+00,6.400000000000000000e+01,1.315284391598582090e+02,6.445792652465630113e+01,3.476700000000000000e+06,1.992700000000000027e-01,-4.898213999999663884e+02,1.000000000000000000e+00
3.001148636661697677e-03,4.456813515901252715e-03,8.303228923542336215e-01,-9.136736778026044448e-01,2.000000000000000000e+01,7.771394249229737761e-02,-3.931674302387478548e+01,6.524991203608746737e+00,-4.319615380275246252e+01,7.309587559157037617e+00,-6.926326656382397573e+01,6.663423525279428716e+00,6.500000000000000000e+01,2.805610761767759413e+02,6.205786876554224563e+01,3.585200000000000000e+06,6.302299999999999569e-02,-5.171550999999966791e+01,1.000000000000000000e+00
3.311659573231803388e-03,4.730651638650379756e-03,7.935222939574202439e-01,-1.927102988256023330e+00,2.000000000000000000e+01,8.704413211098933900e-02,-3.891740525242465054e+01,6.196356374231243969e+00,-4.815105046823845214e+01,6.989691745176449977e+00,-6.075494196877454556e+01,6.465244945958763978e+00,6.600000000000000000e+01,1.566793494607112223e+02,6.404458891376636132e+01,3.489200000000000000e+06,1.655399999999999927e-01,-3.591991340000154196e+02,1.000000000000000000e+00
2.963879620141450771e-03,4.292683335744305884e-03,7.900532204369494771e-01,-2.270152150823935067e+00,2.000000000000000000e+01,7.433148363730751607e-02,-4.166070398998978419e+01,6.470112741385010580e+00,-4.586492268668990846e+01,6.549837967421617613e+00,-6.873609760105242117e+01,6.195349156924636169e+00,6.700000000000000000e+01,1.143250719477314448e+02,6.500914806757130293e+01,3.458100000000000000e+06,1.743399999999999950e-01,-3.767244000000356436e+02,1.000000000000000000e+00
2.954415216583493493e-03,4.450494654497677560e-03,7.737806955986050728e-01,-1.998799640380694242e+00,2.000000000000000000e+01,7.656478414520198617e-02,-3.529813165208220482e+01,6.406739187380560807e+00,-4.894063464788918338e+01,6.680642847815631669e+00,-6.877868161566266281e+01,7.051885865697834710e+00,6.800000000000000000e+01,1.793331791707940681e+02,6.352089809894979311e+01,3.519900000000000000e+06,8.051099999999999923e-02,-9.570992400000135092e+01,1.000000000000000000e+00
2.614455262851756324e-03,4.523718090458191642e-03,7.214189922122274945e-01,-1.907290441016378235e+00,2.000000000000000000e+01,7.509615859717276576e-02,-4.149332461539978567e+01,5.763003401485029542e+00,-4.195445317358936421e+01,6.915423223011316622e+00,-7.438608896214286403e+01,6.307853442914955977e+00,6.900000000000000000e+01,1.778467974593782799e+02,6.362624097934395451e+01,3.477900000000000000e+06,2.230199999999999960e-01,-6.222975999999830492e+02,1.000000000000000000e+00
2.918069306907496944e-03,4.761541538625290414e-03,7.882816103184989709e-01,-7.916923035149351362e-01,2.000000000000000000e+01,7.453526965793542958e-02,-4.195008934845601090e+01,6.343682939155628198e+00,-4.306530096533719387e+01,7.708522373577208597e+00,-7.064969267607784786e+01,6.423041446342551808e+00,7.000000000000000000e+01,1.878886039517659015e+02,6.325809483641059217e+01,3.554300000000000000e+06,1.471300000000000108e-01,-2.774054840000081867e+02,1.000000000000000000e+00
3.027662845330479635e-03,4.824353862580212093e-03,7.838881913935858980e-01,-7.596993510065158661e-01,2.000000000000000000e+01,7.484436453856546656e-02,-4.239877038586738678e+01,6.433483107171696247e+00,-4.021515514982982609e+01,7.482493274693158725e+00,-7.114245139248282612e+01,6.489393194781239771e+00,7.100000000000000000e+01,2.452533946019438531e+02,6.257654539058678722e+01,3.564400000000000000e+06,1.322399999999999964e-01,-2.400115399999993713e+02,1.000000000000000000e+00
2.930700934062016594e-03,4.580747952851300930e-03,7.715914696589520894e-01,-8.541078720669520452e-01,2.000000000000000000e+01,7.402410677188753230e-02,-4.036954836074201580e+01,6.251483826123386933e+00,-4.317035320038806390e+01,6.710165214550960044e+00,-6.739465483557776793e+01,6.307758165501377690e+00,7.200000000000000000e+01,2.566888699476378406e+02,6.256489983668220134e+01,3.507400000000000000e+06,2.039700000000000124e-01,-4.933849999999515035e+02,1.000000000000000000e+00
2.959136305794695786e-03,4.710342472796660504e-03,8.014893418111510570e-01,-9.564618961520381379e-01,2.000000000000000000e+01,7.482552137128156700e-02,-4.021651638588271993e+01,6.265459501640154194e+00,-4.327768328741051818e+01,7.003327076071750312e+00,-6.961235488631415080e+01,6.519004524143017676e+00,7.300000000000000000e+01,2.205463288723365736e+02,6.291580591821478663e+01,3.517500000000000000e+06,1.287600000000000133e-01,-2.189652599999923837e+02,1.000000000000000000e+00
3.051960053279079328e-03,4.812746547525687674e-03,7.818247382903491527e-01,-7.596882596672998034e-01,2.000000000000000000e+01,7.487178235289249084e-02,-4.248513001690977831e+01,6.395313798819828754e+00,-4.047397704541725716e+01,7.540031990657759309e+00,-7.098015218842920149e+01,6.475822974650144559e+00,7.400000000000000000e+01,2.417370720359634220e+02,6.262473035461278670e+01,3.564400000000000000e+06,1.318699999999999872e-01,-2.408966400000032309e+02,1.000000000000000000e+00
2.486300642055553570e-03,4.849689557535248781e-03,7.089895054571726529e-01,-1.226201740641692517e+00,2.000000000000000000e+01,7.496790381030368766e-02,-5.041872242757423095e+01,5.630262526568696302e+00,-4.807033056612320365e+01,7.029914754421199063e+00,-6.119754013914403146e+01,5.721757961199862130e+00,7.500000000000000000e+01,1.485546794966394941e+02,6.419388487076491856e+01,3.518900000000000000e+06,1.629700000000000037e-01,-3.394208610000229100e+02,1.000000000000000000e+00
3.050267013265863837e-03,4.499004669601436822e-03,8.215242672604639029e-01,-1.773517486984487412e+00,2.000000000000000000e+01,7.544765350482379729e-02,-4.178892918293127678e+01,6.007882185077761505e+00,-4.441815416803396488e+01,6.966746873669285023e+00,-6.818629449564156175e+01,6.405336620533264025e+00,7.600000000000000000e+01,1.496684514078439463e+02,6.406770881505063642e+01,3.480600000000000000e+06,1.062099999999999989e-01,-1.468114799999970614e+02,1.000000000000000000e+00
3.535619568861063117e-03,5.002613510004074934e-03,7.122670229223091454e-01,-2.210759247858418153e+00,2.000000000000000000e+01,6.278265136949470748e-02,-4.363188503970787480e+01,6.121643036849868658e+00,-4.517749614525998680e+01,7.708434394530886635e+00,-7.042718151297397355e+01,5.330054387479490785e+00,7.700000000000000000e+01,1.367937331958409004e+02,6.442764060181730201e+01,3.478900000000000000e+06,1.479100000000000137e-01,-3.139286999999826548e+02,1.000000000000000000e+00
3.190478607435595811e-03,4.243084543455434565e-03,7.528470919232090885e-01,-7.639506668884238350e-01,2.000000000000000000e+01,7.622451979948521861e-02,-3.904121554115997128e+01,6.594084010489416059e+00,-4.480079661791611301e+01,7.158062561417764869e+00,-7.051839101714003277e+01,6.726628653305144923e+00,7.800000000000000000e+01,2.273230974879556072e+02,6.290240898060813635e+01,3.550700000000000000e+06,9.357200000000000240e-02,-1.383353299999981800e+02,1.000000000000000000e+00
2.937641201299031647e-03,4.499215572514259076e-03,8.100968960739338698e-01,-9.991043374103161234e-01,2.000000000000000000e+01,7.509239394041190840e-02,-4.026714915952226903e+01,6.080780277986137072e+00,-4.014231915225762748e+01,7.256136476993253481e+00,-7.173718700739577514e+01,6.770914974641975448e+00,7.900000000000000000e+01,2.576064496846611860e+02,6.240905183738394868e+01,3.534500000000000000e+06,1.181900000000000034e-01,-1.797070549999942841e+02,1.000000000000000000e+00
3.027432753337140538e-03,4.503178630074329558e-03,8.276913668275635017e-01,-1.697738255030932120e+00,2.000000000000000000e+01,7.662193229604674638e-02,-3.422882463297847977e+01,6.503449371828070369e+00,-5.053039706914186979e+01,6.845157395115265331e+00,-6.616992183728925170e+01,7.558115624129390753e+00,8.000000000000000000e+01,2.275524733184552417e+02,6.279967816304558426e+01,3.590900000000000000e+06,7.662900000000000267e-02,-7.870199999999897500e+01,1.000000000000000000e+00
3.038601911955883354e-03,4.458161850481269159e-03,8.397850465001905906e-01,-7.613456493372979805e-01,2.000000000000000000e+01,7.724589581674701222e-02,-3.941851042984510656e+01,6.430994712066294028e+00,-4.380118727644699561e+01,7.411589409830662945e+00,-6.944330671086153473e+01,6.721392259441662631e+00,8.100000000000000000e+01,2.633913659016612883e+02,6.227864980709765064e+01,3.579300000000000000e+06,6.782100000000000628e-02,-5.885529999999938155e+01,1.000000000000000000e+00
3.139090513445356306e-03,4.866411216851757211e-03,7.940901390334800247e-01,-1.416340759164430807e+00,2.000000000000000000e+01,7.411178216548455766e-02,-3.930591853823260351e+01,6.437927430739486923e+00,-4.373232033511260397e+01,6.962400121679445775e+00,-6.728814172594050547e+01,6.737796422999889678e+00,8.200000000000000000e+01,2.610256994143654197e+02,6.238437634733256942e+01,3.569200000000000000e+06,1.867800000000000016e-01,-4.415385999999629121e+02,1.000000000000000000e+00
3.223554192490253340e-03,4.152071534472520295e-03,7.929694040152568402e-01,-2.339461159418823932e+00,2.000000000000000000e+01,6.441744581644667789e-02,-5.154621851135041766e+01,6.154841268327827741e+00,-3.853670143606330356e+01,7.619060063628108281e+00,-7.666655594775043880e+01,5.990698617655420222e+00,8.300000000000000000e+01,1.468440595489215070e+02,6.421520620346960584e+01,3.521700000000000000e+06,1.708199999999999996e-01,-3.827506300000169972e+02,1.000000000000000000e+00
2.980111189872509340e-03,4.837908506179817818e-03,7.826844289110095332e-01,-7.647447564407623410e-01,2.000000000000000000e+01,7.496365925612094583e-02,-4.249727296293939105e+01,6.460501524932268147e+00,-4.049688512434806142e+01,7.545410645623382706e+00,-7.122000912333862743e+01,6.501482762702763374e+00,8.400000000000000000e+01,2.356652621349080334e+02,6.268449296996461584e+01,3.568600000000000000e+06,1.248999999999999971e-01,-2.157512760000088292e+02,1.000000000000000000e+00
3.160484652988692494e-03,4.869173583594430671e-03,8.112226817330419060e-01,-1.379367095768770479e+00,2.000000000000000000e+01,7.412877661012667874e-02,-3.966368863516336774e+01,6.442038132872001555e+00,-4.379391884917488653e+01,6.837903386604223144e+00,-6.792137215150185625e+01,6.735821891007871542e+00,8.500000000000000000e+01,2.353906925608940526e+02,6.269062251150496934e+01,3.548100000000000000e+06,1.801500000000000046e-01,-4.026765900000231682e+02,1.000000000000000000e+00
3.004408397821109033e-03,4.826301191125293398e-03,7.806209758077726768e-01,-7.647336651015461673e-01,2.000000000000000000e+01,7.499107707044798399e-02,-4.258363259398178968e+01,6.422332216580401543e+00,-4.075570701993549250e+01,7.602949361587983290e+00,-7.105770991928500280e+01,6.487912542571669050e+00,8.600000000000000000e+01,2.316676681775244049e+02,6.273884632742176848e+01,3.568400000000000000e+06,1.247100000000000014e-01,-2.169817099999963830e+02,1.000000000000000000e+00
2.911733561824970343e-03,5.276309569393736014e-03,7.610138408506132990e-01,-2.206017470515597712e+00,2.000000000000000000e+01,6.993766540283748168e-02,-4.351331123294157521e+01,6.573580660102433804e+00,-4.535659238314765673e+01,6.780949006799373180e+00,-6.088522063195919998e+01,6.866038821634822042e+00,8.700000000000000000e+01,1.441031046449878943e+02,6.424264590729941915e+01,3.478800000000000000e+06,1.935300000000000076e-01,-4.666591999999542963e+02,1.000000000000000000e+00
3.340945451117276459e-03,4.144087519004222703e-03,8.287480240006184218e-01,-3.959414076685942252e+00,2.000000000000000000e+01,7.965651024200161301e-02,-5.156543620987532250e+01,4.416582393141818663e+00,-3.697893350769651732e+01,7.079566694999579468e+00,-7.137625743999149108e+01,6.262573920742979361e+00,8.800000000000000000e+01,1.050697173836841785e+02,6.539088177359332121e+01,3.443900000000000000e+06,2.455199999999999882e-01,-7.268024400001078220e+02,1.000000000000000000e+00
2.785624764450614355e-03,4.389193413886240819e-03,8.278473064804809933e-01,-2.136098980102330902e+00,2.000000000000000000e+01,8.110831073134820712e-02,-4.182530081221250384e+01,5.992252970721639649e+00,-4.240145770024033567e+01,6.357774370895266536e+00,-6.479900299838529065e+01,5.938080663951244453e+00,8.900000000000000000e+01,1.111165921649273258e+02,6.515538391835254117e+01,3.462700000000000000e+06,1.519099999999999895e-01,-3.008782770000089499e+02,1.000000000000000000e+00
3.211052653655595626e-03,5.144403064536080122e-03,7.865395318731674967e-01,-1.951615459657855212e+00,2.000000000000000000e+01,7.789002550353955889e-02,-4.042920093298481987e+01,5.437969952469081214e+00,-4.760827263028853196e+01,5.926736429703117537e+00,-6.557977850591120728e+01,6.108849989759281840e+00,9.000000000000000000e+01,1.406713510594483125e+02,6.428854122569160268e+01,3.446600000000000000e+06,2.626299999999999746e-01,-7.307192089998642359e+02,1.000000000000000000e+00
2.889776587432386305e-03,4.673908542942361265e-03,8.318418691992970349e-01,2.972124040780255716e-01,2.000000000000000000e+01,7.964269920789070201e-02,-3.820116288430195084e+01,6.572501317821813238e+00,-4.086273549874000111e+01,6.722133043074429715e+00,-6.953203950748400075e+01,6.526395500273870276e+00,9.100000000000000000e+01,3.884599641373046666e+02,6.128166817240089159e+01,3.515100000000000000e+06,1.463299999999999879e-01,-3.009843299999982378e+02,1.000000000000000000e+00
2.958899054264424195e-03,4.735176336759842029e-03,7.730044879313349160e-01,3.465287056309228619e-01,2.000000000000000000e+01,7.439492333929484391e-02,-3.598244594596619095e+01,5.793866875697445629e+00,-4.122229292572345116e+01,7.528929976555742698e+00,-7.263061393488656847e+01,6.124533451672085960e+00,9.200000000000000000e+01,4.347126973531757130e+02,6.075228756067678404e+01,3.517100000000000000e+06,1.588499999999999912e-01,-3.303219169999805445e+02,1.000000000000000000e+00
3.386443639427499062e-03,3.406987880226231523e-03,7.745350480557047224e-01,-1.405123546730788209e-01,2.000000000000000000e+01,8.469487599145733570e-02,-3.847114797987403989e+01,7.039211285015833930e+00,-4.609754639408002674e+01,7.606721979852702376e+00,-7.058142707275615635e+01,7.159708397290416748e+00,9.300000000000000000e+01,3.535115344964326027e+02,6.163385731752777730e+01,3.520000000000000000e+06,1.400399999999999978e-01,-2.774129999999994425e+02,1.000000000000000000e+00
3.132466356105188289e-03,4.682429415830284374e-03,8.138128155859196688e-01,-7.236756923855716117e-01,2.000000000000000000e+01,7.317563480515902608e-02,-4.272222326765442091e+01,6.625735177930073938e+00,-3.266970630198606074e+01,7.032880998648833426e+00,-7.024340326678527902e+01,6.874901773330163834e+00,9.400000000000000000e+01,3.572076223112167668e+02,6.160250903538020140e+01,3.571900000000000000e+06,1.715800000000000103e-01,-3.967269999999995775e+02,1.000000000000000000e+00
2.910840586282671758e-03,4.433259581122785467e-03,7.846022510321719601e-01,-3.460455087670127883e-02,2.000000000000000000e+01,7.413040820884857218e-02,-3.899630573190781035e+01,6.013449868892731587e+00,-4.180534185991555063e+01,6.428205869071113909e+00,-6.768525088811315982e+01,6.007198354338402879e+00,9.500000000000000000e+01,3.639735223796334367e+02,6.159919912386582297e+01,3.467700000000000000e+06,1.802999999999999881e-01,-3.968649699999938321e+02,1.000000000000000000e+00
3.233173713435036518e-03,4.535775082040770581e-03,7.659288013512904891e-01,3.334899081391634601e-01,2.000000000000000000e+01,7.821174953208824554e-02,-3.797881627270027849e+01,6.355752601001986690e+00,-4.396746538536567783e+01,6.192700412322766468e+00,-6.448294954875014184e+01,6.609428731005978719e+00,9.600000000000000000e+01,4.413902240516064808e+02,6.072457011375240654e+01,3.527100000000000000e+06,2.014700000000000102e-01,-5.213625300000497873e+02,1.000000000000000000e+00
2.899370842319841553e-03,4.070836395446749550e-03,5.179769575484045596e-01,4.793928141853384672e-01,2.000000000000000000e+01,7.370143709762051742e-02,-3.541963988188862800e+01,5.942334222833019375e+00,-4.351132478515934565e+01,6.402166507313901356e+00,-5.659311622084578630e+01,5.190747506585061011e+00,9.700000000000000000e+01,4.289112194178777600e+02,6.097987556256095587e+01,3.558800000000000000e+06,2.656000000000000028e-01,-1.047449339999970789e+03,1.000000000000000000e+00
3.489469107775837985e-03,4.297358851630211050e-03,7.406759253453092384e-01,-4.715398352980568752e-01,2.000000000000000000e+01,7.434149440688621324e-02,-3.991413604436439044e+01,6.124642095530172803e+00,-5.110058007488910192e+01,7.556832644751946049e+00,-6.489417516699320743e+01,5.837060571818924792e+00,9.800000000000000000e+01,3.369983826110909035e+02,6.176425891952970204e+01,3.522400000000000000e+06,1.186900000000000038e-01,-1.956114000000035560e+02,1.000000000000000000e+00
3.013192339011296506e-03,4.290916904271281640e-03,7.867010631752118233e-01,-1.203593595192527232e-01,2.000000000000000000e+01,7.376951658187538841e-02,-3.747691199352814095e+01,5.988772249705799133e+00,-4.451452848114708161e+01,6.597757631056122563e+00,-6.753601499140964393e+01,6.170739624101479137e+00,9.900000000000000000e+01,3.302526770920971444e+02,6.181531885946786531e+01,3.475400000000000000e+06,2.393800000000000094e-01,-6.544018799999805651e+02,1.000000000000000000e+00
2.752540128102387573e-03,4.215607454051393393e-03,7.242394036687855863e-01,-7.964366407781356960e-01,2.000000000000000000e+01,7.841833761747193932e-02,-3.973144522712779292e+01,6.441514309656518833e+00,-4.625278010746227153e+01,6.413348013003007608e+00,-5.992968459397475556e+01,6.821324008102553016e+00,1.000000000000000000e+02,3.453112916128662846e+02,6.168774829364969747e+01,3.592400000000000000e+06,5.784999999999999865e-02,-5.157305400000040407e+01,1.000000000000000000e+00
3.265625746954590059e-03,4.533596594548776511e-03,8.943989706369741555e-01,-4.700186056772971410e-01,2.000000000000000000e+01,7.913508446170094968e-02,-4.237639406907911876e+01,6.722330669023702576e+00,-4.713513626248701627e+01,7.804031121046526742e+00,-7.101923816362196362e+01,7.647794775015793078e+00,1.010000000000000000e+02,3.237472650075505385e+02,6.195460531212511057e+01,3.487600000000000000e+06,1.142399999999999943e-01,-1.651650000000021805e+02,1.000000000000000000e+00
3.068029299614292472e-03,4.923583182445575614e-03,7.697658169427172847e-01,-1.269003407152901497e+00,2.000000000000000000e+01,7.422357706473292627e-02,-4.078970511461473336e+01,6.641297090377465295e+00,-4.340515655423532593e+01,7.092777374247560829e+00,-6.285113799118536804e+01,6.716730842723025674e+00,1.020000000000000000e+02,3.266041098918418584e+02,6.187418028457355490e+01,3.642000000000000000e+06,1.814600000000000102e-01,-4.287158399999860876e+02,1.000000000000000000e+00
3.118707616342688334e-03,4.784640730590128919e-03,7.647977409572215279e-01,-2.819720518022012179e+00,2.000000000000000000e+01,7.402998902689561511e-02,-4.428233228544820577e+01,5.694402008421267425e+00,-4.308389829381403047e+01,6.570309005978104189e+00,-6.785452245769162971e+01,6.278701072044992060e+00,1.030000000000000000e+02,1.129644404665519914e+02,6.530833957965934644e+01,3.411500000000000000e+06,2.251199999999999868e-01,-6.246517600000755692e+02,1.000000000000000000e+00
3.147261403822976950e-03,4.452545292277777095e-03,8.020666117634434045e-01,-1.803462112916773163e+00,2.000000000000000000e+01,7.162218209524473522e-02,-5.563218024181124122e+01,5.452882982121594502e+00,-4.354502427071319914e+01,6.828010144217535604e+00,-8.357173588989741120e+01,6.015164502503671073e+00,1.040000000000000000e+02,1.067823445006316092e+02,6.560229446845957568e+01,3.433800000000000000e+06,2.329700000000000104e-01,-6.404040059999842924e+02,1.000000000000000000e+00
3.299250439090074295e-03,3.983782595208355641e-03,7.195428722192135362e-01,2.788385014588153687e+00,2.000000000000000000e+01,7.472091658182801466e-02,-2.565970755673801662e+01,6.725666189378568305e+00,-3.724474495087316939e+01,6.640767436207712926e+00,-5.591492724743042686e+01,6.154420580372967464e+00,1.050000000000000000e+02,1.351798703466875395e+03,5.433033492810018572e+01,3.812300000000000000e+06,1.668000000000000038e-01,-4.105180100000204675e+02,1.000000000000000000e+00
3.373193683477477764e-03,4.083587403394419064e-03,7.382592830551470975e-01,2.977567896291826166e+00,2.000000000000000000e+01,7.288939687143948520e-02,-2.833678368015471705e+01,6.106432026311661154e+00,-3.544620138137641874e+01,6.659177480645206870e+00,-5.580797006781040182e+01,5.704013805884456723e+00,1.060000000000000000e+02,1.313957112812418472e+03,5.473770933176736975e+01,3.719800000000000000e+06,4.913000000000000145e-01,-2.503928530000784576e+03,1.000000000000000000e+00
3.081946914322381166e-03,4.332017006824316792e-03,7.038176999742491446e-01,-1.732879803477958447e+00,2.000000000000000000e+01,7.569044808193321761e-02,-4.515138977839723111e+01,7.152583707648981992e+00,-4.480375097671969797e+01,7.251351007162512907e+00,-8.010746178643721294e+01,5.938604602604865335e+00,1.070000000000000000e+02,1.623227784881062234e+02,6.399211343768385518e+01,3.506600000000000000e+06,9.008099999999999441e-02,-1.159821700000011049e+02,1.000000000000000000e+00
3.245173108099408399e-03,4.124991381417817196e-03,7.581183671263054258e-01,2.059916105592616287e+00,2.000000000000000000e+01,7.372527445527314593e-02,-3.303101743269579771e+01,5.750320189305988983e+00,-3.727109430647319499e+01,6.531851202174513205e+00,-5.828470263315016808e+01,5.774251896221522351e+00,1.080000000000000000e+02,9.550688809699870490e+02,5.649500110667213448e+01,3.612700000000000000e+06,2.684900000000000064e-01,-8.699031400001326801e+02,1.000000000000000000e+00
3.062145049231374677e-03,4.025116470500917330e-03,7.398882858056287093e-01,-2.441560462813744170e+00,2.000000000000000000e+01,6.961532762678881991e-02,-4.254394118250930035e+01,6.512833654828444452e+00,-4.830847793718636041e+01,5.677066731431271052e+00,-7.170448812768327684e+01,6.209678274470395998e+00,1.090000000000000000e+02,9.791742390387783246e+01,6.658459232446770670e+01,3.407300000000000000e+06,3.120899999999999785e-01,-1.005379073999934235e+03,1.000000000000000000e+00
4.100056126051006798e-03,3.601165793647904262e-03,7.190509588687776787e-01,-2.932196319922331540e+00,2.000000000000000000e+01,6.341877804449663758e-02,-3.517606202022459883e+01,5.780872508983235569e+00,-4.530167553664907132e+01,6.498645627308197170e+00,-6.304996825259825499e+01,5.625298334592640614e+00,1.100000000000000000e+02,1.182573565713267101e+02,6.503393390036777078e+01,3.463700000000000000e+06,1.721300000000000052e-01,-3.885056000000168979e+02,1.000000000000000000e+00
3.060995421097945091e-03,4.788445127943834027e-03,8.250296358945312658e-01,-3.637107702449778213e+00,2.000000000000000000e+01,7.634933356230326484e-02,-4.444461319048999570e+01,6.386853818150020956e+00,-4.637801214078731249e+01,7.254820667190500671e+00,-6.140263875321495135e+01,6.157031589262428106e+00,1.110000000000000000e+02,1.016828209056555039e+02,6.640600636926642153e+01,3.458300000000000000e+06,2.415100000000000025e-01,-7.384717000000492817e+02,1.000000000000000000e+00
2.797475378762355035e-03,4.431980330534070894e-03,8.476982047964222167e-01,-2.461933764192313134e+00,2.000000000000000000e+01,6.469563372557335379e-02,-3.462122487127936665e+01,4.629469970907842402e+00,-3.555695180742116435e+01,7.316278276690171722e+00,-6.898288614439856303e+01,6.949932142567909032e+00,1.120000000000000000e+02,1.038108841197326768e+02,6.614426148805267758e+01,3.402300000000000000e+06,1.433699999999999974e-01,-2.975219000000042797e+02,1.000000000000000000e+00
3.618749178848221486e-03,4.776980875211178819e-03,5.636904766834420766e-01,-3.468570807175251680e+00,2.000000000000000000e+01,4.870201381805037283e-02,-3.919300538608543150e+01,4.138053663310574670e+00,-5.029853330975505799e+01,6.627228360296653520e+00,-6.678863259367534511e+01,5.547240023821213839e+00,1.130000000000000000e+02,1.039281567582532517e+02,6.606626124072508333e+01,3.442300000000000000e+06,2.396699999999999942e-01,-7.261353000000503926e+02,1.000000000000000000e+00
2.823953685018242357e-03,4.726933739755359402e-03,7.904207991685090473e-01,2.100673339318643307e-01,2.000000000000000000e+01,6.904199310619540952e-02,-3.985414760065045670e+01,6.149980155019616035e+00,-3.991264484809500601e+01,5.788658322972724868e+00,-6.032923687261794043e+01,6.802250044155854880e+00,1.140000000000000000e+02,4.655003642220563620e+02,6.042690615724358594e+01,3.531000000000000000e+06,2.212999999999999967e-01,-5.666201099999950657e+02,1.000000000000000000e+00
2.886870256042888428e-03,4.611512612587197885e-03,8.237289026067855513e-01,-1.592931674665460706e+00,2.000000000000000000e+01,7.560975269153356881e-02,-3.100748508327172104e+01,6.876901809067028637e+00,-5.482736805954858994e+01,7.198898054532964608e+00,-6.601944856230757352e+01,8.537376168980406632e+00,1.150000000000000000e+02,1.790672102750934584e+02,6.370875487596328668e+01,3.498400000000000000e+06,1.054199999999999998e-01,-1.678032000000023913e+02,1.000000000000000000e+00
3.218739520812492066e-03,4.421242807860255829e-03,7.478287701029493473e-01,-9.454578002609881349e-01,2.000000000000000000e+01,7.766735872628065251e-02,-4.030712781828878377e+01,7.414291052948723149e+00,-4.233032076665535470e+01,7.661826221155266126e+00,-6.211630247155815709e+01,6.456144882829338627e+00,1.160000000000000000e+02,2.487004741317167031e+02,6.259829186050743033e+01,3.570300000000000000e+06,1.981199999999999906e-01,-5.167164000000019541e+02,1.000000000000000000e+00
2.973114001118497447e-03,3.959991867644291862e-03,6.345076073209420242e-01,1.505614668978763060e+00,2.000000000000000000e+01,7.473454493113801389e-02,-4.428145877556186605e+01,6.618996024191598160e+00,-4.006924330109535504e+01,7.598287305388609525e+00,-6.114820165341241420e+01,6.472027510494040570e+00,1.170000000000000000e+02,4.708345635584645379e+02,6.031782363512927958e+01,3.690800000000000000e+06,2.084900000000000087e-01,-6.735826999999773079e+02,1.000000000000000000e+00
2.924196182211717936e-03,3.713429101191408847e-03,8.392366119705269023e-01,4.473607313471455460e-01,2.000000000000000000e+01,7.966094127625207577e-02,-3.422675180635079073e+01,5.166637021097745475e+00,-4.051976994588745384e+01,6.808821509876174183e+00,-7.147480965176077916e+01,6.655118700411451371e+00,1.180000000000000000e+02,4.908038433537241190e+02,6.022933340402957469e+01,3.507300000000000000e+06,3.442700000000000204e-01,-1.286940130000028830e+03,1.000000000000000000e+00
3.019861427868419067e-03,4.384151040487525852e-03,7.623091105416941460e-01,3.604922102430339059e-01,2.000000000000000000e+01,7.496201282465522753e-02,-3.678956481590441285e+01,6.264649205517132557e+00,-4.339896534067952416e+01,6.704671475630993527e+00,-6.547739883588657506e+01,6.100989550106882930e+00,1.190000000000000000e+02,4.814287377601017397e+02,6.027531991750830542e+01,3.544700000000000000e+06,1.331900000000000028e-01,-2.498629400000068017e+02,1.000000000000000000e+00
2.953257408521071936e-03,4.419628736805801365e-03,8.043166924589156830e-01,-1.681431582962156890e+00,2.000000000000000000e+01,8.154346713445398409e-02,-4.352372224373544185e+01,6.163235613349206332e+00,-4.099546891293918804e+01,6.581732316044960562e+00,-6.652355342585720166e+01,6.785387386695948209e+00,1.200000000000000000e+02,1.554233519928326928e+02,6.415868782740662368e+01,3.464400000000000000e+06,1.404100000000000070e-01,-2.760107599999992658e+02,1.000000000000000000e+00
3.081566935425290171e-03,4.943951992769060784e-03,8.326809263961505447e-01,-1.750857537090219074e+00,2.000000000000000000e+01,8.148563906330942574e-02,-4.235161847326594398e+01,5.994839481275302973e+00,-4.999375122190269138e+01,6.287469613525622059e+00,-6.933322515686526799e+01,7.355335766185595148e+00,1.210000000000000000e+02,1.504674357160966736e+02,6.418092279901537722e+01,3.473200000000000000e+06,1.633699999999999875e-01,-3.533885999999851606e+02,1.000000000000000000e+00
2.781102429386920257e-03,4.421269397285614369e-03,7.580542949418985765e-01,-1.952596195140460678e+00,2.000000000000000000e+01,8.305190781697234514e-02,-3.793239309163416806e+01,6.360792957255536173e+00,-4.823618147133739598e+01,6.256245023036136388e+00,-6.751194900672912524e+01,6.195109631245659720e+00,1.220000000000000000e+02,1.445453605241025912e+02,6.427523596355617030e+01,3.485300000000000000e+06,1.690899999999999903e-01,-3.951168099999840706e+02,1.000000000000000000e+00
2.550032492300144046e-03,4.324885486598487733e-03,7.100885043969586974e-01,2.074321240160298174e+00,2.000000000000000000e+01,7.748919140184948318e-02,-3.161333489067478553e+01,6.476861139098797793e+00,-4.219907062104587681e+01,6.784616784555370650e+00,-5.945949872493442001e+01,6.647067633657899322e+00,1.230000000000000000e+02,9.878472567236500481e+02,5.619060967577564725e+01,3.716800000000000000e+06,6.581700000000000050e-02,-6.357999999999871221e+01,1.000000000000000000e+00
2.900899086379181771e-03,5.119339668923728569e-03,8.142994602150636085e-01,-1.396206914870391058e+00,2.000000000000000000e+01,7.562845501947296212e-02,-4.046020877556566120e+01,6.123798296064116187e+00,-4.253957649043786660e+01,7.215549244887528246e+00,-7.175214189445502200e+01,6.806893364523472378e+00,1.240000000000000000e+02,1.852846656725193668e+02,6.352510016079284583e+01,3.512400000000000000e+06,9.739100000000000534e-02,-1.207783000000016500e+02,1.000000000000000000e+00
2.882752641160212306e-03,4.444718763006972120e-03,7.951516430412732817e-01,-1.488385046639176590e+00,2.000000000000000000e+01,7.492774175064273456e-02,-3.944001267573713676e+01,6.261934416392318070e+00,-4.455730046752260876e+01,6.327334063272520126e+00,-6.877644604057260835e+01,6.559706451929910642e+00,1.250000000000000000e+02,1.833627115742202136e+02,6.357366305259849781e+01,3.466900000000000000e+06,1.275300000000000045e-01,-2.120927000000013720e+02,1.000000000000000000e+00
2.873027280367325929e-03,4.550370985004664401e-03,7.938699119244079228e-01,-9.305831803691391180e-01,2.000000000000000000e+01,7.489646297545823894e-02,-4.154443584851600235e+01,5.790390753995168005e+00,-3.964512694586102981e+01,7.288918146668831533e+00,-7.172840253813872380e+01,6.778880758680580598e+00,1.260000000000000000e+02,2.298520998887673557e+02,6.281099916566922303e+01,3.507700000000000000e+06,1.267399999999999916e-01,-2.106874000000057663e+02,1.000000000000000000e+00
3.141412265371036020e-03,4.353501881206455100e-03,8.323472584596059987e-01,-1.859982873672396231e+00,2.000000000000000000e+01,7.761359765679899658e-02,-3.748321112114573594e+01,5.821340148883026089e+00,-4.549762513377172723e+01,6.642129598921472144e+00,-6.641352451490200792e+01,6.691451167498780883e+00,1.270000000000000000e+02,1.669752070477389339e+02,6.387749894932738925e+01,3.465500000000000000e+06,3.130499999999999949e-01,-9.555429200001580057e+02,1.000000000000000000e+00
3.231545866819756328e-03,4.812001618000612269e-03,8.355470038238046460e-01,-1.526704447780299789e+00,2.000000000000000000e+01,7.401698171087831013e-02,-3.817990205878123788e+01,6.238668473234023182e+00,-4.412108263005216457e+01,6.707526134036108090e+00,-7.235837588625699368e+01,6.756887471284736435e+00,1.280000000000000000e+02,1.688861379597054793e+02,6.378669583770945195e+01,3.471700000000000000e+06,1.865499999999999936e-01,-4.184233200000105626e+02,1.000000000000000000e+00
2.623422193571829826e-03,4.940571717698719403e-03,7.251062210078935699e-01,-1.797558033397482546e+00,2.000000000000000000e+01,7.045721720381199760e-02,-4.010824163988782232e+01,6.221449035321178656e+00,-5.556834350653652876e+01,5.959494559744180187e+00,-6.792738829784700272e+01,6.952676507832124209e+00,1.290000000000000000e+02,1.716807534322645665e+02,6.374638623544635152e+01,3.514800000000000000e+06,1.079200000000000020e-01,-1.677416000000058034e+02,1.000000000000000000e+00
2.997252363435742167e-03,4.571760645886044534e-03,7.464229886538562564e-01,-8.211672367262159433e-01,2.000000000000000000e+01,7.500033642343394147e-02,-4.078638431795723562e+01,6.394082116108529057e+00,-4.212185361378728032e+01,6.991320563954825928e+00,-6.926337692970136573e+01,6.243916582115464742e+00,1.300000000000000000e+02,2.584386809504496796e+02,6.253018116809283811e+01,3.525800000000000000e+06,1.346700000000000119e-01,-2.640356999999966092e+02,1.000000000000000000e+00
2.912281661535801904e-03,4.592019903950709560e-03,7.866416927498489642e-01,-4.425105953185711760e-01,2.000000000000000000e+01,7.433605510443450082e-02,-4.062647114642302881e+01,6.142471633144330312e+00,-4.255286128706754312e+01,6.948163818671702963e+00,-6.893557936320853230e+01,6.243884876469646628e+00,1.310000000000000000e+02,2.597851192296465683e+02,6.252841656003585058e+01,3.501200000000000000e+06,1.618700000000000139e-01,-3.300278000000263319e+02,1.000000000000000000e+00
2.878965041143728004e-03,3.799899649364348129e-03,8.146005488730632127e-01,-2.630891309030656711e+00,2.000000000000000000e+01,8.514512739013110898e-02,-5.542153317712358529e+01,5.253368564091625892e+00,-3.853747065818961204e+01,6.453658763142653854e+00,-5.917735107416710605e+01,6.174809942474036362e+00,1.320000000000000000e+02,1.405290400705000877e+02,6.444731072659637050e+01,3.454800000000000000e+06,1.361199999999999910e-01,-2.671585299999849781e+02,1.000000000000000000e+00
3.326929835396073669e-03,4.897274984183138703e-03,8.298642562389482169e-01,-2.467165801404743952e+00,2.000000000000000000e+01,8.087011645522872161e-02,-4.558904396092376032e+01,6.334456334027386504e+00,-4.431907238668956239e+01,6.865001174155020536e+00,-6.735643495196487152e+01,6.662135793446323895e+00,1.330000000000000000e+02,1.413444036138094759e+02,6.441682036730969685e+01,3.455100000000000000e+06,1.337399999999999978e-01,-2.577050999999996179e+02,1.000000000000000000e+00
3.361055092713848263e-03,4.443367910805778170e-03,7.668878724267143010e-01,-3.434020452899971154e+00,2.000000000000000000e+01,7.421396457554058079e-02,-4.199150399113193544e+01,5.527796651679512507e+00,-4.859526921952204503e+01,6.854144451100252944e+00,-6.416619116788115207e+01,5.698575925309701695e+00,1.340000000000000000e+02,1.284868606488692819e+02,6.476572128599825362e+01,3.474900000000000000e+06,1.547300000000000064e-01,-3.346352100000126484e+02,1.000000000000000000e+00
3.000849768076784344e-03,4.461835863719322559e-03,8.283847942388280483e-01,-1.755176293306924817e+00,2.000000000000000000e+01,7.660141805228581902e-02,-3.426187157143898077e+01,6.194792586121984357e+00,-4.979459612417844028e+01,6.995870258339172310e+00,-6.626305123992032975e+01,7.670711712349797651e+00,1.350000000000000000e+02,2.221829999459809812e+02,6.302538645578726317e+01,3.584200000000000000e+06,7.706599999999999562e-02,-7.882364000000026749e+01,1.000000000000000000e+00
2.895116937262526800e-03,4.389968976753332031e-03,7.704462335082324920e-01,2.065317953046583721e+00,2.000000000000000000e+01,7.408821474678850549e-02,-2.909207896354860878e+01,6.191271458138739803e+00,-4.222722499248487793e+01,6.536437993862476148e+00,-6.283720064035529163e+01,6.264855179014702458e+00,1.360000000000000000e+02,9.138490625899236193e+02,5.657612239644785745e+01,3.620300000000000000e+06,1.786000000000000087e-01,-3.919830000000059727e+02,1.000000000000000000e+00
3.288461993449539982e-03,4.091853902232542479e-03,7.096361607291867823e-01,1.632839476859791361e+00,2.000000000000000000e+01,7.397051393245746009e-02,-3.152519170399010662e+01,6.230888037754938935e+00,-4.032114701367392229e+01,6.639621096748498985e+00,-5.946995859721012323e+01,6.422453353434935508e+00,1.370000000000000000e+02,8.642692062323513937e+02,5.668346801053076689e+01,3.680800000000000000e+06,2.784200000000000008e-01,-1.020923999999941543e+03,1.000000000000000000e+00
2.956797381106626016e-03,4.488093206236658250e-03,7.789831163262085356e-01,-2.024278254587641435e+00,2.000000000000000000e+01,7.816397678298450669e-02,-3.629549780259628733e+01,6.379877748467482235e+00,-4.708359521887308574e+01,6.657501062555585492e+00,-6.877507211381410457e+01,7.074384335283784964e+00,1.380000000000000000e+02,1.954891766239247772e+02,6.331135353191320547e+01,3.527100000000000000e+06,5.908000000000000057e-02,-5.145197400000044041e+01,1.000000000000000000e+00
2.801436816338331165e-03,4.528104109086869555e-03,8.487214609482938155e-01,-1.089998552957302858e+00,2.000000000000000000e+01,7.130645140043821717e-02,-3.933148477026293932e+01,5.749044992455816683e+00,-4.030388223893093880e+01,7.975344946394228529e+00,-6.825844498653232506e+01,6.817552357350198378e+00,1.390000000000000000e+02,1.955021077060684433e+02,6.329437298206872953e+01,3.521900000000000000e+06,1.436600000000000099e-01,-2.757580200000037394e+02,1.000000000000000000e+00
2.679155883112407759e-03,4.404515680140120779e-03,6.922103001040866843e-01,-1.858581404889640520e+00,2.000000000000000000e+01,7.440639763857639921e-02,-5.362147723946497990e+01,6.659873343202478146e+00,-5.173646073800883727e+01,6.466393011984517436e+00,-7.578202396968180210e+01,6.188258106848655515e+00,1.400000000000000000e+02,1.326430024481474845e+02,6.454134200001385580e+01,3.465800000000000000e+06,1.466899999999999871e-01,-3.022398299999886717e+02,1.000000000000000000e+00
2.957282286865658277e-03,4.556463183006171161e-03,8.308220815257271186e-01,-1.097418542914489814e+00,2.000000000000000000e+01,7.370027813174331865e-02,-4.031901046103118347e+01,6.041551356771795334e+00,-4.430292206534292632e+01,6.816235003318938723e+00,-6.845327799413271919e+01,6.374195754482166798e+00,1.410000000000000000e+02,1.929910333012180672e+02,6.333160401160921538e+01,3.478000000000000000e+06,2.191299999999999915e-01,-5.120555649999739671e+02,1.000000000000000000e+00
3.250773142187312909e-03,4.267776308912165847e-03,7.860141916841770771e-01,-6.766337688689325613e-01,2.000000000000000000e+01,7.661258379475843761e-02,-3.809765007031919026e+01,6.394466201457330357e+00,-4.426032266115588243e+01,7.158730645876378418e+00,-7.040847043604684075e+01,6.720632617659145325e+00,1.420000000000000000e+02,2.738219988053706970e+02,6.237168209641955485e+01,3.547700000000000000e+06,8.000899999999999679e-02,-1.005673600000012442e+02,1.000000000000000000e+00
3.128743354551983061e-03,4.790004394169688692e-03,8.162714427608939172e-01,-1.311909454489779803e+00,2.000000000000000000e+01,7.457644315510955635e-02,-4.034411403418572206e+01,6.106073307038535347e+00,-4.253945721972908700e+01,6.821594105731467295e+00,-7.080541456893830343e+01,6.553656132801611633e+00,1.430000000000000000e+02,1.910947249189109698e+02,6.343262192007836120e+01,3.480000000000000000e+06,1.448099999999999943e-01,-2.732660000000095692e+02,1.000000000000000000e+00
2.929141407521031366e-03,4.768569387782586703e-03,8.402616961759195036e-01,-1.080556426836517536e+00,2.000000000000000000e+01,7.022438442593745278e-02,-4.110765990756967625e+01,5.625964502780085752e+00,-4.466659809361082267e+01,7.800476672843754677e+00,-6.408701866516666712e+01,5.948285861830227894e+00,1.440000000000000000e+02,2.654028059044795214e+02,6.238394477047322084e+01,3.531700000000000000e+06,2.125199999999999867e-01,-4.784460299999530548e+02,1.000000000000000000e+00
3.021102830837912260e-03,4.407976959915181278e-03,7.584318361359780880e-01,7.899493654894942374e-01,2.000000000000000000e+01,7.365150280878619837e-02,-3.896851076550100146e+01,5.792137321671798844e+00,-4.018966443456100990e+01,6.498421408159762436e+00,-6.426735253014592786e+01,6.129661928921855463e+00,1.450000000000000000e+02,5.075737953082290232e+02,6.003395682938907640e+01,3.510200000000000000e+06,2.640399999999999969e-01,-8.242294999999531910e+02,1.000000000000000000e+00
3.005187381420228176e-03,4.430003553671190558e-03,7.895132563023392613e-01,-9.022135205288791537e-01,2.000000000000000000e+01,6.983024973277625336e-02,-4.280184858646890689e+01,5.793135321667190141e+00,-4.380727790625373785e+01,7.324406590884283474e+00,-7.499950966645722872e+01,6.792181573942555950e+00,1.460000000000000000e+02,2.962484184741537092e+02,6.213964701910735755e+01,3.533000000000000000e+06,1.378600000000000103e-01,-2.805368999999984112e+02,1.000000000000000000e+00
3.068132245868321253e-03,4.898019915396036733e-03,7.240054677860973120e-01,-3.531555345232308962e-01,2.000000000000000000e+01,7.806246171860331540e-02,-3.790747271806384333e+01,6.340165590598948242e+00,-3.833320421012557944e+01,7.456716959732959893e+00,-6.864687019402936130e+01,6.490054367522575696e+00,1.470000000000000000e+02,2.826321521572957067e+02,6.215846350471890247e+01,3.525000000000000000e+06,1.624500000000000111e-01,-3.327313259999999104e+02,1.000000000000000000e+00
3.119020106748808703e-03,3.979576057829906088e-03,7.581404889821488080e-01,2.057340727572026129e+00,2.000000000000000000e+01,7.402702446225452315e-02,-3.445385176471499733e+01,6.187976224680001636e+00,-4.087863568438554296e+01,5.935285221533606048e+00,-5.574872562516281249e+01,6.098249107878013220e+00,1.480000000000000000e+02,8.544015931678394509e+02,5.704287656723147393e+01,3.610300000000000000e+06,2.181400000000000006e-01,-5.858709500000671824e+02,1.000000000000000000e+00
3.217534620276312710e-03,3.673794251617311813e-03,8.131989428211248150e-01,1.351020045620659804e+00,2.000000000000000000e+01,8.627094880556929191e-02,-3.247391132656103707e+01,6.939287337524724819e+00,-3.348687776298699958e+01,6.393048101949077910e+00,-6.403474905271367845e+01,7.229402042776706061e+00,1.490000000000000000e+02,8.503552395352111262e+02,5.705997797995014764e+01,3.647000000000000000e+06,1.987400000000000000e-01,-5.276725999999736132e+02,1.000000000000000000e+00
3.113803344525401320e-03,3.999041607161532043e-03,7.107213593427796905e-01,2.016466773944589619e+00,2.000000000000000000e+01,7.387512813556303126e-02,-3.195560451166909033e+01,5.813190053273004310e+00,-3.907425362359239784e+01,6.286966332491362053e+00,-6.112383291105381034e+01,6.066875066003573735e+00,1.500000000000000000e+02,8.553054356564636009e+02,5.683780192636065465e+01,3.577100000000000000e+06,2.728800000000000114e-01,-9.628488000002229228e+02,1.000000000000000000e+00
2.811889616784548056e-03,4.430513302041434905e-03,6.996178863956458160e-01,1.421402602370360313e+00,2.000000000000000000e+01,8.091700487950756471e-02,-3.550485462905821521e+01,6.239275803985874447e+00,-3.765629604934585473e+01,5.633578822711413636e+00,-5.890810077909524978e+01,5.711803812620932064e+00,1.510000000000000000e+02,6.375012878752405641e+02,5.892597823415267300e+01,3.499100000000000000e+06,2.224399999999999988e-01,-6.073587000000527496e+02,1.000000000000000000e+00
2.707350969918459211e-03,4.338062336373408462e-03,6.530360270754147489e-01,1.132285249438951924e+00,2.000000000000000000e+01,7.519281050881604367e-02,-3.136115894398235682e+01,6.560577724359132112e+00,-4.674026009294090045e+01,5.952737080505901446e+00,-6.046727602489676912e+01,7.456287353097506454e+00,1.520000000000000000e+02,6.411422093253623871e+02,5.878689720693758147e+01,3.595300000000000000e+06,5.055300000000000349e-01,-2.210874722999638834e+03,1.000000000000000000e+00
2.745993171277067574e-03,3.470731667900773219e-03,8.588732268862558916e-01,1.525613317841353123e+00,2.000000000000000000e+01,7.516117608914571480e-02,-3.679939680311621686e+01,6.279955792839360562e+00,-4.199056940960202411e+01,6.003430669651092622e+00,-5.971481498876730853e+01,5.944097249876060474e+00,1.530000000000000000e+02,6.462245242284261622e+02,5.876754314175100546e+01,3.551400000000000000e+06,1.099299999999999999e-01,-1.303429919999973094e+02,1.000000000000000000e+00
3.014118564445644396e-03,3.620420702192225434e-03,7.911153705143940673e-01,1.599835405681419909e+00,2.000000000000000000e+01,6.981047474915585971e-02,-3.899738948088201340e+01,5.457074242967440370e+00,-4.739725279180414930e+01,6.917039119992198337e+00,-5.400755234668953619e+01,5.785535791977578945e+00,1.540000000000000000e+02,8.107907973534967141e+02,5.738389180440454851e+01,3.604100000000000000e+06,4.012999999999999901e-01,-1.670266559999389983e+03,1.000000000000000000e+00
3.005207885989407898e-03,4.422061046319619715e-03,7.564324670426680886e-01,9.082497061488784551e-01,2.000000000000000000e+01,7.441897219913741479e-02,-3.571343405292677886e+01,6.146233052837084543e+00,-4.249646840774688883e+01,6.426975745272937246e+00,-6.512231176432661073e+01,6.032508471892859880e+00,1.550000000000000000e+02,5.671531498538633969e+02,5.951409753757309318e+01,3.526300000000000000e+06,1.656199999999999894e-01,-3.684252599999691142e+02,1.000000000000000000e+00
3.139745599237673580e-03,4.310468077208020818e-03,8.536498228946981515e-01,-3.383886696142557327e-01,2.000000000000000000e+01,8.068258084966771493e-02,-3.752091285841252244e+01,6.266271257786575788e+00,-4.436842966182155834e+01,5.816008817715413670e+00,-6.935284301948760799e+01,6.302654444352241647e+00,1.560000000000000000e+02,3.869361933447872843e+02,6.141774384617962568e+01,3.504200000000000000e+06,1.461099999999999899e-01,-3.131908999999911316e+02,1.000000000000000000e+00
3.304379795952448132e-03,4.531005506603708044e-03,7.538799995903129325e-01,-3.710947826994434595e-01,2.000000000000000000e+01,6.494133082795076894e-02,-3.953569367231548881e+01,5.349837271077058531e+00,-4.464577100091035078e+01,6.525745046614098044e+00,-5.424430461961036087e+01,5.061132464392639640e+00,1.570000000000000000e+02,3.821952726112052687e+02,6.147124195394932400e+01,3.514300000000000000e+06,2.731000000000000094e-01,-8.662878900000396243e+02,1.000000000000000000e+00
2.992388538911075393e-03,3.712058069823365256e-03,7.066790149624568862e-01,-3.263905441747419811e+00,2.000000000000000000e+01,8.765846401715031433e-02,-4.608062157846092077e+01,7.477127841574495726e+00,-4.647123127219965966e+01,6.778289516085195920e+00,-7.019245771724084193e+01,5.921538142626140200e+00,1.580000000000000000e+02,1.004036004898755579e+02,6.714510467646505276e+01,3.410200000000000000e+06,3.185799999999999743e-01,-1.040062200000123539e+03,1.000000000000000000e+00
3.661316723887971664e-03,4.268286554018179031e-03,5.737332087435602634e-01,-2.005172114736592182e+00,2.000000000000000000e+01,6.824330275218336295e-02,-4.399366441374668568e+01,5.421044437805551119e+00,-4.286554167464644394e+01,7.011070554490998141e+00,-6.400226502766416559e+01,4.544474384263455846e+00,1.590000000000000000e+02,1.011373767762756017e+02,6.707155535264581658e+01,3.407000000000000000e+06,1.648999999999999910e-01,-4.085550000000418436e+02,1.000000000000000000e+00
3.237206808534899907e-03,5.440860351077459259e-03,6.670001145708426282e-01,-2.348932271937638649e+00,2.000000000000000000e+01,7.887649113516992383e-02,-3.527501573272486723e+01,5.747977736900544699e+00,-3.626087525611500695e+01,5.233316068294600498e+00,-4.612135364301487783e+01,5.513824171163617116e+00,1.600000000000000000e+02,1.020461512148727792e+02,6.653918064825433021e+01,3.469600000000000000e+06,3.004800000000000249e-01,-1.045907520000255090e+03,1.000000000000000000e+00
2.382991775179838824e-03,3.796037808334080162e-03,8.346099989783553053e-01,-3.052866509777322879e+00,2.000000000000000000e+01,5.682988310897032352e-02,-4.089254432262328010e+01,6.471977821588864366e+00,-5.331019503016818817e+01,5.602023768474680310e+00,-7.436599170154106275e+01,6.072911389289228801e+00,1.610000000000000000e+02,1.020461512148727792e+02,6.653918064825433021e+01,3.469600000000000000e+06,3.004800000000000249e-01,-1.045907520000255090e+03,1.000000000000000000e+00
5.019031509698651528e-03,3.804320944174247390e-03,5.456141580617934750e-01,-2.975890837329779437e+00,2.000000000000000000e+01,8.894298721102066041e-02,-4.867481469867469457e+01,6.536428646877775250e+00,-4.110443957832383433e+01,5.064339043493719217e+00,-4.821428537215258103e+01,6.055226120831207481e+00,1.620000000000000000e+02,1.020461512148727792e+02,6.653918064825433021e+01,3.469600000000000000e+06,3.004800000000000249e-01,-1.045907520000255090e+03,1.000000000000000000e+00
2.734161445529867049e-03,6.010989713734699383e-03,6.416985011296968411e-01,-3.606544429076118163e+00,2.000000000000000000e+01,8.288902236107374699e-02,-3.980281702205626004e+01,7.303710700723625493e+00,-5.303699799348309085e+01,5.917678844262382221e+00,-5.198292508485217667e+01,4.372142689178845743e+00,1.630000000000000000e+02,1.021880839279562849e+02,6.649265844342485821e+01,3.443500000000000000e+06,2.582400000000000251e-01,-7.807064099999081463e+02,1.000000000000000000e+00
3.256229620765799249e-03,4.374662378628272480e-03,7.311003380369530680e-01,1.173183597924954746e+00,2.000000000000000000e+01,7.337315342890446401e-02,-3.355432346550005462e+01,6.105978013889085787e+00,-4.035605389724819503e+01,6.697321862074984367e+00,-6.130904434441882245e+01,6.423558602835791831e+00,1.640000000000000000e+02,7.687794339408015958e+02,5.771881332005560949e+01,3.640100000000000000e+06,3.722900000000000098e-01,-1.620244370000198160e+03,1.000000000000000000e+00
2.383001219842147134e-03,4.413364107182094279e-03,6.895216398121560841e-01,1.637235257565843316e+00,2.000000000000000000e+01,6.744149018053362254e-02,-3.522380045434498896e+01,5.907162571995210776e+00,-3.817135566062074759e+01,5.902856926776718360e+00,-6.071749909625159347e+01,6.139797215142695386e+00,1.650000000000000000e+02,7.851321467467397497e+02,5.744215214846710182e+01,3.589000000000000000e+06,2.515000000000000013e-01,-6.864825000000381579e+02,1.000000000000000000e+00
2.602587242179094876e-03,3.313125976949359182e-03,9.308978603546431696e-01,1.644335895138847814e+00,2.000000000000000000e+01,7.451424821028272694e-02,-3.416467331927330520e+01,5.950937599122133825e+00,-4.040872438100286956e+01,5.647028051605136767e+00,-5.685737886961999266e+01,6.327627383427453900e+00,1.660000000000000000e+02,7.837595956507311712e+02,5.758144051948711706e+01,3.572400000000000000e+06,1.270499999999999963e-01,-1.412566759999961903e+02,1.000000000000000000e+00
3.355796967792973665e-03,4.326153242765884768e-03,7.843169858854471821e-01,1.524648325392452763e+00,2.000000000000000000e+01,8.231231803555498494e-02,-3.723801187781467803e+01,6.137410316376838537e+00,-3.956654753938951785e+01,6.156244911252734653e+00,-5.513572467695087198e+01,6.686806850455875306e+00,1.670000000000000000e+02,7.828154989511133408e+02,5.766064917073710916e+01,3.625300000000000000e+06,1.298799999999999955e-01,-2.411307000000144569e+02,1.000000000000000000e+00
2.921244584857087597e-03,4.381153667658936428e-03,6.609985770771715785e-01,1.533261839131310644e+00,2.000000000000000000e+01,7.813777428160187388e-02,-3.288405100246826152e+01,6.732719044436167977e+00,-4.365481109349203592e+01,6.480152310944558458e+00,-5.872562288659619156e+01,6.232223881062193271e+00,1.680000000000000000e+02,8.082645428279446378e+02,5.742256832000503408e+01,3.664300000000000000e+06,6.158299999999999885e-02,-6.754831999999964864e+01,1.000000000000000000e+00
2.999666443567408289e-03,4.488558254281006105e-03,7.147235893245766913e-01,-1.546761642811198267e-01,2.000000000000000000e+01,7.334263182137107373e-02,-3.774521864975623231e+01,5.866204935164901713e+00,-4.114402814594345159e+01,7.764650100509195241e+00,-7.473180604715855679e+01,6.250827607701490152e+00,1.690000000000000000e+02,3.290582742009651156e+02,6.184524625332177550e+01,3.477700000000000000e+06,2.890300000000000091e-01,-9.150560999999834166e+02,1.000000000000000000e+00
3.092844869312495661e-03,4.077027927201467075e-03,7.490983225987436489e-01,3.261446971143368234e+00,2.000000000000000000e+01,7.158030914865728955e-02,-2.802846936272014133e+01,6.533227202519345411e+00,-3.762179303145950371e+01,6.841390104011553674e+00,-5.795804808392708907e+01,5.920478296111922667e+00,1.700000000000000000e+02,1.542135957142879761e+03,5.440646896069096528e+01,3.760700000000000000e+06,7.168299999999999672e-01,-2.822053200000615561e+03,1.000000000000000000e+00
3.146256826630441667e-03,4.333849910819344287e-03,7.281739286635597885e-01,1.044664754681454255e+00,2.000000000000000000e+01,7.329271866036364547e-02,-3.424792528891710930e+01,6.258876755542223336e+00,-4.112059836581941852e+01,7.086411985240661515e+00,-6.459783010919090884e+01,6.440324551385086416e+00,1.710000000000000000e+02,6.704359987477696450e+02,5.818557606820745320e+01,3.640900000000000000e+06,3.856100000000000083e-01,-1.684212199999334416e+03,1.000000000000000000e+00
3.077568372050224974e-03,4.297963976546124477e-03,7.553400700465526807e-01,1.195601290971480823e+00,2.000000000000000000e+01,7.344237121683447334e-02,-3.606959992187040598e+01,6.216120899141028389e+00,-4.023844697737288811e+01,6.747117011529557118e+00,-6.221726857619020734e+01,6.049279631779120869e+00,1.720000000000000000e+02,6.679306873855051663e+02,5.826677434805565525e+01,3.608600000000000000e+06,3.179000000000000159e-01,-1.140809400000009191e+03,1.000000000000000000e+00
2.707350969918459211e-03,4.338062336373408462e-03,6.530360270754147489e-01,1.132285249438951924e+00,2.000000000000000000e+01,7.519281050881604367e-02,-3.136115894398235682e+01,6.560577724359132112e+00,-4.674026009294090045e+01,5.952737080505901446e+00,-6.046727602489676912e+01,7.456287353097506454e+00,1.730000000000000000e+02,6.790487553416699029e+02,5.812620447591142891e+01,3.651500000000000000e+06,1.382500000000000118e-01,-3.019196179999947276e+02,1.000000000000000000e+00
2.048590405782240581e-03,4.516690731023016714e-03,1.029305014046916211e+00,-4.521357895029607832e+00,2.000000000000000000e+01,9.048451702530357910e-02,-4.888681505471436850e+01,5.985067835105465583e+00,-4.781436160924643985e+01,6.634953995044645225e+00,-4.751375109741707803e+01,5.030709643937679942e+00,1.740000000000000000e+02,1.052503573910201737e+02,6.605731725115327890e+01,3.445900000000000000e+06,2.014499999999999902e-01,-5.110445100000295042e+02,1.000000000000000000e+00
3.265571847866093405e-03,5.787424849720645623e-03,6.895409840293241777e-01,-3.682988416907155838e+00,2.000000000000000000e+01,8.313490506672062408e-02,-4.061676733241147019e+01,5.225562517259807471e+00,-4.859359904312589862e+01,6.482743501300100242e+00,-6.202976262437593391e+01,5.366127720191710360e+00,1.750000000000000000e+02,1.052503573910201737e+02,6.605731725115327890e+01,3.445900000000000000e+06,2.014499999999999902e-01,-5.110445100000295042e+02,1.000000000000000000e+00
2.735254126112729965e-03,4.011271258449543298e-03,6.022123302615095541e-01,-2.447884818855945444e+00,2.000000000000000000e+01,7.935445032720038483e-02,-6.523109871097481971e+01,7.279865304624759226e+00,-4.336875308129476991e+01,8.489018248305528758e+00,-6.922575051427071458e+01,6.712746357752652493e+00,1.760000000000000000e+02,1.052503573910201737e+02,6.605731725115327890e+01,3.445900000000000000e+06,2.014499999999999902e-01,-5.110445100000295042e+02,1.000000000000000000e+00
2.870954129179758250e-03,4.623980141680156947e-03,7.528198650496570332e-01,-3.242538865948846549e+00,2.000000000000000000e+01,6.369233911541549720e-02,-4.368839146916683802e+01,4.873168489909168066e+00,-4.356958506558240884e+01,7.253034152427475512e+00,-8.200424680926940368e+01,7.948989225965084948e+00,1.770000000000000000e+02,1.054146510299608224e+02,6.592705791407554727e+01,3.418100000000000000e+06,2.511800000000000144e-01,-7.553322000001020342e+02,1.000000000000000000e+00
3.354893835013701697e-03,4.043539163034767618e-03,7.438745773353201418e-01,-2.876763158622185124e+00,2.000000000000000000e+01,8.677028244492995812e-02,-4.133597021338796651e+01,6.050317724942849473e+00,-3.605161700968132976e+01,8.017809909636046228e+00,-6.065277511502785757e+01,7.848958999625260446e+00,1.780000000000000000e+02,1.063651925610791977e+02,6.591815772167321086e+01,3.418300000000000000e+06,2.645199999999999774e-01,-8.144599999999011288e+02,1.000000000000000000e+00
2.911390355851130492e-03,4.514755254358703875e-03,7.510236769431689607e-01,-1.130595556491005738e+00,2.000000000000000000e+01,7.676796499963142728e-02,-3.501986204249199375e+01,6.311051246376935708e+00,-4.788239123861974633e+01,6.764151652078679078e+00,-6.849271222577772278e+01,6.866007943311777773e+00,1.790000000000000000e+02,2.553761924261913236e+02,6.260148133691092909e+01,3.525900000000000000e+06,7.632700000000000595e-02,-9.004662399999961053e+01,1.000000000000000000e+00
2.975308996954962888e-03,4.691716206331519000e-03,7.580745062323566152e-01,-7.819758154608891232e-01,2.000000000000000000e+01,7.487607094271594987e-02,-4.161396829131695796e+01,6.424948603955328075e+00,-4.087071341716156780e+01,7.103668736896510794e+00,-7.051342750973140028e+01,6.298963169800277484e+00,1.800000000000000000e+02,2.470683177499076066e+02,6.266242408212062287e+01,3.530500000000000000e+06,1.363999999999999935e-01,-2.624950489999981187e+02,1.000000000000000000e+00
3.083032756129006503e-03,3.970094791613666511e-03,6.858096991585785895e-01,2.751671120012994187e+00,2.000000000000000000e+01,7.514749150242476528e-02,-2.909155395490021689e+01,5.595883113317705160e+00,-3.990551507451285573e+01,6.199807862690008164e+00,-6.635655004194711637e+01,6.368749354778672433e+00,1.810000000000000000e+02,9.685684441305926384e+02,5.647521957306702234e+01,3.570900000000000000e+06,2.432600000000000040e-01,-7.384440000000322470e+02,1.000000000000000000e+00
2.930906574563443313e-03,4.467800380187583742e-03,8.119272578976231003e-01,-2.161713538810137170e+00,2.000000000000000000e+01,7.528691450112212635e-02,-4.414719726193826688e+01,6.231790049283414845e+00,-4.258835516519964415e+01,7.140841561319565045e+00,-6.465864986748233889e+01,6.380066373523350265e+00,1.820000000000000000e+02,1.795266500899836046e+02,6.367003592258397049e+01,3.552800000000000000e+06,1.119099999999999956e-01,-1.619866000000036479e+02,1.000000000000000000e+00
3.252080901017141180e-03,3.569032068206091576e-03,7.884378749934624064e-01,-1.483730618561109660e+00,2.000000000000000000e+01,7.424332267498998106e-02,-4.219159086490034838e+01,5.277715146438433536e+00,-4.101561311554821998e+01,5.932140161996681371e+00,-6.591351922294185783e+01,6.914453330565510036e+00,1.830000000000000000e+02,1.004346714530409486e+02,6.747566564480716522e+01,3.341500000000000000e+06,2.740600000000000258e-01,-8.958344199999274906e+02,1.000000000000000000e+00
3.023580158030210983e-03,5.022786939539350404e-03,6.896169130965169591e-01,-4.827709254398580008e-01,2.000000000000000000e+01,7.631270253494180922e-02,-4.154258219348984937e+01,6.689116203764025492e+00,-4.400356782998138527e+01,5.892785590693120135e+00,-7.006812452590092732e+01,6.087393565960725894e+00,1.840000000000000000e+02,3.865438805523781411e+02,6.146868773720061796e+01,3.499200000000000000e+06,1.893400000000000083e-01,-4.482794259999890301e+02,1.000000000000000000e+00
3.177552461557273892e-03,4.801287198152069842e-03,7.195798045201274862e-01,-4.956581505603974702e-01,2.000000000000000000e+01,6.891753308251281906e-02,-3.930781322686223689e+01,6.044365963118057294e+00,-4.621110936746425324e+01,5.950762486865657230e+00,-6.194819036778147847e+01,6.247683102376692332e+00,1.850000000000000000e+02,3.155726104291630350e+02,6.209804885539242747e+01,3.482400000000000000e+06,1.112299999999999955e-01,-1.647433020000048032e+02,1.000000000000000000e+00
3.026459886241513776e-03,4.584374381942194453e-03,7.929471632084401644e-01,-9.759571358275332953e-01,2.000000000000000000e+01,7.560363365563403659e-02,-4.176484128865751444e+01,6.025536244579058121e+00,-4.125532920723333064e+01,7.026527067700149232e+00,-6.539682639212352910e+01,6.333561706521308565e+00,1.860000000000000000e+02,3.194165669424353950e+02,6.207769740371391975e+01,3.546400000000000000e+06,1.024999999999999939e-01,-1.448493199999968510e+02,1.000000000000000000e+00
2.999121564326531677e-03,4.277539669445168044e-03,8.026289980784475642e-01,-4.567036548106526705e-01,2.000000000000000000e+01,7.718565374172436933e-02,-3.964224241106470004e+01,5.948231061256159080e+00,-3.983414831248171595e+01,7.306208859342932627e+00,-7.341615188438503026e+01,6.247950062790074810e+00,1.870000000000000000e+02,3.089705561693581330e+02,6.209875147480715185e+01,3.496600000000000000e+06,6.968499999999999694e-02,-6.727779099999938239e+01,1.000000000000000000e+00
2.804120633093716997e-03,4.681567659200924943e-03,8.385348944486710199e-01,-9.643151922463623071e-01,2.000000000000000000e+01,7.325468155061935771e-02,-4.431331275123444158e+01,5.810102223365149143e+00,-4.465836003832860257e+01,6.946613180902756923e+00,-6.589643427724918467e+01,5.799343855552282712e+00,1.880000000000000000e+02,2.273221212392363384e+02,6.303103017625215188e+01,3.476700000000000000e+06,1.776099999999999901e-01,-3.973922980000351686e+02,1.000000000000000000e+00
2.977510637295758752e-03,4.658743655846507223e-03,8.240103196055807988e-01,-1.042683578513140974e+00,2.000000000000000000e+01,7.509232826907656644e-02,-3.866740584932810521e+01,6.139867235156307501e+00,-4.374898901978488652e+01,6.563605647055972270e+00,-7.014462064248806428e+01,6.506981291054167116e+00,1.890000000000000000e+02,2.225234354229736766e+02,6.306250428665052254e+01,3.469500000000000000e+06,1.160299999999999943e-01,-1.712355750000037347e+02,1.000000000000000000e+00
3.359722079381679497e-03,3.956816562330306604e-03,6.818687273396453197e-01,2.766882263219375027e+00,2.000000000000000000e+01,7.326324349093399357e-02,-2.738457794141044488e+01,5.921052419767526054e+00,-3.954888347863051479e+01,6.255245536438295062e+00,-6.246850925048087788e+01,6.401409641535630968e+00,1.900000000000000000e+02,1.061924737994441330e+03,5.586079102902530735e+01,3.610200000000000000e+06,4.533699999999999952e-01,-2.476880000000458040e+03,1.000000000000000000e+00
3.101160085033204377e-03,4.032807393600184795e-03,7.315069866810925969e-01,2.670343985449179947e+00,2.000000000000000000e+01,7.271327090653598169e-02,-3.054905680930615830e+01,6.303654278215671702e+00,-3.848764967244137125e+01,6.600444314660422584e+00,-5.966640325972725378e+01,6.006180503740912613e+00,1.910000000000000000e+02,1.086671137558189912e+03,5.544575070417316454e+01,3.678200000000000000e+06,5.123100000000000431e-01,-2.498246159999495376e+03,1.000000000000000000e+00
3.135211507036314571e-03,4.492644934392812754e-03,8.219987280209953839e-01,-4.243845712945202853e-01,2.000000000000000000e+01,7.374539562533057035e-02,-4.066542874939075602e+01,5.759646849854068051e+00,-3.860459338326853640e+01,6.321109059207038250e+00,-6.278239625883610842e+01,6.485815376666310250e+00,1.920000000000000000e+02,2.874145800461465114e+02,6.224499714963737063e+01,3.484200000000000000e+06,2.133799999999999863e-01,-5.301592359999676773e+02,1.000000000000000000e+00
3.425697825100659354e-03,4.027298758162594673e-03,7.450457251003246295e-01,2.891313867484763378e+00,2.000000000000000000e+01,6.844445417807126786e-02,-2.837999183850650553e+01,6.408710240210880649e+00,-3.637817538435753306e+01,6.740100134331161286e+00,-5.449501025077886140e+01,5.710441143786726848e+00,1.930000000000000000e+02,1.877806533411066994e+03,5.462496395518728320e+01,3.772500000000000000e+06,1.487700000000000133e-01,-2.759072000000012963e+02,1.000000000000000000e+00
3.298769187494589306e-03,4.067276052695014028e-03,7.349060481387295063e-01,3.263272859816206406e+00,2.000000000000000000e+01,7.103471353228088536e-02,-2.831319908532423568e+01,6.130008633990753353e+00,-3.565448773773214697e+01,6.604661983956303217e+00,-5.620914551028766937e+01,5.707613823737366587e+00,1.940000000000000000e+02,1.849072189206301800e+03,5.468936472039793983e+01,3.718900000000000000e+06,6.116700000000000470e-01,-2.110984119999036920e+03,1.000000000000000000e+00
3.644857790972169317e-03,3.866429727172200712e-03,6.857617199280288123e-01,2.762243817274452340e+00,2.000000000000000000e+01,7.167077607659597116e-02,-2.689353505977285863e+01,6.191276008160112809e+00,-3.797170575671117376e+01,6.411807614919573517e+00,-5.369176314643759440e+01,6.238339238998745095e+00,1.950000000000000000e+02,1.746843696715816577e+03,5.473502521250771480e+01,3.755800000000000000e+06,6.673599999999999532e-01,-2.569238999999191037e+03,1.000000000000000000e+00
2.779359203188145905e-03,4.770685937569769421e-03,8.050787941661611269e-01,-5.756522292414989472e-01,2.000000000000000000e+01,8.281872412693824792e-02,-3.543791346697913269e+01,6.559529875386655995e+00,-4.371383755804232152e+01,6.920622054670280576e+00,-6.171846898426482397e+01,6.047225019901718568e+00,1.960000000000000000e+02,3.476884410342194087e+02,6.178454810879359371e+01,3.501800000000000000e+06,8.505100000000000160e-02,-9.428166000000193492e+01,1.000000000000000000e+00
3.296164712247193380e-03,4.599008200503960572e-03,7.729167549405296933e-01,-3.709853857133454946e-01,2.000000000000000000e+01,7.666666804501766352e-02,-3.898513302446001916e+01,6.673030984638793406e+00,-4.226386420158025459e+01,7.178601889607882924e+00,-6.346566936923564128e+01,5.895771020237423166e+00,1.970000000000000000e+02,3.473931213889072183e+02,6.180781705324989161e+01,3.513800000000000000e+06,1.200600000000000001e-01,-2.048316399999926034e+02,1.000000000000000000e+00
3.285832100875864335e-03,4.281782215827640084e-03,7.547025593409764088e-01,2.697163111008849423e+00,2.000000000000000000e+01,7.392543450030004959e-02,-2.086931439859801074e+01,7.185859907638975308e+00,-4.347190492031356968e+01,5.406021426237791694e+00,-5.938316624077413053e+01,6.615216380707537702e+00,1.980000000000000000e+02,1.309594501489591948e+03,5.504917908786642045e+01,3.718000000000000000e+06,1.088400000000000062e-01,-2.087680999999952292e+02,1.000000000000000000e+00
3.097484906958796434e-03,4.643826971119355274e-03,8.089682622409209989e-01,-7.806629634530809492e-01,2.000000000000000000e+01,7.409360506835407922e-02,-3.845166340577989672e+01,6.135406542018821519e+00,-4.249679447582295211e+01,6.643007627578364271e+00,-7.000749758737873663e+01,6.417632928204383802e+00,1.990000000000000000e+02,2.811138177850515376e+02,6.234832342864991261e+01,3.485700000000000000e+06,1.833200000000000107e-01,-4.113715499999927943e+02,1.000000000000000000e+00
