1.903138695459639061e-03,4.978637868208747250e-03,4.126166704775278138e-01,2.589993470009330334e+00,2.000000000000000000e+01,7.380069264895219860e-02,0.000000000000000000e+00,0.000000000000000000e+00,0.000000000000000000e+00,0.000000000000000000e+00,0.000000000000000000e+00,0.000000000000000000e+00,0.000000000000000000e+00,5.213096503396264779e+03,1.381830716020471641e+02,2.119600000000000000e+06,3.749399999999999955e-01,-1.650653526000441161e+03,1.000000000000000000e+00
2.818814980415473848e-03,2.621213479901650378e-03,6.924979575673999577e-01,2.582040402789300249e+00,2.000000000000000000e+01,7.444284873751030873e-02,0.000000000000000000e+00,0.000000000000000000e+00,0.000000000000000000e+00,0.000000000000000000e+00,0.000000000000000000e+00,0.000000000000000000e+00,1.000000000000000000e+00,4.048339414558228782e+03,1.381831787727977598e+02,2.120200000000000000e+06,2.472300000000000053e-01,-7.476954189999383971e+02,1.000000000000000000e+00
2.180466121876323098e-03,2.856268282066567500e-03,5.805494018073574791e-01,2.597416270252152160e+00,2.000000000000000000e+01,7.629849607380176368e-02,0.000000000000000000e+00,0.000000000000000000e+00,0.000000000000000000e+00,0.000000000000000000e+00,0.000000000000000000e+00,0.000000000000000000e+00,2.000000000000000000e+00,4.047332589036115678e+03,1.381836158305488027e+02,2.120000000000000000e+06,1.088800000000000046e-01,-1.956195640000134404e+02,1.000000000000000000e+00
2.813044954951266288e-03,3.310110009240876949e-03,7.630644394660245355e-01,2.792263612468741663e+00,2.000000000000000000e+01,7.054363352406994858e-02,0.000000000000000000e+00,0.000000000000000000e+00,0.000000000000000000e+00,0.000000000000000000e+00,0.000000000000000000e+00,0.000000000000000000e+00,3.000000000000000000e+00,4.004044980366723394e+03,1.381861730787641989e+02,2.120100000000000000e+06,2.925699999999999967e-01,-8.942352999998099676e+02,1.000000000000000000e+00
2.435926518106031752e-03,2.485623805170088328e-03,6.930746787678462306e-01,2.560185324778462945e+00,2.000000000000000000e+01,7.476803549699159723e-02,0.000000000000000000e+00,0.000000000000000000e+00,0.000000000000000000e+00,0.000000000000000000e+00,0.000000000000000000e+00,0.000000000000000000e+00,4.000000000000000000e+00,3.925392870184532512e+03,1.381872107507784619e+02,2.120100000000000000e+06,1.805499999999999883e-01,-3.839135999999641626e+02,1.000000000000000000e+00
2.240692702911227345e-03,2.443613714412289604e-03,6.578594573488559805e-01,2.221268348575228480e+00,2.000000000000000000e+01,7.489239496030036802e-02,0.000000000000000000e+00,0.000000000000000000e+00,0.000000000000000000e+00,0.000000000000000000e+00,0.000000000000000000e+00,0.000000000000000000e+00,5.000000000000000000e+00,3.599429343088458154e+03,1.388570124589804209e+02,2.120300000000000000e+06,1.945300000000000085e-01,-3.813456000000185782e+02,1.000000000000000000e+00
1.682716783756623737e-03,2.825920294964012411e-03,7.163503185945708784e-01,2.759016074528851004e+00,2.000000000000000000e+01,7.275716587371573729e-02,0.000000000000000000e+00,0.000000000000000000e+00,0.000000000000000000e+00,0.000000000000000000e+00,0.000000000000000000e+00,0.000000000000000000e+00,6.000000000000000000e+00,3.656475113957780195e+03,1.383378599124786206e+02,2.120000000000000000e+06,3.712900000000000089e-01,-1.015802700000412756e+03,1.000000000000000000e+00
1.527286800156380702e-03,3.041917925841754276e-03,6.943342456329872903e-01,2.061913368502294563e+00,2.000000000000000000e+01,7.497114851599884222e-02,0.000000000000000000e+00,0.000000000000000000e+00,0.000000000000000000e+00,0.000000000000000000e+00,0.000000000000000000e+00,0.000000000000000000e+00,7.000000000000000000e+00,3.522838432448312687e+03,1.392088616301796549e+02,2.120300000000000000e+06,1.440800000000000136e-01,-1.738260370000043906e+02,1.000000000000000000e+00
5.831585581288110335e-04,3.351037987835098295e-03,4.065332017140239618e-01,1.795447896390140796e+00,2.000000000000000000e+01,7.389331859883577214e-02,0.000000000000000000e+00,0.000000000000000000e+00,0.000000000000000000e+00,0.000000000000000000e+00,0.000000000000000000e+00,0.000000000000000000e+00,8.000000000000000000e+00,3.345099435783400168e+03,1.414068934349543554e+02,2.120300000000000000e+06,8.417499999999999982e-02,-5.607500700000161942e+01,1.000000000000000000e+00
3.558052698127153659e-03,2.908844393644730800e-03,1.292151016781512229e+00,2.493807050974937045e+00,2.000000000000000000e+01,7.223042576488006294e-02,0.000000000000000000e+00,0.000000000000000000e+00,0.000000000000000000e+00,0.000000000000000000e+00,0.000000000000000000e+00,0.000000000000000000e+00,9.000000000000000000e+00,3.830553625528484645e+03,1.382344389947924128e+02,2.120500000000000000e+06,4.484799999999999898e-01,-1.005727999999994154e+03,1.000000000000000000e+00
5.831585581288110335e-04,3.351037987835098295e-03,4.065332017140239618e-01,1.795447896390140796e+00,2.000000000000000000e+01,7.389331859883577214e-02,0.000000000000000000e+00,0.000000000000000000e+00,0.000000000000000000e+00,0.000000000000000000e+00,0.000000000000000000e+00,0.000000000000000000e+00,1.000000000000000000e+01,3.136955372256606552e+03,1.416325693824117593e+02,2.120400000000000000e+06,1.861899999999999944e-01,-3.128130009999732692e+02,1.000000000000000000e+00
1.046479722071560862e-03,1.728752429147305432e-03,6.787168617105686641e-01,1.655577233652288260e+00,2.000000000000000000e+01,6.671379656136541825e-02,0.000000000000000000e+00,0.000000000000000000e+00,0.000000000000000000e+00,0.000000000000000000e+00,0.000000000000000000e+00,0.000000000000000000e+00,1.100000000000000000e+01,2.693477153903168073e+03,1.429124065855195056e+02,2.120500000000000000e+06,8.649199999999999944e-02,-5.310244099999818701e+01,1.000000000000000000e+00
1.544248776603147476e-03,3.680843170748830488e-03,1.156005956098785648e+00,-1.075245357175938388e+00,2.000000000000000000e+01,7.200052023745115437e-02,0.000000000000000000e+00,0.000000000000000000e+00,0.000000000000000000e+00,0.000000000000000000e+00,0.000000000000000000e+00,0.000000000000000000e+00,1.200000000000000000e+01,2.571501332309808276e+03,1.926569043705177364e+02,2.120700000000000000e+06,4.188799999999999746e-01,-5.611447010001101035e+02,1.000000000000000000e+00
1.548518262709132256e-03,2.773039901183368527e-03,9.221595191326563690e-01,-1.177994316024856936e+00,2.000000000000000000e+01,7.015084240579742836e-02,0.000000000000000000e+00,0.000000000000000000e+00,0.000000000000000000e+00,0.000000000000000000e+00,0.000000000000000000e+00,0.000000000000000000e+00,1.300000000000000000e+01,2.535446136870491046e+03,1.955582149974777906e+02,2.120600000000000000e+06,9.783899999999999542e-02,-5.125499999999863832e+01,1.000000000000000000e+00
1.571811435006108607e-03,3.524912173312503075e-03,1.155294234879828297e+00,-1.435557763721647451e+00,2.000000000000000000e+01,7.223700833079318984e-02,0.000000000000000000e+00,0.000000000000000000e+00,0.000000000000000000e+00,0.000000000000000000e+00,0.000000000000000000e+00,0.000000000000000000e+00,1.400000000000000000e+01,2.499898647617138977e+03,2.017773194584708563e+02,2.120600000000000000e+06,3.241100000000000092e-01,-3.590971999999770787e+02,1.000000000000000000e+00
1.942281983538474968e-03,3.773004860670369116e-03,8.847452370368674712e-01,-1.535340178448289628e+00,2.000000000000000000e+01,6.692857502287422045e-02,0.000000000000000000e+00,0.000000000000000000e+00,0.000000000000000000e+00,0.000000000000000000e+00,0.000000000000000000e+00,0.000000000000000000e+00,1.500000000000000000e+01,2.428302608302256431e+03,2.094913871026722063e+02,2.120400000000000000e+06,1.103399999999999936e-01,-5.890640000000100684e+01,1.000000000000000000e+00
1.576792580790442903e-03,3.824062612234898663e-03,1.188375146532114845e+00,-1.820367096793440442e+00,2.000000000000000000e+01,7.186355172329593477e-02,0.000000000000000000e+00,0.000000000000000000e+00,0.000000000000000000e+00,0.000000000000000000e+00,0.000000000000000000e+00,0.000000000000000000e+00,1.600000000000000000e+01,2.426276217904674013e+03,2.103633361871277714e+02,2.120400000000000000e+06,4.844300000000000272e-01,-7.262656719998902872e+02,1.000000000000000000e+00
1.373362191018009937e-03,4.937780036209485184e-03,1.174276328008674097e+00,-1.004961876264420439e+01,2.000000000000000000e+01,6.727014945184575656e-02,0.000000000000000000e+00,0.000000000000000000e+00,0.000000000000000000e+00,0.000000000000000000e+00,0.000000000000000000e+00,0.000000000000000000e+00,1.700000000000000000e+01,4.270103128568665625e+02,4.075329956930839330e+02,2.110100000000000000e+06,3.434400000000000230e-01,-3.006366000000035115e+02,1.000000000000000000e+00
1.554232658223319609e-03,3.510259044660376040e-03,1.122274505942093548e+00,-1.539712038651226411e+00,2.000000000000000000e+01,7.217564869953788098e-02,0.000000000000000000e+00,0.000000000000000000e+00,0.000000000000000000e+00,0.000000000000000000e+00,0.000000000000000000e+00,0.000000000000000000e+00,1.800000000000000000e+01,2.447281494442128860e+03,2.044328749601019410e+02,2.120600000000000000e+06,3.532600000000000184e-01,-4.421647999999528338e+02,1.000000000000000000e+00
1.379172279648209444e-03,3.100723169778509501e-03,1.295964762644870483e+00,-5.295087182605111131e+00,2.000000000000000000e+01,6.811847099585970067e-02,0.000000000000000000e+00,0.000000000000000000e+00,0.000000000000000000e+00,0.000000000000000000e+00,0.000000000000000000e+00,0.000000000000000000e+00,1.900000000000000000e+01,1.206979082374109794e+03,2.999857215796959053e+02,2.117300000000000000e+06,1.565999999999999892e-01,-6.302075700000138170e+01,1.000000000000000000e+00
9.483143348190877257e-04,1.854642343826381741e-03,7.518622587021664971e-01,-4.279827444144564397e-01,2.000000000000000000e+01,7.744087386883677371e-02,0.000000000000000000e+00,0.000000000000000000e+00,0.000000000000000000e+00,0.000000000000000000e+00,0.000000000000000000e+00,0.000000000000000000e+00,2.000000000000000000e+01,2.646702156762786217e+03,1.797039220100648151e+02,2.120900000000000000e+06,3.865999999999999992e-01,-5.168201999998709653e+02,1.000000000000000000e+00
1.471935278247575758e-03,3.416336783614341670e-03,9.477850713766009516e-01,-1.654813433483523166e+00,2.000000000000000000e+01,7.243486472464694126e-02,0.000000000000000000e+00,0.000000000000000000e+00,0.000000000000000000e+00,0.000000000000000000e+00,0.000000000000000000e+00,0.000000000000000000e+00,2.100000000000000000e+01,2.436091976195731149e+03,2.070616364000907765e+02,2.120500000000000000e+06,3.315199999999999814e-01,-4.994529930000467175e+02,1.000000000000000000e+00
1.375771332007758333e-03,3.184481630921990290e-03,1.327094909804092948e+00,-2.974265774607011803e+00,2.000000000000000000e+01,7.374518808593906460e-02,0.000000000000000000e+00,0.000000000000000000e+00,0.000000000000000000e+00,0.000000000000000000e+00,0.000000000000000000e+00,0.000000000000000000e+00,2.200000000000000000e+01,2.004278303326627793e+03,2.380891735400800542e+02,2.119700000000000000e+06,2.832100000000000173e-01,-1.860757620000123040e+02,1.000000000000000000e+00
1.696976209279969653e-03,3.463908735066687557e-03,1.463442060411097367e+00,-2.049089382491147138e+00,2.000000000000000000e+01,7.196456344466344024e-02,0.000000000000000000e+00,0.000000000000000000e+00,0.000000000000000000e+00,0.000000000000000000e+00,0.000000000000000000e+00,0.000000000000000000e+00,2.300000000000000000e+01,2.265717126954765263e+03,2.148667257511687296e+02,2.120300000000000000e+06,1.650899999999999868e-01,-7.112705600000133188e+01,1.000000000000000000e+00
1.572222469787789689e-03,3.202714650396506352e-03,1.030599624195973618e+00,-2.800247197230229190e+00,2.000000000000000000e+01,7.235236441141595920e-02,0.000000000000000000e+00,0.000000000000000000e+00,0.000000000000000000e+00,0.000000000000000000e+00,0.000000000000000000e+00,0.000000000000000000e+00,2.400000000000000000e+01,2.171223026445136838e+03,2.363194333835141379e+02,2.119900000000000000e+06,3.465599999999999792e-01,-5.015203999999210964e+02,1.000000000000000000e+00
1.543653240018786612e-03,3.202569708270584705e-03,1.022940607998614526e+00,-2.747046327858331249e+00,2.000000000000000000e+01,6.868186327528932877e-02,0.000000000000000000e+00,0.000000000000000000e+00,0.000000000000000000e+00,0.000000000000000000e+00,0.000000000000000000e+00,0.000000000000000000e+00,2.500000000000000000e+01,2.172356447728873263e+03,2.348987841792739459e+02,2.119900000000000000e+06,4.854299999999999726e-01,-7.978799990002513596e+02,1.000000000000000000e+00
1.603633073011846710e-03,3.897090790656967171e-03,1.045796327792662295e+00,-2.926168111354161994e+00,2.000000000000000000e+01,6.814044483224709903e-02,0.000000000000000000e+00,0.000000000000000000e+00,0.000000000000000000e+00,0.000000000000000000e+00,0.000000000000000000e+00,0.000000000000000000e+00,2.600000000000000000e+01,2.164456844842224655e+03,2.367819777761523881e+02,2.119900000000000000e+06,3.614800000000000235e-01,-4.930797240001106161e+02,1.000000000000000000e+00
1.586830035244655296e-03,3.141991232119411160e-03,9.587323285332571832e-01,-2.739482884584838907e+00,2.000000000000000000e+01,5.963338913115770468e-02,0.000000000000000000e+00,0.000000000000000000e+00,0.000000000000000000e+00,0.000000000000000000e+00,0.000000000000000000e+00,0.000000000000000000e+00,2.700000000000000000e+01,2.141903925148747476e+03,2.368038983376967508e+02,2.119700000000000000e+06,1.164099999999999996e-01,-6.529159999999860986e+01,1.000000000000000000e+00
1.296878546351353488e-03,3.864363473793392973e-03,1.239294247268052374e+00,-2.404970068260826377e+00,2.000000000000000000e+01,7.465225688021141781e-02,0.000000000000000000e+00,0.000000000000000000e+00,0.000000000000000000e+00,0.000000000000000000e+00,0.000000000000000000e+00,0.000000000000000000e+00,2.800000000000000000e+01,2.184474264493169358e+03,2.316850445089926041e+02,2.120000000000000000e+06,5.641300000000000203e-01,-8.477242410002772885e+02,1.000000000000000000e+00
1.357909913060566199e-03,4.043893542296624934e-03,1.170287262087952751e+00,-1.955024620637593191e+00,2.000000000000000000e+01,6.343375479451214549e-02,0.000000000000000000e+00,0.000000000000000000e+00,0.000000000000000000e+00,0.000000000000000000e+00,0.000000000000000000e+00,0.000000000000000000e+00,2.900000000000000000e+01,2.379435739120469862e+03,2.147275636519015620e+02,2.120300000000000000e+06,3.400599999999999734e-01,-4.174508240000184855e+02,1.000000000000000000e+00
1.521120899975977360e-03,3.489143101047115659e-03,1.318324622491058751e+00,-3.230520344213483774e+00,2.000000000000000000e+01,6.779072316537947118e-02,0.000000000000000000e+00,0.000000000000000000e+00,0.000000000000000000e+00,0.000000000000000000e+00,0.000000000000000000e+00,0.000000000000000000e+00,3.000000000000000000e+01,1.871958362174098511e+03,2.465839861612991797e+02,2.119400000000000000e+06,1.378199999999999981e-01,-5.293080000000095708e+01,1.000000000000000000e+00
1.472081836764837408e-03,3.472329233192143674e-03,1.277086818796639101e+00,-2.247401807380359440e+00,2.000000000000000000e+01,6.800736018993923382e-02,0.000000000000000000e+00,0.000000000000000000e+00,0.000000000000000000e+00,0.000000000000000000e+00,0.000000000000000000e+00,0.000000000000000000e+00,3.100000000000000000e+01,2.198137577144195348e+03,2.218723190281796747e+02,2.120100000000000000e+06,1.482700000000000129e-01,-6.123561600000122951e+01,1.000000000000000000e+00
1.507172369531977483e-03,3.355800765868340897e-03,1.277165764680865179e+00,-3.601955237184395919e+00,2.000000000000000000e+01,6.971359049981720735e-02,0.000000000000000000e+00,0.000000000000000000e+00,0.000000000000000000e+00,0.000000000000000000e+00,0.000000000000000000e+00,0.000000000000000000e+00,3.200000000000000000e+01,1.688469075632335262e+03,2.614675378635494098e+02,2.118900000000000000e+06,1.260900000000000076e-01,-5.055309999999894188e+01,1.000000000000000000e+00
1.215120448292670652e-03,3.613105768700741651e-03,1.348291049930230301e+00,-5.538879673915908519e+00,2.000000000000000000e+01,6.853536330325808723e-02,0.000000000000000000e+00,0.000000000000000000e+00,0.000000000000000000e+00,0.000000000000000000e+00,0.000000000000000000e+00,0.000000000000000000e+00,3.300000000000000000e+01,1.111708773396071138e+03,3.052691597224553561e+02,2.116900000000000000e+06,1.909800000000000109e-01,-7.577550000000117336e+01,1.000000000000000000e+00
1.471700390270738951e-03,3.311154919466092854e-03,9.501505312234417300e-01,-3.560137698243047932e+00,2.000000000000000000e+01,6.690388715140815901e-02,0.000000000000000000e+00,0.000000000000000000e+00,0.000000000000000000e+00,0.000000000000000000e+00,0.000000000000000000e+00,0.000000000000000000e+00,3.400000000000000000e+01,1.871831879443577918e+03,2.557858983654212466e+02,2.119200000000000000e+06,9.896499999999999742e-02,-5.098061300000074425e+01,1.000000000000000000e+00
1.217352068864430755e-03,3.675978754896058309e-03,1.170681949814894818e+00,-3.786915189099010703e+00,2.000000000000000000e+01,7.235997180318431976e-02,0.000000000000000000e+00,0.000000000000000000e+00,0.000000000000000000e+00,0.000000000000000000e+00,0.000000000000000000e+00,0.000000000000000000e+00,3.500000000000000000e+01,1.764233636516361912e+03,2.609434080729466245e+02,2.119000000000000000e+06,2.649900000000000033e-01,-1.913951059999881181e+02,1.000000000000000000e+00
1.422249773574938477e-03,3.397520068283871406e-03,1.360754824775090244e+00,-4.030526791246843210e+00,2.000000000000000000e+01,6.907356360118671601e-02,0.000000000000000000e+00,0.000000000000000000e+00,0.000000000000000000e+00,0.000000000000000000e+00,0.000000000000000000e+00,0.000000000000000000e+00,3.600000000000000000e+01,1.669003999421321168e+03,2.678228839882194734e+02,2.118700000000000000e+06,2.386399999999999910e-01,-1.323407999999973867e+02,1.000000000000000000e+00
1.422249773574938477e-03,3.397520068283871406e-03,1.360754824775090244e+00,-4.030526791246843210e+00,2.000000000000000000e+01,6.907356360118671601e-02,0.000000000000000000e+00,0.000000000000000000e+00,0.000000000000000000e+00,0.000000000000000000e+00,0.000000000000000000e+00,0.000000000000000000e+00,3.700000000000000000e+01,1.669003999421321168e+03,2.678228839882194734e+02,2.118700000000000000e+06,2.386399999999999910e-01,-1.323407999999973867e+02,1.000000000000000000e+00
1.422249773574938477e-03,3.397520068283871406e-03,1.360754824775090244e+00,-4.030526791246843210e+00,2.000000000000000000e+01,6.907356360118671601e-02,0.000000000000000000e+00,0.000000000000000000e+00,0.000000000000000000e+00,0.000000000000000000e+00,0.000000000000000000e+00,0.000000000000000000e+00,3.800000000000000000e+01,1.669003999421321168e+03,2.678228839882194734e+02,2.118700000000000000e+06,2.386399999999999910e-01,-1.323407999999973867e+02,1.000000000000000000e+00
1.455050158026833856e-03,3.445289600976213923e-03,1.280351292975607347e+00,-2.949590880782408497e+00,2.000000000000000000e+01,6.795956776941648736e-02,0.000000000000000000e+00,0.000000000000000000e+00,0.000000000000000000e+00,0.000000000000000000e+00,0.000000000000000000e+00,0.000000000000000000e+00,3.900000000000000000e+01,1.951493722031684001e+03,2.397304661925039113e+02,2.119600000000000000e+06,1.439300000000000024e-01,-5.805449999999915178e+01,1.000000000000000000e+00
1.245265091018670856e-03,3.685453908842650003e-03,1.095928602602605828e+00,-3.649761787985977168e+00,2.000000000000000000e+01,7.218503755865057769e-02,0.000000000000000000e+00,0.000000000000000000e+00,0.000000000000000000e+00,0.000000000000000000e+00,0.000000000000000000e+00,0.000000000000000000e+00,4.000000000000000000e+01,1.815949636648343130e+03,2.578822852709450899e+02,2.119200000000000000e+06,3.242700000000000027e-01,-3.248205000000203881e+02,1.000000000000000000e+00
1.355841579750702948e-03,3.306128052828940199e-03,1.374901634500766301e+00,-4.535072318356516696e+00,2.000000000000000000e+01,6.474215062532880094e-02,0.000000000000000000e+00,0.000000000000000000e+00,0.000000000000000000e+00,0.000000000000000000e+00,0.000000000000000000e+00,0.000000000000000000e+00,4.100000000000000000e+01,1.505095065336652397e+03,2.844254731695271516e+02,2.118000000000000000e+06,2.067700000000000093e-01,-1.121670889999949736e+02,1.000000000000000000e+00
1.519404377875476593e-03,3.639046422148022215e-03,1.241632990646361012e+00,-4.311646972187596738e+00,2.000000000000000000e+01,6.534521459022961387e-02,0.000000000000000000e+00,0.000000000000000000e+00,0.000000000000000000e+00,0.000000000000000000e+00,0.000000000000000000e+00,0.000000000000000000e+00,4.200000000000000000e+01,1.809920420277993571e+03,2.595146165710566493e+02,2.118900000000000000e+06,1.258700000000000097e-01,-5.382570200000112237e+01,1.000000000000000000e+00
1.406787548625393434e-03,3.433541547010842028e-03,1.174666493773298237e+00,-4.369705788641859989e+00,2.000000000000000000e+01,6.812819616169295267e-02,0.000000000000000000e+00,0.000000000000000000e+00,0.000000000000000000e+00,0.000000000000000000e+00,0.000000000000000000e+00,0.000000000000000000e+00,4.300000000000000000e+01,1.557599526171298294e+03,2.755903721918666633e+02,2.118300000000000000e+06,1.539099999999999913e-01,-7.438340000000144414e+01,1.000000000000000000e+00
1.447415182768763955e-03,5.304316856711130748e-03,1.331361038676659891e+00,-9.018352056880130974e+00,2.000000000000000000e+01,7.714954519205594052e-02,0.000000000000000000e+00,0.000000000000000000e+00,0.000000000000000000e+00,0.000000000000000000e+00,0.000000000000000000e+00,0.000000000000000000e+00,4.400000000000000000e+01,4.673043449235054823e+02,4.024122041236544192e+02,2.110500000000000000e+06,3.247599999999999931e-01,-3.001517689999869845e+02,1.000000000000000000e+00
1.572526384865864310e-03,3.710300686041399613e-03,1.205772829661569734e+00,-4.614247394612960740e+00,2.000000000000000000e+01,6.776841877792690039e-02,0.000000000000000000e+00,0.000000000000000000e+00,0.000000000000000000e+00,0.000000000000000000e+00,0.000000000000000000e+00,0.000000000000000000e+00,4.500000000000000000e+01,1.556445327156371832e+03,2.828007739339798832e+02,2.118000000000000000e+06,1.352700000000000014e-01,-6.229040400000187105e+01,1.000000000000000000e+00
1.287012170327381244e-03,3.462150877608321294e-03,1.293157815584654369e+00,-5.241617107548609766e+00,2.000000000000000000e+01,6.899874788379342649e-02,0.000000000000000000e+00,0.000000000000000000e+00,0.000000000000000000e+00,0.000000000000000000e+00,0.000000000000000000e+00,0.000000000000000000e+00,4.600000000000000000e+01,1.294327834657252879e+03,2.984160335522471428e+02,2.117300000000000000e+06,2.323500000000000010e-01,-1.262976000000067813e+02,1.000000000000000000e+00
1.610829949747308830e-03,3.713104705359525186e-03,1.428746840313718236e+00,-4.082224691192987365e+00,2.000000000000000000e+01,6.630364385446507747e-02,0.000000000000000000e+00,0.000000000000000000e+00,0.000000000000000000e+00,0.000000000000000000e+00,0.000000000000000000e+00,0.000000000000000000e+00,4.700000000000000000e+01,1.627659341393684826e+03,2.709477761331596639e+02,2.118500000000000000e+06,1.544899999999999884e-01,-6.327339999999886544e+01,1.000000000000000000e+00
1.413697455216507935e-03,3.976609194203440528e-03,1.240260907178346361e+00,-4.626936968418781326e+00,2.000000000000000000e+01,6.832426903475688484e-02,0.000000000000000000e+00,0.000000000000000000e+00,0.000000000000000000e+00,0.000000000000000000e+00,0.000000000000000000e+00,0.000000000000000000e+00,4.800000000000000000e+01,1.552431141586825106e+03,2.831638420362123156e+02,2.117900000000000000e+06,1.696699999999999875e-01,-8.154009000000093010e+01,1.000000000000000000e+00
1.466500645843629583e-03,4.120444324640959097e-03,1.192936275281878400e+00,-4.207745864348317433e+00,2.000000000000000000e+01,7.160899170028614535e-02,0.000000000000000000e+00,0.000000000000000000e+00,0.000000000000000000e+00,0.000000000000000000e+00,0.000000000000000000e+00,0.000000000000000000e+00,4.900000000000000000e+01,1.609155424750797238e+03,2.746806843167574925e+02,2.118300000000000000e+06,1.674100000000000033e-01,-7.714159999999812101e+01,1.000000000000000000e+00
1.768355047827914039e-03,3.632665515036304169e-03,1.323443332286224683e+00,-4.969417688952106893e+00,2.000000000000000000e+01,6.948670113406359150e-02,0.000000000000000000e+00,0.000000000000000000e+00,0.000000000000000000e+00,0.000000000000000000e+00,0.000000000000000000e+00,0.000000000000000000e+00,5.000000000000000000e+01,1.494108065311531846e+03,2.855691071926702307e+02,2.117900000000000000e+06,1.550700000000000134e-01,-7.193999999999964245e+01,1.000000000000000000e+00
1.362799864960136977e-03,3.551819741704808145e-03,1.225587328319948099e+00,-4.368064017750191930e+00,2.000000000000000000e+01,6.862500649024819155e-02,0.000000000000000000e+00,0.000000000000000000e+00,0.000000000000000000e+00,0.000000000000000000e+00,0.000000000000000000e+00,0.000000000000000000e+00,5.100000000000000000e+01,1.589336801512708689e+03,2.755501822854200782e+02,2.118300000000000000e+06,1.897999999999999965e-01,-1.005886619999970151e+02,1.000000000000000000e+00
1.433320252276133657e-03,3.598842032224087214e-03,1.030096870152737765e+00,-8.792281563109943576e+00,2.000000000000000000e+01,6.940600588233614143e-02,0.000000000000000000e+00,0.000000000000000000e+00,0.000000000000000000e+00,0.000000000000000000e+00,0.000000000000000000e+00,0.000000000000000000e+00,5.200000000000000000e+01,4.699181411429640320e+02,3.952859522176573819e+02,2.110300000000000000e+06,1.425200000000000078e-01,-7.288141300000067702e+01,1.000000000000000000e+00
1.466580390841604404e-03,3.578316750978170931e-03,1.172452590325567812e+00,-4.244702650796135401e+00,2.000000000000000000e+01,6.757014684718558317e-02,0.000000000000000000e+00,0.000000000000000000e+00,0.000000000000000000e+00,0.000000000000000000e+00,0.000000000000000000e+00,0.000000000000000000e+00,5.300000000000000000e+01,1.618802407118601423e+03,2.729945718243967008e+02,2.118400000000000000e+06,1.265400000000000136e-01,-5.393669999999910658e+01,1.000000000000000000e+00
1.426226179578890226e-03,3.575817956335150191e-03,1.214574207943005746e+00,-4.972282821167501865e+00,2.000000000000000000e+01,6.803089114008288585e-02,0.000000000000000000e+00,0.000000000000000000e+00,0.000000000000000000e+00,0.000000000000000000e+00,0.000000000000000000e+00,0.000000000000000000e+00,5.400000000000000000e+01,1.371497354236740875e+03,2.915874525116994960e+02,2.117600000000000000e+06,1.508400000000000019e-01,-6.797219000000023925e+01,1.000000000000000000e+00
1.112326640098488389e-03,3.775647245590128993e-03,1.488830388501026336e+00,-4.991979131166452532e+00,2.000000000000000000e+01,6.990914556102072186e-02,0.000000000000000000e+00,0.000000000000000000e+00,0.000000000000000000e+00,0.000000000000000000e+00,0.000000000000000000e+00,0.000000000000000000e+00,5.500000000000000000e+01,1.377084083644909924e+03,2.863203741115855792e+02,2.117900000000000000e+06,1.955600000000000116e-01,-8.608358400000135191e+01,1.000000000000000000e+00
1.293828472205131022e-03,3.537284819346985139e-03,1.171189047918239856e+00,-5.047961301307131166e+00,2.000000000000000000e+01,6.778915485146838615e-02,0.000000000000000000e+00,0.000000000000000000e+00,0.000000000000000000e+00,0.000000000000000000e+00,0.000000000000000000e+00,0.000000000000000000e+00,5.600000000000000000e+01,1.311631919170235960e+03,2.932608774954169348e+02,2.117500000000000000e+06,1.381000000000000005e-01,-5.697869300000196802e+01,1.000000000000000000e+00
1.300473310805790083e-03,3.985415998770095239e-03,1.365596757382192106e+00,-5.817141229194659147e+00,2.000000000000000000e+01,6.844449361526282194e-02,0.000000000000000000e+00,0.000000000000000000e+00,0.000000000000000000e+00,0.000000000000000000e+00,0.000000000000000000e+00,0.000000000000000000e+00,5.700000000000000000e+01,1.080672981967530177e+03,3.129643859522427647e+02,2.116400000000000000e+06,1.859500000000000042e-01,-7.418609599999716409e+01,1.000000000000000000e+00
1.364204731747609926e-03,3.876133007785842639e-03,1.247093914628070621e+00,-5.199671947476010914e+00,2.000000000000000000e+01,6.816274260822288711e-02,0.000000000000000000e+00,0.000000000000000000e+00,0.000000000000000000e+00,0.000000000000000000e+00,0.000000000000000000e+00,0.000000000000000000e+00,5.800000000000000000e+01,1.308307756866941872e+03,2.971854164024722422e+02,2.117300000000000000e+06,1.614099999999999979e-01,-7.011011400000009530e+01,1.000000000000000000e+00
1.247394395382731306e-03,4.337330847219426043e-03,1.313436508742500619e+00,-8.785019785035931505e+00,2.000000000000000000e+01,6.517389807295652371e-02,0.000000000000000000e+00,0.000000000000000000e+00,0.000000000000000000e+00,0.000000000000000000e+00,0.000000000000000000e+00,0.000000000000000000e+00,5.900000000000000000e+01,7.334156831712332405e+02,3.505410898513139841e+02,2.114000000000000000e+06,1.461399999999999921e-01,-6.054914300000144323e+01,1.000000000000000000e+00
1.347991648060697977e-03,4.533606046769796290e-03,1.208383216191703191e+00,-6.751084848262418170e+00,2.000000000000000000e+01,6.832872524689695415e-02,0.000000000000000000e+00,0.000000000000000000e+00,0.000000000000000000e+00,0.000000000000000000e+00,0.000000000000000000e+00,0.000000000000000000e+00,6.000000000000000000e+01,9.541569600853371185e+02,3.284453124110133899e+02,2.115400000000000000e+06,1.503099999999999992e-01,-6.194879999999980669e+01,1.000000000000000000e+00
1.377380520610988011e-03,3.480866533046184878e-03,1.105378129215432326e+00,-7.561583007671384138e+00,2.000000000000000000e+01,6.185559291771374618e-02,0.000000000000000000e+00,0.000000000000000000e+00,0.000000000000000000e+00,0.000000000000000000e+00,0.000000000000000000e+00,0.000000000000000000e+00,6.100000000000000000e+01,7.601370947427742522e+02,3.480253354180349561e+02,2.114200000000000000e+06,1.488299999999999901e-01,-6.495737099999880115e+01,1.000000000000000000e+00
1.319282236499584419e-03,4.507306414750801397e-03,1.194950587491835359e+00,-7.243189202077264355e+00,2.000000000000000000e+01,6.802193221874622275e-02,0.000000000000000000e+00,0.000000000000000000e+00,0.000000000000000000e+00,0.000000000000000000e+00,0.000000000000000000e+00,0.000000000000000000e+00,6.200000000000000000e+01,7.644676677391449857e+02,3.473080200962016306e+02,2.114100000000000000e+06,1.591799999999999882e-01,-7.065496899999850200e+01,1.000000000000000000e+00
1.364458914629967500e-03,3.904913326309344436e-03,1.102469381951463712e+00,-9.237798425258377577e+00,2.000000000000000000e+01,6.769173474375608790e-02,0.000000000000000000e+00,0.000000000000000000e+00,0.000000000000000000e+00,0.000000000000000000e+00,0.000000000000000000e+00,0.000000000000000000e+00,6.300000000000000000e+01,4.809420837591609370e+02,3.922180795368865347e+02,2.110600000000000000e+06,1.405599999999999905e-01,-6.810956600000034200e+01,1.000000000000000000e+00
1.307523561798514498e-03,4.016360926084420156e-03,1.064994648654178810e+00,-9.180843092785075044e+00,2.000000000000000000e+01,6.760915498351251218e-02,0.000000000000000000e+00,0.000000000000000000e+00,0.000000000000000000e+00,0.000000000000000000e+00,0.000000000000000000e+00,0.000000000000000000e+00,6.400000000000000000e+01,4.822118132374375250e+02,3.912158940216870064e+02,2.110700000000000000e+06,1.369499999999999884e-01,-6.622840000000095984e+01,1.000000000000000000e+00
1.122860218806674866e-03,3.784534296325266396e-03,1.220440309343835406e+00,-6.696358944662334167e+00,2.000000000000000000e+01,6.836657252214092817e-02,0.000000000000000000e+00,0.000000000000000000e+00,0.000000000000000000e+00,0.000000000000000000e+00,0.000000000000000000e+00,0.000000000000000000e+00,6.500000000000000000e+01,8.268240848577340785e+02,3.341505783116793395e+02,2.115200000000000000e+06,1.771199999999999997e-01,-7.501573199999991459e+01,1.000000000000000000e+00
1.382853260212537575e-03,4.174187454655194779e-03,1.211178694010863310e+00,-7.783588070151809646e+00,2.000000000000000000e+01,6.788673263194774932e-02,0.000000000000000000e+00,0.000000000000000000e+00,0.000000000000000000e+00,0.000000000000000000e+00,0.000000000000000000e+00,0.000000000000000000e+00,6.600000000000000000e+01,6.482703465600801565e+02,3.593173725535883705e+02,2.113300000000000000e+06,1.510100000000000053e-01,-6.596909999999931529e+01,1.000000000000000000e+00
1.220749130331295158e-03,3.500118385492718455e-03,1.170239288956338664e+00,-6.904625137553557224e+00,2.000000000000000000e+01,6.813070135249223169e-02,0.000000000000000000e+00,0.000000000000000000e+00,0.000000000000000000e+00,0.000000000000000000e+00,0.000000000000000000e+00,0.000000000000000000e+00,6.700000000000000000e+01,8.251481502243699424e+02,3.383908393465113704e+02,2.114900000000000000e+06,1.605300000000000060e-01,-7.069590000000148677e+01,1.000000000000000000e+00
1.272285461441118124e-03,4.046903661170600172e-03,1.208628575700209762e+00,-6.241698848034225477e+00,2.000000000000000000e+01,6.930457529825556628e-02,0.000000000000000000e+00,0.000000000000000000e+00,0.000000000000000000e+00,0.000000000000000000e+00,0.000000000000000000e+00,0.000000000000000000e+00,6.800000000000000000e+01,9.946475928755065752e+02,3.255300493516670031e+02,2.115700000000000000e+06,1.265900000000000081e-01,-5.009841900000041193e+01,1.000000000000000000e+00
1.619215729383851731e-03,4.045721966920422588e-03,1.517991841704120493e+00,-7.083006148896346943e+00,2.000000000000000000e+01,7.144898254082243660e-02,0.000000000000000000e+00,0.000000000000000000e+00,0.000000000000000000e+00,0.000000000000000000e+00,0.000000000000000000e+00,0.000000000000000000e+00,6.900000000000000000e+01,1.005433590394601310e+03,3.248916589937287540e+02,2.115700000000000000e+06,1.940099999999999880e-01,-9.106874700000386724e+01,1.000000000000000000e+00
1.539062704243003218e-03,4.440551787283849271e-03,1.028316994964590503e+00,-8.302504343546178944e+00,2.000000000000000000e+01,7.117480044982354981e-02,0.000000000000000000e+00,0.000000000000000000e+00,0.000000000000000000e+00,0.000000000000000000e+00,0.000000000000000000e+00,0.000000000000000000e+00,7.000000000000000000e+01,8.115889791162724123e+02,3.429633222839491395e+02,2.114500000000000000e+06,2.008199999999999985e-01,-9.867286800000093194e+01,1.000000000000000000e+00
1.332659570054511551e-03,4.663602338946691225e-03,1.121902975743636954e+00,-6.391832072197690451e+00,2.000000000000000000e+01,6.839465326723273564e-02,0.000000000000000000e+00,0.000000000000000000e+00,0.000000000000000000e+00,0.000000000000000000e+00,0.000000000000000000e+00,0.000000000000000000e+00,7.100000000000000000e+01,7.131844355070961683e+02,3.514001051586298559e+02,2.113900000000000000e+06,1.284299999999999886e-01,-5.193929299999859950e+01,1.000000000000000000e+00
1.373338830993451123e-03,4.458215349595695022e-03,1.282396310767384584e+00,-7.110744834965580630e+00,2.000000000000000000e+01,6.806453448570588816e-02,0.000000000000000000e+00,0.000000000000000000e+00,0.000000000000000000e+00,0.000000000000000000e+00,0.000000000000000000e+00,0.000000000000000000e+00,7.200000000000000000e+01,7.921506674407778519e+02,3.444775909941867553e+02,2.114300000000000000e+06,1.617699999999999971e-01,-6.663675200000105292e+01,1.000000000000000000e+00
1.327809368375486689e-03,3.433663165599472496e-03,1.234793846601050848e+00,-5.595301703606105015e+00,2.000000000000000000e+01,6.353710290845106246e-02,0.000000000000000000e+00,0.000000000000000000e+00,0.000000000000000000e+00,0.000000000000000000e+00,0.000000000000000000e+00,0.000000000000000000e+00,7.300000000000000000e+01,1.059791521162835352e+03,3.164120281670907389e+02,2.116300000000000000e+06,1.452400000000000080e-01,-5.880565199999781356e+01,1.000000000000000000e+00
1.503286118396696906e-03,3.829239445405406474e-03,1.222473819893553637e+00,-6.258653578610625878e+00,2.000000000000000000e+01,6.746216302008188614e-02,0.000000000000000000e+00,0.000000000000000000e+00,0.000000000000000000e+00,0.000000000000000000e+00,0.000000000000000000e+00,0.000000000000000000e+00,7.400000000000000000e+01,1.023601907711820104e+03,3.235570541214316904e+02,2.115800000000000000e+06,1.271799999999999875e-01,-5.070120000000095928e+01,1.000000000000000000e+00
1.334110753054875732e-03,4.527137317227305710e-03,1.197596787014129083e+00,-7.103817215192667511e+00,2.000000000000000000e+01,6.804359052436065314e-02,0.000000000000000000e+00,0.000000000000000000e+00,0.000000000000000000e+00,0.000000000000000000e+00,0.000000000000000000e+00,0.000000000000000000e+00,7.500000000000000000e+01,8.043798798262469063e+02,3.442976912397807610e+02,2.114300000000000000e+06,1.601599999999999968e-01,-7.181420500000054119e+01,1.000000000000000000e+00
1.387238698016143206e-03,3.799706986947903094e-03,1.245045478387190041e+00,-7.898544305814623634e+00,2.000000000000000000e+01,6.827658081423193526e-02,0.000000000000000000e+00,0.000000000000000000e+00,0.000000000000000000e+00,0.000000000000000000e+00,0.000000000000000000e+00,0.000000000000000000e+00,7.600000000000000000e+01,6.382068724969020650e+02,3.616454497754720023e+02,2.113200000000000000e+06,1.751099999999999879e-01,-8.363549700000045561e+01,1.000000000000000000e+00
1.312099788634256588e-03,3.749633804868704717e-03,1.289334804587758398e+00,-6.497252880245719453e+00,2.000000000000000000e+01,6.840555151405980361e-02,0.000000000000000000e+00,0.000000000000000000e+00,0.000000000000000000e+00,0.000000000000000000e+00,0.000000000000000000e+00,0.000000000000000000e+00,7.700000000000000000e+01,9.149602312868704530e+02,3.298391573882730654e+02,2.115500000000000000e+06,1.810299999999999965e-01,-8.016258899999792220e+01,1.000000000000000000e+00
1.279623184889317096e-03,3.974017691804922203e-03,1.012916978077647023e+00,-9.156846505649571810e+00,2.000000000000000000e+01,6.733463024907587746e-02,0.000000000000000000e+00,0.000000000000000000e+00,0.000000000000000000e+00,0.000000000000000000e+00,0.000000000000000000e+00,0.000000000000000000e+00,7.800000000000000000e+01,4.864704428128785594e+02,3.907342938608745158e+02,2.110800000000000000e+06,1.233899999999999997e-01,-5.943513100000077998e+01,1.000000000000000000e+00
1.402695712671620312e-03,3.786675371606002677e-03,1.188551663000727121e+00,-6.284381956512225642e+00,2.000000000000000000e+01,6.792386997728405706e-02,0.000000000000000000e+00,0.000000000000000000e+00,0.000000000000000000e+00,0.000000000000000000e+00,0.000000000000000000e+00,0.000000000000000000e+00,7.900000000000000000e+01,1.019067679992166518e+03,3.242676841765473910e+02,2.115800000000000000e+06,1.469399999999999873e-01,-6.650267399999904683e+01,1.000000000000000000e+00
1.533890560526563742e-03,3.639040694697816703e-03,1.239441703574528875e+00,-5.056742328221059068e+00,2.000000000000000000e+01,8.179696241103796839e-02,0.000000000000000000e+00,0.000000000000000000e+00,0.000000000000000000e+00,0.000000000000000000e+00,0.000000000000000000e+00,0.000000000000000000e+00,8.000000000000000000e+01,1.027414781021529052e+03,3.220060743136992869e+02,2.115800000000000000e+06,1.554399999999999948e-01,-6.364990499999821338e+01,1.000000000000000000e+00
1.481458532901184719e-03,3.986011597989715279e-03,1.323944120750115916e+00,-6.361844832445385123e+00,2.000000000000000000e+01,6.799696330891638607e-02,0.000000000000000000e+00,0.000000000000000000e+00,0.000000000000000000e+00,0.000000000000000000e+00,0.000000000000000000e+00,0.000000000000000000e+00,8.100000000000000000e+01,9.801202815854898063e+02,3.263575101056962353e+02,2.115600000000000000e+06,1.554000000000000103e-01,-6.269609000000153287e+01,1.000000000000000000e+00
1.496665975816096434e-03,3.997139296272412233e-03,1.297130930698415785e+00,-6.142497776419947542e+00,2.000000000000000000e+01,6.803727734677880723e-02,0.000000000000000000e+00,0.000000000000000000e+00,0.000000000000000000e+00,0.000000000000000000e+00,0.000000000000000000e+00,0.000000000000000000e+00,8.200000000000000000e+01,1.058567322597987413e+03,3.205166998634641686e+02,2.115900000000000000e+06,1.560600000000000043e-01,-6.691590000000013561e+01,1.000000000000000000e+00
1.439610829871588353e-03,4.189341940961591702e-03,1.033686307219038314e+00,-6.774442940489042719e+00,2.000000000000000000e+01,6.838677613943490441e-02,0.000000000000000000e+00,0.000000000000000000e+00,0.000000000000000000e+00,0.000000000000000000e+00,0.000000000000000000e+00,0.000000000000000000e+00,8.300000000000000000e+01,6.808307330050828341e+02,3.568805684347290139e+02,2.113600000000000000e+06,1.682700000000000029e-01,-7.877753300000323122e+01,1.000000000000000000e+00
1.411706945936718480e-03,4.099935090417077335e-03,1.160644244964345484e+00,-7.700732175888854059e+00,2.000000000000000000e+01,6.749359537919759344e-02,0.000000000000000000e+00,0.000000000000000000e+00,0.000000000000000000e+00,0.000000000000000000e+00,0.000000000000000000e+00,0.000000000000000000e+00,8.400000000000000000e+01,6.745138495143737600e+02,3.580397301357057813e+02,2.113400000000000000e+06,1.304400000000000004e-01,-5.506838999999930451e+01,1.000000000000000000e+00
1.373338830993451123e-03,4.458215349595695022e-03,1.282396310767384584e+00,-7.110744834965580630e+00,2.000000000000000000e+01,6.806453448570588816e-02,0.000000000000000000e+00,0.000000000000000000e+00,0.000000000000000000e+00,0.000000000000000000e+00,0.000000000000000000e+00,0.000000000000000000e+00,8.500000000000000000e+01,6.746816487320161286e+02,3.575086194847697243e+02,2.113600000000000000e+06,1.252600000000000102e-01,-5.037758300000026424e+01,1.000000000000000000e+00
1.155774333963621985e-03,4.498450204619659082e-03,1.265762163455119271e+00,-7.460625872259442737e+00,2.000000000000000000e+01,6.885223901795897716e-02,0.000000000000000000e+00,0.000000000000000000e+00,0.000000000000000000e+00,0.000000000000000000e+00,0.000000000000000000e+00,0.000000000000000000e+00,8.600000000000000000e+01,7.060110613411608256e+02,3.521180968517818428e+02,2.113600000000000000e+06,2.379300000000000026e-01,-1.176797819999999888e+02,1.000000000000000000e+00
1.503637954891478765e-03,4.766566670458657201e-03,1.300156268348633182e+00,-7.373306604023900590e+00,2.000000000000000000e+01,7.454398838511606951e-02,0.000000000000000000e+00,0.000000000000000000e+00,0.000000000000000000e+00,0.000000000000000000e+00,0.000000000000000000e+00,0.000000000000000000e+00,8.700000000000000000e+01,6.953638518057168767e+02,3.560847058179824671e+02,2.113500000000000000e+06,1.263700000000000101e-01,-5.353011899999931700e+01,1.000000000000000000e+00
1.372325686478790456e-03,3.932357980044767602e-03,1.089011667830142027e+00,-9.139581408740534485e+00,2.000000000000000000e+01,6.770591868050493400e-02,0.000000000000000000e+00,0.000000000000000000e+00,0.000000000000000000e+00,0.000000000000000000e+00,0.000000000000000000e+00,0.000000000000000000e+00,8.800000000000000000e+01,4.912801788293900245e+02,3.903659737084100243e+02,2.110800000000000000e+06,1.416699999999999904e-01,-7.079468400000163797e+01,1.000000000000000000e+00
1.490850242212053527e-03,3.972955443095653287e-03,1.304421426852568011e+00,-6.180293951784355144e+00,2.000000000000000000e+01,6.808602914348355073e-02,0.000000000000000000e+00,0.000000000000000000e+00,0.000000000000000000e+00,0.000000000000000000e+00,0.000000000000000000e+00,0.000000000000000000e+00,8.900000000000000000e+01,1.045995182543119427e+03,3.214553779857399718e+02,2.115900000000000000e+06,1.586799999999999877e-01,-6.828779999999966321e+01,1.000000000000000000e+00
1.420674221309582231e-03,3.978945623061436003e-03,1.350165990702746344e+00,-7.901524258495085995e+00,2.000000000000000000e+01,6.677979622959398509e-02,0.000000000000000000e+00,0.000000000000000000e+00,0.000000000000000000e+00,0.000000000000000000e+00,0.000000000000000000e+00,0.000000000000000000e+00,9.000000000000000000e+01,6.080812279706423169e+02,3.619608879144739717e+02,2.113100000000000000e+06,1.391600000000000059e-01,-5.517635900000125559e+01,1.000000000000000000e+00
1.348491489029636503e-03,3.902545497780711935e-03,1.225816076234490293e+00,-7.725491498638635157e+00,2.000000000000000000e+01,7.200410445498381384e-02,0.000000000000000000e+00,0.000000000000000000e+00,0.000000000000000000e+00,0.000000000000000000e+00,0.000000000000000000e+00,0.000000000000000000e+00,9.100000000000000000e+01,5.449222170424141041e+02,3.757487657464515678e+02,2.112100000000000000e+06,1.545300000000000007e-01,-7.443279200000016260e+01,1.000000000000000000e+00
1.360428559482944029e-03,4.185134764509341326e-03,1.153853980958253977e+00,-8.086077520236852223e+00,2.000000000000000000e+01,6.788682109238039497e-02,0.000000000000000000e+00,0.000000000000000000e+00,0.000000000000000000e+00,0.000000000000000000e+00,0.000000000000000000e+00,0.000000000000000000e+00,9.200000000000000000e+01,5.995687525544128675e+02,3.669255741765240373e+02,2.112700000000000000e+06,1.514800000000000035e-01,-7.058348100000155512e+01,1.000000000000000000e+00
1.671296712834749627e-03,4.223655119725601599e-03,9.815729804569574002e-01,-8.509130580575382297e+00,2.000000000000000000e+01,6.681033068086734972e-02,0.000000000000000000e+00,0.000000000000000000e+00,0.000000000000000000e+00,0.000000000000000000e+00,0.000000000000000000e+00,0.000000000000000000e+00,9.300000000000000000e+01,5.347222450572998014e+02,3.784755269979259538e+02,2.111900000000000000e+06,1.358699999999999908e-01,-5.936878800000050660e+01,1.000000000000000000e+00
1.362828516720571885e-03,4.193236624384691011e-03,1.252426155670368413e+00,-9.140027858845337860e+00,2.000000000000000000e+01,6.283354770866945993e-02,0.000000000000000000e+00,0.000000000000000000e+00,0.000000000000000000e+00,0.000000000000000000e+00,0.000000000000000000e+00,0.000000000000000000e+00,9.400000000000000000e+01,5.340367348102370215e+02,3.794733194695722318e+02,2.111800000000000000e+06,1.428000000000000103e-01,-6.718719999999923687e+01,1.000000000000000000e+00
1.537354995567789991e-03,4.632641825104646775e-03,1.159197994993275804e+00,-9.814704443280305668e+00,2.000000000000000000e+01,8.125112322941725751e-02,0.000000000000000000e+00,0.000000000000000000e+00,0.000000000000000000e+00,0.000000000000000000e+00,0.000000000000000000e+00,0.000000000000000000e+00,9.500000000000000000e+01,5.374705765449056116e+02,3.779707579585891040e+02,2.111900000000000000e+06,1.437100000000000044e-01,-6.708869999999983236e+01,1.000000000000000000e+00
1.167172703452407610e-03,3.560828093472661292e-03,1.010771894577959573e+00,-7.509224099281690101e+00,2.000000000000000000e+01,7.957392609381422344e-02,0.000000000000000000e+00,0.000000000000000000e+00,0.000000000000000000e+00,0.000000000000000000e+00,0.000000000000000000e+00,0.000000000000000000e+00,9.600000000000000000e+01,5.390508671502788047e+02,3.770509592706068815e+02,2.111900000000000000e+06,1.502600000000000047e-01,-7.193001199999844175e+01,1.000000000000000000e+00
1.398073269133057314e-03,3.889443349258806144e-03,1.155788698052563568e+00,-8.673126894544166632e+00,2.000000000000000000e+01,6.782962269519951515e-02,0.000000000000000000e+00,0.000000000000000000e+00,0.000000000000000000e+00,0.000000000000000000e+00,0.000000000000000000e+00,0.000000000000000000e+00,9.700000000000000000e+01,5.274766275974219525e+02,3.800764067361474190e+02,2.111700000000000000e+06,1.479300000000000059e-01,-6.985339999999939664e+01,1.000000000000000000e+00
1.388499389331988810e-03,3.925895660574179984e-03,1.102353815957800798e+00,-9.108221229635775629e+00,2.000000000000000000e+01,6.773974563075302324e-02,0.000000000000000000e+00,0.000000000000000000e+00,0.000000000000000000e+00,0.000000000000000000e+00,0.000000000000000000e+00,0.000000000000000000e+00,9.800000000000000000e+01,4.939927872904775086e+02,3.896501803630995937e+02,2.110900000000000000e+06,1.432299999999999962e-01,-7.125118000000091456e+01,1.000000000000000000e+00
1.915625259149831595e-03,3.731474802352142007e-03,1.129791603139897127e+00,-9.824260993008088860e+00,2.000000000000000000e+01,8.521965382100095410e-02,0.000000000000000000e+00,0.000000000000000000e+00,0.000000000000000000e+00,0.000000000000000000e+00,0.000000000000000000e+00,0.000000000000000000e+00,9.900000000000000000e+01,4.985605529148111827e+02,3.873273247749876873e+02,2.111000000000000000e+06,1.222000000000000031e-01,-5.395321700000082643e+01,1.000000000000000000e+00
1.478104385365123109e-03,4.103884981985839349e-03,1.221280584218682019e+00,-8.340729559948870886e+00,2.000000000000000000e+01,6.626213745259318388e-02,0.000000000000000000e+00,0.000000000000000000e+00,0.000000000000000000e+00,0.000000000000000000e+00,0.000000000000000000e+00,0.000000000000000000e+00,1.000000000000000000e+02,5.273735645595951382e+02,3.804073647853949751e+02,2.111700000000000000e+06,1.451999999999999957e-01,-6.909230399999771066e+01,1.000000000000000000e+00
1.230367003050316082e-03,5.061721391618785072e-03,1.265876950940419299e+00,-9.030573582826511014e+00,2.000000000000000000e+01,7.173096090501378252e-02,0.000000000000000000e+00,0.000000000000000000e+00,0.000000000000000000e+00,0.000000000000000000e+00,0.000000000000000000e+00,0.000000000000000000e+00,1.010000000000000000e+02,4.945951490716848298e+02,3.876174938549796138e+02,2.112000000000000000e+06,3.959900000000000087e-01,-3.351749999999676106e+02,1.000000000000000000e+00
1.491775772537612529e-03,4.099244302057199717e-03,1.187982274419325135e+00,-7.694032146164402342e+00,2.000000000000000000e+01,6.966344736343355049e-02,0.000000000000000000e+00,0.000000000000000000e+00,0.000000000000000000e+00,0.000000000000000000e+00,0.000000000000000000e+00,0.000000000000000000e+00,1.020000000000000000e+02,5.947592856800865775e+02,3.679472268253808807e+02,2.112700000000000000e+06,1.426900000000000113e-01,-6.127439999999880627e+01,1.000000000000000000e+00
1.400628948926869706e-03,3.978499993038434393e-03,1.180941445075475382e+00,-8.390130080074632346e+00,2.000000000000000000e+01,6.792882762444157896e-02,0.000000000000000000e+00,0.000000000000000000e+00,0.000000000000000000e+00,0.000000000000000000e+00,0.000000000000000000e+00,0.000000000000000000e+00,1.030000000000000000e+02,5.584560261085127877e+02,3.732428466067008230e+02,2.112200000000000000e+06,1.539699999999999958e-01,-7.168450000000102307e+01,1.000000000000000000e+00
1.250113774873138055e-03,3.879970739722757387e-03,1.153140994707700040e+00,-8.103007909125988562e+00,2.000000000000000000e+01,7.114826156224977882e-02,0.000000000000000000e+00,0.000000000000000000e+00,0.000000000000000000e+00,0.000000000000000000e+00,0.000000000000000000e+00,0.000000000000000000e+00,1.040000000000000000e+02,5.200247983818387638e+02,3.816442003756931740e+02,2.111500000000000000e+06,1.486599999999999866e-01,-7.332553800000123090e+01,1.000000000000000000e+00
1.514222281524412904e-03,3.442875046239692819e-03,1.061710566409433065e+00,-8.645948980681851026e+00,2.000000000000000000e+01,5.682977457825734435e-02,0.000000000000000000e+00,0.000000000000000000e+00,0.000000000000000000e+00,0.000000000000000000e+00,0.000000000000000000e+00,0.000000000000000000e+00,1.050000000000000000e+02,5.207447097292176750e+02,3.808493714473356135e+02,2.111600000000000000e+06,1.471500000000000030e-01,-7.038308700000162332e+01,1.000000000000000000e+00
1.372821360798045284e-03,4.036849898493109247e-03,1.145267814782609195e+00,-8.178997584647024865e+00,2.000000000000000000e+01,6.791010551575135668e-02,0.000000000000000000e+00,0.000000000000000000e+00,0.000000000000000000e+00,0.000000000000000000e+00,0.000000000000000000e+00,0.000000000000000000e+00,1.060000000000000000e+02,5.924937082870167160e+02,3.691089008910396956e+02,2.112600000000000000e+06,1.513400000000000023e-01,-7.286106400000130634e+01,1.000000000000000000e+00
1.381139783194052124e-03,3.923720859877152453e-03,1.140545168489742078e+00,-8.878981526530768775e+00,2.000000000000000000e+01,6.773764021725134366e-02,0.000000000000000000e+00,0.000000000000000000e+00,0.000000000000000000e+00,0.000000000000000000e+00,0.000000000000000000e+00,0.000000000000000000e+00,1.070000000000000000e+02,5.048430632982560837e+02,3.835344368867710614e+02,2.111300000000000000e+06,1.429499999999999937e-01,-6.693198200000118447e+01,1.000000000000000000e+00
1.381971746308976057e-03,3.962783743312143711e-03,1.164853277930059328e+00,-8.361003307653879446e+00,2.000000000000000000e+01,6.790157635146851223e-02,0.000000000000000000e+00,0.000000000000000000e+00,0.000000000000000000e+00,0.000000000000000000e+00,0.000000000000000000e+00,0.000000000000000000e+00,1.080000000000000000e+02,5.615805728034874846e+02,3.725845466541179007e+02,2.112300000000000000e+06,1.519500000000000017e-01,-7.080497900000037248e+01,1.000000000000000000e+00
1.396607730280456563e-03,4.282418052503031078e-03,1.169557568884391996e+00,-8.268854728397066367e+00,2.000000000000000000e+01,6.744294449223964261e-02,0.000000000000000000e+00,0.000000000000000000e+00,0.000000000000000000e+00,0.000000000000000000e+00,0.000000000000000000e+00,0.000000000000000000e+00,1.090000000000000000e+02,5.617523414989066168e+02,3.707637257395202255e+02,2.112300000000000000e+06,1.300900000000000112e-01,-5.355204999999860149e+01,1.000000000000000000e+00
1.354893079853798296e-03,4.009492457805755895e-03,1.091898300818788137e+00,-8.878505139485300290e+00,2.000000000000000000e+01,6.774853450259295251e-02,0.000000000000000000e+00,0.000000000000000000e+00,0.000000000000000000e+00,0.000000000000000000e+00,0.000000000000000000e+00,0.000000000000000000e+00,1.100000000000000000e+02,5.086564406392636783e+02,3.835239202239295082e+02,2.111300000000000000e+06,1.429300000000000015e-01,-7.091219000000079120e+01,1.000000000000000000e+00
1.394338396052637475e-03,3.957108335813157643e-03,1.165151711387289346e+00,-8.266982380638467021e+00,2.000000000000000000e+01,6.777463803535554998e-02,0.000000000000000000e+00,0.000000000000000000e+00,0.000000000000000000e+00,0.000000000000000000e+00,0.000000000000000000e+00,0.000000000000000000e+00,1.110000000000000000e+02,5.789601577083386701e+02,3.707308685631910521e+02,2.112500000000000000e+06,1.445200000000000096e-01,-6.602960699999746907e+01,1.000000000000000000e+00
1.321472064987566078e-03,7.666279892553386904e-03,1.039424232327033959e+00,-7.220590534434395913e+00,2.000000000000000000e+01,8.618534213601712624e-02,0.000000000000000000e+00,0.000000000000000000e+00,0.000000000000000000e+00,0.000000000000000000e+00,0.000000000000000000e+00,0.000000000000000000e+00,1.120000000000000000e+02,4.750041963303396528e+02,4.035639027506013008e+02,2.110200000000000000e+06,2.352200000000000124e-01,-1.495871519999917609e+02,1.000000000000000000e+00
1.294008480922801936e-03,3.859581818328314349e-03,1.046901325979320285e+00,-9.246045544841674513e+00,2.000000000000000000e+01,7.090439930060747631e-02,0.000000000000000000e+00,0.000000000000000000e+00,0.000000000000000000e+00,0.000000000000000000e+00,0.000000000000000000e+00,0.000000000000000000e+00,1.130000000000000000e+02,5.032671954002942130e+02,3.875075449319705285e+02,2.111000000000000000e+06,1.403000000000000080e-01,-6.993659999999992749e+01,1.000000000000000000e+00
1.728024412799793142e-03,3.820316123862636977e-03,1.197751131169702221e+00,-9.465794233304039906e+00,2.000000000000000000e+01,7.448647036156501311e-02,0.000000000000000000e+00,0.000000000000000000e+00,0.000000000000000000e+00,0.000000000000000000e+00,0.000000000000000000e+00,0.000000000000000000e+00,1.140000000000000000e+02,4.701465041441794028e+02,4.119990930850116797e+02,2.108700000000000000e+06,1.448699999999999988e-01,-7.310179599999737832e+01,1.000000000000000000e+00
1.385090764125817804e-03,3.897199679779916881e-03,1.095281810547644952e+00,-9.255998598593651039e+00,2.000000000000000000e+01,6.769127724594042883e-02,0.000000000000000000e+00,0.000000000000000000e+00,0.000000000000000000e+00,0.000000000000000000e+00,0.000000000000000000e+00,0.000000000000000000e+00,1.150000000000000000e+02,4.857518481513520783e+02,3.924985350750068278e+02,2.110600000000000000e+06,1.404600000000000015e-01,-6.966600300000204982e+01,1.000000000000000000e+00
1.210472694941679269e-03,4.260341384555441265e-03,1.030273138905634323e+00,-9.112271635516897561e+00,2.000000000000000000e+01,6.749960628638644600e-02,0.000000000000000000e+00,0.000000000000000000e+00,0.000000000000000000e+00,0.000000000000000000e+00,0.000000000000000000e+00,0.000000000000000000e+00,1.160000000000000000e+02,4.979450987379846083e+02,3.897460273165875719e+02,2.110800000000000000e+06,1.329400000000000026e-01,-6.162882399999819683e+01,1.000000000000000000e+00
1.386468346263181398e-03,3.663997431321623817e-03,1.078871885820486209e+00,-8.168337517315892526e+00,2.000000000000000000e+01,6.352989949761396471e-02,0.000000000000000000e+00,0.000000000000000000e+00,0.000000000000000000e+00,0.000000000000000000e+00,0.000000000000000000e+00,0.000000000000000000e+00,1.170000000000000000e+02,5.049476158349947355e+02,3.858991845487340697e+02,2.111200000000000000e+06,1.375300000000000133e-01,-6.584793599999899527e+01,1.000000000000000000e+00
1.652844280920673110e-03,4.314056655296820419e-03,9.917137659378855163e-01,-8.645552368510083241e+00,2.000000000000000000e+01,7.207829835881550407e-02,0.000000000000000000e+00,0.000000000000000000e+00,0.000000000000000000e+00,0.000000000000000000e+00,0.000000000000000000e+00,0.000000000000000000e+00,1.180000000000000000e+02,5.076257981146670772e+02,3.835580648040501046e+02,2.111300000000000000e+06,1.237100000000000005e-01,-5.356119999999882708e+01,1.000000000000000000e+00
1.288039897268982575e-03,4.141180138250937989e-03,1.060560300799100464e+00,-9.187427141325475333e+00,2.000000000000000000e+01,6.758172854881436264e-02,0.000000000000000000e+00,0.000000000000000000e+00,0.000000000000000000e+00,0.000000000000000000e+00,0.000000000000000000e+00,0.000000000000000000e+00,1.190000000000000000e+02,4.914548545020929282e+02,3.913418731813659974e+02,2.110600000000000000e+06,1.363399999999999890e-01,-6.495762900000141826e+01,1.000000000000000000e+00
2.461920491633008863e-03,3.926869838112316026e-03,8.764083009195654528e-01,2.452656279931975103e+00,2.000000000000000000e+01,6.794680629375496328e-02,0.000000000000000000e+00,0.000000000000000000e+00,0.000000000000000000e+00,0.000000000000000000e+00,0.000000000000000000e+00,0.000000000000000000e+00,1.200000000000000000e+02,5.400315828494982270e+03,1.381831052350717357e+02,2.119400000000000000e+06,9.896800000000000042e-02,-7.448820299999981387e+01,1.000000000000000000e+00
1.371931835337627907e-03,4.126021204221817090e-03,1.222490168496973117e+00,-9.835223306736763149e+00,2.000000000000000000e+01,5.817630506712366534e-02,0.000000000000000000e+00,0.000000000000000000e+00,0.000000000000000000e+00,0.000000000000000000e+00,0.000000000000000000e+00,0.000000000000000000e+00,1.210000000000000000e+02,4.856631204232820096e+02,4.033772369591927713e+02,2.109600000000000000e+06,1.364700000000000080e-01,-6.676854699999884701e+01,1.000000000000000000e+00
1.405591373672999316e-03,3.895825565121603488e-03,1.156031055133287744e+00,-8.686795146816320923e+00,2.000000000000000000e+01,6.780928584504711254e-02,0.000000000000000000e+00,0.000000000000000000e+00,0.000000000000000000e+00,0.000000000000000000e+00,0.000000000000000000e+00,0.000000000000000000e+00,1.220000000000000000e+02,5.290225731648233705e+02,3.803137559562824777e+02,2.111700000000000000e+06,1.462199999999999889e-01,-6.917569199999815055e+01,1.000000000000000000e+00
1.384570860966478131e-03,3.925869540359722479e-03,1.082887889720979935e+00,-8.671334095987891288e+00,2.000000000000000000e+01,6.729308807938855219e-02,0.000000000000000000e+00,0.000000000000000000e+00,0.000000000000000000e+00,0.000000000000000000e+00,0.000000000000000000e+00,0.000000000000000000e+00,1.230000000000000000e+02,5.341757250561620367e+02,3.800444304122553376e+02,2.111700000000000000e+06,1.229200000000000015e-01,-5.521573200000118931e+01,1.000000000000000000e+00
2.031783479224733360e-03,2.962408417400109410e-03,6.483222892745982291e-01,2.028158234858469910e+00,2.000000000000000000e+01,6.429582659648191978e-02,0.000000000000000000e+00,0.000000000000000000e+00,0.000000000000000000e+00,0.000000000000000000e+00,0.000000000000000000e+00,0.000000000000000000e+00,1.240000000000000000e+02,3.581548749844080703e+03,1.397766899585890030e+02,2.120500000000000000e+06,2.932000000000000162e-01,-7.896482999998586365e+02,1.000000000000000000e+00
2.144417093196695611e-03,3.256201896375769851e-03,7.801961234889399632e-01,2.189717707725175710e+00,2.000000000000000000e+01,6.540197951373308283e-02,0.000000000000000000e+00,0.000000000000000000e+00,0.000000000000000000e+00,0.000000000000000000e+00,0.000000000000000000e+00,0.000000000000000000e+00,1.250000000000000000e+02,3.800706198481492265e+03,1.386429309071504861e+02,2.120200000000000000e+06,2.262599999999999889e-01,-4.585900159999659991e+02,1.000000000000000000e+00
1.400301456786087750e-03,3.920150841506318470e-03,1.125138970473212208e+00,-8.931719223086666659e+00,2.000000000000000000e+01,6.779596307329821547e-02,0.000000000000000000e+00,0.000000000000000000e+00,0.000000000000000000e+00,0.000000000000000000e+00,0.000000000000000000e+00,0.000000000000000000e+00,1.260000000000000000e+02,5.086579398593639780e+02,3.847959369841537978e+02,2.111200000000000000e+06,1.468399999999999983e-01,-7.214718199999761339e+01,1.000000000000000000e+00
3.427674828771281983e-03,3.948077204231717832e-03,7.561691715417795390e-01,2.454123538104756808e+00,2.000000000000000000e+01,7.140031533688274978e-02,0.000000000000000000e+00,0.000000000000000000e+00,0.000000000000000000e+00,0.000000000000000000e+00,0.000000000000000000e+00,0.000000000000000000e+00,1.270000000000000000e+02,4.672072728420701424e+03,1.381834771173181480e+02,2.120100000000000000e+06,4.614599999999999813e-01,-2.134055500000098618e+03,1.000000000000000000e+00
2.746135330354450635e-03,1.853988816162661967e-03,5.713779427345889728e-01,2.402663777120856103e+00,2.000000000000000000e+01,6.942734958025673087e-02,0.000000000000000000e+00,0.000000000000000000e+00,0.000000000000000000e+00,0.000000000000000000e+00,0.000000000000000000e+00,0.000000000000000000e+00,1.280000000000000000e+02,4.434081446375397718e+03,1.381835178775006057e+02,2.119900000000000000e+06,4.758300000000000030e-02,-5.396140000000064418e+01,1.000000000000000000e+00
2.125991282208302118e-03,4.187732687546800309e-03,7.809854108570349895e-01,2.579226902388418008e+00,2.000000000000000000e+01,7.185715421214362852e-02,0.000000000000000000e+00,0.000000000000000000e+00,0.000000000000000000e+00,0.000000000000000000e+00,0.000000000000000000e+00,0.000000000000000000e+00,1.290000000000000000e+02,4.398361502887943061e+03,1.381835263298751784e+02,2.119900000000000000e+06,2.733200000000000074e-01,-5.778979560000344691e+02,1.000000000000000000e+00
1.539956444400715756e-03,4.346591264925703246e-03,1.207328032882333479e+00,-5.155531443677344505e+00,2.000000000000000000e+01,7.494465835322636216e-02,0.000000000000000000e+00,0.000000000000000000e+00,0.000000000000000000e+00,0.000000000000000000e+00,0.000000000000000000e+00,0.000000000000000000e+00,1.300000000000000000e+02,1.496860282468862351e+03,2.857959255798206186e+02,2.117800000000000000e+06,1.343300000000000050e-01,-6.152372499999820121e+01,1.000000000000000000e+00
1.558682000080001797e-03,3.303388395350924291e-03,1.082167155373356948e+00,-4.120670093054856764e+00,2.000000000000000000e+01,6.240419057029145816e-02,0.000000000000000000e+00,0.000000000000000000e+00,0.000000000000000000e+00,0.000000000000000000e+00,0.000000000000000000e+00,0.000000000000000000e+00,1.310000000000000000e+02,1.814850539064171244e+03,2.595574111460686026e+02,2.119200000000000000e+06,4.778800000000000270e-01,-6.180438050001985175e+02,1.000000000000000000e+00
1.449214246784292755e-03,3.735274195050527178e-03,1.261165010987935986e+00,-4.182988764680057869e+00,2.000000000000000000e+01,6.826468680470267059e-02,0.000000000000000000e+00,0.000000000000000000e+00,0.000000000000000000e+00,0.000000000000000000e+00,0.000000000000000000e+00,0.000000000000000000e+00,1.320000000000000000e+02,1.641947901493705558e+03,2.717900553311990279e+02,2.118500000000000000e+06,1.643400000000000138e-01,-7.573439999999985162e+01,1.000000000000000000e+00
1.076824418907155372e-03,3.377174702543993181e-03,1.419360127753447554e+00,-4.609356506838020451e+00,2.000000000000000000e+01,6.439339570400080814e-02,0.000000000000000000e+00,0.000000000000000000e+00,0.000000000000000000e+00,0.000000000000000000e+00,0.000000000000000000e+00,0.000000000000000000e+00,1.330000000000000000e+02,1.767977459477138382e+03,2.611995237300677672e+02,2.119000000000000000e+06,2.348399999999999932e-01,-1.491755999999979849e+02,1.000000000000000000e+00
1.547582332755107577e-03,3.586892366713095599e-03,1.289910427105520396e+00,-4.011299296767402822e+00,2.000000000000000000e+01,6.883958242810633843e-02,0.000000000000000000e+00,0.000000000000000000e+00,0.000000000000000000e+00,0.000000000000000000e+00,0.000000000000000000e+00,0.000000000000000000e+00,1.340000000000000000e+02,1.833997737188798737e+03,2.591052275040283916e+02,2.118900000000000000e+06,1.496699999999999975e-01,-7.051886999999953787e+01,1.000000000000000000e+00
1.438365565106010206e-03,3.954660645780394036e-03,1.138479118555046909e+00,-3.617705063109232011e+00,2.000000000000000000e+01,5.749122641120316124e-02,0.000000000000000000e+00,0.000000000000000000e+00,0.000000000000000000e+00,0.000000000000000000e+00,0.000000000000000000e+00,0.000000000000000000e+00,1.350000000000000000e+02,1.845263585900274165e+03,2.584479651292399467e+02,2.118900000000000000e+06,1.329799999999999871e-01,-6.019200000000162021e+01,1.000000000000000000e+00
1.422524859612004505e-03,3.861548054503257180e-03,1.171274584696109011e+00,-8.480940514829718779e+00,2.000000000000000000e+01,6.790126832299528403e-02,0.000000000000000000e+00,0.000000000000000000e+00,0.000000000000000000e+00,0.000000000000000000e+00,0.000000000000000000e+00,0.000000000000000000e+00,1.360000000000000000e+02,5.589729790377705285e+02,3.755489526957056796e+02,2.112100000000000000e+06,1.513400000000000023e-01,-7.200329399999888835e+01,1.000000000000000000e+00
1.475861638757607324e-03,3.910116967160217304e-03,1.316016028796211490e+00,-5.267498522871154165e+00,2.000000000000000000e+01,6.814592177502248882e-02,0.000000000000000000e+00,0.000000000000000000e+00,0.000000000000000000e+00,0.000000000000000000e+00,0.000000000000000000e+00,0.000000000000000000e+00,1.370000000000000000e+02,1.301647911060993238e+03,2.991934593826740638e+02,2.117200000000000000e+06,1.615000000000000047e-01,-6.843719999999936476e+01,1.000000000000000000e+00
1.410855735645887010e-03,3.985811822409460539e-03,1.281127031947428829e+00,-5.275862562930468513e+00,2.000000000000000000e+01,6.822334906298083146e-02,0.000000000000000000e+00,0.000000000000000000e+00,0.000000000000000000e+00,0.000000000000000000e+00,0.000000000000000000e+00,0.000000000000000000e+00,1.380000000000000000e+02,1.300380804806271271e+03,2.994379978291288467e+02,2.117100000000000000e+06,1.649799999999999878e-01,-7.200752299999905404e+01,1.000000000000000000e+00
1.470721159714433440e-03,3.952047081473838291e-03,1.226328257935929367e+00,-6.301229929142590613e+00,2.000000000000000000e+01,6.759884967450421889e-02,0.000000000000000000e+00,0.000000000000000000e+00,0.000000000000000000e+00,0.000000000000000000e+00,0.000000000000000000e+00,0.000000000000000000e+00,1.390000000000000000e+02,1.019414166796740005e+03,3.247285194009461975e+02,2.115700000000000000e+06,1.321599999999999997e-01,-5.403436600000097201e+01,1.000000000000000000e+00
1.431622887980754698e-03,4.045532121675029548e-03,1.156213305583604800e+00,-7.451901053198322522e+00,2.000000000000000000e+01,7.499721537708418928e-02,0.000000000000000000e+00,0.000000000000000000e+00,0.000000000000000000e+00,0.000000000000000000e+00,0.000000000000000000e+00,0.000000000000000000e+00,1.400000000000000000e+02,5.928715960814828350e+02,3.697139686780523675e+02,2.112600000000000000e+06,1.830600000000000005e-01,-9.234166900000035128e+01,1.000000000000000000e+00
1.421716264565608739e-03,3.878716462297982382e-03,1.209157117715367047e+00,-6.191068520908747708e+00,2.000000000000000000e+01,6.802249715524545659e-02,0.000000000000000000e+00,0.000000000000000000e+00,0.000000000000000000e+00,0.000000000000000000e+00,0.000000000000000000e+00,0.000000000000000000e+00,1.410000000000000000e+02,1.049052342283237522e+03,3.217320428618434676e+02,2.115900000000000000e+06,1.529699999999999949e-01,-6.963060000000038485e+01,1.000000000000000000e+00
1.358498712832957025e-03,4.193198022367963795e-03,1.143796858264884975e+00,-8.713700459371642282e+00,2.000000000000000000e+01,5.978309286226388131e-02,0.000000000000000000e+00,0.000000000000000000e+00,0.000000000000000000e+00,0.000000000000000000e+00,0.000000000000000000e+00,0.000000000000000000e+00,1.420000000000000000e+02,6.071282719636137699e+02,3.678812731501362805e+02,2.112600000000000000e+06,2.040299999999999891e-01,-1.124275450000031071e+02,1.000000000000000000e+00
1.375085047715916570e-03,3.860544433419977467e-03,1.120807571755198628e+00,-4.506722192354117418e+00,2.000000000000000000e+01,6.769331090146685215e-02,0.000000000000000000e+00,0.000000000000000000e+00,0.000000000000000000e+00,0.000000000000000000e+00,0.000000000000000000e+00,0.000000000000000000e+00,1.430000000000000000e+02,1.573168213321422854e+03,2.795190360571478436e+02,2.118100000000000000e+06,1.321400000000000075e-01,-6.017872900000138259e+01,1.000000000000000000e+00
1.752675427221144508e-03,2.693716909131697087e-03,7.365056739941924224e-01,2.666200095501805034e+00,2.000000000000000000e+01,7.950096929672349766e-02,0.000000000000000000e+00,0.000000000000000000e+00,0.000000000000000000e+00,0.000000000000000000e+00,0.000000000000000000e+00,0.000000000000000000e+00,1.440000000000000000e+02,4.009551989511848205e+03,1.382269182533293872e+02,2.120000000000000000e+06,9.176700000000000135e-02,-1.115730000000023949e+02,1.000000000000000000e+00
1.421213999167787517e-03,3.814649739347497973e-03,1.210691572868588306e+00,-6.128658480671261621e+00,2.000000000000000000e+01,6.812494654128226079e-02,0.000000000000000000e+00,0.000000000000000000e+00,0.000000000000000000e+00,0.000000000000000000e+00,0.000000000000000000e+00,0.000000000000000000e+00,1.450000000000000000e+02,1.068903576851319258e+03,3.201854262850434907e+02,2.116000000000000000e+06,1.590000000000000024e-01,-7.483986000000032845e+01,1.000000000000000000e+00
1.423436516468551448e-03,4.137529073860059595e-03,1.230584588371815391e+00,-6.825247127438254680e+00,2.000000000000000000e+01,7.306689087396456284e-02,0.000000000000000000e+00,0.000000000000000000e+00,0.000000000000000000e+00,0.000000000000000000e+00,0.000000000000000000e+00,0.000000000000000000e+00,1.460000000000000000e+02,1.009040373004489652e+03,3.253170959136027136e+02,2.115700000000000000e+06,1.593600000000000017e-01,-7.080365200000188963e+01,1.000000000000000000e+00
1.426082739383464351e-03,3.724485597188807555e-03,1.284109772069808253e+00,-5.062948481299802239e+00,2.000000000000000000e+01,5.928407334782881399e-02,0.000000000000000000e+00,0.000000000000000000e+00,0.000000000000000000e+00,0.000000000000000000e+00,0.000000000000000000e+00,0.000000000000000000e+00,1.470000000000000000e+02,1.015326479838866703e+03,3.252630760529650047e+02,2.115700000000000000e+06,1.516299999999999870e-01,-7.113971700000006138e+01,1.000000000000000000e+00
1.431960272720676688e-03,3.953836969744201242e-03,1.174867174846239593e+00,-6.231307114828090299e+00,2.000000000000000000e+01,6.742288212640507039e-02,0.000000000000000000e+00,0.000000000000000000e+00,0.000000000000000000e+00,0.000000000000000000e+00,0.000000000000000000e+00,0.000000000000000000e+00,1.480000000000000000e+02,1.036208434780857260e+03,3.228007247991288864e+02,2.115800000000000000e+06,1.239999999999999991e-01,-5.074017899999984138e+01,1.000000000000000000e+00
1.888344529727380584e-03,4.068159505781046396e-03,8.794067577158386495e-01,2.415020785405047832e+00,2.000000000000000000e+01,9.046816238797919518e-02,0.000000000000000000e+00,0.000000000000000000e+00,0.000000000000000000e+00,0.000000000000000000e+00,0.000000000000000000e+00,0.000000000000000000e+00,1.490000000000000000e+02,4.842814124118954169e+03,1.381834994597554100e+02,2.119800000000000000e+06,5.316199999999999815e-01,-1.856764884000892607e+03,1.000000000000000000e+00
2.489075322597295546e-03,3.131390839677815081e-03,5.212557266165547265e-01,2.507091636888764796e+00,2.000000000000000000e+01,9.982080048993657861e-02,0.000000000000000000e+00,0.000000000000000000e+00,0.000000000000000000e+00,0.000000000000000000e+00,0.000000000000000000e+00,0.000000000000000000e+00,1.500000000000000000e+02,4.749722100846272042e+03,1.381835104020395022e+02,2.119900000000000000e+06,4.466999999999999860e-01,-1.713240999999141650e+03,1.000000000000000000e+00
1.443146191558482370e-03,3.951025565102636063e-03,1.190837879497580909e+00,-7.401172484580555988e+00,2.000000000000000000e+01,6.787626533820390051e-02,0.000000000000000000e+00,0.000000000000000000e+00,0.000000000000000000e+00,0.000000000000000000e+00,0.000000000000000000e+00,0.000000000000000000e+00,1.510000000000000000e+02,7.563628342887218423e+02,3.505450386403842913e+02,2.114000000000000000e+06,1.476699999999999957e-01,-6.844629999999889947e+01,1.000000000000000000e+00
1.520123116188504958e-03,4.464747234465511055e-03,1.083142014287117982e+00,-6.412086723093582741e+00,2.000000000000000000e+01,6.007213124739031046e-02,0.000000000000000000e+00,0.000000000000000000e+00,0.000000000000000000e+00,0.000000000000000000e+00,0.000000000000000000e+00,0.000000000000000000e+00,1.520000000000000000e+02,7.619943293695386046e+02,3.490839716781466677e+02,2.114100000000000000e+06,1.503299999999999914e-01,-7.118279999999958818e+01,1.000000000000000000e+00
1.885864527853521426e-03,3.402804183957377701e-03,5.607217246393316756e-01,1.856761712545704102e+00,2.000000000000000000e+01,5.761950924604938157e-02,0.000000000000000000e+00,0.000000000000000000e+00,0.000000000000000000e+00,0.000000000000000000e+00,0.000000000000000000e+00,0.000000000000000000e+00,1.530000000000000000e+02,3.945324970320593366e+03,1.382579670106712797e+02,2.120000000000000000e+06,1.336900000000000033e-01,-1.941423659999947517e+02,1.000000000000000000e+00
1.367884696468442797e-03,3.433054472239565648e-03,1.095609509733753928e+00,-5.166775954619370559e+00,2.000000000000000000e+01,6.483376186488663817e-02,0.000000000000000000e+00,0.000000000000000000e+00,0.000000000000000000e+00,0.000000000000000000e+00,0.000000000000000000e+00,0.000000000000000000e+00,1.540000000000000000e+02,1.231617898243090622e+03,3.047592872781075357e+02,2.117000000000000000e+06,1.562600000000000100e-01,-7.372869900000229393e+01,1.000000000000000000e+00
1.396285901702117201e-03,3.706334119238045583e-03,1.169359499503356270e+00,-5.468044944965825493e+00,2.000000000000000000e+01,6.794434642832836158e-02,0.000000000000000000e+00,0.000000000000000000e+00,0.000000000000000000e+00,0.000000000000000000e+00,0.000000000000000000e+00,0.000000000000000000e+00,1.550000000000000000e+02,1.246181876067027133e+03,3.040062683767637850e+02,2.117000000000000000e+06,1.463099999999999956e-01,-6.728671799999898440e+01,1.000000000000000000e+00
1.366674035042444437e-03,3.900754443688176244e-03,1.140722535312372887e+00,-5.373521662595836190e+00,2.000000000000000000e+01,6.776728673559044569e-02,0.000000000000000000e+00,0.000000000000000000e+00,0.000000000000000000e+00,0.000000000000000000e+00,0.000000000000000000e+00,0.000000000000000000e+00,1.560000000000000000e+02,1.290972977676492519e+03,3.020121837947295376e+02,2.117000000000000000e+06,1.381100000000000105e-01,-6.238122300000144804e+01,1.000000000000000000e+00
1.397889213065423627e-03,4.029952697346315948e-03,1.126774434206713860e+00,-8.067635724595403346e+00,2.000000000000000000e+01,6.745851187759026313e-02,0.000000000000000000e+00,0.000000000000000000e+00,0.000000000000000000e+00,0.000000000000000000e+00,0.000000000000000000e+00,0.000000000000000000e+00,1.570000000000000000e+02,6.162970141552061705e+02,3.664326778745296451e+02,2.112800000000000000e+06,1.291899999999999993e-01,-5.671220000000053574e+01,1.000000000000000000e+00
1.561366947788865199e-03,3.510146013036363234e-03,9.786081587640657053e-01,-9.282284090143315680e-01,2.000000000000000000e+01,7.243404509294883165e-02,0.000000000000000000e+00,0.000000000000000000e+00,0.000000000000000000e+00,0.000000000000000000e+00,0.000000000000000000e+00,0.000000000000000000e+00,1.580000000000000000e+02,2.670339345914165278e+03,1.895020238025770141e+02,2.120800000000000000e+06,3.191399999999999793e-01,-4.653831519999421857e+02,1.000000000000000000e+00
1.651383719515602888e-03,3.114685439919757156e-03,1.302205002786291921e+00,-6.017245502608865593e+00,2.000000000000000000e+01,6.831434198333746766e-02,0.000000000000000000e+00,0.000000000000000000e+00,0.000000000000000000e+00,0.000000000000000000e+00,0.000000000000000000e+00,0.000000000000000000e+00,1.590000000000000000e+02,1.312254024688445497e+03,2.970789437889202418e+02,2.117400000000000000e+06,1.221799999999999969e-01,-5.025331300000071622e+01,1.000000000000000000e+00
1.428956534918263003e-03,3.599148387759380091e-03,1.163056936211182890e+00,-5.182324057343441481e+00,2.000000000000000000e+01,6.759760385121726944e-02,0.000000000000000000e+00,0.000000000000000000e+00,0.000000000000000000e+00,0.000000000000000000e+00,0.000000000000000000e+00,0.000000000000000000e+00,1.600000000000000000e+02,1.331764031128165016e+03,2.966950586123606968e+02,2.117400000000000000e+06,1.292999999999999983e-01,-5.525427999999958928e+01,1.000000000000000000e+00
1.428956534918263003e-03,3.599148387759380091e-03,1.163056936211182890e+00,-5.182324057343441481e+00,2.000000000000000000e+01,6.759760385121726944e-02,0.000000000000000000e+00,0.000000000000000000e+00,0.000000000000000000e+00,0.000000000000000000e+00,0.000000000000000000e+00,0.000000000000000000e+00,1.610000000000000000e+02,1.331764031128165016e+03,2.966950586123606968e+02,2.117400000000000000e+06,1.292999999999999983e-01,-5.525427999999958928e+01,1.000000000000000000e+00
1.428956534918263003e-03,3.599148387759380091e-03,1.163056936211182890e+00,-5.182324057343441481e+00,2.000000000000000000e+01,6.759760385121726944e-02,0.000000000000000000e+00,0.000000000000000000e+00,0.000000000000000000e+00,0.000000000000000000e+00,0.000000000000000000e+00,0.000000000000000000e+00,1.620000000000000000e+02,1.331764031128165016e+03,2.966950586123606968e+02,2.117400000000000000e+06,1.292999999999999983e-01,-5.525427999999958928e+01,1.000000000000000000e+00
1.249508206961616333e-03,3.495749287665445969e-03,1.074767765689566223e+00,-5.497192478509358438e+00,2.000000000000000000e+01,6.454505097389244550e-02,0.000000000000000000e+00,0.000000000000000000e+00,0.000000000000000000e+00,0.000000000000000000e+00,0.000000000000000000e+00,0.000000000000000000e+00,1.630000000000000000e+02,1.344159951104824813e+03,2.934094628247305536e+02,2.117500000000000000e+06,1.461899999999999866e-01,-6.602879999999890970e+01,1.000000000000000000e+00
1.358772957697749507e-03,4.239202232497881265e-03,1.139024616603520057e+00,-8.273738293549467215e+00,2.000000000000000000e+01,6.784804667792067312e-02,0.000000000000000000e+00,0.000000000000000000e+00,0.000000000000000000e+00,0.000000000000000000e+00,0.000000000000000000e+00,0.000000000000000000e+00,1.640000000000000000e+02,5.761448628001168117e+02,3.708502036045668433e+02,2.112400000000000000e+06,1.499800000000000022e-01,-7.080389999999820816e+01,1.000000000000000000e+00
1.393391378991361415e-03,3.999000579921056439e-03,1.141223261756439733e+00,-8.338802118254163176e+00,2.000000000000000000e+01,6.776589774357673346e-02,0.000000000000000000e+00,0.000000000000000000e+00,0.000000000000000000e+00,0.000000000000000000e+00,0.000000000000000000e+00,0.000000000000000000e+00,1.650000000000000000e+02,5.749098235680162361e+02,3.721094194351628630e+02,2.112300000000000000e+06,1.431399999999999895e-01,-6.756001499999780435e+01,1.000000000000000000e+00
1.678535125473824136e-03,3.184085282302529137e-03,1.131647056983445365e+00,-3.138264451042045877e+00,2.000000000000000000e+01,6.785747788653126444e-02,0.000000000000000000e+00,0.000000000000000000e+00,0.000000000000000000e+00,0.000000000000000000e+00,0.000000000000000000e+00,0.000000000000000000e+00,1.660000000000000000e+02,1.988141330208807176e+03,2.439116390466079167e+02,2.119600000000000000e+06,1.341600000000000015e-01,-7.342870399999803510e+01,1.000000000000000000e+00
1.483672287356007161e-03,3.363466627277161922e-03,1.021412912770916392e+00,-3.178308626798235004e+00,2.000000000000000000e+01,6.720285477951121189e-02,0.000000000000000000e+00,0.000000000000000000e+00,0.000000000000000000e+00,0.000000000000000000e+00,0.000000000000000000e+00,0.000000000000000000e+00,1.670000000000000000e+02,1.978804870852428849e+03,2.450162461511832817e+02,2.119500000000000000e+06,1.097700000000000065e-01,-5.401796400000144871e+01,1.000000000000000000e+00
1.212799653522097197e-03,3.986306494464982204e-03,1.158854327245617322e+00,-3.306881637904733218e+00,2.000000000000000000e+01,6.438909660193074813e-02,0.000000000000000000e+00,0.000000000000000000e+00,0.000000000000000000e+00,0.000000000000000000e+00,0.000000000000000000e+00,0.000000000000000000e+00,1.680000000000000000e+02,1.895903463522123729e+03,2.513581430024373731e+02,2.119300000000000000e+06,1.129700000000000010e-01,-5.096699999999977138e+01,1.000000000000000000e+00
1.324693635655929420e-03,3.536667400776280501e-03,1.076193008187971589e+00,-3.286646541526127230e+00,2.000000000000000000e+01,6.749917347038383864e-02,0.000000000000000000e+00,0.000000000000000000e+00,0.000000000000000000e+00,0.000000000000000000e+00,0.000000000000000000e+00,0.000000000000000000e+00,1.690000000000000000e+02,1.902429336419625315e+03,2.483743101479516042e+02,2.119300000000000000e+06,1.228199999999999986e-01,-5.410457499999860431e+01,1.000000000000000000e+00
1.521947685151084795e-03,3.586556892062695706e-03,1.296430323311838162e+00,-3.474997333242371589e+00,2.000000000000000000e+01,6.854995760892670931e-02,0.000000000000000000e+00,0.000000000000000000e+00,0.000000000000000000e+00,0.000000000000000000e+00,0.000000000000000000e+00,0.000000000000000000e+00,1.700000000000000000e+02,1.889486134389337622e+03,2.537065021566119185e+02,2.119200000000000000e+06,1.822799999999999976e-01,-9.431264699999937307e+01,1.000000000000000000e+00
1.424428745447897356e-03,3.519655633650451559e-03,1.044520691699172943e+00,-3.895866324432182282e+00,2.000000000000000000e+01,6.725855632044844268e-02,0.000000000000000000e+00,0.000000000000000000e+00,0.000000000000000000e+00,0.000000000000000000e+00,0.000000000000000000e+00,0.000000000000000000e+00,1.710000000000000000e+02,1.755622772371829114e+03,2.637240603328802422e+02,2.118800000000000000e+06,1.129899999999999932e-01,-5.254596899999916104e+01,1.000000000000000000e+00
1.539763045701136868e-03,3.979705461537914706e-03,1.136372448316288697e+00,-2.241465874979260420e+00,2.000000000000000000e+01,6.491255825909258981e-02,0.000000000000000000e+00,0.000000000000000000e+00,0.000000000000000000e+00,0.000000000000000000e+00,0.000000000000000000e+00,0.000000000000000000e+00,1.720000000000000000e+02,2.258318163563328653e+03,2.227767454629843371e+02,2.120000000000000000e+06,1.577099999999999891e-01,-6.999582800000025884e+01,1.000000000000000000e+00
1.472081836764837408e-03,3.472329233192143674e-03,1.277086818796639101e+00,-2.247401807380359440e+00,2.000000000000000000e+01,6.800736018993923382e-02,0.000000000000000000e+00,0.000000000000000000e+00,0.000000000000000000e+00,0.000000000000000000e+00,0.000000000000000000e+00,0.000000000000000000e+00,1.730000000000000000e+02,2.221087100032141279e+03,2.312292598950834872e+02,2.120000000000000000e+06,2.541399999999999770e-01,-2.344500229999796375e+02,1.000000000000000000e+00
1.435197480353713872e-03,3.912829027117754703e-03,1.398821025061384615e+00,-2.408574212161708417e+00,2.000000000000000000e+01,7.688850841877405140e-02,0.000000000000000000e+00,0.000000000000000000e+00,0.000000000000000000e+00,0.000000000000000000e+00,0.000000000000000000e+00,0.000000000000000000e+00,1.740000000000000000e+02,2.230600941912343387e+03,2.271463993248780469e+02,2.120000000000000000e+06,2.077199999999999880e-01,-1.089338999999981183e+02,1.000000000000000000e+00
1.589884969069498433e-03,3.765781523024959443e-03,1.232591521793187761e+00,-2.445661328615218899e+00,2.000000000000000000e+01,7.208663718823583866e-02,0.000000000000000000e+00,0.000000000000000000e+00,0.000000000000000000e+00,0.000000000000000000e+00,0.000000000000000000e+00,0.000000000000000000e+00,1.750000000000000000e+02,2.237566669934219135e+03,2.266687345428242395e+02,2.120100000000000000e+06,3.573700000000000210e-01,-3.881190000000389091e+02,1.000000000000000000e+00
1.403093732310878826e-03,4.248292386938795108e-03,1.212150351289333905e+00,-7.447162998170418824e+00,2.000000000000000000e+01,6.789970110907661560e-02,0.000000000000000000e+00,0.000000000000000000e+00,0.000000000000000000e+00,0.000000000000000000e+00,0.000000000000000000e+00,0.000000000000000000e+00,1.760000000000000000e+02,7.285076215430914317e+02,3.517447316566413065e+02,2.113800000000000000e+06,1.507900000000000074e-01,-6.668974199999907171e+01,1.000000000000000000e+00
1.471433571036726224e-03,4.418483567280304287e-03,1.136533839633841358e+00,-7.042599060841796543e+00,2.000000000000000000e+01,6.989959104730518458e-02,0.000000000000000000e+00,0.000000000000000000e+00,0.000000000000000000e+00,0.000000000000000000e+00,0.000000000000000000e+00,0.000000000000000000e+00,1.770000000000000000e+02,6.837526976751797747e+02,3.573935104352006533e+02,2.113500000000000000e+06,1.337700000000000000e-01,-5.889359999999985007e+01,1.000000000000000000e+00
1.533391829339360909e-03,4.032223694872617489e-03,1.244759285190677023e+00,-8.369021009908928832e+00,2.000000000000000000e+01,7.005322034807491549e-02,0.000000000000000000e+00,0.000000000000000000e+00,0.000000000000000000e+00,0.000000000000000000e+00,0.000000000000000000e+00,0.000000000000000000e+00,1.780000000000000000e+02,6.903827353887704703e+02,3.573185016563315344e+02,2.113500000000000000e+06,1.353000000000000036e-01,-5.963957999999910697e+01,1.000000000000000000e+00
1.155591153189802506e-03,3.379889074925816923e-03,1.385813580324257499e+00,-4.865424673544408662e+00,2.000000000000000000e+01,7.149563831298451355e-02,0.000000000000000000e+00,0.000000000000000000e+00,0.000000000000000000e+00,0.000000000000000000e+00,0.000000000000000000e+00,0.000000000000000000e+00,1.790000000000000000e+02,1.434024866403995702e+03,2.891780322999907185e+02,2.118100000000000000e+06,6.605600000000000360e-01,-7.183321859998759464e+02,1.000000000000000000e+00
1.155591153189802506e-03,3.379889074925816923e-03,1.385813580324257499e+00,-4.865424673544408662e+00,2.000000000000000000e+01,7.149563831298451355e-02,0.000000000000000000e+00,0.000000000000000000e+00,0.000000000000000000e+00,0.000000000000000000e+00,0.000000000000000000e+00,0.000000000000000000e+00,1.800000000000000000e+02,1.434024866403995702e+03,2.891780322999907185e+02,2.118100000000000000e+06,6.605600000000000360e-01,-7.183321859998759464e+02,1.000000000000000000e+00
1.155591153189802506e-03,3.379889074925816923e-03,1.385813580324257499e+00,-4.865424673544408662e+00,2.000000000000000000e+01,7.149563831298451355e-02,0.000000000000000000e+00,0.000000000000000000e+00,0.000000000000000000e+00,0.000000000000000000e+00,0.000000000000000000e+00,0.000000000000000000e+00,1.810000000000000000e+02,1.434024866403995702e+03,2.891780322999907185e+02,2.118100000000000000e+06,6.605600000000000360e-01,-7.183321859998759464e+02,1.000000000000000000e+00
1.436887585742503085e-03,3.908776144446081922e-03,1.046034597090986562e+00,-4.950082913863252720e+00,2.000000000000000000e+01,6.639641117118083580e-02,0.000000000000000000e+00,0.000000000000000000e+00,0.000000000000000000e+00,0.000000000000000000e+00,0.000000000000000000e+00,0.000000000000000000e+00,1.820000000000000000e+02,1.462344608672723552e+03,2.884316651064182793e+02,2.117700000000000000e+06,1.338799999999999990e-01,-6.078889599999798321e+01,1.000000000000000000e+00
1.656436089575275212e-03,3.503050903913046583e-03,1.096931875792346078e+00,-4.751992512464091156e+00,2.000000000000000000e+01,7.386792326297791922e-02,0.000000000000000000e+00,0.000000000000000000e+00,0.000000000000000000e+00,0.000000000000000000e+00,0.000000000000000000e+00,0.000000000000000000e+00,1.830000000000000000e+02,1.469274387957564159e+03,2.869847266820143545e+02,2.117900000000000000e+06,1.154700000000000032e-01,-5.118757200000062824e+01,1.000000000000000000e+00
1.426318947387409178e-03,3.566583634976652761e-03,1.201070436913338479e+00,-4.961640177262129470e+00,2.000000000000000000e+01,6.810793880051170535e-02,0.000000000000000000e+00,0.000000000000000000e+00,0.000000000000000000e+00,0.000000000000000000e+00,0.000000000000000000e+00,0.000000000000000000e+00,1.840000000000000000e+02,1.391797259978279953e+03,2.913538997614679715e+02,2.117600000000000000e+06,1.539099999999999913e-01,-7.244029200000080948e+01,1.000000000000000000e+00
1.552168946244042143e-03,3.681023036512054945e-03,1.328396840052668892e+00,-4.373776953780352805e+00,2.000000000000000000e+01,6.923237216444910747e-02,0.000000000000000000e+00,0.000000000000000000e+00,0.000000000000000000e+00,0.000000000000000000e+00,0.000000000000000000e+00,0.000000000000000000e+00,1.850000000000000000e+02,1.476075312046202725e+03,2.864607654174336631e+02,2.117900000000000000e+06,1.815799999999999914e-01,-9.412706099999816445e+01,1.000000000000000000e+00
1.419341671685359855e-03,4.150112998093057927e-03,1.167260981938794018e+00,-7.568128060493819476e+00,2.000000000000000000e+01,6.760621760715039563e-02,0.000000000000000000e+00,0.000000000000000000e+00,0.000000000000000000e+00,0.000000000000000000e+00,0.000000000000000000e+00,0.000000000000000000e+00,1.860000000000000000e+02,7.073851583854213914e+02,3.551815342550282821e+02,2.113600000000000000e+06,1.347299999999999887e-01,-5.898310000000090980e+01,1.000000000000000000e+00
2.798342972308792611e-03,3.519074171990485729e-03,9.400239299826822492e-01,1.725160261903522008e+00,2.000000000000000000e+01,7.793565110599007251e-02,0.000000000000000000e+00,0.000000000000000000e+00,0.000000000000000000e+00,0.000000000000000000e+00,0.000000000000000000e+00,0.000000000000000000e+00,1.870000000000000000e+02,3.852224898081367428e+03,1.385529777057093384e+02,2.120200000000000000e+06,1.772900000000000031e-01,-3.274572100000007708e+02,1.000000000000000000e+00
1.309048979816825053e-03,3.743757283806254006e-03,1.268932342679464531e+00,-8.169456312197487691e+00,2.000000000000000000e+01,7.476872727884045777e-02,0.000000000000000000e+00,0.000000000000000000e+00,0.000000000000000000e+00,0.000000000000000000e+00,0.000000000000000000e+00,0.000000000000000000e+00,1.880000000000000000e+02,6.579292645780933526e+02,3.616134977807119526e+02,2.113000000000000000e+06,1.360399999999999943e-01,-6.317639999999874334e+01,1.000000000000000000e+00
1.429158621325893113e-03,3.982412049918569556e-03,1.258567949091473626e+00,-7.118819859755934232e+00,2.000000000000000000e+01,6.820347313508934306e-02,0.000000000000000000e+00,0.000000000000000000e+00,0.000000000000000000e+00,0.000000000000000000e+00,0.000000000000000000e+00,0.000000000000000000e+00,1.890000000000000000e+02,7.976102508159525541e+02,3.446833123583105589e+02,2.114400000000000000e+06,1.686400000000000121e-01,-7.768942299999942236e+01,1.000000000000000000e+00
1.381473024347192264e-03,4.580592711189814155e-03,9.839448961589528642e-01,-7.455149686450116775e+00,2.000000000000000000e+01,8.329684304015733121e-02,0.000000000000000000e+00,0.000000000000000000e+00,0.000000000000000000e+00,0.000000000000000000e+00,0.000000000000000000e+00,0.000000000000000000e+00,1.900000000000000000e+02,6.674774453121056013e+02,3.612189168847310725e+02,2.113100000000000000e+06,1.201699999999999990e-01,-5.147999999999924370e+01,1.000000000000000000e+00
1.382518376468467626e-03,4.154234729427660339e-03,1.177565932017965888e+00,-7.839211224868401828e+00,2.000000000000000000e+01,6.820821184570265150e-02,0.000000000000000000e+00,0.000000000000000000e+00,0.000000000000000000e+00,0.000000000000000000e+00,0.000000000000000000e+00,0.000000000000000000e+00,1.910000000000000000e+02,6.680251287853782287e+02,3.603303636282279285e+02,2.113200000000000000e+06,1.685399999999999954e-01,-8.717509999999906256e+01,1.000000000000000000e+00
1.754941672671040493e-03,4.739186254247821847e-03,1.477038313931473335e+00,-7.338761599803523161e+00,2.000000000000000000e+01,7.216129729511383539e-02,0.000000000000000000e+00,0.000000000000000000e+00,0.000000000000000000e+00,0.000000000000000000e+00,0.000000000000000000e+00,0.000000000000000000e+00,1.920000000000000000e+02,6.690881002570442888e+02,3.598114793780395644e+02,2.113300000000000000e+06,1.668499999999999983e-01,-8.080252400000016166e+01,1.000000000000000000e+00
1.696976209279969653e-03,3.463908735066687557e-03,1.463442060411097367e+00,-2.049089382491147138e+00,2.000000000000000000e+01,7.196456344466344024e-02,0.000000000000000000e+00,0.000000000000000000e+00,0.000000000000000000e+00,0.000000000000000000e+00,0.000000000000000000e+00,0.000000000000000000e+00,1.930000000000000000e+02,2.268458186093001586e+03,2.167565794798088916e+02,2.120400000000000000e+06,3.728799999999999892e-01,-3.201692200000282469e+02,1.000000000000000000e+00
1.264606395592598326e-03,3.513967098005186217e-03,9.960059348692795744e-01,-2.019521146051557636e+00,2.000000000000000000e+01,7.374660577605701706e-02,0.000000000000000000e+00,0.000000000000000000e+00,0.000000000000000000e+00,0.000000000000000000e+00,0.000000000000000000e+00,0.000000000000000000e+00,1.940000000000000000e+02,2.375692057838059100e+03,2.158493093042218050e+02,2.120300000000000000e+06,1.411399999999999877e-01,-7.961129599999831896e+01,1.000000000000000000e+00
3.070186705130261828e-03,2.404327507206495494e-03,4.278510127352775361e-01,1.956710165108184851e+00,2.000000000000000000e+01,1.227267413333056612e-01,0.000000000000000000e+00,0.000000000000000000e+00,0.000000000000000000e+00,0.000000000000000000e+00,0.000000000000000000e+00,0.000000000000000000e+00,1.950000000000000000e+02,6.090682477052821923e+03,1.381832146778848767e+02,2.119400000000000000e+06,3.793199999999999905e-01,-6.632041099999460130e+02,1.000000000000000000e+00
1.199711953901381285e-03,4.677011814849306968e-03,1.046628671066240690e+00,-7.195727168796643092e+00,2.000000000000000000e+01,7.078600544746822820e-02,0.000000000000000000e+00,0.000000000000000000e+00,0.000000000000000000e+00,0.000000000000000000e+00,0.000000000000000000e+00,0.000000000000000000e+00,1.960000000000000000e+02,9.519269590386658138e+02,3.313612791166209490e+02,2.115300000000000000e+06,1.664299999999999946e-01,-7.733313000000069337e+01,1.000000000000000000e+00
1.530167141123165916e-03,3.971284055922527298e-03,1.154021035636718207e+00,-6.624092503576672009e+00,2.000000000000000000e+01,6.470762676190283669e-02,0.000000000000000000e+00,0.000000000000000000e+00,0.000000000000000000e+00,0.000000000000000000e+00,0.000000000000000000e+00,0.000000000000000000e+00,1.970000000000000000e+02,9.538505989674390548e+02,3.312974500701279226e+02,2.115300000000000000e+06,1.621499999999999886e-01,-7.524348000000104264e+01,1.000000000000000000e+00
1.396185542477100874e-03,3.453845572175520597e-03,1.335276040002982834e+00,-6.175920249820109120e+00,2.000000000000000000e+01,6.376099301550861020e-02,0.000000000000000000e+00,0.000000000000000000e+00,0.000000000000000000e+00,0.000000000000000000e+00,0.000000000000000000e+00,0.000000000000000000e+00,1.980000000000000000e+02,9.489040962934506069e+02,3.323657385248002925e+02,2.115300000000000000e+06,1.564599999999999880e-01,-7.382183999999969615e+01,1.000000000000000000e+00
1.374644094676507472e-03,3.914213880260284523e-03,1.274754037400834594e+00,-6.655248662673705518e+00,2.000000000000000000e+01,6.863492051275238426e-02,0.000000000000000000e+00,0.000000000000000000e+00,0.000000000000000000e+00,0.000000000000000000e+00,0.000000000000000000e+00,0.000000000000000000e+00,1.990000000000000000e+02,9.333459580253218064e+02,3.333712425877387204e+02,2.115200000000000000e+06,2.000500000000000056e-01,-1.031242499999974598e+02,1.000000000000000000e+00
