3.170154604296812357e-03,3.319600145647363769e-03,1.188669453971005430e+00,2.589989008398439374e+00,2.000000000000000000e+01,6.745990808602675415e-02,0.000000000000000000e+00,0.000000000000000000e+00,0.000000000000000000e+00,0.000000000000000000e+00,0.000000000000000000e+00,0.000000000000000000e+00,0.000000000000000000e+00,4.531320474983984241e+03,1.381830714613315365e+02,2.119600000000000000e+06,1.169800000000000006e-01,-9.520867000000160374e+01,1.000000000000000000e+00
2.838623996240733326e-03,2.433652689533084834e-03,6.355324670269786314e-01,2.666134399472499972e+00,2.000000000000000000e+01,7.348765668871064249e-02,0.000000000000000000e+00,0.000000000000000000e+00,0.000000000000000000e+00,0.000000000000000000e+00,0.000000000000000000e+00,0.000000000000000000e+00,1.000000000000000000e+00,4.048339414558228782e+03,1.381831787727977598e+02,2.120200000000000000e+06,2.472300000000000053e-01,-7.476954189999383971e+02,1.000000000000000000e+00
2.078700374940355838e-03,1.885847228032709209e-03,6.674093977500707986e-01,2.590204986897260753e+00,2.000000000000000000e+01,7.349231367413268379e-02,0.000000000000000000e+00,0.000000000000000000e+00,0.000000000000000000e+00,0.000000000000000000e+00,0.000000000000000000e+00,0.000000000000000000e+00,2.000000000000000000e+00,4.090584748230125570e+03,1.381830785309114162e+02,2.120200000000000000e+06,4.049499999999999766e-01,-1.514066399999919440e+03,1.000000000000000000e+00
3.167823933311430910e-03,2.674230420111626139e-03,1.012509460726254140e+00,2.466208533131181824e+00,2.000000000000000000e+01,6.868960844619109718e-02,0.000000000000000000e+00,0.000000000000000000e+00,0.000000000000000000e+00,0.000000000000000000e+00,0.000000000000000000e+00,0.000000000000000000e+00,3.000000000000000000e+00,3.973442459258408235e+03,1.381834857465694881e+02,2.120400000000000000e+06,4.269999999999999907e-01,-1.246031400000005306e+03,1.000000000000000000e+00
3.093041563484953509e-03,2.513008761427014490e-03,1.339512387032308682e+00,2.432451806804918348e+00,2.000000000000000000e+01,6.509084225006932234e-02,0.000000000000000000e+00,0.000000000000000000e+00,0.000000000000000000e+00,0.000000000000000000e+00,0.000000000000000000e+00,0.000000000000000000e+00,4.000000000000000000e+00,3.670921798481091173e+03,1.381840508316472835e+02,2.119800000000000000e+06,1.558400000000000063e-01,-1.092516180000019261e+02,1.000000000000000000e+00
2.209261598124006177e-03,2.191213339138435232e-03,9.208084368047795287e-01,2.569486586731374977e+00,2.000000000000000000e+01,7.378183754632072766e-02,0.000000000000000000e+00,0.000000000000000000e+00,0.000000000000000000e+00,0.000000000000000000e+00,0.000000000000000000e+00,0.000000000000000000e+00,5.000000000000000000e+00,3.654736549615178319e+03,1.381848189544330978e+02,2.120200000000000000e+06,1.770899999999999974e-01,-2.324593810000064877e+02,1.000000000000000000e+00
1.932296656687950342e-03,2.418606413535125642e-03,8.851391809160921165e-01,2.763629495128690383e+00,2.000000000000000000e+01,7.214126937295613218e-02,0.000000000000000000e+00,0.000000000000000000e+00,0.000000000000000000e+00,0.000000000000000000e+00,0.000000000000000000e+00,0.000000000000000000e+00,6.000000000000000000e+00,3.634472527772560170e+03,1.381943133164757000e+02,2.120200000000000000e+06,1.688999999999999946e-01,-2.145093049999825894e+02,1.000000000000000000e+00
2.776493128589546666e-03,2.370491580320540932e-03,1.118056734546992059e+00,2.750980863023517298e+00,2.000000000000000000e+01,7.164717707598627916e-02,0.000000000000000000e+00,0.000000000000000000e+00,0.000000000000000000e+00,0.000000000000000000e+00,0.000000000000000000e+00,0.000000000000000000e+00,7.000000000000000000e+00,3.592258547454708150e+03,1.382043467093803599e+02,2.119900000000000000e+06,9.292799999999999672e-02,-6.132669800000023486e+01,1.000000000000000000e+00
2.589104280465194530e-03,2.285023296859448223e-03,1.085672501416681923e+00,2.411019600125823281e+00,2.000000000000000000e+01,7.264150676083193370e-02,0.000000000000000000e+00,0.000000000000000000e+00,0.000000000000000000e+00,0.000000000000000000e+00,0.000000000000000000e+00,0.000000000000000000e+00,8.000000000000000000e+00,3.576396924829920863e+03,1.383648640358868818e+02,2.120500000000000000e+06,3.357299999999999729e-01,-6.285229000000496171e+02,1.000000000000000000e+00
2.351877747267178305e-03,2.627290843841032647e-03,1.137963997351736367e+00,2.190877158217378717e+00,2.000000000000000000e+01,7.213309790829167123e-02,0.000000000000000000e+00,0.000000000000000000e+00,0.000000000000000000e+00,0.000000000000000000e+00,0.000000000000000000e+00,0.000000000000000000e+00,9.000000000000000000e+00,3.411082116111274900e+03,1.390165982455790754e+02,2.120600000000000000e+06,4.686799999999999855e-01,-9.871343999997695846e+02,1.000000000000000000e+00
2.119459322095562648e-03,2.248497233570479273e-03,1.006398532439535698e+00,2.101318593633788367e+00,2.000000000000000000e+01,6.665541757145899970e-02,0.000000000000000000e+00,0.000000000000000000e+00,0.000000000000000000e+00,0.000000000000000000e+00,0.000000000000000000e+00,0.000000000000000000e+00,1.000000000000000000e+01,3.297668024306251937e+03,1.394279501307954945e+02,2.120300000000000000e+06,9.064999999999999447e-02,-5.474057500000065346e+01,1.000000000000000000e+00
1.978160020853985280e-03,2.357678462043186901e-03,9.414837743509446577e-01,2.378433127693801552e+00,2.000000000000000000e+01,7.232317542740876459e-02,0.000000000000000000e+00,0.000000000000000000e+00,0.000000000000000000e+00,0.000000000000000000e+00,0.000000000000000000e+00,0.000000000000000000e+00,1.100000000000000000e+01,3.451045883881795362e+03,1.384353812299871151e+02,2.120400000000000000e+06,4.498099999999999876e-01,-1.085323113000090416e+03,1.000000000000000000e+00
5.855921073016355808e-04,2.750198079322929007e-03,3.642627701247579952e-01,2.018212495623365577e+00,2.000000000000000000e+01,7.534056665443995826e-02,0.000000000000000000e+00,0.000000000000000000e+00,0.000000000000000000e+00,0.000000000000000000e+00,0.000000000000000000e+00,0.000000000000000000e+00,1.200000000000000000e+01,2.884626638046883727e+03,1.399125717811907634e+02,2.120300000000000000e+06,1.274800000000000100e-01,-1.865596830000361024e+02,1.000000000000000000e+00
1.090579462345571491e-03,1.672549395499958041e-03,6.441469185092363325e-01,1.605114080018242850e+00,2.000000000000000000e+01,6.053427986426383051e-02,0.000000000000000000e+00,0.000000000000000000e+00,0.000000000000000000e+00,0.000000000000000000e+00,0.000000000000000000e+00,0.000000000000000000e+00,1.300000000000000000e+01,2.693477153903168073e+03,1.429124065855195056e+02,2.120500000000000000e+06,8.649199999999999944e-02,-5.310244099999818701e+01,1.000000000000000000e+00
8.363189600827103387e-04,3.261536764983121329e-03,1.060442522593777248e+00,-1.010034561463385577e-01,2.000000000000000000e+01,6.728361167017325728e-02,0.000000000000000000e+00,0.000000000000000000e+00,0.000000000000000000e+00,0.000000000000000000e+00,0.000000000000000000e+00,0.000000000000000000e+00,1.400000000000000000e+01,2.540747520838294804e+03,1.713912477379829795e+02,2.120900000000000000e+06,1.657200000000000062e-01,-7.643391900000052885e+01,1.000000000000000000e+00
1.255154626470027625e-03,2.788995024783435129e-03,1.061016687627069244e+00,-5.871130470006741264e-01,2.000000000000000000e+01,6.761586231025860927e-02,0.000000000000000000e+00,0.000000000000000000e+00,0.000000000000000000e+00,0.000000000000000000e+00,0.000000000000000000e+00,0.000000000000000000e+00,1.500000000000000000e+01,2.415600993134160490e+03,1.816241015938344958e+02,2.120800000000000000e+06,1.261700000000000044e-01,-5.551239100000047699e+01,1.000000000000000000e+00
8.972406402616335281e-04,3.156706470423822734e-03,1.047524692196482698e+00,-1.140016434918815547e+00,2.000000000000000000e+01,7.162297563177931481e-02,0.000000000000000000e+00,0.000000000000000000e+00,0.000000000000000000e+00,0.000000000000000000e+00,0.000000000000000000e+00,0.000000000000000000e+00,1.600000000000000000e+01,2.302399211987754370e+03,1.941596625163633689e+02,2.120800000000000000e+06,5.225100000000000300e-01,-6.402188000000868442e+02,1.000000000000000000e+00
8.427508073466072856e-04,3.083380363775198481e-03,7.996028994671519063e-01,-8.134352301401661656e-01,2.000000000000000000e+01,7.231012548488888192e-02,0.000000000000000000e+00,0.000000000000000000e+00,0.000000000000000000e+00,0.000000000000000000e+00,0.000000000000000000e+00,0.000000000000000000e+00,1.700000000000000000e+01,2.329531920454277952e+03,1.869983744108058090e+02,2.120800000000000000e+06,3.296700000000000186e-01,-4.113558999998695072e+02,1.000000000000000000e+00
8.976487627768324961e-04,3.358410584221524064e-03,8.199059465899103394e-01,-1.654394406691849229e+00,2.000000000000000000e+01,7.250000019347858926e-02,0.000000000000000000e+00,0.000000000000000000e+00,0.000000000000000000e+00,0.000000000000000000e+00,0.000000000000000000e+00,0.000000000000000000e+00,1.800000000000000000e+01,2.204053777557961894e+03,2.070527694177343676e+02,2.120500000000000000e+06,2.841199999999999837e-01,-3.149250929999802793e+02,1.000000000000000000e+00
8.064946507378637072e-04,3.178172928075029095e-03,7.941552977010978287e-01,-1.477209917652091420e+00,2.000000000000000000e+01,7.348683679756901066e-02,0.000000000000000000e+00,0.000000000000000000e+00,0.000000000000000000e+00,0.000000000000000000e+00,0.000000000000000000e+00,0.000000000000000000e+00,1.900000000000000000e+01,2.219056309815535315e+03,2.028519186870671263e+02,2.120600000000000000e+06,1.615699999999999914e-01,-1.021483339999930848e+02,1.000000000000000000e+00
1.115205622232620002e-03,2.735752181702940170e-03,9.245161317008361301e-01,-1.703138015103527581e+00,2.000000000000000000e+01,7.233125532282438930e-02,0.000000000000000000e+00,0.000000000000000000e+00,0.000000000000000000e+00,0.000000000000000000e+00,0.000000000000000000e+00,0.000000000000000000e+00,2.000000000000000000e+01,2.163519797619718247e+03,2.080493254392887366e+02,2.120600000000000000e+06,3.463700000000000112e-01,-4.458181650001145613e+02,1.000000000000000000e+00
1.190779231146513488e-03,2.493973879445482607e-03,1.180837753315925776e+00,-1.754054461502897899e+00,2.000000000000000000e+01,7.258788145815833759e-02,0.000000000000000000e+00,0.000000000000000000e+00,0.000000000000000000e+00,0.000000000000000000e+00,0.000000000000000000e+00,0.000000000000000000e+00,2.100000000000000000e+01,2.090673203700530394e+03,2.090152987492630530e+02,2.120600000000000000e+06,2.347499999999999865e-01,-1.470488000000051727e+02,1.000000000000000000e+00
1.296137498342123150e-03,2.944381810311796216e-03,1.288107027939492610e+00,-2.948014135456187734e+00,2.000000000000000000e+01,6.871081106086211754e-02,0.000000000000000000e+00,0.000000000000000000e+00,0.000000000000000000e+00,0.000000000000000000e+00,0.000000000000000000e+00,0.000000000000000000e+00,2.200000000000000000e+01,1.811149061623164243e+03,2.396976696336700172e+02,2.119700000000000000e+06,1.938499999999999945e-01,-9.240479999999971028e+01,1.000000000000000000e+00
1.103784100448130297e-03,3.130483107375528484e-03,1.101532089012121407e+00,-1.940756823232215433e+00,2.000000000000000000e+01,7.360742265209264945e-02,0.000000000000000000e+00,0.000000000000000000e+00,0.000000000000000000e+00,0.000000000000000000e+00,0.000000000000000000e+00,0.000000000000000000e+00,2.300000000000000000e+01,1.989783774451209410e+03,2.161199436385165598e+02,2.120300000000000000e+06,1.542600000000000082e-01,-5.700540299999916982e+01,1.000000000000000000e+00
1.565295469030636563e-03,2.844444755172783473e-03,1.426107774089359737e+00,-2.744136699268915791e+00,2.000000000000000000e+01,6.847215715648261036e-02,0.000000000000000000e+00,0.000000000000000000e+00,0.000000000000000000e+00,0.000000000000000000e+00,0.000000000000000000e+00,0.000000000000000000e+00,2.400000000000000000e+01,1.846137194609791095e+03,2.348834242455139645e+02,2.119900000000000000e+06,1.778299999999999881e-01,-7.459881000000179085e+01,1.000000000000000000e+00
1.411543005262191636e-03,2.885506695916609417e-03,1.187478532358473560e+00,-2.864028598579302809e+00,2.000000000000000000e+01,6.760021372408668572e-02,0.000000000000000000e+00,0.000000000000000000e+00,0.000000000000000000e+00,0.000000000000000000e+00,0.000000000000000000e+00,0.000000000000000000e+00,2.500000000000000000e+01,1.835666976437316634e+03,2.378507101855850010e+02,2.119800000000000000e+06,1.253900000000000015e-01,-5.050289099999950082e+01,1.000000000000000000e+00
8.258643733819299136e-04,3.014449713263610275e-03,9.372564386040619366e-01,-2.211168538774260117e+00,2.000000000000000000e+01,7.233787389723264627e-02,0.000000000000000000e+00,0.000000000000000000e+00,0.000000000000000000e+00,0.000000000000000000e+00,0.000000000000000000e+00,0.000000000000000000e+00,2.600000000000000000e+01,1.912883752512515912e+03,2.210652401210570304e+02,2.120300000000000000e+06,2.904800000000000160e-01,-2.395095670000221730e+02,1.000000000000000000e+00
1.295977709687749346e-03,2.733817840877225420e-03,1.237922839088361870e+00,-2.965523720897811355e+00,2.000000000000000000e+01,6.782417208110233520e-02,0.000000000000000000e+00,0.000000000000000000e+00,0.000000000000000000e+00,0.000000000000000000e+00,0.000000000000000000e+00,0.000000000000000000e+00,2.700000000000000000e+01,1.712089350773628894e+03,2.400579377814034387e+02,2.119800000000000000e+06,1.364799999999999902e-01,-5.028479999999984784e+01,1.000000000000000000e+00
1.094214955096676047e-03,3.297824501903004815e-03,1.453189719998131846e+00,-9.834727456164868542e+00,2.000000000000000000e+01,7.205652818474307664e-02,0.000000000000000000e+00,0.000000000000000000e+00,0.000000000000000000e+00,0.000000000000000000e+00,0.000000000000000000e+00,0.000000000000000000e+00,2.800000000000000000e+01,3.870245393390084701e+02,4.029268907111122644e+02,2.109700000000000000e+06,1.893900000000000028e-01,-6.849047700000123484e+01,1.000000000000000000e+00
1.357686730332779155e-03,3.120539151590226781e-03,1.393018529051164744e+00,-3.814335417087629132e+00,2.000000000000000000e+01,6.841545546908128772e-02,0.000000000000000000e+00,0.000000000000000000e+00,0.000000000000000000e+00,0.000000000000000000e+00,0.000000000000000000e+00,0.000000000000000000e+00,2.900000000000000000e+01,1.549015336771175043e+03,2.615956509358672974e+02,2.119000000000000000e+06,1.769100000000000117e-01,-6.753836400000008666e+01,1.000000000000000000e+00
1.020344854563600724e-03,3.387313768731322391e-03,1.188668360355551679e+00,-3.826162391438842292e+00,2.000000000000000000e+01,6.765103525044931232e-02,0.000000000000000000e+00,0.000000000000000000e+00,0.000000000000000000e+00,0.000000000000000000e+00,0.000000000000000000e+00,0.000000000000000000e+00,3.000000000000000000e+01,1.553823916720796205e+03,2.596714285610386241e+02,2.119000000000000000e+06,1.619500000000000106e-01,-5.620220399999889338e+01,1.000000000000000000e+00
1.492698174493058225e-03,3.056840360007931356e-03,1.402363893258707694e+00,-3.845454831384393035e+00,2.000000000000000000e+01,6.790745365521858035e-02,0.000000000000000000e+00,0.000000000000000000e+00,0.000000000000000000e+00,0.000000000000000000e+00,0.000000000000000000e+00,0.000000000000000000e+00,3.100000000000000000e+01,1.544756308815796274e+03,2.623744986930896061e+02,2.119000000000000000e+06,1.442199999999999871e-01,-5.051350499999904997e+01,1.000000000000000000e+00
1.201705154750799809e-03,3.325014243159214820e-03,1.363199336202655321e+00,-4.244387436876836617e+00,2.000000000000000000e+01,7.115623612560169342e-02,0.000000000000000000e+00,0.000000000000000000e+00,0.000000000000000000e+00,0.000000000000000000e+00,0.000000000000000000e+00,0.000000000000000000e+00,3.200000000000000000e+01,1.486005917505471416e+03,2.701098516279508885e+02,2.118600000000000000e+06,1.747100000000000042e-01,-6.551099999999996726e+01,1.000000000000000000e+00
1.257878387313099595e-03,3.182132836711088278e-03,1.296442520150253408e+00,-4.145605684925135037e+00,2.000000000000000000e+01,6.805126198661759496e-02,0.000000000000000000e+00,0.000000000000000000e+00,0.000000000000000000e+00,0.000000000000000000e+00,0.000000000000000000e+00,0.000000000000000000e+00,3.300000000000000000e+01,1.454406309422422282e+03,2.709473311559523268e+02,2.118600000000000000e+06,1.528599999999999959e-01,-5.463869900000072732e+01,1.000000000000000000e+00
1.401385614167408554e-03,2.934883853068948924e-03,1.336547891354732842e+00,-3.928956682644913379e+00,2.000000000000000000e+01,6.808409822015328017e-02,0.000000000000000000e+00,0.000000000000000000e+00,0.000000000000000000e+00,0.000000000000000000e+00,0.000000000000000000e+00,0.000000000000000000e+00,3.400000000000000000e+01,1.511615859122013489e+03,2.646695416170763906e+02,2.118900000000000000e+06,1.516000000000000125e-01,-5.660040000000078209e+01,1.000000000000000000e+00
1.149440431809643217e-03,3.374078007462244771e-03,1.408599566819304982e+00,-4.686050339966456590e+00,2.000000000000000000e+01,6.867812562573573365e-02,0.000000000000000000e+00,0.000000000000000000e+00,0.000000000000000000e+00,0.000000000000000000e+00,0.000000000000000000e+00,0.000000000000000000e+00,3.500000000000000000e+01,1.292446589800943684e+03,2.847881249941283954e+02,2.118000000000000000e+06,2.016400000000000137e-01,-7.376580000000035398e+01,1.000000000000000000e+00
1.149809686821266644e-03,3.533002090925248164e-03,1.237142042949592069e+00,-4.734113630432057462e+00,2.000000000000000000e+01,7.316916707856330193e-02,0.000000000000000000e+00,0.000000000000000000e+00,0.000000000000000000e+00,0.000000000000000000e+00,0.000000000000000000e+00,0.000000000000000000e+00,3.600000000000000000e+01,1.287401190738672767e+03,2.864803068370118240e+02,2.117900000000000000e+06,1.744400000000000117e-01,-6.431310600000082900e+01,1.000000000000000000e+00
9.949219865905321002e-04,3.519794587076321285e-03,1.442447923131420895e+00,-5.319204722312589340e+00,2.000000000000000000e+01,6.874990488529846011e-02,0.000000000000000000e+00,0.000000000000000000e+00,0.000000000000000000e+00,0.000000000000000000e+00,0.000000000000000000e+00,0.000000000000000000e+00,3.700000000000000000e+01,1.068385186057293595e+03,3.006445076660746736e+02,2.117200000000000000e+06,2.118299999999999905e-01,-6.829085300000207326e+01,1.000000000000000000e+00
1.409762533578940314e-03,3.331306178013383138e-03,1.280730156880112380e+00,-3.653343978250258139e+00,2.000000000000000000e+01,6.778076297560442498e-02,0.000000000000000000e+00,0.000000000000000000e+00,0.000000000000000000e+00,0.000000000000000000e+00,0.000000000000000000e+00,0.000000000000000000e+00,3.800000000000000000e+01,1.641541370921481757e+03,2.571104835896882150e+02,2.119100000000000000e+06,1.615300000000000069e-01,-6.400950600000054180e+01,1.000000000000000000e+00
1.139690839078709135e-03,3.495355761080758648e-03,1.326302225975251492e+00,-4.285871438517600218e+00,2.000000000000000000e+01,6.544182957749393459e-02,0.000000000000000000e+00,0.000000000000000000e+00,0.000000000000000000e+00,0.000000000000000000e+00,0.000000000000000000e+00,0.000000000000000000e+00,3.900000000000000000e+01,1.329328585837598212e+03,2.803498702013402522e+02,2.118200000000000000e+06,1.801300000000000123e-01,-6.478833900000167034e+01,1.000000000000000000e+00
1.095345707307752905e-03,3.380240644803037854e-03,1.151835114498799051e+00,-4.344437021735638282e+00,2.000000000000000000e+01,6.797335190149651762e-02,0.000000000000000000e+00,0.000000000000000000e+00,0.000000000000000000e+00,0.000000000000000000e+00,0.000000000000000000e+00,0.000000000000000000e+00,4.000000000000000000e+01,1.417285035538613329e+03,2.749898682257958171e+02,2.118400000000000000e+06,1.481000000000000094e-01,-5.580849999999870192e+01,1.000000000000000000e+00
1.020367619976115256e-03,3.864075106946026489e-03,1.097999621320195462e+00,-4.647378915218385309e+00,2.000000000000000000e+01,6.334370232460842520e-02,0.000000000000000000e+00,0.000000000000000000e+00,0.000000000000000000e+00,0.000000000000000000e+00,0.000000000000000000e+00,0.000000000000000000e+00,4.100000000000000000e+01,1.382086807837664082e+03,2.778913983899035429e+02,2.118200000000000000e+06,1.565699999999999870e-01,-5.410050000000089199e+01,1.000000000000000000e+00
1.187718033653007398e-03,3.207799647706866333e-03,1.207298103652504562e+00,-4.364306350069798057e+00,2.000000000000000000e+01,6.811465751805065305e-02,0.000000000000000000e+00,0.000000000000000000e+00,0.000000000000000000e+00,0.000000000000000000e+00,0.000000000000000000e+00,0.000000000000000000e+00,4.200000000000000000e+01,1.405812937003123807e+03,2.754588101989180586e+02,2.118400000000000000e+06,1.555900000000000061e-01,-6.078599999999860160e+01,1.000000000000000000e+00
1.308767970717360403e-03,3.357684341617078044e-03,1.459300800864900882e+00,-4.466888463709583590e+00,2.000000000000000000e+01,6.409257759967602885e-02,0.000000000000000000e+00,0.000000000000000000e+00,0.000000000000000000e+00,0.000000000000000000e+00,0.000000000000000000e+00,0.000000000000000000e+00,4.300000000000000000e+01,1.427550804992916710e+03,2.731890887177268610e+02,2.118500000000000000e+06,1.626100000000000045e-01,-5.981913400000079406e+01,1.000000000000000000e+00
1.240958837257996345e-03,2.840805619890313626e-03,1.164604858586411940e+00,-3.252089919496231829e+00,2.000000000000000000e+01,6.800266643123351051e-02,0.000000000000000000e+00,0.000000000000000000e+00,0.000000000000000000e+00,0.000000000000000000e+00,0.000000000000000000e+00,0.000000000000000000e+00,4.400000000000000000e+01,1.676761754988365510e+03,2.472738698212961026e+02,2.119500000000000000e+06,1.454699999999999882e-01,-6.035445299999904734e+01,1.000000000000000000e+00
1.308796084489446997e-03,3.135462168018379042e-03,1.273594539360558997e+00,-3.656454148187451736e+00,2.000000000000000000e+01,6.825019995333095335e-02,0.000000000000000000e+00,0.000000000000000000e+00,0.000000000000000000e+00,0.000000000000000000e+00,0.000000000000000000e+00,0.000000000000000000e+00,4.500000000000000000e+01,1.625432675025384242e+03,2.580351314156350213e+02,2.119100000000000000e+06,1.625800000000000023e-01,-6.579856399999907524e+01,1.000000000000000000e+00
1.190172644275387139e-03,3.218854754730516091e-03,1.449665583462876439e+00,-5.618767385377104517e+00,2.000000000000000000e+01,6.890803657147934191e-02,0.000000000000000000e+00,0.000000000000000000e+00,0.000000000000000000e+00,0.000000000000000000e+00,0.000000000000000000e+00,0.000000000000000000e+00,4.600000000000000000e+01,1.052078727648641234e+03,3.070260385462117370e+02,2.116900000000000000e+06,2.258900000000000075e-01,-9.123409999999761055e+01,1.000000000000000000e+00
1.127893476064061908e-03,3.251557563387130322e-03,1.281133325138201107e+00,-3.657973825532154333e+00,2.000000000000000000e+01,6.873375711145167377e-02,0.000000000000000000e+00,0.000000000000000000e+00,0.000000000000000000e+00,0.000000000000000000e+00,0.000000000000000000e+00,0.000000000000000000e+00,4.700000000000000000e+01,1.623337514151904543e+03,2.580697658467994984e+02,2.119100000000000000e+06,1.989599999999999980e-01,-8.621680000000203847e+01,1.000000000000000000e+00
1.028981346010141972e-03,3.414662854920942365e-03,1.603373183180719641e+00,-1.115880371226924339e+01,2.000000000000000000e+01,6.076530033954734289e-02,0.000000000000000000e+00,0.000000000000000000e+00,0.000000000000000000e+00,0.000000000000000000e+00,0.000000000000000000e+00,0.000000000000000000e+00,4.800000000000000000e+01,4.006462849277254463e+02,3.859387749182215543e+02,2.111200000000000000e+06,1.816699999999999982e-01,-6.646599999999970976e+01,1.000000000000000000e+00
1.157117788215394905e-03,3.218675097284004472e-03,1.260552028205394581e+00,-3.591732636873071982e+00,2.000000000000000000e+01,6.880721944976819771e-02,0.000000000000000000e+00,0.000000000000000000e+00,0.000000000000000000e+00,0.000000000000000000e+00,0.000000000000000000e+00,0.000000000000000000e+00,4.900000000000000000e+01,1.671212223532719918e+03,2.565352623493437250e+02,2.119200000000000000e+06,2.069400000000000128e-01,-9.707313899999918760e+01,1.000000000000000000e+00
1.155323194995991343e-03,3.440559210916320585e-03,1.414424537014199013e+00,-5.752999491318334435e+00,2.000000000000000000e+01,7.356265781130663650e-02,0.000000000000000000e+00,0.000000000000000000e+00,0.000000000000000000e+00,0.000000000000000000e+00,0.000000000000000000e+00,0.000000000000000000e+00,5.000000000000000000e+01,1.142132067309383501e+03,2.994579938773646859e+02,2.117200000000000000e+06,1.829199999999999993e-01,-6.272639999999883287e+01,1.000000000000000000e+00
1.233065071743025135e-03,3.621415193915685816e-03,1.629968249556572601e+00,-6.180667854084166635e+00,2.000000000000000000e+01,6.922687250500807188e-02,0.000000000000000000e+00,0.000000000000000000e+00,0.000000000000000000e+00,0.000000000000000000e+00,0.000000000000000000e+00,0.000000000000000000e+00,5.100000000000000000e+01,9.149414820740856840e+02,3.193806469220716053e+02,2.116200000000000000e+06,1.659499999999999864e-01,-5.066320000000071389e+01,1.000000000000000000e+00
1.157498148986288878e-03,3.817776565462663828e-03,1.431608629279416345e+00,-6.060988601811238219e+00,2.000000000000000000e+01,6.823580551054198029e-02,0.000000000000000000e+00,0.000000000000000000e+00,0.000000000000000000e+00,0.000000000000000000e+00,0.000000000000000000e+00,0.000000000000000000e+00,5.200000000000000000e+01,9.168334042836883100e+02,3.186620884418327933e+02,2.116100000000000000e+06,1.735899999999999943e-01,-5.229685199999958201e+01,1.000000000000000000e+00
1.106377467522691102e-03,3.219323148056800823e-03,1.465555493542327836e+00,-5.117992964345417839e+00,2.000000000000000000e+01,6.917014004482890943e-02,0.000000000000000000e+00,0.000000000000000000e+00,0.000000000000000000e+00,0.000000000000000000e+00,0.000000000000000000e+00,0.000000000000000000e+00,5.300000000000000000e+01,1.165650783244150261e+03,2.949708936917345454e+02,2.117500000000000000e+06,2.621399999999999841e-01,-1.094212560000053998e+02,1.000000000000000000e+00
1.133335838082992182e-03,3.143673892869748229e-03,1.612223111329087022e+00,-4.658978714597479254e+00,2.000000000000000000e+01,8.688284756252016849e-02,0.000000000000000000e+00,0.000000000000000000e+00,0.000000000000000000e+00,0.000000000000000000e+00,0.000000000000000000e+00,0.000000000000000000e+00,5.400000000000000000e+01,1.253053089280903123e+03,2.883561242886830769e+02,2.117900000000000000e+06,1.761900000000000133e-01,-6.302382000000166329e+01,1.000000000000000000e+00
1.147243735558826569e-03,3.504315651045638441e-03,1.497175299595847608e+00,-5.626173383740475487e+00,2.000000000000000000e+01,6.888119769915357349e-02,0.000000000000000000e+00,0.000000000000000000e+00,0.000000000000000000e+00,0.000000000000000000e+00,0.000000000000000000e+00,0.000000000000000000e+00,5.500000000000000000e+01,1.027968661022065362e+03,3.072105967605585306e+02,2.116800000000000000e+06,2.262099999999999944e-01,-8.296561000000261288e+01,1.000000000000000000e+00
1.270042941752389919e-03,3.170341330814537787e-03,1.400812308910523107e+00,-5.023143491663021543e+00,2.000000000000000000e+01,6.866115250898774391e-02,0.000000000000000000e+00,0.000000000000000000e+00,0.000000000000000000e+00,0.000000000000000000e+00,0.000000000000000000e+00,0.000000000000000000e+00,5.600000000000000000e+01,1.224757403848435843e+03,2.926961710274383677e+02,2.117700000000000000e+06,1.979200000000000126e-01,-7.958603999999932910e+01,1.000000000000000000e+00
9.908509327748002589e-04,3.287042822588532448e-03,1.202721192741197154e+00,-4.900525097249403217e+00,2.000000000000000000e+01,6.858964519192622955e-02,0.000000000000000000e+00,0.000000000000000000e+00,0.000000000000000000e+00,0.000000000000000000e+00,0.000000000000000000e+00,0.000000000000000000e+00,5.700000000000000000e+01,1.245465794128386278e+03,2.899850610812363243e+02,2.117800000000000000e+06,1.895699999999999885e-01,-7.749541799999933289e+01,1.000000000000000000e+00
1.227005424604805071e-03,3.124437213970428923e-03,1.397952528988573473e+00,-5.054149548352216748e+00,2.000000000000000000e+01,6.863128997546710797e-02,0.000000000000000000e+00,0.000000000000000000e+00,0.000000000000000000e+00,0.000000000000000000e+00,0.000000000000000000e+00,0.000000000000000000e+00,5.800000000000000000e+01,1.191030848710435521e+03,2.934050355217380002e+02,2.117600000000000000e+06,1.968699999999999894e-01,-7.611490000000232214e+01,1.000000000000000000e+00
1.219774845100962159e-03,3.021312712637979399e-03,1.303363245374669965e+00,-5.099330322534628479e+00,2.000000000000000000e+01,7.001403934188102363e-02,0.000000000000000000e+00,0.000000000000000000e+00,0.000000000000000000e+00,0.000000000000000000e+00,0.000000000000000000e+00,0.000000000000000000e+00,5.900000000000000000e+01,1.209888121556637088e+03,2.932263796254539443e+02,2.117600000000000000e+06,2.184599999999999875e-01,-8.755217100000010078e+01,1.000000000000000000e+00
1.180854489464049865e-03,3.210514496123778160e-03,1.265464126011106138e+00,-5.027073637463665534e+00,2.000000000000000000e+01,6.786960142313580580e-02,0.000000000000000000e+00,0.000000000000000000e+00,0.000000000000000000e+00,0.000000000000000000e+00,0.000000000000000000e+00,0.000000000000000000e+00,6.000000000000000000e+01,1.186740763822648432e+03,2.948963949477550273e+02,2.117500000000000000e+06,1.873799999999999910e-01,-6.978334599999763554e+01,1.000000000000000000e+00
8.529006555327523983e-04,4.117879732458342747e-03,1.236476733659933380e+00,-7.890237626878059629e+00,2.000000000000000000e+01,9.386786854804528291e-02,0.000000000000000000e+00,0.000000000000000000e+00,0.000000000000000000e+00,0.000000000000000000e+00,0.000000000000000000e+00,0.000000000000000000e+00,6.100000000000000000e+01,4.069320234615749996e+02,3.844649193449158133e+02,2.111300000000000000e+06,1.682200000000000084e-01,-6.206683400000097350e+01,1.000000000000000000e+00
1.096906654634211128e-03,3.495881955072180792e-03,1.390088193394973581e+00,-6.004746404782941305e+00,2.000000000000000000e+01,6.164802765332842022e-02,0.000000000000000000e+00,0.000000000000000000e+00,0.000000000000000000e+00,0.000000000000000000e+00,0.000000000000000000e+00,0.000000000000000000e+00,6.200000000000000000e+01,8.896995804365967615e+02,3.203814326100463177e+02,2.116000000000000000e+06,1.799000000000000044e-01,-5.713856699999849553e+01,1.000000000000000000e+00
1.307565692325115539e-03,3.542146774473551619e-03,1.336148672671102933e+00,-5.260864588628683336e+00,2.000000000000000000e+01,6.389268625506379362e-02,0.000000000000000000e+00,0.000000000000000000e+00,0.000000000000000000e+00,0.000000000000000000e+00,0.000000000000000000e+00,0.000000000000000000e+00,6.300000000000000000e+01,1.237263798165785147e+03,2.920945795332646640e+02,2.117600000000000000e+06,1.691699999999999871e-01,-5.226805800000077085e+01,1.000000000000000000e+00
1.214792575315910925e-03,3.343826123203030506e-03,1.377716242151336257e+00,-6.030605995053393009e+00,2.000000000000000000e+01,6.815550948113223428e-02,0.000000000000000000e+00,0.000000000000000000e+00,0.000000000000000000e+00,0.000000000000000000e+00,0.000000000000000000e+00,0.000000000000000000e+00,6.400000000000000000e+01,9.311862168088450744e+02,3.180305379851487260e+02,2.116300000000000000e+06,1.655200000000000005e-01,-5.443200000000080507e+01,1.000000000000000000e+00
1.236349672126737598e-03,3.165419087571059824e-03,1.334210549996890816e+00,-5.218060894895242718e+00,2.000000000000000000e+01,6.814971599155876525e-02,0.000000000000000000e+00,0.000000000000000000e+00,0.000000000000000000e+00,0.000000000000000000e+00,0.000000000000000000e+00,0.000000000000000000e+00,6.500000000000000000e+01,1.152223883838705660e+03,2.977170689349119357e+02,2.117400000000000000e+06,1.607800000000000062e-01,-5.611440000000105499e+01,1.000000000000000000e+00
1.022797377335500938e-03,4.445878066075242829e-03,1.214159448770704586e+00,-6.021353041122943672e+00,2.000000000000000000e+01,6.365485254769483181e-02,0.000000000000000000e+00,0.000000000000000000e+00,0.000000000000000000e+00,0.000000000000000000e+00,0.000000000000000000e+00,0.000000000000000000e+00,6.600000000000000000e+01,1.021410948987767711e+03,3.080619980056230247e+02,2.116700000000000000e+06,1.687299999999999911e-01,-5.521550699999869494e+01,1.000000000000000000e+00
1.109594228340357895e-03,3.115351371374439158e-03,1.029756463220238727e+00,-5.281756007738493963e+00,2.000000000000000000e+01,6.699950191105237540e-02,0.000000000000000000e+00,0.000000000000000000e+00,0.000000000000000000e+00,0.000000000000000000e+00,0.000000000000000000e+00,0.000000000000000000e+00,6.700000000000000000e+01,1.215074730299399107e+03,2.931686063207778830e+02,2.117600000000000000e+06,1.451099999999999890e-01,-5.714628599999857528e+01,1.000000000000000000e+00
9.529983064320741992e-04,3.281659337045213492e-03,1.186184683554539543e+00,-6.692777944510031496e+00,2.000000000000000000e+01,6.842183161397209779e-02,0.000000000000000000e+00,0.000000000000000000e+00,0.000000000000000000e+00,0.000000000000000000e+00,0.000000000000000000e+00,0.000000000000000000e+00,6.800000000000000000e+01,8.591967725362186457e+02,3.217881089040217830e+02,2.116000000000000000e+06,1.529200000000000004e-01,-5.168392300000221695e+01,1.000000000000000000e+00
1.268853486697926877e-03,3.937126203209133542e-03,1.403437249907938389e+00,-5.995559209485760377e+00,2.000000000000000000e+01,7.112607928864536633e-02,0.000000000000000000e+00,0.000000000000000000e+00,0.000000000000000000e+00,0.000000000000000000e+00,0.000000000000000000e+00,0.000000000000000000e+00,6.900000000000000000e+01,9.836696921459634950e+02,3.139892342269364462e+02,2.116400000000000000e+06,1.723999999999999977e-01,-5.572848899999890193e+01,1.000000000000000000e+00
1.266928142745545049e-03,3.329161664507472237e-03,1.400845305039120081e+00,-5.928104362962320906e+00,2.000000000000000000e+01,6.844506367955001391e-02,0.000000000000000000e+00,0.000000000000000000e+00,0.000000000000000000e+00,0.000000000000000000e+00,0.000000000000000000e+00,0.000000000000000000e+00,7.000000000000000000e+01,9.825018055121344105e+02,3.159015611246351227e+02,2.116400000000000000e+06,1.858400000000000052e-01,-6.883979000000158521e+01,1.000000000000000000e+00
1.008540855253048764e-03,3.279683996115460767e-03,1.409995719697080485e+00,-6.282606402761100384e+00,2.000000000000000000e+01,7.390730304464325495e-02,0.000000000000000000e+00,0.000000000000000000e+00,0.000000000000000000e+00,0.000000000000000000e+00,0.000000000000000000e+00,0.000000000000000000e+00,7.100000000000000000e+01,9.836668150708624125e+02,3.151622778590951270e+02,2.116500000000000000e+06,1.819300000000000084e-01,-6.992416200000062076e+01,1.000000000000000000e+00
1.074152977156910601e-03,3.576582983828525616e-03,1.543802751300684450e+00,-6.318960616553827236e+00,2.000000000000000000e+01,7.091009535105538553e-02,0.000000000000000000e+00,0.000000000000000000e+00,0.000000000000000000e+00,0.000000000000000000e+00,0.000000000000000000e+00,0.000000000000000000e+00,7.200000000000000000e+01,9.531356798115695028e+02,3.170612888759955581e+02,2.116300000000000000e+06,1.832199999999999940e-01,-6.419094900000035864e+01,1.000000000000000000e+00
1.175815361646265645e-03,3.550113901959644699e-03,1.416893869834447539e+00,-7.001643025552469979e+00,2.000000000000000000e+01,6.998758996951448541e-02,0.000000000000000000e+00,0.000000000000000000e+00,0.000000000000000000e+00,0.000000000000000000e+00,0.000000000000000000e+00,0.000000000000000000e+00,7.300000000000000000e+01,8.527464599093260631e+02,3.270203967873603688e+02,2.115700000000000000e+06,1.855700000000000127e-01,-6.642000000000101068e+01,1.000000000000000000e+00
1.200069933734192618e-03,3.498859009875499720e-03,1.337304155710761000e+00,-5.946420199705118037e+00,2.000000000000000000e+01,6.818552147039644296e-02,0.000000000000000000e+00,0.000000000000000000e+00,0.000000000000000000e+00,0.000000000000000000e+00,0.000000000000000000e+00,0.000000000000000000e+00,7.400000000000000000e+01,9.669786118774502484e+02,3.163184034963626914e+02,2.116300000000000000e+06,1.674200000000000133e-01,-5.767999999999948813e+01,1.000000000000000000e+00
1.068381054888789452e-03,3.493222116157908199e-03,1.336668182750512468e+00,-6.918611355280473774e+00,2.000000000000000000e+01,6.835380716055812489e-02,0.000000000000000000e+00,0.000000000000000000e+00,0.000000000000000000e+00,0.000000000000000000e+00,0.000000000000000000e+00,0.000000000000000000e+00,7.500000000000000000e+01,6.924841413918269382e+02,3.387684767255082647e+02,2.114900000000000000e+06,1.823799999999999866e-01,-6.158799999999727248e+01,1.000000000000000000e+00
1.204387438220863365e-03,3.564546514629378642e-03,1.329420109891279234e+00,-1.027416514889093513e+01,2.000000000000000000e+01,6.182865685131192640e-02,0.000000000000000000e+00,0.000000000000000000e+00,0.000000000000000000e+00,0.000000000000000000e+00,0.000000000000000000e+00,0.000000000000000000e+00,7.600000000000000000e+01,4.114999926400755044e+02,3.840066294734745043e+02,2.111400000000000000e+06,1.858599999999999974e-01,-6.923434700000190389e+01,1.000000000000000000e+00
1.106678203976669151e-03,3.685205303194239671e-03,1.372527233196556562e+00,-6.910507405681403093e+00,2.000000000000000000e+01,6.838056523095252526e-02,0.000000000000000000e+00,0.000000000000000000e+00,0.000000000000000000e+00,0.000000000000000000e+00,0.000000000000000000e+00,0.000000000000000000e+00,7.700000000000000000e+01,6.955777810696557708e+02,3.385480725952058947e+02,2.114800000000000000e+06,1.864399999999999946e-01,-6.261929999999964735e+01,1.000000000000000000e+00
1.194053069603868717e-03,3.638839270087510132e-03,1.422585493867431161e+00,-5.839415060593923457e+00,2.000000000000000000e+01,6.861881638528649630e-02,0.000000000000000000e+00,0.000000000000000000e+00,0.000000000000000000e+00,0.000000000000000000e+00,0.000000000000000000e+00,0.000000000000000000e+00,7.800000000000000000e+01,9.962043849106103153e+02,3.136107205387413046e+02,2.116500000000000000e+06,2.010800000000000087e-01,-7.414740000000085729e+01,1.000000000000000000e+00
1.121120608447809903e-03,3.785578017559478124e-03,1.287441155094106504e+00,-7.744554594042982743e+00,2.000000000000000000e+01,6.734634198147422535e-02,0.000000000000000000e+00,0.000000000000000000e+00,0.000000000000000000e+00,0.000000000000000000e+00,0.000000000000000000e+00,0.000000000000000000e+00,7.900000000000000000e+01,6.574880665489482681e+02,3.448658962446624514e+02,2.114500000000000000e+06,1.904099999999999959e-01,-6.566711599999780447e+01,1.000000000000000000e+00
1.004219039768294765e-03,3.435090869292892896e-03,1.473103438304227630e+00,-6.661177615658903761e+00,2.000000000000000000e+01,7.617280567082844456e-02,0.000000000000000000e+00,0.000000000000000000e+00,0.000000000000000000e+00,0.000000000000000000e+00,0.000000000000000000e+00,0.000000000000000000e+00,8.000000000000000000e+01,5.765283035708667967e+02,3.488249739228887734e+02,2.114100000000000000e+06,2.066300000000000081e-01,-6.650302099999878180e+01,1.000000000000000000e+00
1.192481267060500243e-03,2.989556940515886510e-03,1.538567816659308196e+00,-6.261647817231260404e+00,2.000000000000000000e+01,6.599241643376078936e-02,0.000000000000000000e+00,0.000000000000000000e+00,0.000000000000000000e+00,0.000000000000000000e+00,0.000000000000000000e+00,0.000000000000000000e+00,8.100000000000000000e+01,6.600949100425631286e+02,3.423242838948238500e+02,2.114700000000000000e+06,1.906299999999999939e-01,-6.051591900000045143e+01,1.000000000000000000e+00
1.132892809315247124e-03,3.659351963222796152e-03,1.401848032479775519e+00,-8.735222825546658854e+00,2.000000000000000000e+01,6.852523016264185085e-02,0.000000000000000000e+00,0.000000000000000000e+00,0.000000000000000000e+00,0.000000000000000000e+00,0.000000000000000000e+00,0.000000000000000000e+00,8.200000000000000000e+01,4.135588346563083633e+02,3.810632217271777904e+02,2.111600000000000000e+06,2.063099999999999934e-01,-7.504302899999794363e+01,1.000000000000000000e+00
1.305801674197937376e-03,2.711935428102963622e-03,1.587561258395711272e+00,-7.533266852947695824e+00,2.000000000000000000e+01,6.246757402698828454e-02,0.000000000000000000e+00,0.000000000000000000e+00,0.000000000000000000e+00,0.000000000000000000e+00,0.000000000000000000e+00,0.000000000000000000e+00,8.300000000000000000e+01,1.011249468718308094e+03,3.124989287832316904e+02,2.116500000000000000e+06,1.607599999999999862e-01,-5.187520000000144194e+01,1.000000000000000000e+00
1.096295038594526832e-03,3.748010025358808773e-03,1.195176387170160837e+00,-8.093202979594430246e+00,2.000000000000000000e+01,6.180226870034906395e-02,0.000000000000000000e+00,0.000000000000000000e+00,0.000000000000000000e+00,0.000000000000000000e+00,0.000000000000000000e+00,0.000000000000000000e+00,8.400000000000000000e+01,4.143109717565715187e+02,3.787274012161696533e+02,2.111900000000000000e+06,1.676499999999999935e-01,-5.295919999999921401e+01,1.000000000000000000e+00
1.346084837906382945e-03,3.143582579891257642e-03,1.197217209174334718e+00,-6.623175751104971809e+00,2.000000000000000000e+01,6.323478196745084545e-02,0.000000000000000000e+00,0.000000000000000000e+00,0.000000000000000000e+00,0.000000000000000000e+00,0.000000000000000000e+00,0.000000000000000000e+00,8.500000000000000000e+01,5.045041762270859067e+02,3.610721058895401256e+02,2.113300000000000000e+06,1.723000000000000087e-01,-5.205294300000078778e+01,1.000000000000000000e+00
1.222524954898628275e-03,4.897294106248197693e-03,1.287354314950513778e+00,-6.147523770044543312e+00,2.000000000000000000e+01,6.852665500222665518e-02,0.000000000000000000e+00,0.000000000000000000e+00,0.000000000000000000e+00,0.000000000000000000e+00,0.000000000000000000e+00,0.000000000000000000e+00,8.600000000000000000e+01,6.817018885197056761e+02,3.412827457466432293e+02,2.114700000000000000e+06,1.914700000000000013e-01,-6.568720000000142534e+01,1.000000000000000000e+00
1.029440514481717167e-03,3.793652401165779203e-03,1.348170400124933277e+00,-7.691953576861972230e+00,2.000000000000000000e+01,6.228517323711118409e-02,0.000000000000000000e+00,0.000000000000000000e+00,0.000000000000000000e+00,0.000000000000000000e+00,0.000000000000000000e+00,0.000000000000000000e+00,8.700000000000000000e+01,6.447111928728110115e+02,3.461741532977493989e+02,2.114400000000000000e+06,1.963900000000000090e-01,-6.918999999999967088e+01,1.000000000000000000e+00
1.028924978683528387e-03,3.551561885048514031e-03,1.232609912203973090e+00,-7.554379292895694320e+00,2.000000000000000000e+01,6.822181223440042241e-02,0.000000000000000000e+00,0.000000000000000000e+00,0.000000000000000000e+00,0.000000000000000000e+00,0.000000000000000000e+00,0.000000000000000000e+00,8.800000000000000000e+01,4.940638506679724173e+02,3.629853652254616918e+02,2.113100000000000000e+06,1.876800000000000135e-01,-6.365643299999839400e+01,1.000000000000000000e+00
1.325206151000392525e-03,4.374143920586054043e-03,1.369743956779445160e+00,-9.046405185726557718e+00,2.000000000000000000e+01,5.965598034630249097e-02,0.000000000000000000e+00,0.000000000000000000e+00,0.000000000000000000e+00,0.000000000000000000e+00,0.000000000000000000e+00,0.000000000000000000e+00,8.900000000000000000e+01,7.301286840090185706e+02,3.349022692366946217e+02,2.115100000000000000e+06,1.765799999999999870e-01,-5.566917000000145066e+01,1.000000000000000000e+00
1.193954257830121077e-03,3.486041496086451485e-03,1.393818081502700368e+00,-6.904631400174544353e+00,2.000000000000000000e+01,6.845790603016395359e-02,0.000000000000000000e+00,0.000000000000000000e+00,0.000000000000000000e+00,0.000000000000000000e+00,0.000000000000000000e+00,0.000000000000000000e+00,9.000000000000000000e+01,7.280031950253974173e+02,3.383910055186485124e+02,2.114900000000000000e+06,1.904899999999999927e-01,-6.889380000000006987e+01,1.000000000000000000e+00
1.186803430549709330e-03,3.494960718906510357e-03,1.526950644311089400e+00,-7.955677057378889749e+00,2.000000000000000000e+01,7.352947431318648808e-02,0.000000000000000000e+00,0.000000000000000000e+00,0.000000000000000000e+00,0.000000000000000000e+00,0.000000000000000000e+00,0.000000000000000000e+00,9.100000000000000000e+01,6.208729906038429363e+02,3.473947513029074798e+02,2.114300000000000000e+06,2.118099999999999983e-01,-7.446765900000004024e+01,1.000000000000000000e+00
1.145980156496144604e-03,3.784180562506772767e-03,1.445369429743522449e+00,-8.081067721180382080e+00,2.000000000000000000e+01,6.855388131195745693e-02,0.000000000000000000e+00,0.000000000000000000e+00,0.000000000000000000e+00,0.000000000000000000e+00,0.000000000000000000e+00,0.000000000000000000e+00,9.200000000000000000e+01,4.776473625871786908e+02,3.667936308035239676e+02,2.112800000000000000e+06,2.068000000000000116e-01,-7.173960000000239745e+01,1.000000000000000000e+00
1.154975113912322425e-03,3.871491865713853810e-03,1.465438218250382452e+00,-6.619524406605531652e+00,2.000000000000000000e+01,7.464888680272226129e-02,0.000000000000000000e+00,0.000000000000000000e+00,0.000000000000000000e+00,0.000000000000000000e+00,0.000000000000000000e+00,0.000000000000000000e+00,9.300000000000000000e+01,8.399019032364917621e+02,3.281987181924006904e+02,2.115600000000000000e+06,1.786699999999999955e-01,-6.294168900000241962e+01,1.000000000000000000e+00
1.203318354080182371e-03,3.462734811062040743e-03,1.437340499331962729e+00,-7.245046005984505655e+00,2.000000000000000000e+01,6.836289852164248448e-02,0.000000000000000000e+00,0.000000000000000000e+00,0.000000000000000000e+00,0.000000000000000000e+00,0.000000000000000000e+00,0.000000000000000000e+00,9.400000000000000000e+01,6.358846923242081175e+02,3.473394255829185795e+02,2.114300000000000000e+06,1.852000000000000035e-01,-6.099209999999976617e+01,1.000000000000000000e+00
1.073093709449429549e-03,3.790864209208096719e-03,1.360172517608365217e+00,-6.137711662219046183e+00,2.000000000000000000e+01,7.370500074152659675e-02,0.000000000000000000e+00,0.000000000000000000e+00,0.000000000000000000e+00,0.000000000000000000e+00,0.000000000000000000e+00,0.000000000000000000e+00,9.500000000000000000e+01,7.581224575326211834e+02,3.343658069320098889e+02,2.115200000000000000e+06,1.947899999999999909e-01,-6.730876000000162662e+01,1.000000000000000000e+00
9.394105292047578212e-04,4.291616136274471575e-03,1.215672560608748842e+00,-8.297976773607983247e+00,2.000000000000000000e+01,8.034287948692521442e-02,0.000000000000000000e+00,0.000000000000000000e+00,0.000000000000000000e+00,0.000000000000000000e+00,0.000000000000000000e+00,0.000000000000000000e+00,9.600000000000000000e+01,4.295973007669250023e+02,3.772215511531760512e+02,2.112000000000000000e+06,2.275200000000000000e-01,-9.473740300000014258e+01,1.000000000000000000e+00
1.266163097053663771e-03,2.900557211038452560e-03,1.413954509539113280e+00,-5.314491503908729264e+00,2.000000000000000000e+01,7.244461022486724244e-02,0.000000000000000000e+00,0.000000000000000000e+00,0.000000000000000000e+00,0.000000000000000000e+00,0.000000000000000000e+00,0.000000000000000000e+00,9.700000000000000000e+01,8.278129829472251231e+02,3.295149509807579875e+02,2.115500000000000000e+06,1.883599999999999997e-01,-6.687856200000049967e+01,1.000000000000000000e+00
1.214490032838689377e-03,3.548022779379981194e-03,1.394408335879083527e+00,-6.494440278745443607e+00,2.000000000000000000e+01,6.842041924620329008e-02,0.000000000000000000e+00,0.000000000000000000e+00,0.000000000000000000e+00,0.000000000000000000e+00,0.000000000000000000e+00,0.000000000000000000e+00,9.800000000000000000e+01,8.277786324354634644e+02,3.297689686544034657e+02,2.115500000000000000e+06,1.865799999999999959e-01,-6.660868199999758588e+01,1.000000000000000000e+00
1.164542382571320724e-03,3.645114620234269839e-03,1.379142800609347574e+00,-8.348926458932449890e+00,2.000000000000000000e+01,6.841139581044416995e-02,0.000000000000000000e+00,0.000000000000000000e+00,0.000000000000000000e+00,0.000000000000000000e+00,0.000000000000000000e+00,0.000000000000000000e+00,9.900000000000000000e+01,4.567316171324043239e+02,3.723232278125045127e+02,2.112400000000000000e+06,1.941400000000000070e-01,-7.009356499999942969e+01,1.000000000000000000e+00
1.146248391747140688e-03,3.372848917152034345e-03,1.357655132286795574e+00,-6.647852268711149648e+00,2.000000000000000000e+01,6.809834045057722163e-02,0.000000000000000000e+00,0.000000000000000000e+00,0.000000000000000000e+00,0.000000000000000000e+00,0.000000000000000000e+00,0.000000000000000000e+00,1.000000000000000000e+02,7.631697910277872552e+02,3.332248124027425433e+02,2.115300000000000000e+06,1.633499999999999952e-01,-5.149360000000110205e+01,1.000000000000000000e+00
1.057388240004888177e-03,3.558055975534595884e-03,1.455393568964741924e+00,-7.464681789700346570e+00,2.000000000000000000e+01,6.867033223852725410e-02,0.000000000000000000e+00,0.000000000000000000e+00,0.000000000000000000e+00,0.000000000000000000e+00,0.000000000000000000e+00,0.000000000000000000e+00,1.010000000000000000e+02,5.495636580502758761e+02,3.522325521163275539e+02,2.114000000000000000e+06,2.135900000000000021e-01,-7.081832999999920730e+01,1.000000000000000000e+00
1.165715268408768412e-03,3.969903526577550981e-03,1.487449748718376874e+00,-7.947134657638240007e+00,2.000000000000000000e+01,7.495735388356042361e-02,0.000000000000000000e+00,0.000000000000000000e+00,0.000000000000000000e+00,0.000000000000000000e+00,0.000000000000000000e+00,0.000000000000000000e+00,1.020000000000000000e+02,4.654189800955243186e+02,3.688152936770781025e+02,2.112700000000000000e+06,1.996400000000000119e-01,-7.103250000000109310e+01,1.000000000000000000e+00
1.215667284967029927e-03,3.503439610432851521e-03,1.420526671128210072e+00,-6.584996944443071598e+00,2.000000000000000000e+01,6.818497082629121353e-02,0.000000000000000000e+00,0.000000000000000000e+00,0.000000000000000000e+00,0.000000000000000000e+00,0.000000000000000000e+00,0.000000000000000000e+00,1.030000000000000000e+02,7.861137643213065758e+02,3.319047548161504437e+02,2.115400000000000000e+06,1.696799999999999975e-01,-5.342249399999889903e+01,1.000000000000000000e+00
1.089069132868390136e-03,2.530669383796080134e-03,1.341665561297836096e+00,-1.040042647877546145e+01,2.000000000000000000e+01,4.292432899531423846e-02,0.000000000000000000e+00,0.000000000000000000e+00,0.000000000000000000e+00,0.000000000000000000e+00,0.000000000000000000e+00,0.000000000000000000e+00,1.040000000000000000e+02,4.609571146056864563e+02,3.717611115093462786e+02,2.112400000000000000e+06,1.649899999999999978e-01,-5.593600000000087391e+01,1.000000000000000000e+00
1.063773029098174453e-03,3.700810093241782041e-03,1.331646443819361592e+00,-8.125644218286844023e+00,2.000000000000000000e+01,6.590083147779865480e-02,0.000000000000000000e+00,0.000000000000000000e+00,0.000000000000000000e+00,0.000000000000000000e+00,0.000000000000000000e+00,0.000000000000000000e+00,1.050000000000000000e+02,4.634622031947668006e+02,3.696282128438511450e+02,2.112600000000000000e+06,1.603100000000000080e-01,-5.046400000000058839e+01,1.000000000000000000e+00
1.174965365102444191e-03,3.504511938380200017e-03,1.375767891228133033e+00,-8.455238061957107476e+00,2.000000000000000000e+01,6.832368597985027936e-02,0.000000000000000000e+00,0.000000000000000000e+00,0.000000000000000000e+00,0.000000000000000000e+00,0.000000000000000000e+00,0.000000000000000000e+00,1.060000000000000000e+02,4.412407233844572829e+02,3.748573677237696984e+02,2.112200000000000000e+06,1.857800000000000007e-01,-6.580056000000112704e+01,1.000000000000000000e+00
1.107946512908415454e-03,3.601330414260044046e-03,8.585416887375542094e-01,-8.888511270365604844e+00,2.000000000000000000e+01,8.269657956859656489e-02,0.000000000000000000e+00,0.000000000000000000e+00,0.000000000000000000e+00,0.000000000000000000e+00,0.000000000000000000e+00,0.000000000000000000e+00,1.070000000000000000e+02,4.428897077135177938e+02,3.735781159106158498e+02,2.112200000000000000e+06,1.609599999999999920e-01,-5.189669999999832584e+01,1.000000000000000000e+00
1.064345709010580459e-03,3.592009959492997815e-03,1.276338656493996693e+00,-6.557290748947261605e+00,2.000000000000000000e+01,6.830619141917065873e-02,0.000000000000000000e+00,0.000000000000000000e+00,0.000000000000000000e+00,0.000000000000000000e+00,0.000000000000000000e+00,0.000000000000000000e+00,1.080000000000000000e+02,7.981021280420029598e+02,3.312802948958413936e+02,2.115400000000000000e+06,1.775500000000000134e-01,-6.334406199999941123e+01,1.000000000000000000e+00
1.152840326841766787e-03,3.706107552629516085e-03,1.327865014476593997e+00,-7.493152179023439885e+00,2.000000000000000000e+01,5.809533699709670818e-02,0.000000000000000000e+00,0.000000000000000000e+00,0.000000000000000000e+00,0.000000000000000000e+00,0.000000000000000000e+00,0.000000000000000000e+00,1.090000000000000000e+02,8.114621393486161196e+02,3.298659742428353070e+02,2.115500000000000000e+06,1.885000000000000009e-01,-6.942921899999947755e+01,1.000000000000000000e+00
1.123449152045170180e-03,3.532909885278317976e-03,1.432781854569966651e+00,-7.586304342058811656e+00,2.000000000000000000e+01,6.837768008359550176e-02,0.000000000000000000e+00,0.000000000000000000e+00,0.000000000000000000e+00,0.000000000000000000e+00,0.000000000000000000e+00,0.000000000000000000e+00,1.100000000000000000e+02,5.407055988813195881e+02,3.556411348906009380e+02,2.113700000000000000e+06,1.892199999999999993e-01,-5.978050099999837386e+01,1.000000000000000000e+00
1.168992918821228078e-03,3.447974431128481357e-03,1.407815566308892041e+00,-7.708924880665849244e+00,2.000000000000000000e+01,6.816745343164773430e-02,0.000000000000000000e+00,0.000000000000000000e+00,0.000000000000000000e+00,0.000000000000000000e+00,0.000000000000000000e+00,0.000000000000000000e+00,1.110000000000000000e+02,5.373765800709826408e+02,3.581786233913159094e+02,2.113500000000000000e+06,1.724100000000000077e-01,-5.416413000000061118e+01,1.000000000000000000e+00
1.189561224887961555e-03,3.445849776434790554e-03,1.402858270717157518e+00,-7.786745505082703467e+00,2.000000000000000000e+01,6.820265737346739576e-02,0.000000000000000000e+00,0.000000000000000000e+00,0.000000000000000000e+00,0.000000000000000000e+00,0.000000000000000000e+00,0.000000000000000000e+00,1.120000000000000000e+02,5.366224009811068072e+02,3.593691809335701350e+02,2.113400000000000000e+06,1.753399999999999959e-01,-5.652547500000095226e+01,1.000000000000000000e+00
9.419227825332592051e-04,3.389732721352705768e-03,1.164363138396855346e+00,-7.627136407865246603e+00,2.000000000000000000e+01,7.629712282026773762e-02,0.000000000000000000e+00,0.000000000000000000e+00,0.000000000000000000e+00,0.000000000000000000e+00,0.000000000000000000e+00,0.000000000000000000e+00,1.130000000000000000e+02,5.363475799576224290e+02,3.594300536846072873e+02,2.113400000000000000e+06,1.715800000000000103e-01,-5.909349999999859193e+01,1.000000000000000000e+00
1.199735527388107745e-03,3.562341547861258215e-03,1.417666004582509132e+00,-6.499066811679336197e+00,2.000000000000000000e+01,6.819055123121595119e-02,0.000000000000000000e+00,0.000000000000000000e+00,0.000000000000000000e+00,0.000000000000000000e+00,0.000000000000000000e+00,0.000000000000000000e+00,1.140000000000000000e+02,8.040424288080708948e+02,3.298843775809705221e+02,2.115500000000000000e+06,1.697799999999999865e-01,-5.327999999999953218e+01,1.000000000000000000e+00
1.191763435016173888e-03,4.252907652292155401e-03,1.327643527636345855e+00,-7.088517271126015373e+00,2.000000000000000000e+01,7.880478010320089710e-02,0.000000000000000000e+00,0.000000000000000000e+00,0.000000000000000000e+00,0.000000000000000000e+00,0.000000000000000000e+00,0.000000000000000000e+00,1.150000000000000000e+02,5.273487409275498976e+02,3.601578898899670662e+02,2.113300000000000000e+06,1.786899999999999877e-01,-6.146857299999799551e+01,1.000000000000000000e+00
1.169059564987328477e-03,3.671290496886874758e-03,1.388169856820436587e+00,-7.824753553183493082e+00,2.000000000000000000e+01,6.845545428079577444e-02,0.000000000000000000e+00,0.000000000000000000e+00,0.000000000000000000e+00,0.000000000000000000e+00,0.000000000000000000e+00,0.000000000000000000e+00,1.160000000000000000e+02,5.341162285155068048e+02,3.600466066022741529e+02,2.113300000000000000e+06,1.954299999999999926e-01,-7.111477500000084717e+01,1.000000000000000000e+00
1.938248439672722329e-03,5.551764703077257702e-03,4.333914067415704507e-01,3.211621341807481933e+00,2.000000000000000000e+01,6.562653521743710971e-02,0.000000000000000000e+00,0.000000000000000000e+00,0.000000000000000000e+00,0.000000000000000000e+00,0.000000000000000000e+00,0.000000000000000000e+00,1.170000000000000000e+02,5.213096503396264779e+03,1.381830716020471641e+02,2.119600000000000000e+06,3.749399999999999955e-01,-1.650653526000441161e+03,1.000000000000000000e+00
2.231679775281520707e-03,2.250051332944403258e-03,9.535872133136059636e-01,2.297150168443376828e+00,2.000000000000000000e+01,6.898124902264657354e-02,0.000000000000000000e+00,0.000000000000000000e+00,0.000000000000000000e+00,0.000000000000000000e+00,0.000000000000000000e+00,0.000000000000000000e+00,1.180000000000000000e+02,3.521454363797775386e+03,1.386291954781252400e+02,2.120400000000000000e+06,4.385999999999999899e-01,-1.134801656999502256e+03,1.000000000000000000e+00
2.716724265612572090e-03,2.834984209122665827e-03,1.247615377912830503e+00,2.003387960389068301e+00,2.000000000000000000e+01,6.849349502992584104e-02,0.000000000000000000e+00,0.000000000000000000e+00,0.000000000000000000e+00,0.000000000000000000e+00,0.000000000000000000e+00,0.000000000000000000e+00,1.190000000000000000e+02,3.461662828340441138e+03,1.386905693763436034e+02,2.120700000000000000e+06,5.095199999999999729e-01,-1.053842999999936410e+03,1.000000000000000000e+00
2.854689607253228269e-03,3.324608568483891635e-03,1.025062104253914308e+00,2.461283815642226980e+00,2.000000000000000000e+01,8.540232559095851939e-02,0.000000000000000000e+00,0.000000000000000000e+00,0.000000000000000000e+00,0.000000000000000000e+00,0.000000000000000000e+00,0.000000000000000000e+00,1.200000000000000000e+02,4.100900417359639505e+03,1.381830937158603660e+02,2.120100000000000000e+06,2.723400000000000265e-01,-5.028579780000522419e+02,1.000000000000000000e+00
3.585876848769097101e-03,2.815053732906051039e-03,1.119888645121806414e+00,2.596802171711305007e+00,2.000000000000000000e+01,6.996728771380676670e-02,0.000000000000000000e+00,0.000000000000000000e+00,0.000000000000000000e+00,0.000000000000000000e+00,0.000000000000000000e+00,0.000000000000000000e+00,1.210000000000000000e+02,3.949080053329133534e+03,1.381844021289922750e+02,2.120200000000000000e+06,3.385799999999999921e-01,-6.382570500000468883e+02,1.000000000000000000e+00
2.036870844497125962e-03,3.439157798691561217e-03,9.546416211659338735e-01,2.709637504848423806e+00,2.000000000000000000e+01,7.246628352524192573e-02,0.000000000000000000e+00,0.000000000000000000e+00,0.000000000000000000e+00,0.000000000000000000e+00,0.000000000000000000e+00,0.000000000000000000e+00,1.220000000000000000e+02,4.377066921193498274e+03,1.381830982251487399e+02,2.119900000000000000e+06,1.400200000000000056e-01,-1.414112000000043849e+02,1.000000000000000000e+00
2.036870844497125962e-03,3.439157798691561217e-03,9.546416211659338735e-01,2.709637504848423806e+00,2.000000000000000000e+01,7.246628352524192573e-02,0.000000000000000000e+00,0.000000000000000000e+00,0.000000000000000000e+00,0.000000000000000000e+00,0.000000000000000000e+00,0.000000000000000000e+00,1.230000000000000000e+02,3.841600051626693585e+03,1.382634037655647319e+02,2.120000000000000000e+06,3.278200000000000003e-01,-6.198590999999489668e+02,1.000000000000000000e+00
1.296851130174724205e-03,3.543205576542673638e-03,1.364633748029602911e+00,-9.367210003330589174e+00,2.000000000000000000e+01,7.930620173327117273e-02,0.000000000000000000e+00,0.000000000000000000e+00,0.000000000000000000e+00,0.000000000000000000e+00,0.000000000000000000e+00,0.000000000000000000e+00,1.240000000000000000e+02,4.009353177832826987e+02,3.994729347486416486e+02,2.110000000000000000e+06,1.981900000000000051e-01,-7.941567699999993124e+01,1.000000000000000000e+00
9.993018440014693731e-04,3.233731344797438102e-03,1.059541565112165795e+00,-1.488492977647976279e+00,2.000000000000000000e+01,7.167019045712225145e-02,0.000000000000000000e+00,0.000000000000000000e+00,0.000000000000000000e+00,0.000000000000000000e+00,0.000000000000000000e+00,0.000000000000000000e+00,1.250000000000000000e+02,2.277477835631913422e+03,2.031419227214875889e+02,2.120600000000000000e+06,5.194699999999999873e-01,-6.828831000000099039e+02,1.000000000000000000e+00
2.776493128589546666e-03,2.370491580320540932e-03,1.118056734546992059e+00,2.750980863023517298e+00,2.000000000000000000e+01,7.164717707598627916e-02,0.000000000000000000e+00,0.000000000000000000e+00,0.000000000000000000e+00,0.000000000000000000e+00,0.000000000000000000e+00,0.000000000000000000e+00,1.260000000000000000e+02,4.274347210556173195e+03,1.383241268473826722e+02,2.120100000000000000e+06,8.064799999999999747e-01,-2.573435263000818395e+03,1.000000000000000000e+00
1.270869306928926927e-03,2.978587095245625177e-03,1.267918778772795019e+00,-1.410640770740564598e+00,2.000000000000000000e+01,6.897110894885735699e-02,0.000000000000000000e+00,0.000000000000000000e+00,0.000000000000000000e+00,0.000000000000000000e+00,0.000000000000000000e+00,0.000000000000000000e+00,1.270000000000000000e+02,2.305057192028475583e+03,2.011315878733025784e+02,2.120600000000000000e+06,2.202399999999999913e-01,-1.174413239999938554e+02,1.000000000000000000e+00
1.208653748536653739e-03,3.423650150973243760e-03,1.211561194698943078e+00,-1.865684562543030056e+00,2.000000000000000000e+01,8.173333741597658963e-02,0.000000000000000000e+00,0.000000000000000000e+00,0.000000000000000000e+00,0.000000000000000000e+00,0.000000000000000000e+00,0.000000000000000000e+00,1.280000000000000000e+02,2.113703059468987249e+03,2.150998371116831152e+02,2.120300000000000000e+06,1.617099999999999926e-01,-7.155140000000244527e+01,1.000000000000000000e+00
1.148838778730369367e-03,3.341938634022031084e-03,1.548654963943734142e+00,-7.104975850373763890e+00,2.000000000000000000e+01,6.278540574819868603e-02,0.000000000000000000e+00,0.000000000000000000e+00,0.000000000000000000e+00,0.000000000000000000e+00,0.000000000000000000e+00,0.000000000000000000e+00,1.290000000000000000e+02,4.307322523950160758e+02,3.782141030442793976e+02,2.111900000000000000e+06,1.888799999999999923e-01,-6.644640599999799235e+01,1.000000000000000000e+00
1.530453931240459073e-03,3.037863788770516372e-03,1.513200464162991477e+00,-2.885488276895088244e+00,2.000000000000000000e+01,6.791036700698369066e-02,0.000000000000000000e+00,0.000000000000000000e+00,0.000000000000000000e+00,0.000000000000000000e+00,0.000000000000000000e+00,0.000000000000000000e+00,1.300000000000000000e+02,1.864134550751546840e+03,2.362812299102193663e+02,2.119900000000000000e+06,1.993900000000000117e-01,-8.949809000000166748e+01,1.000000000000000000e+00
1.475084921777035114e-03,2.979545972268406520e-03,1.518597058211283102e+00,-3.318002516237616994e+00,2.000000000000000000e+01,8.027202897623421374e-02,0.000000000000000000e+00,0.000000000000000000e+00,0.000000000000000000e+00,0.000000000000000000e+00,0.000000000000000000e+00,0.000000000000000000e+00,1.310000000000000000e+02,1.901228338219288389e+03,2.362226558401765715e+02,2.119900000000000000e+06,2.058099999999999929e-01,-1.018819999999968786e+02,1.000000000000000000e+00
1.287086910368143503e-03,3.097988815676617266e-03,1.332219066786086703e+00,-7.095133356510264555e+00,2.000000000000000000e+01,6.322673735940870232e-02,0.000000000000000000e+00,0.000000000000000000e+00,0.000000000000000000e+00,0.000000000000000000e+00,0.000000000000000000e+00,0.000000000000000000e+00,1.320000000000000000e+02,4.265766571977299577e+02,3.799998194735887296e+02,2.111800000000000000e+06,1.940099999999999880e-01,-7.099119999999994945e+01,1.000000000000000000e+00
1.220908425607644546e-03,3.577740719666523250e-03,1.364689688012342694e+00,-8.543165794575001470e+00,2.000000000000000000e+01,6.043822818598074825e-02,0.000000000000000000e+00,0.000000000000000000e+00,0.000000000000000000e+00,0.000000000000000000e+00,0.000000000000000000e+00,0.000000000000000000e+00,1.330000000000000000e+02,4.263018232396417488e+02,3.801800327354803812e+02,2.111800000000000000e+06,1.918100000000000083e-01,-7.062446200000107410e+01,1.000000000000000000e+00
1.306704351849659329e-03,3.047324568604597994e-03,1.339170628044902500e+00,-2.948119321265008530e+00,2.000000000000000000e+01,6.874171320253794071e-02,0.000000000000000000e+00,0.000000000000000000e+00,0.000000000000000000e+00,0.000000000000000000e+00,0.000000000000000000e+00,0.000000000000000000e+00,1.340000000000000000e+02,1.824406733203732529e+03,2.396998596936745969e+02,2.119700000000000000e+06,1.984700000000000075e-01,-9.066292699999617355e+01,1.000000000000000000e+00
1.129608576960896421e-03,2.254966983034502499e-03,1.071356072455621478e+00,-3.097534543659199002e+00,2.000000000000000000e+01,6.614827524771262068e-02,0.000000000000000000e+00,0.000000000000000000e+00,0.000000000000000000e+00,0.000000000000000000e+00,0.000000000000000000e+00,0.000000000000000000e+00,1.350000000000000000e+02,1.837957474856497583e+03,2.387760125596915373e+02,2.120000000000000000e+06,4.591799999999999771e-01,-4.996142519999961564e+02,1.000000000000000000e+00
1.321413062923895059e-03,3.597944783472963644e-03,1.206777034941663107e+00,-8.044674049644326530e+00,2.000000000000000000e+01,6.313980180614570115e-02,0.000000000000000000e+00,0.000000000000000000e+00,0.000000000000000000e+00,0.000000000000000000e+00,0.000000000000000000e+00,0.000000000000000000e+00,1.360000000000000000e+02,4.081145310505043540e+02,3.978131435590970000e+02,2.110100000000000000e+06,2.152499999999999969e-01,-9.163309000000047888e+01,1.000000000000000000e+00
1.229850630918259474e-03,3.118021789835484676e-03,1.168437222288380095e+00,-2.171980866441920455e+00,2.000000000000000000e+01,7.031183642941872536e-02,0.000000000000000000e+00,0.000000000000000000e+00,0.000000000000000000e+00,0.000000000000000000e+00,0.000000000000000000e+00,0.000000000000000000e+00,1.370000000000000000e+02,2.058984371942970938e+03,2.165014214660323546e+02,2.120400000000000000e+06,4.743800000000000239e-01,-5.249743279999941024e+02,1.000000000000000000e+00
1.017112013877254735e-03,3.083010824852038846e-03,9.661820817995245836e-01,-2.203024648599269053e+00,2.000000000000000000e+01,7.416718204049546626e-02,0.000000000000000000e+00,0.000000000000000000e+00,0.000000000000000000e+00,0.000000000000000000e+00,0.000000000000000000e+00,0.000000000000000000e+00,1.380000000000000000e+02,2.056036629439927310e+03,2.170942091850506017e+02,2.120300000000000000e+06,2.000599999999999878e-01,-1.251193980000054040e+02,1.000000000000000000e+00
1.387769838533631705e-03,3.157098367576473708e-03,1.171560052351386938e+00,-2.131923562889818324e+00,2.000000000000000000e+01,7.399027043016880023e-02,0.000000000000000000e+00,0.000000000000000000e+00,0.000000000000000000e+00,0.000000000000000000e+00,0.000000000000000000e+00,0.000000000000000000e+00,1.390000000000000000e+02,1.997133754216676152e+03,2.202207729113238202e+02,2.120300000000000000e+06,1.801000000000000101e-01,-8.665097000000149308e+01,1.000000000000000000e+00
1.227825447215176880e-03,3.014935381876695901e-03,1.243012017336935893e+00,-2.541681844908092458e+00,2.000000000000000000e+01,6.848332462967693379e-02,0.000000000000000000e+00,0.000000000000000000e+00,0.000000000000000000e+00,0.000000000000000000e+00,0.000000000000000000e+00,0.000000000000000000e+00,1.400000000000000000e+02,1.924921545761448442e+03,2.293709389249258379e+02,2.120000000000000000e+06,1.748599999999999877e-01,-7.736337000000044384e+01,1.000000000000000000e+00
1.711634244786984591e-03,2.990324687218254458e-03,1.479169978729451218e+00,-2.680177904328513883e+00,2.000000000000000000e+01,6.657384186630546652e-02,0.000000000000000000e+00,0.000000000000000000e+00,0.000000000000000000e+00,0.000000000000000000e+00,0.000000000000000000e+00,0.000000000000000000e+00,1.410000000000000000e+02,1.913902048937433392e+03,2.344787670832376136e+02,2.119900000000000000e+06,1.761500000000000010e-01,-8.238752100000070300e+01,1.000000000000000000e+00
1.374901571584900275e-03,2.429686439088620843e-03,1.201433701150307787e+00,-3.116483192405125724e+00,2.000000000000000000e+01,6.138410859908419864e-02,0.000000000000000000e+00,0.000000000000000000e+00,0.000000000000000000e+00,0.000000000000000000e+00,0.000000000000000000e+00,0.000000000000000000e+00,1.420000000000000000e+02,1.717722127485370038e+03,2.406801003397598890e+02,2.119800000000000000e+06,1.297300000000000120e-01,-5.104295899999841168e+01,1.000000000000000000e+00
1.287859843098555735e-03,3.564984951183467268e-03,1.582943042970504699e+00,-8.050357474135150682e+00,2.000000000000000000e+01,6.779522042367003287e-02,0.000000000000000000e+00,0.000000000000000000e+00,0.000000000000000000e+00,0.000000000000000000e+00,0.000000000000000000e+00,0.000000000000000000e+00,1.430000000000000000e+02,4.604074563977797538e+02,3.727210193224946693e+02,2.112400000000000000e+06,1.743999999999999995e-01,-6.125505200000157657e+01,1.000000000000000000e+00
1.189327038453409082e-03,3.097339270657977102e-03,1.159449103240769663e+00,-3.629443519925084072e+00,2.000000000000000000e+01,6.844628642563380105e-02,0.000000000000000000e+00,0.000000000000000000e+00,0.000000000000000000e+00,0.000000000000000000e+00,0.000000000000000000e+00,0.000000000000000000e+00,1.440000000000000000e+02,1.661457732473195165e+03,2.574150366960704446e+02,2.119200000000000000e+06,1.722499999999999865e-01,-8.271407099999919410e+01,1.000000000000000000e+00
1.012164780739511962e-03,3.045472359224323054e-03,1.014262831422087396e+00,-3.401058795732434525e+00,2.000000000000000000e+01,6.838322222330871225e-02,0.000000000000000000e+00,0.000000000000000000e+00,0.000000000000000000e+00,0.000000000000000000e+00,0.000000000000000000e+00,0.000000000000000000e+00,1.450000000000000000e+02,1.660809981577580857e+03,2.579911569324767697e+02,2.119100000000000000e+06,1.597399999999999931e-01,-6.952774299999688878e+01,1.000000000000000000e+00
1.249160084118064538e-03,2.880924343207376566e-03,1.164704923391548963e+00,-3.374167939827572127e+00,2.000000000000000000e+01,6.815977532143163709e-02,0.000000000000000000e+00,0.000000000000000000e+00,0.000000000000000000e+00,0.000000000000000000e+00,0.000000000000000000e+00,0.000000000000000000e+00,1.460000000000000000e+02,1.679102206370503154e+03,2.509920100412534509e+02,2.119400000000000000e+06,1.537999999999999923e-01,-6.740382700000000682e+01,1.000000000000000000e+00
1.161804623763227490e-03,3.398160891943154214e-03,1.241382014644240250e+00,-7.666255259925406129e+00,2.000000000000000000e+01,7.958980133496518228e-02,0.000000000000000000e+00,0.000000000000000000e+00,0.000000000000000000e+00,0.000000000000000000e+00,0.000000000000000000e+00,0.000000000000000000e+00,1.470000000000000000e+02,4.642523322195596052e+02,3.697363382769091231e+02,2.112600000000000000e+06,1.812000000000000000e-01,-5.968729800000150476e+01,1.000000000000000000e+00
1.103784100448130297e-03,3.130483107375528484e-03,1.101532089012121407e+00,-1.940756823232215433e+00,2.000000000000000000e+01,7.360742265209264945e-02,0.000000000000000000e+00,0.000000000000000000e+00,0.000000000000000000e+00,0.000000000000000000e+00,0.000000000000000000e+00,0.000000000000000000e+00,1.480000000000000000e+02,2.193756506182144676e+03,2.134262469368540849e+02,2.120400000000000000e+06,1.417100000000000026e-01,-5.847519999999914830e+01,1.000000000000000000e+00
1.001099171055450489e-03,3.685619223235792920e-03,1.483135850559583302e+00,-8.730421214052912049e+00,2.000000000000000000e+01,6.580984400833990444e-02,0.000000000000000000e+00,0.000000000000000000e+00,0.000000000000000000e+00,0.000000000000000000e+00,0.000000000000000000e+00,0.000000000000000000e+00,1.490000000000000000e+02,4.282956308621244261e+02,3.801702776620072086e+02,2.111700000000000000e+06,1.745800000000000129e-01,-6.442340000000285727e+01,1.000000000000000000e+00
1.213715698501726488e-03,3.146698923520156038e-03,1.271399208476416076e+00,-5.010905627827472841e+00,2.000000000000000000e+01,6.837674056345720286e-02,0.000000000000000000e+00,0.000000000000000000e+00,0.000000000000000000e+00,0.000000000000000000e+00,0.000000000000000000e+00,0.000000000000000000e+00,1.500000000000000000e+02,1.237466275582567050e+03,2.924256031481459104e+02,2.117700000000000000e+06,1.742799999999999905e-01,-7.142425499999723115e+01,1.000000000000000000e+00
9.971151362004975188e-04,3.665265791660142838e-03,1.175945292260275110e+00,-1.013264903622041935e+01,2.000000000000000000e+01,6.530228401415194561e-02,0.000000000000000000e+00,0.000000000000000000e+00,0.000000000000000000e+00,0.000000000000000000e+00,0.000000000000000000e+00,0.000000000000000000e+00,1.510000000000000000e+02,4.759325004121487837e+02,3.695530446042633343e+02,2.112600000000000000e+06,1.618900000000000061e-01,-5.318832400000012939e+01,1.000000000000000000e+00
1.323104412777144790e-03,3.413538751831516997e-03,1.346670401188177157e+00,-4.453373210841605534e+00,2.000000000000000000e+01,6.833100727613976300e-02,0.000000000000000000e+00,0.000000000000000000e+00,0.000000000000000000e+00,0.000000000000000000e+00,0.000000000000000000e+00,0.000000000000000000e+00,1.520000000000000000e+02,1.416056782810362847e+03,2.778549242836218696e+02,2.118200000000000000e+06,1.720899999999999930e-01,-6.619410000000019068e+01,1.000000000000000000e+00
1.315289083041025963e-03,3.537271834876947775e-03,1.114263679584198696e+00,-4.207684752229718939e+00,2.000000000000000000e+01,7.124013203463155919e-02,0.000000000000000000e+00,0.000000000000000000e+00,0.000000000000000000e+00,0.000000000000000000e+00,0.000000000000000000e+00,0.000000000000000000e+00,1.530000000000000000e+02,1.395791580349399965e+03,2.795293165469396968e+02,2.118200000000000000e+06,1.693999999999999950e-01,-6.513480000000176062e+01,1.000000000000000000e+00
1.280044367263310622e-03,3.253137376287720730e-03,1.369815618126311474e+00,-4.165426130723524523e+00,2.000000000000000000e+01,6.852730263594515592e-02,0.000000000000000000e+00,0.000000000000000000e+00,0.000000000000000000e+00,0.000000000000000000e+00,0.000000000000000000e+00,0.000000000000000000e+00,1.540000000000000000e+02,1.463680107446795319e+03,2.714047321037990628e+02,2.118600000000000000e+06,1.865199999999999914e-01,-7.372857600000141076e+01,1.000000000000000000e+00
1.346718216479649965e-03,2.973529235533960320e-03,1.265256900004611218e+00,-4.163948480395978535e+00,2.000000000000000000e+01,6.819917704583490503e-02,0.000000000000000000e+00,0.000000000000000000e+00,0.000000000000000000e+00,0.000000000000000000e+00,0.000000000000000000e+00,0.000000000000000000e+00,1.550000000000000000e+02,1.474770018174869620e+03,2.713714558907068408e+02,2.118700000000000000e+06,1.597800000000000054e-01,-6.622749999999759041e+01,1.000000000000000000e+00
8.337529181743492642e-04,3.978727347167527843e-03,1.094716262832824860e+00,-3.900273705099127852e+00,2.000000000000000000e+01,7.196694003630889347e-02,0.000000000000000000e+00,0.000000000000000000e+00,0.000000000000000000e+00,0.000000000000000000e+00,0.000000000000000000e+00,0.000000000000000000e+00,1.560000000000000000e+02,1.541674064598926634e+03,2.686268463698974642e+02,2.118800000000000000e+06,1.859200000000000019e-01,-8.232915500000545705e+01,1.000000000000000000e+00
1.063616200913416413e-03,3.136429800505911598e-03,1.152724753737913055e+00,-4.301517513741294430e+00,2.000000000000000000e+01,6.840870447329235049e-02,0.000000000000000000e+00,0.000000000000000000e+00,0.000000000000000000e+00,0.000000000000000000e+00,0.000000000000000000e+00,0.000000000000000000e+00,1.570000000000000000e+02,1.428993400003014813e+03,2.740583651829828113e+02,2.118500000000000000e+06,1.719700000000000117e-01,-7.479990299999928993e+01,1.000000000000000000e+00
1.135923989705447425e-03,3.429746632137136049e-03,1.358274400541260807e+00,-8.088439656663721777e+00,2.000000000000000000e+01,6.813887817884160814e-02,0.000000000000000000e+00,0.000000000000000000e+00,0.000000000000000000e+00,0.000000000000000000e+00,0.000000000000000000e+00,0.000000000000000000e+00,1.580000000000000000e+02,4.829706936759897644e+02,3.669872803217968453e+02,2.112900000000000000e+06,1.711199999999999943e-01,-5.513435199999933189e+01,1.000000000000000000e+00
1.135923989705447425e-03,3.429746632137136049e-03,1.358274400541260807e+00,-8.088439656663721777e+00,2.000000000000000000e+01,6.813887817884160814e-02,0.000000000000000000e+00,0.000000000000000000e+00,0.000000000000000000e+00,0.000000000000000000e+00,0.000000000000000000e+00,0.000000000000000000e+00,1.590000000000000000e+02,4.829706936759897644e+02,3.669872803217968453e+02,2.112900000000000000e+06,1.711199999999999943e-01,-5.513435199999933189e+01,1.000000000000000000e+00
1.105889004585952802e-03,3.651993388771345925e-03,1.262292347343596299e+00,-9.041014718649075022e+00,2.000000000000000000e+01,7.676607520856137956e-02,0.000000000000000000e+00,0.000000000000000000e+00,0.000000000000000000e+00,0.000000000000000000e+00,0.000000000000000000e+00,0.000000000000000000e+00,1.600000000000000000e+02,4.829706936759897644e+02,3.669872803217968453e+02,2.112900000000000000e+06,1.711199999999999943e-01,-5.513435199999933189e+01,1.000000000000000000e+00
1.201176444111734997e-03,3.791486649185775611e-03,1.476132687922751430e+00,-8.311551957590044282e+00,2.000000000000000000e+01,7.474208074579952177e-02,0.000000000000000000e+00,0.000000000000000000e+00,0.000000000000000000e+00,0.000000000000000000e+00,0.000000000000000000e+00,0.000000000000000000e+00,1.610000000000000000e+02,4.816681074637840538e+02,3.684664062599630370e+02,2.112700000000000000e+06,2.069600000000000051e-01,-7.601767700000210937e+01,1.000000000000000000e+00
1.315995020419502603e-03,3.157692800362188988e-03,1.330115997781824433e+00,-4.948422873157557689e+00,2.000000000000000000e+01,6.810588890085050862e-02,0.000000000000000000e+00,0.000000000000000000e+00,0.000000000000000000e+00,0.000000000000000000e+00,0.000000000000000000e+00,0.000000000000000000e+00,1.620000000000000000e+02,1.249866012598841053e+03,2.910618378142459619e+02,2.117700000000000000e+06,1.570499999999999952e-01,-5.729030199999891693e+01,1.000000000000000000e+00
1.091217300067537019e-03,3.907353891283243952e-03,1.291237829251029146e+00,-5.643305755631770282e+00,2.000000000000000000e+01,6.889921091929690489e-02,0.000000000000000000e+00,0.000000000000000000e+00,0.000000000000000000e+00,0.000000000000000000e+00,0.000000000000000000e+00,0.000000000000000000e+00,1.630000000000000000e+02,1.246637272212332164e+03,2.917662347122942492e+02,2.117700000000000000e+06,1.474300000000000055e-01,-5.015001599999924053e+01,1.000000000000000000e+00
1.419666428231929718e-03,3.228206077808893834e-03,1.432500718009485530e+00,-4.077023240942207138e+00,2.000000000000000000e+01,6.443384923539377529e-02,0.000000000000000000e+00,0.000000000000000000e+00,0.000000000000000000e+00,0.000000000000000000e+00,0.000000000000000000e+00,0.000000000000000000e+00,1.640000000000000000e+02,1.291042089493196499e+03,2.882844779583359696e+02,2.117900000000000000e+06,1.687400000000000011e-01,-6.284326400000002621e+01,1.000000000000000000e+00
1.336056865354846987e-03,3.064450198947352329e-03,1.292898110750894780e+00,-1.000763730411996200e+01,2.000000000000000000e+01,7.067390972827325424e-02,0.000000000000000000e+00,0.000000000000000000e+00,0.000000000000000000e+00,0.000000000000000000e+00,0.000000000000000000e+00,0.000000000000000000e+00,1.650000000000000000e+02,4.124813931117103607e+02,4.031384184595145825e+02,2.109800000000000000e+06,1.990000000000000102e-01,-8.523699100000213491e+01,1.000000000000000000e+00
1.345843538192846188e-03,3.196687882677657667e-03,1.346448970610456319e+00,-4.519376266399026676e+00,2.000000000000000000e+01,7.400363965180499493e-02,0.000000000000000000e+00,0.000000000000000000e+00,0.000000000000000000e+00,0.000000000000000000e+00,0.000000000000000000e+00,0.000000000000000000e+00,1.660000000000000000e+02,1.351761643528844616e+03,2.816497840202069369e+02,2.118100000000000000e+06,1.754199999999999926e-01,-6.454560000000098796e+01,1.000000000000000000e+00
1.006635743022837133e-03,3.467152177860445810e-03,1.260756560834692896e+00,-3.728273279809275476e+00,2.000000000000000000e+01,6.586547179745397274e-02,0.000000000000000000e+00,0.000000000000000000e+00,0.000000000000000000e+00,0.000000000000000000e+00,0.000000000000000000e+00,0.000000000000000000e+00,1.670000000000000000e+02,1.376419420708750749e+03,2.812304862924506210e+02,2.118200000000000000e+06,2.661600000000000077e-01,-1.535877199999941638e+02,1.000000000000000000e+00
9.688097586328785768e-04,3.079355886645992937e-03,1.054990873006425023e+00,-3.327724106119901659e+00,2.000000000000000000e+01,7.449922413283996403e-02,0.000000000000000000e+00,0.000000000000000000e+00,0.000000000000000000e+00,0.000000000000000000e+00,0.000000000000000000e+00,0.000000000000000000e+00,1.680000000000000000e+02,1.842227100534527381e+03,2.392329545849070200e+02,2.119800000000000000e+06,3.642599999999999727e-01,-3.418450000000498790e+02,1.000000000000000000e+00
1.289865248356039792e-03,3.114388036680036664e-03,1.302459190779986953e+00,-3.766785657749691651e+00,2.000000000000000000e+01,6.844566019734416029e-02,0.000000000000000000e+00,0.000000000000000000e+00,0.000000000000000000e+00,0.000000000000000000e+00,0.000000000000000000e+00,0.000000000000000000e+00,1.690000000000000000e+02,1.578244633464943945e+03,2.604847497110504833e+02,2.119000000000000000e+06,1.765799999999999870e-01,-7.438999999999911950e+01,1.000000000000000000e+00
1.198821629039786060e-03,3.340345320068559970e-03,1.270428370071182034e+00,-4.879456670012409347e+00,2.000000000000000000e+01,6.839316344707024875e-02,0.000000000000000000e+00,0.000000000000000000e+00,0.000000000000000000e+00,0.000000000000000000e+00,0.000000000000000000e+00,0.000000000000000000e+00,1.700000000000000000e+02,1.284966226098812058e+03,2.895024514321440847e+02,2.117800000000000000e+06,1.753200000000000036e-01,-7.150096300000244298e+01,1.000000000000000000e+00
1.140513452913769973e-03,3.179070517924613339e-03,1.190120470217416404e+00,-2.735591794257432596e+00,2.000000000000000000e+01,6.859145060029978036e-02,0.000000000000000000e+00,0.000000000000000000e+00,0.000000000000000000e+00,0.000000000000000000e+00,0.000000000000000000e+00,0.000000000000000000e+00,1.710000000000000000e+02,1.923387169862847259e+03,2.346589219355377907e+02,2.119800000000000000e+06,1.841200000000000059e-01,-8.553621700000242356e+01,1.000000000000000000e+00
1.553600602416828043e-03,3.535417590335959270e-03,1.190688079046839487e+00,-9.310377901853752469e-01,2.000000000000000000e+01,7.217282932431268172e-02,0.000000000000000000e+00,0.000000000000000000e+00,0.000000000000000000e+00,0.000000000000000000e+00,0.000000000000000000e+00,0.000000000000000000e+00,1.720000000000000000e+02,2.625003681134657654e+03,1.895622391057967775e+02,2.120800000000000000e+06,3.338800000000000101e-01,-3.531723999999672401e+02,1.000000000000000000e+00
1.222406299851890379e-03,3.304141560272672029e-03,1.370501192296222914e+00,-6.437477613647327956e+00,2.000000000000000000e+01,6.815537419946289532e-02,0.000000000000000000e+00,0.000000000000000000e+00,0.000000000000000000e+00,0.000000000000000000e+00,0.000000000000000000e+00,0.000000000000000000e+00,1.730000000000000000e+02,8.410673543154018716e+02,3.283283051074371315e+02,2.115700000000000000e+06,1.658000000000000029e-01,-5.551907899999926599e+01,1.000000000000000000e+00
1.438089880167316668e-03,3.139525197409842160e-03,1.213421006374088229e+00,-5.213077557879642221e+00,2.000000000000000000e+01,6.699923759081731489e-02,0.000000000000000000e+00,0.000000000000000000e+00,0.000000000000000000e+00,0.000000000000000000e+00,0.000000000000000000e+00,0.000000000000000000e+00,1.740000000000000000e+02,1.156723550816880106e+03,2.978460245020111756e+02,2.117400000000000000e+06,1.774900000000000089e-01,-6.481827599999911627e+01,1.000000000000000000e+00
1.169433145562966299e-03,3.214162909912043724e-03,1.280615156366477159e+00,-5.757653362487486604e+00,2.000000000000000000e+01,6.829155829626865071e-02,0.000000000000000000e+00,0.000000000000000000e+00,0.000000000000000000e+00,0.000000000000000000e+00,0.000000000000000000e+00,0.000000000000000000e+00,1.750000000000000000e+02,1.027112933704339184e+03,3.110983555371083753e+02,2.116700000000000000e+06,1.705800000000000094e-01,-6.441245100000075752e+01,1.000000000000000000e+00
1.160924889371028673e-03,3.445188499564769396e-03,1.459476262718092832e+00,-6.077910927886843062e+00,2.000000000000000000e+01,6.214593569960329827e-02,0.000000000000000000e+00,0.000000000000000000e+00,0.000000000000000000e+00,0.000000000000000000e+00,0.000000000000000000e+00,0.000000000000000000e+00,1.760000000000000000e+02,8.527464599093260631e+02,3.271822772372443637e+02,2.115700000000000000e+06,1.968199999999999950e-01,-7.130619299999931116e+01,1.000000000000000000e+00
1.211244037895181777e-03,3.152616024728998809e-03,1.215693777053093116e+00,-8.193323931585430486e+00,2.000000000000000000e+01,6.904139689837426874e-02,0.000000000000000000e+00,0.000000000000000000e+00,0.000000000000000000e+00,0.000000000000000000e+00,0.000000000000000000e+00,0.000000000000000000e+00,1.770000000000000000e+02,4.149011029482544473e+02,3.843395920172303022e+02,2.111400000000000000e+06,1.989400000000000057e-01,-7.920098100000018349e+01,1.000000000000000000e+00
1.169962130555248989e-03,3.230007200755896299e-03,1.255429254656261762e+00,-5.881024651910847112e+00,2.000000000000000000e+01,6.799776330782400513e-02,0.000000000000000000e+00,0.000000000000000000e+00,0.000000000000000000e+00,0.000000000000000000e+00,0.000000000000000000e+00,0.000000000000000000e+00,1.780000000000000000e+02,9.933533758785580403e+02,3.147417498802132059e+02,2.116500000000000000e+06,1.529699999999999949e-01,-5.401499999999892054e+01,1.000000000000000000e+00
1.168014975163364326e-03,3.520089434476757640e-03,1.363124516330997515e+00,-7.773791584705044500e+00,2.000000000000000000e+01,6.820487301145737591e-02,0.000000000000000000e+00,0.000000000000000000e+00,0.000000000000000000e+00,0.000000000000000000e+00,0.000000000000000000e+00,0.000000000000000000e+00,1.790000000000000000e+02,5.396797848673701310e+02,3.591609891891067718e+02,2.113400000000000000e+06,1.743500000000000050e-01,-5.839950000000079910e+01,1.000000000000000000e+00
9.901477921391442418e-04,2.926669813905229036e-03,1.149404275794667640e+00,-6.237735151302768344e+00,2.000000000000000000e+01,7.198800949945827199e-02,0.000000000000000000e+00,0.000000000000000000e+00,0.000000000000000000e+00,0.000000000000000000e+00,0.000000000000000000e+00,0.000000000000000000e+00,1.800000000000000000e+02,8.007791301907013803e+02,3.313435602352949445e+02,2.115500000000000000e+06,2.077100000000000057e-01,-7.578899999999970305e+01,1.000000000000000000e+00
1.280557002881619732e-03,3.882027284507312374e-03,1.527022534411532018e+00,-7.531657371219558250e+00,2.000000000000000000e+01,7.989299750883532836e-02,0.000000000000000000e+00,0.000000000000000000e+00,0.000000000000000000e+00,0.000000000000000000e+00,0.000000000000000000e+00,0.000000000000000000e+00,1.810000000000000000e+02,5.061217293763896237e+02,3.621544509441384321e+02,2.113100000000000000e+06,1.784499999999999975e-01,-5.503028299999928663e+01,1.000000000000000000e+00
1.069200754509270134e-03,3.852303443240972201e-03,1.318576858330966939e+00,-8.459023258601792605e+00,2.000000000000000000e+01,6.551631485921161069e-02,0.000000000000000000e+00,0.000000000000000000e+00,0.000000000000000000e+00,0.000000000000000000e+00,0.000000000000000000e+00,0.000000000000000000e+00,1.820000000000000000e+02,5.143992738060401280e+02,3.612048650424969765e+02,2.113200000000000000e+06,1.884599999999999886e-01,-6.576296399999966980e+01,1.000000000000000000e+00
1.152771954345827542e-03,3.544149628903281793e-03,1.354169562327632192e+00,-7.877815514458862189e+00,2.000000000000000000e+01,6.824017677130170267e-02,0.000000000000000000e+00,0.000000000000000000e+00,0.000000000000000000e+00,0.000000000000000000e+00,0.000000000000000000e+00,0.000000000000000000e+00,1.830000000000000000e+02,5.212354869413013603e+02,3.611584799195984488e+02,2.113200000000000000e+06,1.783599999999999908e-01,-6.087787199999967669e+01,1.000000000000000000e+00
1.278376853256601130e-03,3.896256474623561658e-03,1.260656362242025486e+00,-6.595878249701685903e+00,2.000000000000000000e+01,7.396287937912846000e-02,0.000000000000000000e+00,0.000000000000000000e+00,0.000000000000000000e+00,0.000000000000000000e+00,0.000000000000000000e+00,0.000000000000000000e+00,1.840000000000000000e+02,8.098500374760378691e+02,3.311652057585263265e+02,2.115400000000000000e+06,1.630399999999999905e-01,-5.125684199999864177e+01,1.000000000000000000e+00
1.036894627749127646e-03,4.006333394185108109e-03,1.411906927318959948e+00,-1.005587198696890283e+01,2.000000000000000000e+01,5.303985515016610558e-02,0.000000000000000000e+00,0.000000000000000000e+00,0.000000000000000000e+00,0.000000000000000000e+00,0.000000000000000000e+00,0.000000000000000000e+00,1.850000000000000000e+02,4.540560422802663538e+02,3.750118701330927138e+02,2.112100000000000000e+06,1.606899999999999995e-01,-5.142052300000026577e+01,1.000000000000000000e+00
1.289221110740151758e-03,3.185184160858870687e-03,1.367320855578632255e+00,-8.605994263049277393e+00,2.000000000000000000e+01,6.213783354765720773e-02,0.000000000000000000e+00,0.000000000000000000e+00,0.000000000000000000e+00,0.000000000000000000e+00,0.000000000000000000e+00,0.000000000000000000e+00,1.860000000000000000e+02,4.480784564925107247e+02,3.754246759493507852e+02,2.112100000000000000e+06,1.738599999999999868e-01,-6.200259300000119111e+01,1.000000000000000000e+00
1.155504081279897866e-03,3.598187348519805984e-03,1.255135849709402063e+00,-9.497347318801125482e+00,2.000000000000000000e+01,7.025556971650377680e-02,0.000000000000000000e+00,0.000000000000000000e+00,0.000000000000000000e+00,0.000000000000000000e+00,0.000000000000000000e+00,0.000000000000000000e+00,1.870000000000000000e+02,4.616098337275755625e+02,3.726560136893482422e+02,2.112400000000000000e+06,1.599399999999999988e-01,-5.253298700000139121e+01,1.000000000000000000e+00
1.035583226427288020e-03,3.276695842025322773e-03,1.291331416437943025e+00,-8.469166471229184978e+00,2.000000000000000000e+01,7.146416388017472199e-02,0.000000000000000000e+00,0.000000000000000000e+00,0.000000000000000000e+00,0.000000000000000000e+00,0.000000000000000000e+00,0.000000000000000000e+00,1.880000000000000000e+02,4.461559492251143979e+02,3.766396099262456119e+02,2.112000000000000000e+06,1.775700000000000056e-01,-6.366469500000247450e+01,1.000000000000000000e+00
1.217841482940373995e-03,3.178487248435858063e-03,9.990133667750712432e-01,-9.026891057659966577e+00,2.000000000000000000e+01,5.977740843225608225e-02,0.000000000000000000e+00,0.000000000000000000e+00,0.000000000000000000e+00,0.000000000000000000e+00,0.000000000000000000e+00,0.000000000000000000e+00,1.890000000000000000e+02,4.464981751922994704e+02,3.759418841180444133e+02,2.112100000000000000e+06,1.819800000000000029e-01,-6.746357299999814927e+01,1.000000000000000000e+00
1.101700480205236848e-03,3.801518303660751316e-03,1.308338359068115686e+00,-8.528155930734833134e+00,2.000000000000000000e+01,6.835336122579389884e-02,0.000000000000000000e+00,0.000000000000000000e+00,0.000000000000000000e+00,0.000000000000000000e+00,0.000000000000000000e+00,0.000000000000000000e+00,1.900000000000000000e+02,4.436481041266748662e+02,3.768563918720764150e+02,2.112000000000000000e+06,1.874699999999999978e-01,-7.008656400000104725e+01,1.000000000000000000e+00
1.127375530128924821e-03,3.552852557850338412e-03,1.305121906377139096e+00,-7.891119297254694409e+00,2.000000000000000000e+01,7.069222374012325283e-02,0.000000000000000000e+00,0.000000000000000000e+00,0.000000000000000000e+00,0.000000000000000000e+00,0.000000000000000000e+00,0.000000000000000000e+00,1.910000000000000000e+02,6.555682279895838747e+02,3.472864790515423010e+02,2.114300000000000000e+06,1.730500000000000094e-01,-5.825680000000058811e+01,1.000000000000000000e+00
1.149946787804641832e-03,3.019131524207812993e-03,1.377957865712551078e+00,-5.352761453431107874e+00,2.000000000000000000e+01,6.853446408129738876e-02,0.000000000000000000e+00,0.000000000000000000e+00,0.000000000000000000e+00,0.000000000000000000e+00,0.000000000000000000e+00,0.000000000000000000e+00,1.920000000000000000e+02,1.077347076429720573e+03,3.015084721818371918e+02,2.117300000000000000e+06,1.895900000000000085e-01,-6.815607399999933591e+01,1.000000000000000000e+00
1.323194941716489053e-03,3.302958001313633599e-03,1.396422992108186545e+00,-5.598449983279907727e+00,2.000000000000000000e+01,6.812206549563339097e-02,0.000000000000000000e+00,0.000000000000000000e+00,0.000000000000000000e+00,0.000000000000000000e+00,0.000000000000000000e+00,0.000000000000000000e+00,1.930000000000000000e+02,1.073409521663130590e+03,3.065386391959860930e+02,2.116900000000000000e+06,1.598900000000000043e-01,-5.419890000000048502e+01,1.000000000000000000e+00
1.232698911155426236e-03,3.420313372189526940e-03,1.345742735927207168e+00,-5.351377302381617795e+00,2.000000000000000000e+01,6.834647054542836164e-02,0.000000000000000000e+00,0.000000000000000000e+00,0.000000000000000000e+00,0.000000000000000000e+00,0.000000000000000000e+00,0.000000000000000000e+00,1.940000000000000000e+02,1.138662838149411073e+03,3.014740500182322194e+02,2.117200000000000000e+06,1.757199999999999873e-01,-6.506130000000128177e+01,1.000000000000000000e+00
1.269135758074440255e-03,3.475620060245771491e-03,1.470597389340878136e+00,-6.619089638038033740e+00,2.000000000000000000e+01,6.841329991461425619e-02,0.000000000000000000e+00,0.000000000000000000e+00,0.000000000000000000e+00,0.000000000000000000e+00,0.000000000000000000e+00,0.000000000000000000e+00,1.950000000000000000e+02,7.910946031164384067e+02,3.326374998911670673e+02,2.115400000000000000e+06,1.861599999999999921e-01,-6.247709999999898400e+01,1.000000000000000000e+00
1.148834968592554739e-03,3.137794782174170224e-03,1.202625214651674490e+00,-3.467067893210826313e+00,2.000000000000000000e+01,6.874984871124155406e-02,0.000000000000000000e+00,0.000000000000000000e+00,0.000000000000000000e+00,0.000000000000000000e+00,0.000000000000000000e+00,0.000000000000000000e+00,1.960000000000000000e+02,1.709778699145479777e+03,2.535047101376105161e+02,2.119300000000000000e+06,1.991300000000000014e-01,-9.770329999999778181e+01,1.000000000000000000e+00
1.431272560772651548e-03,3.153357806963579153e-03,1.379770631313447460e+00,-3.504942502831935869e+00,2.000000000000000000e+01,6.842591502273741300e-02,0.000000000000000000e+00,0.000000000000000000e+00,0.000000000000000000e+00,0.000000000000000000e+00,0.000000000000000000e+00,0.000000000000000000e+00,1.970000000000000000e+02,1.679690990418049751e+03,2.544508488237106292e+02,2.119300000000000000e+06,1.761600000000000110e-01,-7.207470000000238031e+01,1.000000000000000000e+00
1.244505802118972505e-03,3.619606518922761570e-03,1.369219844629928184e+00,-7.969675801854100960e+00,2.000000000000000000e+01,7.345969311449469796e-02,0.000000000000000000e+00,0.000000000000000000e+00,0.000000000000000000e+00,0.000000000000000000e+00,0.000000000000000000e+00,0.000000000000000000e+00,1.980000000000000000e+02,6.238634208976645823e+02,3.485201946271026259e+02,2.114200000000000000e+06,1.706199999999999939e-01,-5.456579999999903663e+01,1.000000000000000000e+00
1.635725873127511680e-03,3.543473160357682537e-03,1.095701766125738441e+00,-1.375296417588833586e+00,2.000000000000000000e+01,7.271766225180165133e-02,0.000000000000000000e+00,0.000000000000000000e+00,0.000000000000000000e+00,0.000000000000000000e+00,0.000000000000000000e+00,0.000000000000000000e+00,1.990000000000000000e+02,2.618287242260911171e+03,2.002121633789631971e+02,2.120600000000000000e+06,2.333800000000000041e-01,-2.225491729999844210e+02,1.000000000000000000e+00
