3.170154604296812357e-03,3.319600145647363769e-03,1.188669453971005430e+00,2.589989008398439374e+00,2.000000000000000000e+01,6.745990808602675415e-02,0.000000000000000000e+00,0.000000000000000000e+00,0.000000000000000000e+00,0.000000000000000000e+00,0.000000000000000000e+00,0.000000000000000000e+00,0.000000000000000000e+00,4.531320474983984241e+03,1.381830714613315365e+02,2.119600000000000000e+06,1.169800000000000006e-01,-9.520867000000160374e+01,1.000000000000000000e+00
2.078700374940355838e-03,1.885847228032709209e-03,6.674093977500707986e-01,2.590204986897260753e+00,2.000000000000000000e+01,7.349231367413268379e-02,0.000000000000000000e+00,0.000000000000000000e+00,0.000000000000000000e+00,0.000000000000000000e+00,0.000000000000000000e+00,0.000000000000000000e+00,1.000000000000000000e+00,4.090584748230125570e+03,1.381830785309114162e+02,2.120200000000000000e+06,4.049499999999999766e-01,-1.514066399999919440e+03,1.000000000000000000e+00
2.838623996240733326e-03,2.433652689533084834e-03,6.355324670269786314e-01,2.666134399472499972e+00,2.000000000000000000e+01,7.348765668871064249e-02,0.000000000000000000e+00,0.000000000000000000e+00,0.000000000000000000e+00,0.000000000000000000e+00,0.000000000000000000e+00,0.000000000000000000e+00,2.000000000000000000e+00,4.048339414558228782e+03,1.381831787727977598e+02,2.120200000000000000e+06,2.472300000000000053e-01,-7.476954189999383971e+02,1.000000000000000000e+00
3.167823933311430910e-03,2.674230420111626139e-03,1.012509460726254140e+00,2.466208533131181824e+00,2.000000000000000000e+01,6.868960844619109718e-02,0.000000000000000000e+00,0.000000000000000000e+00,0.000000000000000000e+00,0.000000000000000000e+00,0.000000000000000000e+00,0.000000000000000000e+00,3.000000000000000000e+00,3.973442459258408235e+03,1.381834857465694881e+02,2.120400000000000000e+06,4.269999999999999907e-01,-1.246031400000005306e+03,1.000000000000000000e+00
3.093041563484953509e-03,2.513008761427014490e-03,1.339512387032308682e+00,2.432451806804918348e+00,2.000000000000000000e+01,6.509084225006932234e-02,0.000000000000000000e+00,0.000000000000000000e+00,0.000000000000000000e+00,0.000000000000000000e+00,0.000000000000000000e+00,0.000000000000000000e+00,4.000000000000000000e+00,3.670921798481091173e+03,1.381840508316472835e+02,2.119800000000000000e+06,1.558400000000000063e-01,-1.092516180000019261e+02,1.000000000000000000e+00
2.209261598124006177e-03,2.191213339138435232e-03,9.208084368047795287e-01,2.569486586731374977e+00,2.000000000000000000e+01,7.378183754632072766e-02,0.000000000000000000e+00,0.000000000000000000e+00,0.000000000000000000e+00,0.000000000000000000e+00,0.000000000000000000e+00,0.000000000000000000e+00,5.000000000000000000e+00,3.654736549615178319e+03,1.381848189544330978e+02,2.120200000000000000e+06,1.770899999999999974e-01,-2.324593810000064877e+02,1.000000000000000000e+00
2.351877747267178305e-03,2.627290843841032647e-03,1.137963997351736367e+00,2.190877158217378717e+00,2.000000000000000000e+01,7.213309790829167123e-02,0.000000000000000000e+00,0.000000000000000000e+00,0.000000000000000000e+00,0.000000000000000000e+00,0.000000000000000000e+00,0.000000000000000000e+00,6.000000000000000000e+00,3.411082116111274900e+03,1.390165982455790754e+02,2.120600000000000000e+06,4.686799999999999855e-01,-9.871343999997695846e+02,1.000000000000000000e+00
1.978160020853985280e-03,2.357678462043186901e-03,9.414837743509446577e-01,2.378433127693801552e+00,2.000000000000000000e+01,7.232317542740876459e-02,0.000000000000000000e+00,0.000000000000000000e+00,0.000000000000000000e+00,0.000000000000000000e+00,0.000000000000000000e+00,0.000000000000000000e+00,7.000000000000000000e+00,3.451045883881795362e+03,1.384353812299871151e+02,2.120400000000000000e+06,4.498099999999999876e-01,-1.085323113000090416e+03,1.000000000000000000e+00
5.855921073016355808e-04,2.750198079322929007e-03,3.642627701247579952e-01,2.018212495623365577e+00,2.000000000000000000e+01,7.534056665443995826e-02,0.000000000000000000e+00,0.000000000000000000e+00,0.000000000000000000e+00,0.000000000000000000e+00,0.000000000000000000e+00,0.000000000000000000e+00,8.000000000000000000e+00,2.884626638046883727e+03,1.399125717811907634e+02,2.120300000000000000e+06,1.274800000000000100e-01,-1.865596830000361024e+02,1.000000000000000000e+00
2.650776087241136277e-03,2.305411202403211211e-03,1.092497264136624846e+00,2.526649461561623067e+00,2.000000000000000000e+01,6.678717746565480951e-02,0.000000000000000000e+00,0.000000000000000000e+00,0.000000000000000000e+00,0.000000000000000000e+00,0.000000000000000000e+00,0.000000000000000000e+00,9.000000000000000000e+00,3.592258547454708150e+03,1.382043467093803599e+02,2.119900000000000000e+06,9.292799999999999672e-02,-6.132669800000023486e+01,1.000000000000000000e+00
2.119459322095562648e-03,2.248497233570479273e-03,1.006398532439535698e+00,2.101318593633788367e+00,2.000000000000000000e+01,6.665541757145899970e-02,0.000000000000000000e+00,0.000000000000000000e+00,0.000000000000000000e+00,0.000000000000000000e+00,0.000000000000000000e+00,0.000000000000000000e+00,1.000000000000000000e+01,3.297668024306251937e+03,1.394279501307954945e+02,2.120300000000000000e+06,9.064999999999999447e-02,-5.474057500000065346e+01,1.000000000000000000e+00
1.932296656687950342e-03,2.418606413535125642e-03,8.851391809160921165e-01,2.763629495128690383e+00,2.000000000000000000e+01,7.214126937295613218e-02,0.000000000000000000e+00,0.000000000000000000e+00,0.000000000000000000e+00,0.000000000000000000e+00,0.000000000000000000e+00,0.000000000000000000e+00,1.100000000000000000e+01,3.634472527772560170e+03,1.381943133164757000e+02,2.120200000000000000e+06,1.688999999999999946e-01,-2.145093049999825894e+02,1.000000000000000000e+00
1.090579462345571491e-03,1.672549395499958041e-03,6.441469185092363325e-01,1.605114080018242850e+00,2.000000000000000000e+01,6.053427986426383051e-02,0.000000000000000000e+00,0.000000000000000000e+00,0.000000000000000000e+00,0.000000000000000000e+00,0.000000000000000000e+00,0.000000000000000000e+00,1.200000000000000000e+01,2.693477153903168073e+03,1.429124065855195056e+02,2.120500000000000000e+06,8.649199999999999944e-02,-5.310244099999818701e+01,1.000000000000000000e+00
1.187849286386411050e-03,3.594662614868591143e-03,1.401749319964699758e+00,-5.276552266280567949e+00,2.000000000000000000e+01,6.841597789590204981e-02,0.000000000000000000e+00,0.000000000000000000e+00,0.000000000000000000e+00,0.000000000000000000e+00,0.000000000000000000e+00,0.000000000000000000e+00,1.300000000000000000e+01,1.142132067309383501e+03,2.994579938773646859e+02,2.117200000000000000e+06,1.829199999999999993e-01,-6.272639999999883287e+01,1.000000000000000000e+00
1.033768149949594421e-03,3.177166238365565498e-03,1.092002115540426255e+00,-5.043969893442200814e+00,2.000000000000000000e+01,6.794300596608945919e-02,0.000000000000000000e+00,0.000000000000000000e+00,0.000000000000000000e+00,0.000000000000000000e+00,0.000000000000000000e+00,0.000000000000000000e+00,1.400000000000000000e+01,1.215074730299399107e+03,2.931686063207778830e+02,2.117600000000000000e+06,1.451099999999999890e-01,-5.714628599999857528e+01,1.000000000000000000e+00
2.589104280465194530e-03,2.285023296859448223e-03,1.085672501416681923e+00,2.411019600125823281e+00,2.000000000000000000e+01,7.264150676083193370e-02,0.000000000000000000e+00,0.000000000000000000e+00,0.000000000000000000e+00,0.000000000000000000e+00,0.000000000000000000e+00,0.000000000000000000e+00,1.500000000000000000e+01,3.576396924829920863e+03,1.383648640358868818e+02,2.120500000000000000e+06,3.357299999999999729e-01,-6.285229000000496171e+02,1.000000000000000000e+00
1.357913856719289783e-03,3.209976435742141823e-03,1.413736983048031970e+00,-5.099381824760225612e+00,2.000000000000000000e+01,6.806353514048979481e-02,0.000000000000000000e+00,0.000000000000000000e+00,0.000000000000000000e+00,0.000000000000000000e+00,0.000000000000000000e+00,0.000000000000000000e+00,1.600000000000000000e+01,1.198762739722443712e+03,2.944995739869104909e+02,2.117500000000000000e+06,1.544500000000000040e-01,-5.160438000000076642e+01,1.000000000000000000e+00
8.427508073466072856e-04,3.083380363775198481e-03,7.996028994671519063e-01,-8.134352301401661656e-01,2.000000000000000000e+01,7.231012548488888192e-02,0.000000000000000000e+00,0.000000000000000000e+00,0.000000000000000000e+00,0.000000000000000000e+00,0.000000000000000000e+00,0.000000000000000000e+00,1.700000000000000000e+01,2.329531920454277952e+03,1.869983744108058090e+02,2.120800000000000000e+06,3.296700000000000186e-01,-4.113558999998695072e+02,1.000000000000000000e+00
1.106377467522691102e-03,3.219323148056800823e-03,1.465555493542327836e+00,-5.117992964345417839e+00,2.000000000000000000e+01,6.917014004482890943e-02,0.000000000000000000e+00,0.000000000000000000e+00,0.000000000000000000e+00,0.000000000000000000e+00,0.000000000000000000e+00,0.000000000000000000e+00,1.800000000000000000e+01,1.165650783244150261e+03,2.949708936917345454e+02,2.117500000000000000e+06,2.621399999999999841e-01,-1.094212560000053998e+02,1.000000000000000000e+00
1.115660354005228432e-03,3.713257833519933819e-03,1.424201427092433914e+00,-7.522866788849054132e+00,2.000000000000000000e+01,6.842351078155199662e-02,0.000000000000000000e+00,0.000000000000000000e+00,0.000000000000000000e+00,0.000000000000000000e+00,0.000000000000000000e+00,0.000000000000000000e+00,1.900000000000000000e+01,5.546510141667728249e+02,3.539437609186349505e+02,2.113800000000000000e+06,1.940099999999999880e-01,-6.305400000000039284e+01,1.000000000000000000e+00
1.279478822649690248e-03,3.636034526156974121e-03,1.479918275169458397e+00,-4.995624099458685130e+00,2.000000000000000000e+01,6.823664387866555658e-02,0.000000000000000000e+00,0.000000000000000000e+00,0.000000000000000000e+00,0.000000000000000000e+00,0.000000000000000000e+00,0.000000000000000000e+00,2.000000000000000000e+01,1.237263798165785147e+03,2.920945795332646640e+02,2.117600000000000000e+06,1.691699999999999871e-01,-5.226805800000077085e+01,1.000000000000000000e+00
1.004219039768294765e-03,3.435090869292892896e-03,1.473103438304227630e+00,-6.661177615658903761e+00,2.000000000000000000e+01,7.617280567082844456e-02,0.000000000000000000e+00,0.000000000000000000e+00,0.000000000000000000e+00,0.000000000000000000e+00,0.000000000000000000e+00,0.000000000000000000e+00,2.100000000000000000e+01,5.765283035708667967e+02,3.488249739228887734e+02,2.114100000000000000e+06,2.066300000000000081e-01,-6.650302099999878180e+01,1.000000000000000000e+00
1.094214955096676047e-03,3.297824501903004815e-03,1.453189719998131846e+00,-9.834727456164868542e+00,2.000000000000000000e+01,7.205652818474307664e-02,0.000000000000000000e+00,0.000000000000000000e+00,0.000000000000000000e+00,0.000000000000000000e+00,0.000000000000000000e+00,0.000000000000000000e+00,2.200000000000000000e+01,3.870245393390084701e+02,4.029268907111122644e+02,2.109700000000000000e+06,1.893900000000000028e-01,-6.849047700000123484e+01,1.000000000000000000e+00
1.109542734616590469e-03,3.696341444185371333e-03,1.382153407143587920e+00,-7.183403555920696348e+00,2.000000000000000000e+01,6.850343355087759600e-02,0.000000000000000000e+00,0.000000000000000000e+00,0.000000000000000000e+00,0.000000000000000000e+00,0.000000000000000000e+00,0.000000000000000000e+00,2.300000000000000000e+01,6.447111928728110115e+02,3.461741532977493989e+02,2.114400000000000000e+06,1.963900000000000090e-01,-6.918999999999967088e+01,1.000000000000000000e+00
8.972406402616335281e-04,3.156706470423822734e-03,1.047524692196482698e+00,-1.140016434918815547e+00,2.000000000000000000e+01,7.162297563177931481e-02,0.000000000000000000e+00,0.000000000000000000e+00,0.000000000000000000e+00,0.000000000000000000e+00,0.000000000000000000e+00,0.000000000000000000e+00,2.400000000000000000e+01,2.302399211987754370e+03,1.941596625163633689e+02,2.120800000000000000e+06,5.225100000000000300e-01,-6.402188000000868442e+02,1.000000000000000000e+00
1.092075593542873565e-03,3.528928817097075517e-03,1.275235969767225086e+00,-7.767724425534131782e+00,2.000000000000000000e+01,6.815247849700953320e-02,0.000000000000000000e+00,0.000000000000000000e+00,0.000000000000000000e+00,0.000000000000000000e+00,0.000000000000000000e+00,0.000000000000000000e+00,2.500000000000000000e+01,5.416035320317605510e+02,3.590674452878055263e+02,2.113400000000000000e+06,1.704199999999999882e-01,-5.947759999999824743e+01,1.000000000000000000e+00
1.073632309676157475e-03,3.525327761834538571e-03,1.459143743133245907e+00,-7.601870022396014726e+00,2.000000000000000000e+01,6.380245570903626817e-02,0.000000000000000000e+00,0.000000000000000000e+00,0.000000000000000000e+00,0.000000000000000000e+00,0.000000000000000000e+00,0.000000000000000000e+00,2.600000000000000000e+01,5.431150476609243469e+02,3.589166310564720561e+02,2.113400000000000000e+06,1.710500000000000076e-01,-5.678198300000127574e+01,1.000000000000000000e+00
1.399162244722953075e-03,3.290534513751873415e-03,1.309161959509889561e+00,-3.765614640385397394e+00,2.000000000000000000e+01,6.816363759087816498e-02,0.000000000000000000e+00,0.000000000000000000e+00,0.000000000000000000e+00,0.000000000000000000e+00,0.000000000000000000e+00,0.000000000000000000e+00,2.700000000000000000e+01,1.636600185853560561e+03,2.604585910531831132e+02,2.119000000000000000e+06,1.574299999999999866e-01,-6.332761399999859009e+01,1.000000000000000000e+00
1.126779641409189278e-03,3.699483622833039421e-03,1.383902863981292697e+00,-7.126131725181241272e+00,2.000000000000000000e+01,6.843185623483689917e-02,0.000000000000000000e+00,0.000000000000000000e+00,0.000000000000000000e+00,0.000000000000000000e+00,0.000000000000000000e+00,0.000000000000000000e+00,2.800000000000000000e+01,6.574880665489482681e+02,3.448658962446624514e+02,2.114500000000000000e+06,1.904099999999999959e-01,-6.566711599999780447e+01,1.000000000000000000e+00
1.142336172073254172e-03,3.690979624468145211e-03,1.404990943638076084e+00,-6.136880475390221967e+00,2.000000000000000000e+01,6.832625968870525979e-02,0.000000000000000000e+00,0.000000000000000000e+00,0.000000000000000000e+00,0.000000000000000000e+00,0.000000000000000000e+00,0.000000000000000000e+00,2.900000000000000000e+01,8.896995804365967615e+02,3.203814326100463177e+02,2.116000000000000000e+06,1.799000000000000044e-01,-5.713856699999849553e+01,1.000000000000000000e+00
7.666833645372866327e-04,3.386750399272679159e-03,8.733258504634533459e-01,-3.458173968046328373e+00,2.000000000000000000e+01,6.818838263868767791e-02,0.000000000000000000e+00,0.000000000000000000e+00,0.000000000000000000e+00,0.000000000000000000e+00,0.000000000000000000e+00,0.000000000000000000e+00,3.000000000000000000e+01,1.722354607996213645e+03,2.532760016786810411e+02,2.119200000000000000e+06,1.542300000000000060e-01,-7.406759899999799757e+01,1.000000000000000000e+00
1.040941967913519605e-03,3.411957208897741303e-03,1.162421067740967651e+00,-4.108551596952520590e+00,2.000000000000000000e+01,6.673299822692865813e-02,0.000000000000000000e+00,0.000000000000000000e+00,0.000000000000000000e+00,0.000000000000000000e+00,0.000000000000000000e+00,0.000000000000000000e+00,3.100000000000000000e+01,1.376419420708750749e+03,2.812304862924506210e+02,2.118200000000000000e+06,2.661600000000000077e-01,-1.535877199999941638e+02,1.000000000000000000e+00
1.282712262673473772e-03,3.159887381068106002e-03,1.142258877489636060e+00,-3.759406749060323794e+00,2.000000000000000000e+01,7.137633411024604801e-02,0.000000000000000000e+00,0.000000000000000000e+00,0.000000000000000000e+00,0.000000000000000000e+00,0.000000000000000000e+00,0.000000000000000000e+00,3.200000000000000000e+01,1.641541370921481757e+03,2.571104835896882150e+02,2.119100000000000000e+06,1.615300000000000069e-01,-6.400950600000054180e+01,1.000000000000000000e+00
1.149440431809643217e-03,3.374078007462244771e-03,1.408599566819304982e+00,-4.686050339966456590e+00,2.000000000000000000e+01,6.867812562573573365e-02,0.000000000000000000e+00,0.000000000000000000e+00,0.000000000000000000e+00,0.000000000000000000e+00,0.000000000000000000e+00,0.000000000000000000e+00,3.300000000000000000e+01,1.292446589800943684e+03,2.847881249941283954e+02,2.118000000000000000e+06,2.016400000000000137e-01,-7.376580000000035398e+01,1.000000000000000000e+00
1.294668793103494024e-03,3.173038836936703522e-03,1.397629741985238594e+00,-4.830321410669904836e+00,2.000000000000000000e+01,6.836459375595663190e-02,0.000000000000000000e+00,0.000000000000000000e+00,0.000000000000000000e+00,0.000000000000000000e+00,0.000000000000000000e+00,0.000000000000000000e+00,3.400000000000000000e+01,1.253053089280903123e+03,2.883561242886830769e+02,2.117900000000000000e+06,1.761900000000000133e-01,-6.302382000000166329e+01,1.000000000000000000e+00
1.199512828055849167e-03,3.818641781814088518e-03,1.441858174026679373e+00,-6.254027161766382292e+00,2.000000000000000000e+01,6.838045569576847726e-02,0.000000000000000000e+00,0.000000000000000000e+00,0.000000000000000000e+00,0.000000000000000000e+00,0.000000000000000000e+00,0.000000000000000000e+00,3.500000000000000000e+01,8.780257177429390367e+02,3.234283788217521192e+02,2.115800000000000000e+06,1.833299999999999930e-01,-5.987999999999946965e+01,1.000000000000000000e+00
1.128723006423965189e-03,2.767852770881765005e-03,1.157860811491610464e+00,-3.373226087455137190e+00,2.000000000000000000e+01,7.214165593731447501e-02,0.000000000000000000e+00,0.000000000000000000e+00,0.000000000000000000e+00,0.000000000000000000e+00,0.000000000000000000e+00,0.000000000000000000e+00,3.600000000000000000e+01,1.735425575990847165e+03,2.509651333756887936e+02,2.119500000000000000e+06,3.360799999999999899e-01,-2.863871300000275824e+02,1.000000000000000000e+00
1.002245339940510335e-03,3.345928558441113414e-03,1.240613863053886323e+00,-7.321264977703301646e+00,2.000000000000000000e+01,6.911093479184143851e-02,0.000000000000000000e+00,0.000000000000000000e+00,0.000000000000000000e+00,0.000000000000000000e+00,0.000000000000000000e+00,0.000000000000000000e+00,3.700000000000000000e+01,5.363475799576224290e+02,3.594300536846072873e+02,2.113400000000000000e+06,1.715800000000000103e-01,-5.909349999999859193e+01,1.000000000000000000e+00
1.459251306347140098e-03,3.217657075534840171e-03,1.441244153004656914e+00,-3.107126010703336494e+00,2.000000000000000000e+01,7.433906348948816911e-02,0.000000000000000000e+00,0.000000000000000000e+00,0.000000000000000000e+00,0.000000000000000000e+00,0.000000000000000000e+00,0.000000000000000000e+00,3.800000000000000000e+01,1.735523562502393133e+03,2.452766133460084745e+02,2.119600000000000000e+06,1.454499999999999960e-01,-5.572462499999868868e+01,1.000000000000000000e+00
1.192629396118724799e-03,3.439070838575171776e-03,1.354246968708158416e+00,-6.291572548474833049e+00,2.000000000000000000e+01,6.823108948211996372e-02,0.000000000000000000e+00,0.000000000000000000e+00,0.000000000000000000e+00,0.000000000000000000e+00,0.000000000000000000e+00,0.000000000000000000e+00,3.900000000000000000e+01,8.755155893947335244e+02,3.244647995881983888e+02,2.115900000000000000e+06,1.702899999999999969e-01,-5.817912100000127396e+01,1.000000000000000000e+00
8.626374072726965530e-04,3.010499770441556720e-03,9.963353089974298360e-01,-1.116364274699410686e-01,2.000000000000000000e+01,7.316551765075524072e-02,0.000000000000000000e+00,0.000000000000000000e+00,0.000000000000000000e+00,0.000000000000000000e+00,0.000000000000000000e+00,0.000000000000000000e+00,4.000000000000000000e+01,2.540747520838294804e+03,1.713912477379829795e+02,2.120900000000000000e+06,1.657200000000000062e-01,-7.643391900000052885e+01,1.000000000000000000e+00
1.088554230103515276e-03,3.153368198910099472e-03,1.521308825085708305e+00,-6.344981641983389764e+00,2.000000000000000000e+01,6.653659648854780284e-02,0.000000000000000000e+00,0.000000000000000000e+00,0.000000000000000000e+00,0.000000000000000000e+00,0.000000000000000000e+00,0.000000000000000000e+00,4.100000000000000000e+01,6.600949100425631286e+02,3.423242838948238500e+02,2.114700000000000000e+06,1.906299999999999939e-01,-6.051591900000045143e+01,1.000000000000000000e+00
9.792694390133194638e-04,3.599432844872849698e-03,1.548802321101481638e+00,-6.682986164747791058e+00,2.000000000000000000e+01,7.355257586002354742e-02,0.000000000000000000e+00,0.000000000000000000e+00,0.000000000000000000e+00,0.000000000000000000e+00,0.000000000000000000e+00,0.000000000000000000e+00,4.200000000000000000e+01,6.368502782518203276e+02,3.481891250788781917e+02,2.114100000000000000e+06,1.708199999999999996e-01,-5.496530900000192332e+01,1.000000000000000000e+00
1.148657966769183782e-03,3.730809094740579826e-03,1.322117232874945980e+00,-6.330391978995166369e+00,2.000000000000000000e+01,6.834179253225663997e-02,0.000000000000000000e+00,0.000000000000000000e+00,0.000000000000000000e+00,0.000000000000000000e+00,0.000000000000000000e+00,0.000000000000000000e+00,4.300000000000000000e+01,8.738719009101009760e+02,3.255178454454154462e+02,2.115700000000000000e+06,1.784999999999999920e-01,-6.503340000000129351e+01,1.000000000000000000e+00
1.260089994787606501e-03,4.165595521323707529e-03,1.473632156738249099e+00,-6.430905532914585443e+00,2.000000000000000000e+01,6.041628909673542325e-02,0.000000000000000000e+00,0.000000000000000000e+00,0.000000000000000000e+00,0.000000000000000000e+00,0.000000000000000000e+00,0.000000000000000000e+00,4.400000000000000000e+01,6.817018885197056761e+02,3.412827457466432293e+02,2.114700000000000000e+06,1.914700000000000013e-01,-6.568720000000142534e+01,1.000000000000000000e+00
1.081665232221599906e-03,3.550217438526269594e-03,1.230489136375282566e+00,-4.454603590077249820e+00,2.000000000000000000e+01,6.807761922954179423e-02,0.000000000000000000e+00,0.000000000000000000e+00,0.000000000000000000e+00,0.000000000000000000e+00,0.000000000000000000e+00,0.000000000000000000e+00,4.500000000000000000e+01,1.382086807837664082e+03,2.778913983899035429e+02,2.118200000000000000e+06,1.565699999999999870e-01,-5.410050000000089199e+01,1.000000000000000000e+00
1.331747455537240620e-03,3.361623488870556231e-03,1.323258211501203929e+00,-3.554229040824116836e+00,2.000000000000000000e+01,6.837446349119202793e-02,0.000000000000000000e+00,0.000000000000000000e+00,0.000000000000000000e+00,0.000000000000000000e+00,0.000000000000000000e+00,0.000000000000000000e+00,4.600000000000000000e+01,1.692301158429016368e+03,2.556445410936127018e+02,2.119200000000000000e+06,1.723899999999999877e-01,-6.984120000000201856e+01,1.000000000000000000e+00
1.410739350320371500e-03,2.756057007057710010e-03,1.404580350269334588e+00,-3.093100104265945394e+00,2.000000000000000000e+01,7.195240465729163537e-02,0.000000000000000000e+00,0.000000000000000000e+00,0.000000000000000000e+00,0.000000000000000000e+00,0.000000000000000000e+00,0.000000000000000000e+00,4.700000000000000000e+01,1.741877646394397061e+03,2.448285639367916247e+02,2.119600000000000000e+06,1.383300000000000085e-01,-5.279269799999983093e+01,1.000000000000000000e+00
8.258643733819299136e-04,3.014449713263610275e-03,9.372564386040619366e-01,-2.211168538774260117e+00,2.000000000000000000e+01,7.233787389723264627e-02,0.000000000000000000e+00,0.000000000000000000e+00,0.000000000000000000e+00,0.000000000000000000e+00,0.000000000000000000e+00,0.000000000000000000e+00,4.800000000000000000e+01,1.912883752512515912e+03,2.210652401210570304e+02,2.120300000000000000e+06,2.904800000000000160e-01,-2.395095670000221730e+02,1.000000000000000000e+00
1.194267701898611873e-03,3.574579748328195455e-03,1.401944563121404697e+00,-7.310433103138119115e+00,2.000000000000000000e+01,6.816536066329234589e-02,0.000000000000000000e+00,0.000000000000000000e+00,0.000000000000000000e+00,0.000000000000000000e+00,0.000000000000000000e+00,0.000000000000000000e+00,4.900000000000000000e+01,6.238634208976645823e+02,3.485201946271026259e+02,2.114200000000000000e+06,1.706199999999999939e-01,-5.456579999999903663e+01,1.000000000000000000e+00
1.191763435016173888e-03,4.252907652292155401e-03,1.327643527636345855e+00,-7.088517271126015373e+00,2.000000000000000000e+01,7.880478010320089710e-02,0.000000000000000000e+00,0.000000000000000000e+00,0.000000000000000000e+00,0.000000000000000000e+00,0.000000000000000000e+00,0.000000000000000000e+00,5.000000000000000000e+01,5.273487409275498976e+02,3.601578898899670662e+02,2.113300000000000000e+06,1.786899999999999877e-01,-6.146857299999799551e+01,1.000000000000000000e+00
1.193954257830121077e-03,3.486041496086451485e-03,1.393818081502700368e+00,-6.904631400174544353e+00,2.000000000000000000e+01,6.845790603016395359e-02,0.000000000000000000e+00,0.000000000000000000e+00,0.000000000000000000e+00,0.000000000000000000e+00,0.000000000000000000e+00,0.000000000000000000e+00,5.100000000000000000e+01,7.280031950253974173e+02,3.383910055186485124e+02,2.114900000000000000e+06,1.904899999999999927e-01,-6.889380000000006987e+01,1.000000000000000000e+00
1.291013073937019627e-03,4.212354628688792617e-03,1.350800531505389479e+00,-8.816609970349359671e+00,2.000000000000000000e+01,6.169318238149137934e-02,0.000000000000000000e+00,0.000000000000000000e+00,0.000000000000000000e+00,0.000000000000000000e+00,0.000000000000000000e+00,0.000000000000000000e+00,5.200000000000000000e+01,7.301286840090185706e+02,3.349022692366946217e+02,2.115100000000000000e+06,1.765799999999999870e-01,-5.566917000000145066e+01,1.000000000000000000e+00
1.149946787804641832e-03,3.019131524207812993e-03,1.377957865712551078e+00,-5.352761453431107874e+00,2.000000000000000000e+01,6.853446408129738876e-02,0.000000000000000000e+00,0.000000000000000000e+00,0.000000000000000000e+00,0.000000000000000000e+00,0.000000000000000000e+00,0.000000000000000000e+00,5.300000000000000000e+01,1.077347076429720573e+03,3.015084721818371918e+02,2.117300000000000000e+06,1.895900000000000085e-01,-6.815607399999933591e+01,1.000000000000000000e+00
1.144728975331795384e-03,3.466123659466437829e-03,1.199732474346113964e+00,-6.252085807776157189e+00,2.000000000000000000e+01,6.972530249227265609e-02,0.000000000000000000e+00,0.000000000000000000e+00,0.000000000000000000e+00,0.000000000000000000e+00,0.000000000000000000e+00,0.000000000000000000e+00,5.400000000000000000e+01,7.686681573270260515e+02,3.336198281873525957e+02,2.115200000000000000e+06,1.924399999999999999e-01,-6.655749999999815714e+01,1.000000000000000000e+00
1.223663822074794140e-03,3.429452203381022895e-03,1.346681386275252690e+00,-4.575141220650650098e+00,2.000000000000000000e+01,6.836921333533610423e-02,0.000000000000000000e+00,0.000000000000000000e+00,0.000000000000000000e+00,0.000000000000000000e+00,0.000000000000000000e+00,0.000000000000000000e+00,5.500000000000000000e+01,1.351761643528844616e+03,2.816497840202069369e+02,2.118100000000000000e+06,1.754199999999999926e-01,-6.454560000000098796e+01,1.000000000000000000e+00
1.074846513633517190e-03,3.789039279978604225e-03,1.302379417990948252e+00,-7.011128766033846382e+00,2.000000000000000000e+01,6.549360865452059921e-02,0.000000000000000000e+00,0.000000000000000000e+00,0.000000000000000000e+00,0.000000000000000000e+00,0.000000000000000000e+00,0.000000000000000000e+00,5.600000000000000000e+01,7.737498106360402517e+02,3.334909057107373087e+02,2.115300000000000000e+06,1.812600000000000044e-01,-6.465319999999871925e+01,1.000000000000000000e+00
1.451967305325536309e-03,2.999475436182839558e-03,1.378948017430741579e+00,-2.796362459601480666e+00,2.000000000000000000e+01,6.883176823451642168e-02,0.000000000000000000e+00,0.000000000000000000e+00,0.000000000000000000e+00,0.000000000000000000e+00,0.000000000000000000e+00,0.000000000000000000e+00,5.700000000000000000e+01,1.901228338219288389e+03,2.362226558401765715e+02,2.119900000000000000e+06,2.058099999999999929e-01,-1.018819999999968786e+02,1.000000000000000000e+00
1.219397431621906287e-03,3.817914531658618982e-03,1.615104136975368920e+00,-3.730533223908089724e+00,2.000000000000000000e+01,7.848179398610877211e-02,0.000000000000000000e+00,0.000000000000000000e+00,0.000000000000000000e+00,0.000000000000000000e+00,0.000000000000000000e+00,0.000000000000000000e+00,5.800000000000000000e+01,1.619980958770501502e+03,2.618938019555117762e+02,2.118900000000000000e+06,2.143100000000000005e-01,-9.338119999999528886e+01,1.000000000000000000e+00
8.516600290727412452e-04,3.300865568808622214e-03,8.667308734108822854e-01,-2.958851386020016960e+00,2.000000000000000000e+01,6.741818890195819258e-02,0.000000000000000000e+00,0.000000000000000000e+00,0.000000000000000000e+00,0.000000000000000000e+00,0.000000000000000000e+00,0.000000000000000000e+00,5.900000000000000000e+01,1.856623562070502885e+03,2.399216721334536544e+02,2.119700000000000000e+06,1.178799999999999987e-01,-5.046680000000143451e+01,1.000000000000000000e+00
1.157498148986288878e-03,3.817776565462663828e-03,1.431608629279416345e+00,-6.060988601811238219e+00,2.000000000000000000e+01,6.823580551054198029e-02,0.000000000000000000e+00,0.000000000000000000e+00,0.000000000000000000e+00,0.000000000000000000e+00,0.000000000000000000e+00,0.000000000000000000e+00,6.000000000000000000e+01,9.168334042836883100e+02,3.186620884418327933e+02,2.116100000000000000e+06,1.735899999999999943e-01,-5.229685199999958201e+01,1.000000000000000000e+00
1.073093709449429549e-03,3.790864209208096719e-03,1.360172517608365217e+00,-6.137711662219046183e+00,2.000000000000000000e+01,7.370500074152659675e-02,0.000000000000000000e+00,0.000000000000000000e+00,0.000000000000000000e+00,0.000000000000000000e+00,0.000000000000000000e+00,0.000000000000000000e+00,6.100000000000000000e+01,7.581224575326211834e+02,3.343658069320098889e+02,2.115200000000000000e+06,1.947899999999999909e-01,-6.730876000000162662e+01,1.000000000000000000e+00
1.219250669405949139e-03,3.354986115220981099e-03,1.302891525650185400e+00,-9.414022058036534801e+00,2.000000000000000000e+01,7.058523236996301631e-02,0.000000000000000000e+00,0.000000000000000000e+00,0.000000000000000000e+00,0.000000000000000000e+00,0.000000000000000000e+00,0.000000000000000000e+00,6.200000000000000000e+01,4.006462849277254463e+02,3.859387749182215543e+02,2.111200000000000000e+06,1.816699999999999982e-01,-6.646599999999970976e+01,1.000000000000000000e+00
8.064946507378637072e-04,3.178172928075029095e-03,7.941552977010978287e-01,-1.477209917652091420e+00,2.000000000000000000e+01,7.348683679756901066e-02,0.000000000000000000e+00,0.000000000000000000e+00,0.000000000000000000e+00,0.000000000000000000e+00,0.000000000000000000e+00,0.000000000000000000e+00,6.300000000000000000e+01,2.219056309815535315e+03,2.028519186870671263e+02,2.120600000000000000e+06,1.615699999999999914e-01,-1.021483339999930848e+02,1.000000000000000000e+00
1.323104412777144790e-03,3.413538751831516997e-03,1.346670401188177157e+00,-4.453373210841605534e+00,2.000000000000000000e+01,6.833100727613976300e-02,0.000000000000000000e+00,0.000000000000000000e+00,0.000000000000000000e+00,0.000000000000000000e+00,0.000000000000000000e+00,0.000000000000000000e+00,6.400000000000000000e+01,1.416056782810362847e+03,2.778549242836218696e+02,2.118200000000000000e+06,1.720899999999999930e-01,-6.619410000000019068e+01,1.000000000000000000e+00
1.233065071743025135e-03,3.621415193915685816e-03,1.629968249556572601e+00,-6.180667854084166635e+00,2.000000000000000000e+01,6.922687250500807188e-02,0.000000000000000000e+00,0.000000000000000000e+00,0.000000000000000000e+00,0.000000000000000000e+00,0.000000000000000000e+00,0.000000000000000000e+00,6.500000000000000000e+01,9.149414820740856840e+02,3.193806469220716053e+02,2.116200000000000000e+06,1.659499999999999864e-01,-5.066320000000071389e+01,1.000000000000000000e+00
1.100171870640111052e-03,3.866676885190761283e-03,1.451102332177983234e+00,-6.493629426816314165e+00,2.000000000000000000e+01,6.215703136223565961e-02,0.000000000000000000e+00,0.000000000000000000e+00,0.000000000000000000e+00,0.000000000000000000e+00,0.000000000000000000e+00,0.000000000000000000e+00,6.600000000000000000e+01,9.531356798115695028e+02,3.170612888759955581e+02,2.116300000000000000e+06,1.832199999999999940e-01,-6.419094900000035864e+01,1.000000000000000000e+00
1.106678203976669151e-03,3.685205303194239671e-03,1.372527233196556562e+00,-6.910507405681403093e+00,2.000000000000000000e+01,6.838056523095252526e-02,0.000000000000000000e+00,0.000000000000000000e+00,0.000000000000000000e+00,0.000000000000000000e+00,0.000000000000000000e+00,0.000000000000000000e+00,6.700000000000000000e+01,6.955777810696557708e+02,3.385480725952058947e+02,2.114800000000000000e+06,1.864399999999999946e-01,-6.261929999999964735e+01,1.000000000000000000e+00
1.242989309739710776e-03,3.439266382851636529e-03,1.438947841629628632e+00,-6.393182895305058899e+00,2.000000000000000000e+01,6.853879642765772773e-02,0.000000000000000000e+00,0.000000000000000000e+00,0.000000000000000000e+00,0.000000000000000000e+00,0.000000000000000000e+00,0.000000000000000000e+00,6.800000000000000000e+01,8.527464599093260631e+02,3.271822772372443637e+02,2.115700000000000000e+06,1.968199999999999950e-01,-7.130619299999931116e+01,1.000000000000000000e+00
1.095345707307752905e-03,3.380240644803037854e-03,1.151835114498799051e+00,-4.344437021735638282e+00,2.000000000000000000e+01,6.797335190149651762e-02,0.000000000000000000e+00,0.000000000000000000e+00,0.000000000000000000e+00,0.000000000000000000e+00,0.000000000000000000e+00,0.000000000000000000e+00,6.900000000000000000e+01,1.417285035538613329e+03,2.749898682257958171e+02,2.118400000000000000e+06,1.481000000000000094e-01,-5.580849999999870192e+01,1.000000000000000000e+00
1.213595541112691151e-03,3.703717534513513779e-03,1.372100502771759878e+00,-6.464605602833747966e+00,2.000000000000000000e+01,6.844520169240089769e-02,0.000000000000000000e+00,0.000000000000000000e+00,0.000000000000000000e+00,0.000000000000000000e+00,0.000000000000000000e+00,0.000000000000000000e+00,7.000000000000000000e+01,8.520987947628063921e+02,3.290189915286384803e+02,2.115500000000000000e+06,1.880300000000000027e-01,-7.053398099999729709e+01,1.000000000000000000e+00
1.249322196630500269e-03,3.076614735537585785e-03,1.406313414019995101e+00,-5.376798760782161679e+00,2.000000000000000000e+01,6.797743082126324332e-02,0.000000000000000000e+00,0.000000000000000000e+00,0.000000000000000000e+00,0.000000000000000000e+00,0.000000000000000000e+00,0.000000000000000000e+00,7.100000000000000000e+01,8.278129829472251231e+02,3.295149509807579875e+02,2.115500000000000000e+06,1.883599999999999997e-01,-6.687856200000049967e+01,1.000000000000000000e+00
1.552129215690465453e-03,2.971335824161400012e-03,1.460061345402525523e+00,-2.798711759534015631e+00,2.000000000000000000e+01,6.872017873279347155e-02,0.000000000000000000e+00,0.000000000000000000e+00,0.000000000000000000e+00,0.000000000000000000e+00,0.000000000000000000e+00,0.000000000000000000e+00,7.200000000000000000e+01,1.864134550751546840e+03,2.362812299102193663e+02,2.119900000000000000e+06,1.993900000000000117e-01,-8.949809000000166748e+01,1.000000000000000000e+00
9.711659396263812218e-04,3.656701033512219090e-03,1.391198540850141496e+00,-6.430302933673218035e+00,2.000000000000000000e+01,6.306096295759393289e-02,0.000000000000000000e+00,0.000000000000000000e+00,0.000000000000000000e+00,0.000000000000000000e+00,0.000000000000000000e+00,0.000000000000000000e+00,7.300000000000000000e+01,8.114621393486161196e+02,3.298659742428353070e+02,2.115500000000000000e+06,1.885000000000000009e-01,-6.942921899999947755e+01,1.000000000000000000e+00
1.360756393044583066e-03,2.738003522953095896e-03,1.266344422964946315e+00,-2.175751056939696504e+00,2.000000000000000000e+01,6.857162482217105115e-02,0.000000000000000000e+00,0.000000000000000000e+00,0.000000000000000000e+00,0.000000000000000000e+00,0.000000000000000000e+00,0.000000000000000000e+00,7.400000000000000000e+01,1.997133754216676152e+03,2.202207729113238202e+02,2.120300000000000000e+06,1.801000000000000101e-01,-8.665097000000149308e+01,1.000000000000000000e+00
8.976487627768324961e-04,3.358410584221524064e-03,8.199059465899103394e-01,-1.654394406691849229e+00,2.000000000000000000e+01,7.250000019347858926e-02,0.000000000000000000e+00,0.000000000000000000e+00,0.000000000000000000e+00,0.000000000000000000e+00,0.000000000000000000e+00,0.000000000000000000e+00,7.500000000000000000e+01,2.204053777557961894e+03,2.070527694177343676e+02,2.120500000000000000e+06,2.841199999999999837e-01,-3.149250929999802793e+02,1.000000000000000000e+00
1.252059921627129242e-03,3.263621279242418655e-03,1.331460273252601301e+00,-5.628267310771301268e+00,2.000000000000000000e+01,6.824831842033605989e-02,0.000000000000000000e+00,0.000000000000000000e+00,0.000000000000000000e+00,0.000000000000000000e+00,0.000000000000000000e+00,0.000000000000000000e+00,7.600000000000000000e+01,1.062420913737176534e+03,3.072634458667932904e+02,2.116800000000000000e+06,1.690599999999999881e-01,-6.172310700000019779e+01,1.000000000000000000e+00
1.179803956082289829e-03,3.701139417403647228e-03,1.322453362127687493e+00,-6.649730351352173940e+00,2.000000000000000000e+01,6.811638811673703664e-02,0.000000000000000000e+00,0.000000000000000000e+00,0.000000000000000000e+00,0.000000000000000000e+00,0.000000000000000000e+00,0.000000000000000000e+00,7.700000000000000000e+01,7.958053001204455086e+02,3.332621725051807857e+02,2.115200000000000000e+06,1.644400000000000028e-01,-5.620685700000052520e+01,1.000000000000000000e+00
1.225288495462198771e-03,3.101321421339577143e-03,1.297049967868893816e+00,-7.279441454267991496e+00,2.000000000000000000e+01,6.746236868687668919e-02,0.000000000000000000e+00,0.000000000000000000e+00,0.000000000000000000e+00,0.000000000000000000e+00,0.000000000000000000e+00,0.000000000000000000e+00,7.800000000000000000e+01,5.045041762270859067e+02,3.610721058895401256e+02,2.113300000000000000e+06,1.723000000000000087e-01,-5.205294300000078778e+01,1.000000000000000000e+00
1.175111002137276418e-03,3.672800158000325867e-03,1.334368769182219472e+00,-6.630288425254057039e+00,2.000000000000000000e+01,6.831194153073813502e-02,0.000000000000000000e+00,0.000000000000000000e+00,0.000000000000000000e+00,0.000000000000000000e+00,0.000000000000000000e+00,0.000000000000000000e+00,7.900000000000000000e+01,7.969021912073473004e+02,3.328695452827001873e+02,2.115300000000000000e+06,1.781099999999999905e-01,-6.392054400000107961e+01,1.000000000000000000e+00
1.207345009705075144e-03,3.759025937648110671e-03,1.385169759467241413e+00,-6.552305981776859412e+00,2.000000000000000000e+01,6.807483045538409439e-02,0.000000000000000000e+00,0.000000000000000000e+00,0.000000000000000000e+00,0.000000000000000000e+00,0.000000000000000000e+00,0.000000000000000000e+00,8.000000000000000000e+01,8.098500374760378691e+02,3.311652057585263265e+02,2.115400000000000000e+06,1.630399999999999905e-01,-5.125684199999864177e+01,1.000000000000000000e+00
1.094293066325940271e-03,3.666907381673327557e-03,1.279140957172726800e+00,-5.523556679485825960e+00,2.000000000000000000e+01,5.470570266765922840e-02,0.000000000000000000e+00,0.000000000000000000e+00,0.000000000000000000e+00,0.000000000000000000e+00,0.000000000000000000e+00,0.000000000000000000e+00,8.100000000000000000e+01,9.759782352056407717e+02,3.167101660530553886e+02,2.116300000000000000e+06,1.679900000000000004e-01,-5.839118999999941195e+01,1.000000000000000000e+00
1.212878056267735396e-03,3.689977900873492225e-03,1.358160664786338900e+00,-5.962477584375848849e+00,2.000000000000000000e+01,6.820610920549852185e-02,0.000000000000000000e+00,0.000000000000000000e+00,0.000000000000000000e+00,0.000000000000000000e+00,0.000000000000000000e+00,0.000000000000000000e+00,8.200000000000000000e+01,9.762873825718761509e+02,3.166680204606953453e+02,2.116300000000000000e+06,1.693900000000000128e-01,-5.794048899999864943e+01,1.000000000000000000e+00
1.280162196451150322e-03,3.168388268874001469e-03,1.319200441189906314e+00,-4.255836935320832737e+00,2.000000000000000000e+01,6.819853606606605945e-02,0.000000000000000000e+00,0.000000000000000000e+00,0.000000000000000000e+00,0.000000000000000000e+00,0.000000000000000000e+00,0.000000000000000000e+00,8.300000000000000000e+01,1.427550804992916710e+03,2.731890887177268610e+02,2.118500000000000000e+06,1.626100000000000045e-01,-5.981913400000079406e+01,1.000000000000000000e+00
8.908629646537090949e-04,4.288329546524437264e-03,1.239911304194154740e+00,-9.246538202609029256e+00,2.000000000000000000e+01,8.287084648780917995e-02,0.000000000000000000e+00,0.000000000000000000e+00,0.000000000000000000e+00,0.000000000000000000e+00,0.000000000000000000e+00,0.000000000000000000e+00,8.400000000000000000e+01,4.069320234615749996e+02,3.844649193449158133e+02,2.111300000000000000e+06,1.682200000000000084e-01,-6.206683400000097350e+01,1.000000000000000000e+00
9.368385655121383698e-04,3.119557861880041527e-03,9.651817671705047452e-01,-2.060411864408160376e+00,2.000000000000000000e+01,7.291169215892820410e-02,0.000000000000000000e+00,0.000000000000000000e+00,0.000000000000000000e+00,0.000000000000000000e+00,0.000000000000000000e+00,0.000000000000000000e+00,8.500000000000000000e+01,2.056036629439927310e+03,2.170942091850506017e+02,2.120300000000000000e+06,2.000599999999999878e-01,-1.251193980000054040e+02,1.000000000000000000e+00
1.013612981480615420e-03,2.915792392835339294e-03,1.069485644424201798e+00,-3.027216801387845102e+00,2.000000000000000000e+01,6.869671621255012128e-02,0.000000000000000000e+00,0.000000000000000000e+00,0.000000000000000000e+00,0.000000000000000000e+00,0.000000000000000000e+00,0.000000000000000000e+00,8.600000000000000000e+01,1.790919091257995660e+03,2.412874764618071879e+02,2.119700000000000000e+06,1.899000000000000132e-01,-9.852700000000632485e+01,1.000000000000000000e+00
1.022797377335500938e-03,4.445878066075242829e-03,1.214159448770704586e+00,-6.021353041122943672e+00,2.000000000000000000e+01,6.365485254769483181e-02,0.000000000000000000e+00,0.000000000000000000e+00,0.000000000000000000e+00,0.000000000000000000e+00,0.000000000000000000e+00,0.000000000000000000e+00,8.700000000000000000e+01,1.021410948987767711e+03,3.080619980056230247e+02,2.116700000000000000e+06,1.687299999999999911e-01,-5.521550699999869494e+01,1.000000000000000000e+00
1.246271464668983163e-03,3.249066808403091970e-03,1.346668047558061465e+00,-6.552776187925798190e+00,2.000000000000000000e+01,6.230065634276354264e-02,0.000000000000000000e+00,0.000000000000000000e+00,0.000000000000000000e+00,0.000000000000000000e+00,0.000000000000000000e+00,0.000000000000000000e+00,8.800000000000000000e+01,9.844253834972647610e+02,3.149973787610138629e+02,2.116400000000000000e+06,1.796800000000000064e-01,-6.797120000000100504e+01,1.000000000000000000e+00
1.274736729456297721e-03,3.241181457432319550e-03,1.370482441992977307e+00,-3.512146906260133150e+00,2.000000000000000000e+01,7.395067858812134909e-02,0.000000000000000000e+00,0.000000000000000000e+00,0.000000000000000000e+00,0.000000000000000000e+00,0.000000000000000000e+00,0.000000000000000000e+00,8.900000000000000000e+01,1.586732966231757928e+03,2.635676992979895203e+02,2.118900000000000000e+06,1.556400000000000006e-01,-5.944637400000016925e+01,1.000000000000000000e+00
1.346718216479649965e-03,2.973529235533960320e-03,1.265256900004611218e+00,-4.163948480395978535e+00,2.000000000000000000e+01,6.819917704583490503e-02,0.000000000000000000e+00,0.000000000000000000e+00,0.000000000000000000e+00,0.000000000000000000e+00,0.000000000000000000e+00,0.000000000000000000e+00,9.000000000000000000e+01,1.474770018174869620e+03,2.713714558907068408e+02,2.118700000000000000e+06,1.597800000000000054e-01,-6.622749999999759041e+01,1.000000000000000000e+00
1.305143780850166572e-03,3.288680880032973132e-03,1.366480990289366648e+00,-4.111707868197382432e+00,2.000000000000000000e+01,6.837403200421360294e-02,0.000000000000000000e+00,0.000000000000000000e+00,0.000000000000000000e+00,0.000000000000000000e+00,0.000000000000000000e+00,0.000000000000000000e+00,9.100000000000000000e+01,1.486005917505471416e+03,2.701098516279508885e+02,2.118600000000000000e+06,1.747100000000000042e-01,-6.551099999999996726e+01,1.000000000000000000e+00
1.121853764721033372e-03,3.316421612935995314e-03,1.262851946243933154e+00,-6.038041143978484016e+00,2.000000000000000000e+01,6.942400940134164922e-02,0.000000000000000000e+00,0.000000000000000000e+00,0.000000000000000000e+00,0.000000000000000000e+00,0.000000000000000000e+00,0.000000000000000000e+00,9.200000000000000000e+01,8.007791301907013803e+02,3.313435602352949445e+02,2.115500000000000000e+06,2.077100000000000057e-01,-7.578899999999970305e+01,1.000000000000000000e+00
1.028924978683528387e-03,3.551561885048514031e-03,1.232609912203973090e+00,-7.554379292895694320e+00,2.000000000000000000e+01,6.822181223440042241e-02,0.000000000000000000e+00,0.000000000000000000e+00,0.000000000000000000e+00,0.000000000000000000e+00,0.000000000000000000e+00,0.000000000000000000e+00,9.300000000000000000e+01,4.940638506679724173e+02,3.629853652254616918e+02,2.113100000000000000e+06,1.876800000000000135e-01,-6.365643299999839400e+01,1.000000000000000000e+00
1.181354664411865497e-03,3.645321333688028576e-03,1.431941188033384993e+00,-8.149339762844016732e+00,2.000000000000000000e+01,6.857028251532781837e-02,0.000000000000000000e+00,0.000000000000000000e+00,0.000000000000000000e+00,0.000000000000000000e+00,0.000000000000000000e+00,0.000000000000000000e+00,9.400000000000000000e+01,4.816681074637840538e+02,3.684664062599630370e+02,2.112700000000000000e+06,2.069600000000000051e-01,-7.601767700000210937e+01,1.000000000000000000e+00
1.037337941124587271e-03,3.182689464876918041e-03,1.112119763185353438e+00,-1.829457682842434263e+00,2.000000000000000000e+01,6.828840993585268138e-02,0.000000000000000000e+00,0.000000000000000000e+00,0.000000000000000000e+00,0.000000000000000000e+00,0.000000000000000000e+00,0.000000000000000000e+00,9.500000000000000000e+01,2.167894269413006441e+03,2.105667658788951826e+02,2.120400000000000000e+06,1.620699999999999918e-01,-7.017100999999946964e+01,1.000000000000000000e+00
1.135923989705447425e-03,3.429746632137136049e-03,1.358274400541260807e+00,-8.088439656663721777e+00,2.000000000000000000e+01,6.813887817884160814e-02,0.000000000000000000e+00,0.000000000000000000e+00,0.000000000000000000e+00,0.000000000000000000e+00,0.000000000000000000e+00,0.000000000000000000e+00,9.600000000000000000e+01,4.829706936759897644e+02,3.669872803217968453e+02,2.112900000000000000e+06,1.711199999999999943e-01,-5.513435199999933189e+01,1.000000000000000000e+00
1.323343746838630264e-03,3.363627982530128548e-03,1.327803442861070105e+00,-3.865776066096236363e+00,2.000000000000000000e+01,6.837433722139177328e-02,0.000000000000000000e+00,0.000000000000000000e+00,0.000000000000000000e+00,0.000000000000000000e+00,0.000000000000000000e+00,0.000000000000000000e+00,9.700000000000000000e+01,1.595834947660236139e+03,2.629053890783984571e+02,2.118900000000000000e+06,1.727700000000000069e-01,-6.928109999999985291e+01,1.000000000000000000e+00
1.195957043985466624e-03,3.409408247799670163e-03,1.218370281496842011e+00,-1.032012407659637887e+01,2.000000000000000000e+01,6.606628819231118166e-02,0.000000000000000000e+00,0.000000000000000000e+00,0.000000000000000000e+00,0.000000000000000000e+00,0.000000000000000000e+00,0.000000000000000000e+00,9.800000000000000000e+01,4.114999926400755044e+02,3.840066294734745043e+02,2.111400000000000000e+06,1.858599999999999974e-01,-6.923434700000190389e+01,1.000000000000000000e+00
1.129803504174098057e-03,3.732874365152645275e-03,1.503205841822268907e+00,-5.631675195283167845e+00,2.000000000000000000e+01,6.925590382437565862e-02,0.000000000000000000e+00,0.000000000000000000e+00,0.000000000000000000e+00,0.000000000000000000e+00,0.000000000000000000e+00,0.000000000000000000e+00,9.900000000000000000e+01,1.002318597051638221e+03,3.137551967694025166e+02,2.116500000000000000e+06,1.849200000000000010e-01,-6.722219999999983031e+01,1.000000000000000000e+00
1.305801674197937376e-03,2.711935428102963622e-03,1.587561258395711272e+00,-7.533266852947695824e+00,2.000000000000000000e+01,6.246757402698828454e-02,0.000000000000000000e+00,0.000000000000000000e+00,0.000000000000000000e+00,0.000000000000000000e+00,0.000000000000000000e+00,0.000000000000000000e+00,1.000000000000000000e+02,1.011249468718308094e+03,3.124989287832316904e+02,2.116500000000000000e+06,1.607599999999999862e-01,-5.187520000000144194e+01,1.000000000000000000e+00
1.132892809315247124e-03,3.659351963222796152e-03,1.401848032479775519e+00,-8.735222825546658854e+00,2.000000000000000000e+01,6.852523016264185085e-02,0.000000000000000000e+00,0.000000000000000000e+00,0.000000000000000000e+00,0.000000000000000000e+00,0.000000000000000000e+00,0.000000000000000000e+00,1.010000000000000000e+02,4.135588346563083633e+02,3.810632217271777904e+02,2.111600000000000000e+06,2.063099999999999934e-01,-7.504302899999794363e+01,1.000000000000000000e+00
1.114725855690656140e-03,3.411929761706795471e-03,1.311334651828618414e+00,-8.953189888331003488e+00,2.000000000000000000e+01,6.173534652721397731e-02,0.000000000000000000e+00,0.000000000000000000e+00,0.000000000000000000e+00,0.000000000000000000e+00,0.000000000000000000e+00,0.000000000000000000e+00,1.020000000000000000e+02,4.143109717565715187e+02,3.787274012161696533e+02,2.111900000000000000e+06,1.676499999999999935e-01,-5.295919999999921401e+01,1.000000000000000000e+00
1.041036281699328318e-03,3.176632733515449315e-03,1.100470848574764293e+00,-1.995928116542389663e+00,2.000000000000000000e+01,6.829910019300650115e-02,0.000000000000000000e+00,0.000000000000000000e+00,0.000000000000000000e+00,0.000000000000000000e+00,0.000000000000000000e+00,0.000000000000000000e+00,1.030000000000000000e+02,2.113703059468987249e+03,2.150998371116831152e+02,2.120300000000000000e+06,1.617099999999999926e-01,-7.155140000000244527e+01,1.000000000000000000e+00
1.217646461769569376e-03,4.026427776454852628e-03,1.300177688060593306e+00,-8.931665455632998629e+00,2.000000000000000000e+01,6.375094793830235473e-02,0.000000000000000000e+00,0.000000000000000000e+00,0.000000000000000000e+00,0.000000000000000000e+00,0.000000000000000000e+00,0.000000000000000000e+00,1.040000000000000000e+02,4.604074563977797538e+02,3.727210193224946693e+02,2.112400000000000000e+06,1.743999999999999995e-01,-6.125505200000157657e+01,1.000000000000000000e+00
1.174447899367623031e-03,2.563355941405572654e-03,1.380519197950590859e+00,-1.100649319737599363e+01,2.000000000000000000e+01,4.664534569105364958e-02,0.000000000000000000e+00,0.000000000000000000e+00,0.000000000000000000e+00,0.000000000000000000e+00,0.000000000000000000e+00,0.000000000000000000e+00,1.050000000000000000e+02,4.609571146056864563e+02,3.717611115093462786e+02,2.112400000000000000e+06,1.649899999999999978e-01,-5.593600000000087391e+01,1.000000000000000000e+00
1.401385614167408554e-03,2.934883853068948924e-03,1.336547891354732842e+00,-3.928956682644913379e+00,2.000000000000000000e+01,6.808409822015328017e-02,0.000000000000000000e+00,0.000000000000000000e+00,0.000000000000000000e+00,0.000000000000000000e+00,0.000000000000000000e+00,0.000000000000000000e+00,1.060000000000000000e+02,1.511615859122013489e+03,2.646695416170763906e+02,2.118900000000000000e+06,1.516000000000000125e-01,-5.660040000000078209e+01,1.000000000000000000e+00
1.063773029098174453e-03,3.700810093241782041e-03,1.331646443819361592e+00,-8.125644218286844023e+00,2.000000000000000000e+01,6.590083147779865480e-02,0.000000000000000000e+00,0.000000000000000000e+00,0.000000000000000000e+00,0.000000000000000000e+00,0.000000000000000000e+00,0.000000000000000000e+00,1.070000000000000000e+02,4.634622031947668006e+02,3.696282128438511450e+02,2.112600000000000000e+06,1.603100000000000080e-01,-5.046400000000058839e+01,1.000000000000000000e+00
1.165715268408768412e-03,3.969903526577550981e-03,1.487449748718376874e+00,-7.947134657638240007e+00,2.000000000000000000e+01,7.495735388356042361e-02,0.000000000000000000e+00,0.000000000000000000e+00,0.000000000000000000e+00,0.000000000000000000e+00,0.000000000000000000e+00,0.000000000000000000e+00,1.080000000000000000e+02,4.654189800955243186e+02,3.688152936770781025e+02,2.112700000000000000e+06,1.996400000000000119e-01,-7.103250000000109310e+01,1.000000000000000000e+00
1.174965365102444191e-03,3.504511938380200017e-03,1.375767891228133033e+00,-8.455238061957107476e+00,2.000000000000000000e+01,6.832368597985027936e-02,0.000000000000000000e+00,0.000000000000000000e+00,0.000000000000000000e+00,0.000000000000000000e+00,0.000000000000000000e+00,0.000000000000000000e+00,1.090000000000000000e+02,4.412407233844572829e+02,3.748573677237696984e+02,2.112200000000000000e+06,1.857800000000000007e-01,-6.580056000000112704e+01,1.000000000000000000e+00
1.189212363597706669e-03,3.460209958748202905e-03,8.805797310214216189e-01,-9.282694990951275926e+00,2.000000000000000000e+01,8.248516539060528341e-02,0.000000000000000000e+00,0.000000000000000000e+00,0.000000000000000000e+00,0.000000000000000000e+00,0.000000000000000000e+00,0.000000000000000000e+00,1.100000000000000000e+02,4.428897077135177938e+02,3.735781159106158498e+02,2.112200000000000000e+06,1.609599999999999920e-01,-5.189669999999832584e+01,1.000000000000000000e+00
1.028046053601570572e-03,4.138120562691674845e-03,1.296139945781610958e+00,-8.949047706802712554e+00,2.000000000000000000e+01,7.566163249464084861e-02,0.000000000000000000e+00,0.000000000000000000e+00,0.000000000000000000e+00,0.000000000000000000e+00,0.000000000000000000e+00,0.000000000000000000e+00,1.110000000000000000e+02,4.295973007669250023e+02,3.772215511531760512e+02,2.112000000000000000e+06,2.275200000000000000e-01,-9.473740300000014258e+01,1.000000000000000000e+00
1.296851130174724205e-03,3.543205576542673638e-03,1.364633748029602911e+00,-9.367210003330589174e+00,2.000000000000000000e+01,7.930620173327117273e-02,0.000000000000000000e+00,0.000000000000000000e+00,0.000000000000000000e+00,0.000000000000000000e+00,0.000000000000000000e+00,0.000000000000000000e+00,1.120000000000000000e+02,4.009353177832826987e+02,3.994729347486416486e+02,2.110000000000000000e+06,1.981900000000000051e-01,-7.941567699999993124e+01,1.000000000000000000e+00
1.689136337406853695e-03,5.262635188422934256e-03,4.172196072166501346e-01,2.739883949862788270e+00,2.000000000000000000e+01,7.694698955012625741e-02,0.000000000000000000e+00,0.000000000000000000e+00,0.000000000000000000e+00,0.000000000000000000e+00,0.000000000000000000e+00,0.000000000000000000e+00,1.130000000000000000e+02,5.213096503396264779e+03,1.381830716020471641e+02,2.119600000000000000e+06,3.749399999999999955e-01,-1.650653526000441161e+03,1.000000000000000000e+00
1.068570568279327048e-03,4.088167779299346598e-03,1.695935872243557352e+00,-1.070074896125167818e+01,2.000000000000000000e+01,6.176194133171028500e-02,0.000000000000000000e+00,0.000000000000000000e+00,0.000000000000000000e+00,0.000000000000000000e+00,0.000000000000000000e+00,0.000000000000000000e+00,1.140000000000000000e+02,4.889839297371909197e+02,3.670544028159553704e+02,2.112800000000000000e+06,1.975000000000000089e-01,-7.015125499999786030e+01,1.000000000000000000e+00
1.323621723960966782e-03,3.590207257238638150e-03,1.324766477488840799e+00,-7.879866051564037299e+00,2.000000000000000000e+01,6.537844422971239577e-02,0.000000000000000000e+00,0.000000000000000000e+00,0.000000000000000000e+00,0.000000000000000000e+00,0.000000000000000000e+00,0.000000000000000000e+00,1.150000000000000000e+02,4.081145310505043540e+02,3.978131435590970000e+02,2.110100000000000000e+06,2.152499999999999969e-01,-9.163309000000047888e+01,1.000000000000000000e+00
1.087246877163828380e-03,4.008958013684775501e-03,1.256759420320560316e+00,-8.450594188065174706e+00,2.000000000000000000e+01,6.523183268699120352e-02,0.000000000000000000e+00,0.000000000000000000e+00,0.000000000000000000e+00,0.000000000000000000e+00,0.000000000000000000e+00,0.000000000000000000e+00,1.160000000000000000e+02,4.759325004121487837e+02,3.695530446042633343e+02,2.112600000000000000e+06,1.618900000000000061e-01,-5.318832400000012939e+01,1.000000000000000000e+00
1.155504081279897866e-03,3.598187348519805984e-03,1.255135849709402063e+00,-9.497347318801125482e+00,2.000000000000000000e+01,7.025556971650377680e-02,0.000000000000000000e+00,0.000000000000000000e+00,0.000000000000000000e+00,0.000000000000000000e+00,0.000000000000000000e+00,0.000000000000000000e+00,1.170000000000000000e+02,4.616098337275755625e+02,3.726560136893482422e+02,2.112400000000000000e+06,1.599399999999999988e-01,-5.253298700000139121e+01,1.000000000000000000e+00
1.080944165857764070e-03,3.619083606795457566e-03,1.502048560205169414e+00,-7.482428550177150584e+00,2.000000000000000000e+01,6.901470599505535319e-02,0.000000000000000000e+00,0.000000000000000000e+00,0.000000000000000000e+00,0.000000000000000000e+00,0.000000000000000000e+00,0.000000000000000000e+00,1.180000000000000000e+02,4.642523322195596052e+02,3.697363382769091231e+02,2.112600000000000000e+06,1.812000000000000000e-01,-5.968729800000150476e+01,1.000000000000000000e+00
1.222287580238365238e-03,3.793493814478575074e-03,1.466069419398360996e+00,-7.918978678461757070e+00,2.000000000000000000e+01,6.820827087656311516e-02,0.000000000000000000e+00,0.000000000000000000e+00,0.000000000000000000e+00,0.000000000000000000e+00,0.000000000000000000e+00,0.000000000000000000e+00,1.190000000000000000e+02,5.061217293763896237e+02,3.621544509441384321e+02,2.113100000000000000e+06,1.784499999999999975e-01,-5.503028299999928663e+01,1.000000000000000000e+00
1.130532233658615524e-03,3.666902792600097629e-03,1.401945401924955537e+00,-7.482717348319264161e+00,2.000000000000000000e+01,6.686054442629738026e-02,0.000000000000000000e+00,0.000000000000000000e+00,0.000000000000000000e+00,0.000000000000000000e+00,0.000000000000000000e+00,0.000000000000000000e+00,1.200000000000000000e+02,4.307322523950160758e+02,3.782141030442793976e+02,2.111900000000000000e+06,1.888799999999999923e-01,-6.644640599999799235e+01,1.000000000000000000e+00
1.176479784836518931e-03,3.544082735528559548e-03,1.375923612849043076e+00,-8.668851059469893983e+00,2.000000000000000000e+01,6.840114382400871995e-02,0.000000000000000000e+00,0.000000000000000000e+00,0.000000000000000000e+00,0.000000000000000000e+00,0.000000000000000000e+00,0.000000000000000000e+00,1.210000000000000000e+02,4.265766571977299577e+02,3.799998194735887296e+02,2.111800000000000000e+06,1.940099999999999880e-01,-7.099119999999994945e+01,1.000000000000000000e+00
1.295629145785651744e-03,3.376784231803884109e-03,1.443010582669733033e+00,-5.639952377537886363e+00,2.000000000000000000e+01,6.862914129800977425e-02,0.000000000000000000e+00,0.000000000000000000e+00,0.000000000000000000e+00,0.000000000000000000e+00,0.000000000000000000e+00,0.000000000000000000e+00,1.220000000000000000e+02,1.062833104198374258e+03,3.075637787054606065e+02,2.116800000000000000e+06,2.004799999999999915e-01,-7.767359999999975173e+01,1.000000000000000000e+00
1.159399679639153743e-03,4.204573325188517251e-03,1.540073182032262844e+00,-9.259998893407392018e+00,2.000000000000000000e+01,7.340616599852531343e-02,0.000000000000000000e+00,0.000000000000000000e+00,0.000000000000000000e+00,0.000000000000000000e+00,0.000000000000000000e+00,0.000000000000000000e+00,1.230000000000000000e+02,5.574744461379810900e+02,3.584474479169560368e+02,2.113400000000000000e+06,1.556099999999999983e-01,-5.016850600000105231e+01,1.000000000000000000e+00
1.135870202413316989e-03,3.630753315440541328e-03,1.295105233506335551e+00,-6.907943324514451255e+00,2.000000000000000000e+01,7.354706581792302966e-02,0.000000000000000000e+00,0.000000000000000000e+00,0.000000000000000000e+00,0.000000000000000000e+00,0.000000000000000000e+00,0.000000000000000000e+00,1.240000000000000000e+02,5.620040405145100522e+02,3.552617718164198664e+02,2.113700000000000000e+06,1.966900000000000037e-01,-6.750298799999990251e+01,1.000000000000000000e+00
1.264481840405035952e-03,3.569582105895936514e-03,1.395365737825679853e+00,-7.478203105752054825e+00,2.000000000000000000e+01,6.835723594926421121e-02,0.000000000000000000e+00,0.000000000000000000e+00,0.000000000000000000e+00,0.000000000000000000e+00,0.000000000000000000e+00,0.000000000000000000e+00,1.250000000000000000e+02,6.234566889850340203e+02,3.526207195913686974e+02,2.113900000000000000e+06,1.847499999999999976e-01,-6.774986400000021547e+01,1.000000000000000000e+00
1.151921544017442834e-03,3.633567598258766618e-03,1.328368741526024355e+00,-7.490048872734929475e+00,2.000000000000000000e+01,6.825716726786747179e-02,0.000000000000000000e+00,0.000000000000000000e+00,0.000000000000000000e+00,0.000000000000000000e+00,0.000000000000000000e+00,0.000000000000000000e+00,1.260000000000000000e+02,5.986888079580787689e+02,3.529691446624053697e+02,2.113900000000000000e+06,1.784100000000000130e-01,-6.301440000000217623e+01,1.000000000000000000e+00
1.276871650734666842e-03,3.710035382191574378e-03,1.485249814801160584e+00,-6.971828679989538813e+00,2.000000000000000000e+01,6.306686990794505010e-02,0.000000000000000000e+00,0.000000000000000000e+00,0.000000000000000000e+00,0.000000000000000000e+00,0.000000000000000000e+00,0.000000000000000000e+00,1.270000000000000000e+02,6.470184471046461567e+02,3.480659910877048446e+02,2.114100000000000000e+06,1.841700000000000004e-01,-6.497532699999793238e+01,1.000000000000000000e+00
1.193126666986380055e-03,3.802203731795504062e-03,1.366699287428676524e+00,-7.264675957809517470e+00,2.000000000000000000e+01,6.834899256191806494e-02,0.000000000000000000e+00,0.000000000000000000e+00,0.000000000000000000e+00,0.000000000000000000e+00,0.000000000000000000e+00,0.000000000000000000e+00,1.280000000000000000e+02,6.482188619756033177e+02,3.476704238384639325e+02,2.114200000000000000e+06,1.847199999999999953e-01,-6.660972500000174534e+01,1.000000000000000000e+00
1.212161069482604577e-03,3.654813310380596036e-03,1.377857867925781576e+00,-7.241923415441586798e+00,2.000000000000000000e+01,6.820041032082689580e-02,0.000000000000000000e+00,0.000000000000000000e+00,0.000000000000000000e+00,0.000000000000000000e+00,0.000000000000000000e+00,0.000000000000000000e+00,1.290000000000000000e+02,6.555682279895838747e+02,3.472864790515423010e+02,2.114300000000000000e+06,1.730500000000000094e-01,-5.825680000000058811e+01,1.000000000000000000e+00
1.327157558636669508e-03,3.188474691234175103e-03,1.381156286693386193e+00,-9.735361285302044365e+00,2.000000000000000000e+01,6.845861928755773984e-02,0.000000000000000000e+00,0.000000000000000000e+00,0.000000000000000000e+00,0.000000000000000000e+00,0.000000000000000000e+00,0.000000000000000000e+00,1.300000000000000000e+02,4.124813931117103607e+02,4.031384184595145825e+02,2.109800000000000000e+06,1.990000000000000102e-01,-8.523699100000213491e+01,1.000000000000000000e+00
1.068484846909083632e-03,3.861257393347243983e-03,1.442296690546942983e+00,-8.805212937869040246e+00,2.000000000000000000e+01,6.354893094546180954e-02,0.000000000000000000e+00,0.000000000000000000e+00,0.000000000000000000e+00,0.000000000000000000e+00,0.000000000000000000e+00,0.000000000000000000e+00,1.310000000000000000e+02,4.282956308621244261e+02,3.801702776620072086e+02,2.111700000000000000e+06,1.745800000000000129e-01,-6.442340000000285727e+01,1.000000000000000000e+00
2.660636223296795628e-03,3.638485207202459513e-03,9.770061084717733824e-01,2.585331244441753551e+00,2.000000000000000000e+01,7.945590405445704385e-02,0.000000000000000000e+00,0.000000000000000000e+00,0.000000000000000000e+00,0.000000000000000000e+00,0.000000000000000000e+00,0.000000000000000000e+00,1.320000000000000000e+02,4.100900417359639505e+03,1.381830937158603660e+02,2.120100000000000000e+06,2.723400000000000265e-01,-5.028579780000522419e+02,1.000000000000000000e+00
1.336009404317485723e-03,3.296344775048963040e-03,1.342525104367328304e+00,-5.262536376703273788e+00,2.000000000000000000e+01,6.835605735110111825e-02,0.000000000000000000e+00,0.000000000000000000e+00,0.000000000000000000e+00,0.000000000000000000e+00,0.000000000000000000e+00,0.000000000000000000e+00,1.330000000000000000e+02,1.197121004550569978e+03,2.990465961745853747e+02,2.117300000000000000e+06,1.749900000000000067e-01,-6.978321099999941168e+01,1.000000000000000000e+00
1.259357692325686808e-03,3.553470129603167153e-03,1.410359154840001406e+00,-6.279203980444239441e+00,2.000000000000000000e+01,6.842612307543428918e-02,0.000000000000000000e+00,0.000000000000000000e+00,0.000000000000000000e+00,0.000000000000000000e+00,0.000000000000000000e+00,0.000000000000000000e+00,1.340000000000000000e+02,8.889834347321019550e+02,3.241253383416708971e+02,2.115800000000000000e+06,1.861800000000000122e-01,-6.756686999999945442e+01,1.000000000000000000e+00
1.214750418962414358e-03,3.601505136320660994e-03,1.385630931648148323e+00,-6.665207611753082517e+00,2.000000000000000000e+01,6.839887068723292385e-02,0.000000000000000000e+00,0.000000000000000000e+00,0.000000000000000000e+00,0.000000000000000000e+00,0.000000000000000000e+00,0.000000000000000000e+00,1.350000000000000000e+02,7.892442947108972930e+02,3.335654196171262811e+02,2.115200000000000000e+06,1.855400000000000105e-01,-6.674400000000100874e+01,1.000000000000000000e+00
1.153581321057250758e-03,3.349103197238540146e-03,1.354004890937335892e+00,-6.401514436332254476e+00,2.000000000000000000e+01,6.302316023474244244e-02,0.000000000000000000e+00,0.000000000000000000e+00,0.000000000000000000e+00,0.000000000000000000e+00,0.000000000000000000e+00,0.000000000000000000e+00,1.360000000000000000e+02,9.845284323178965451e+02,3.151075558259403806e+02,2.116400000000000000e+06,1.642099999999999949e-01,-5.540084099999832290e+01,1.000000000000000000e+00
1.194707414557985310e-03,3.719992167103162127e-03,1.367127803482299342e+00,-6.432906913147247607e+00,2.000000000000000000e+01,6.840911202627650289e-02,0.000000000000000000e+00,0.000000000000000000e+00,0.000000000000000000e+00,0.000000000000000000e+00,0.000000000000000000e+00,0.000000000000000000e+00,1.370000000000000000e+02,8.528176578320876615e+02,3.282111034481868046e+02,2.115600000000000000e+06,1.854699999999999960e-01,-6.767626700000123208e+01,1.000000000000000000e+00
1.177655685642726080e-03,3.877243402445329501e-03,1.355552635132694972e+00,-6.404081444961201797e+00,2.000000000000000000e+01,6.801605133228859346e-02,0.000000000000000000e+00,0.000000000000000000e+00,0.000000000000000000e+00,0.000000000000000000e+00,0.000000000000000000e+00,0.000000000000000000e+00,1.380000000000000000e+02,8.562870493590962724e+02,3.274663800239283660e+02,2.115600000000000000e+06,1.593499999999999917e-01,-5.006542500000098528e+01,1.000000000000000000e+00
1.214257966137723046e-03,3.415201484308808422e-03,1.402810806432139401e+00,-6.216229542505266714e+00,2.000000000000000000e+01,6.844631365045393545e-02,0.000000000000000000e+00,0.000000000000000000e+00,0.000000000000000000e+00,0.000000000000000000e+00,0.000000000000000000e+00,0.000000000000000000e+00,1.390000000000000000e+02,8.923788811305490754e+02,3.223937437946936484e+02,2.116000000000000000e+06,1.872800000000000020e-01,-6.677054999999757001e+01,1.000000000000000000e+00
1.184222761560404114e-03,3.831670757307175865e-03,1.362665326987485104e+00,-6.869351656894395752e+00,2.000000000000000000e+01,6.819613299882704149e-02,0.000000000000000000e+00,0.000000000000000000e+00,0.000000000000000000e+00,0.000000000000000000e+00,0.000000000000000000e+00,0.000000000000000000e+00,1.400000000000000000e+02,7.360070049834457677e+02,3.374963212587786643e+02,2.114900000000000000e+06,1.716999999999999915e-01,-5.738501800000172182e+01,1.000000000000000000e+00
1.211461229869345178e-03,3.545600550489734840e-03,1.309750025119706951e+00,-6.684786597135241593e+00,2.000000000000000000e+01,7.530085700425383222e-02,0.000000000000000000e+00,0.000000000000000000e+00,0.000000000000000000e+00,0.000000000000000000e+00,0.000000000000000000e+00,0.000000000000000000e+00,1.410000000000000000e+02,8.962974056056488052e+02,3.223382151562140621e+02,2.115900000000000000e+06,2.089000000000000024e-01,-7.736540199999936362e+01,1.000000000000000000e+00
1.171433047644666360e-03,3.368918824149325000e-03,1.304816640609307576e+00,-4.301574957608807814e+00,2.000000000000000000e+01,7.031240803636570891e-02,0.000000000000000000e+00,0.000000000000000000e+00,0.000000000000000000e+00,0.000000000000000000e+00,0.000000000000000000e+00,0.000000000000000000e+00,1.420000000000000000e+02,1.359043398539087775e+03,2.837567590329043696e+02,2.118100000000000000e+06,1.691199999999999926e-01,-6.860905199999912440e+01,1.000000000000000000e+00
1.186559591068702020e-03,3.847776376933657698e-03,1.359586595573886392e+00,-6.799405745876322626e+00,2.000000000000000000e+01,6.816891089537960302e-02,0.000000000000000000e+00,0.000000000000000000e+00,0.000000000000000000e+00,0.000000000000000000e+00,0.000000000000000000e+00,0.000000000000000000e+00,1.430000000000000000e+02,7.572681257970871229e+02,3.359660515756646078e+02,2.115000000000000000e+06,1.698199999999999987e-01,-5.665994400000067799e+01,1.000000000000000000e+00
1.128685217252067396e-03,3.637989744375909763e-03,1.191407046941559411e+00,-5.307170982935637937e+00,2.000000000000000000e+01,7.437099264266253118e-02,0.000000000000000000e+00,0.000000000000000000e+00,0.000000000000000000e+00,0.000000000000000000e+00,0.000000000000000000e+00,0.000000000000000000e+00,1.440000000000000000e+02,9.597679813272276306e+02,3.182121561655616802e+02,2.116200000000000000e+06,1.615000000000000047e-01,-5.524656800000109058e+01,1.000000000000000000e+00
1.196482579212406784e-03,3.613617109117926891e-03,1.367525241895547694e+00,-5.848804708628037474e+00,2.000000000000000000e+01,6.847761838769814147e-02,0.000000000000000000e+00,0.000000000000000000e+00,0.000000000000000000e+00,0.000000000000000000e+00,0.000000000000000000e+00,0.000000000000000000e+00,1.450000000000000000e+02,1.006440537820870304e+03,3.138746415041026694e+02,2.116500000000000000e+06,1.890400000000000136e-01,-7.040512200000073051e+01,1.000000000000000000e+00
1.196482579212406784e-03,3.613617109117926891e-03,1.367525241895547694e+00,-5.848804708628037474e+00,2.000000000000000000e+01,6.847761838769814147e-02,0.000000000000000000e+00,0.000000000000000000e+00,0.000000000000000000e+00,0.000000000000000000e+00,0.000000000000000000e+00,0.000000000000000000e+00,1.460000000000000000e+02,1.006440537820870304e+03,3.138746415041026694e+02,2.116500000000000000e+06,1.890400000000000136e-01,-7.040512200000073051e+01,1.000000000000000000e+00
1.209680581078396424e-03,3.871111110532390962e-03,1.467546226116881680e+00,-6.059274542303910494e+00,2.000000000000000000e+01,6.750545010133825186e-02,0.000000000000000000e+00,0.000000000000000000e+00,0.000000000000000000e+00,0.000000000000000000e+00,0.000000000000000000e+00,0.000000000000000000e+00,1.470000000000000000e+02,1.006440537820870304e+03,3.138746415041026694e+02,2.116500000000000000e+06,1.890400000000000136e-01,-7.040512200000073051e+01,1.000000000000000000e+00
1.259094693919253537e-03,3.270341395813452720e-03,1.553403655909794567e+00,-5.401472310824488865e+00,2.000000000000000000e+01,6.475867119214208378e-02,0.000000000000000000e+00,0.000000000000000000e+00,0.000000000000000000e+00,0.000000000000000000e+00,0.000000000000000000e+00,0.000000000000000000e+00,1.480000000000000000e+02,1.007851815387600482e+03,3.138238111042409741e+02,2.116400000000000000e+06,1.609500000000000097e-01,-5.054988399999885473e+01,1.000000000000000000e+00
1.104804386813429407e-03,2.916168858187936745e-03,1.469609625802899888e+00,-5.155334431853908050e+00,2.000000000000000000e+01,6.426242943179877321e-02,0.000000000000000000e+00,0.000000000000000000e+00,0.000000000000000000e+00,0.000000000000000000e+00,0.000000000000000000e+00,0.000000000000000000e+00,1.490000000000000000e+02,1.100638712603969225e+03,3.018557735933488289e+02,2.117200000000000000e+06,2.045299999999999896e-01,-7.720649999999896806e+01,1.000000000000000000e+00
1.192802155852524214e-03,3.551371827227303365e-03,1.471064708986015379e+00,-5.506785236061809030e+00,2.000000000000000000e+01,6.880667567155054898e-02,0.000000000000000000e+00,0.000000000000000000e+00,0.000000000000000000e+00,0.000000000000000000e+00,0.000000000000000000e+00,0.000000000000000000e+00,1.500000000000000000e+02,1.084535461823051719e+03,3.046836956885195491e+02,2.117000000000000000e+06,2.169899999999999884e-01,-8.192002000000263706e+01,1.000000000000000000e+00
1.166571216674358938e-03,3.402061510976165520e-03,1.315357029505846098e+00,-5.616987033315846922e+00,2.000000000000000000e+01,6.582525409467862576e-02,0.000000000000000000e+00,0.000000000000000000e+00,0.000000000000000000e+00,0.000000000000000000e+00,0.000000000000000000e+00,0.000000000000000000e+00,1.510000000000000000e+02,1.081759516208370542e+03,3.065084697405503107e+02,2.116800000000000000e+06,1.599500000000000088e-01,-5.742750000000035726e+01,1.000000000000000000e+00
1.095060489402401548e-03,3.050801253920460733e-03,1.514858359532217147e+00,-5.080632667438525374e+00,2.000000000000000000e+01,7.050429924666265502e-02,0.000000000000000000e+00,0.000000000000000000e+00,0.000000000000000000e+00,0.000000000000000000e+00,0.000000000000000000e+00,0.000000000000000000e+00,1.520000000000000000e+02,1.078565040134088122e+03,3.068857403302266107e+02,2.116800000000000000e+06,1.654100000000000015e-01,-6.139949999999839747e+01,1.000000000000000000e+00
1.162749370396440980e-03,3.431227515719911022e-03,1.339672403153355340e+00,-8.913550955058056502e+00,2.000000000000000000e+01,6.847650675776684182e-02,0.000000000000000000e+00,0.000000000000000000e+00,0.000000000000000000e+00,0.000000000000000000e+00,0.000000000000000000e+00,0.000000000000000000e+00,1.530000000000000000e+02,4.149011029482544473e+02,3.843395920172303022e+02,2.111400000000000000e+06,1.989400000000000057e-01,-7.920098100000018349e+01,1.000000000000000000e+00
1.052787778272460707e-03,3.672581883077910125e-03,1.452386611127307381e+00,-8.517503987099299678e+00,2.000000000000000000e+01,6.167481900984189691e-02,0.000000000000000000e+00,0.000000000000000000e+00,0.000000000000000000e+00,0.000000000000000000e+00,0.000000000000000000e+00,0.000000000000000000e+00,1.540000000000000000e+02,4.540560422802663538e+02,3.750118701330927138e+02,2.112100000000000000e+06,1.606899999999999995e-01,-5.142052300000026577e+01,1.000000000000000000e+00
1.099952355871331496e-03,3.375746807027011406e-03,1.363984968944189191e+00,-8.612603441414725225e+00,2.000000000000000000e+01,6.680873511785641317e-02,0.000000000000000000e+00,0.000000000000000000e+00,0.000000000000000000e+00,0.000000000000000000e+00,0.000000000000000000e+00,0.000000000000000000e+00,1.550000000000000000e+02,4.461559492251143979e+02,3.766396099262456119e+02,2.112000000000000000e+06,1.775700000000000056e-01,-6.366469500000247450e+01,1.000000000000000000e+00
1.177511208181544061e-03,3.533529211138091916e-03,1.321115149321212989e+00,-8.476404535714898714e+00,2.000000000000000000e+01,6.816400229549390843e-02,0.000000000000000000e+00,0.000000000000000000e+00,0.000000000000000000e+00,0.000000000000000000e+00,0.000000000000000000e+00,0.000000000000000000e+00,1.560000000000000000e+02,4.480784564925107247e+02,3.754246759493507852e+02,2.112100000000000000e+06,1.738599999999999868e-01,-6.200259300000119111e+01,1.000000000000000000e+00
1.129754278783742143e-03,3.462273886551945658e-03,1.187589795516962976e+00,-9.107712920070845541e+00,2.000000000000000000e+01,6.091445643740433374e-02,0.000000000000000000e+00,0.000000000000000000e+00,0.000000000000000000e+00,0.000000000000000000e+00,0.000000000000000000e+00,0.000000000000000000e+00,1.570000000000000000e+02,4.464981751922994704e+02,3.759418841180444133e+02,2.112100000000000000e+06,1.819800000000000029e-01,-6.746357299999814927e+01,1.000000000000000000e+00
1.287086673041475419e-03,3.297072835435132382e-03,1.327333529810182711e+00,-4.936228824528436476e+00,2.000000000000000000e+01,6.809149306644693422e-02,0.000000000000000000e+00,0.000000000000000000e+00,0.000000000000000000e+00,0.000000000000000000e+00,0.000000000000000000e+00,0.000000000000000000e+00,1.580000000000000000e+02,1.254022157138922012e+03,2.907904271132628082e+02,2.117700000000000000e+06,1.567500000000000004e-01,-5.589869999999910277e+01,1.000000000000000000e+00
1.262060884970291671e-03,3.694747952010781801e-03,1.430581492792487142e+00,-5.172827162744940921e+00,2.000000000000000000e+01,7.008603023804399479e-02,0.000000000000000000e+00,0.000000000000000000e+00,0.000000000000000000e+00,0.000000000000000000e+00,0.000000000000000000e+00,0.000000000000000000e+00,1.590000000000000000e+02,1.288851335350838553e+03,2.903101210239555030e+02,2.117700000000000000e+06,1.663100000000000134e-01,-6.080365899999850399e+01,1.000000000000000000e+00
1.136671059688309973e-03,3.701012842902890766e-03,1.324539626612214693e+00,-7.565030239757948749e+00,2.000000000000000000e+01,6.824756855417273005e-02,0.000000000000000000e+00,0.000000000000000000e+00,0.000000000000000000e+00,0.000000000000000000e+00,0.000000000000000000e+00,0.000000000000000000e+00,1.600000000000000000e+02,5.787336228941290983e+02,3.551010600241336874e+02,2.113700000000000000e+06,1.780200000000000116e-01,-6.238340000000065544e+01,1.000000000000000000e+00
1.282619125339858534e-03,3.216207329958934748e-03,1.553452630334139828e+00,-5.194198363065209101e+00,2.000000000000000000e+01,6.768452549889435177e-02,0.000000000000000000e+00,0.000000000000000000e+00,0.000000000000000000e+00,0.000000000000000000e+00,0.000000000000000000e+00,0.000000000000000000e+00,1.610000000000000000e+02,1.320543254796616566e+03,2.859440377182427824e+02,2.118000000000000000e+06,1.844000000000000083e-01,-7.091040000000026566e+01,1.000000000000000000e+00
1.263852185715970368e-03,3.598917543350950692e-03,1.406344272496676817e+00,-5.199517380939084887e+00,2.000000000000000000e+01,7.335351637888433418e-02,0.000000000000000000e+00,0.000000000000000000e+00,0.000000000000000000e+00,0.000000000000000000e+00,0.000000000000000000e+00,0.000000000000000000e+00,1.620000000000000000e+02,1.294854728755008864e+03,2.860508334210838939e+02,2.117900000000000000e+06,1.873599999999999988e-01,-7.011840000000270834e+01,1.000000000000000000e+00
1.338915789473032938e-03,3.252953623191437525e-03,1.356523586287850414e+00,-4.697358215943914672e+00,2.000000000000000000e+01,6.812868693441523349e-02,0.000000000000000000e+00,0.000000000000000000e+00,0.000000000000000000e+00,0.000000000000000000e+00,0.000000000000000000e+00,0.000000000000000000e+00,1.630000000000000000e+02,1.323565878903730209e+03,2.850862920339567381e+02,2.118000000000000000e+06,1.592699999999999949e-01,-5.708560699999977572e+01,1.000000000000000000e+00
1.324988045460027486e-03,3.110181094919496365e-03,1.418301899796073462e+00,-3.676718144182137493e+00,2.000000000000000000e+01,6.702088618045680402e-02,0.000000000000000000e+00,0.000000000000000000e+00,0.000000000000000000e+00,0.000000000000000000e+00,0.000000000000000000e+00,0.000000000000000000e+00,1.640000000000000000e+02,1.637291897034475369e+03,2.617773487830818340e+02,2.118900000000000000e+06,1.350600000000000134e-01,-5.130929999999948876e+01,1.000000000000000000e+00
1.220771760771767467e-03,3.216072138708547627e-03,1.244601778961372585e+00,-3.703063157182174159e+00,2.000000000000000000e+01,6.337873148624205422e-02,0.000000000000000000e+00,0.000000000000000000e+00,0.000000000000000000e+00,0.000000000000000000e+00,0.000000000000000000e+00,0.000000000000000000e+00,1.650000000000000000e+02,1.609299010754438086e+03,2.635667888434371093e+02,2.118900000000000000e+06,2.045700000000000018e-01,-9.767070000000285290e+01,1.000000000000000000e+00
1.187876678537301035e-03,3.571352947938116751e-03,1.341904020427564070e+00,-7.091284847918558398e+00,2.000000000000000000e+01,6.833345285933188629e-02,0.000000000000000000e+00,0.000000000000000000e+00,0.000000000000000000e+00,0.000000000000000000e+00,0.000000000000000000e+00,0.000000000000000000e+00,1.660000000000000000e+02,6.934520726129923105e+02,3.439642532989038273e+02,2.114600000000000000e+06,1.806099999999999928e-01,-6.601319999999928712e+01,1.000000000000000000e+00
1.196826701951498890e-03,3.910310167653218739e-03,1.266899654264081132e+00,-3.765645325355363671e+00,2.000000000000000000e+01,6.078237321339628740e-02,0.000000000000000000e+00,0.000000000000000000e+00,0.000000000000000000e+00,0.000000000000000000e+00,0.000000000000000000e+00,0.000000000000000000e+00,1.670000000000000000e+02,1.646114304753882379e+03,2.600871274634552037e+02,2.119000000000000000e+06,1.462400000000000089e-01,-5.908703600000107770e+01,1.000000000000000000e+00
1.630392566608970936e-03,3.158845079521655722e-03,1.391240563889785786e+00,-3.736635317199014761e+00,2.000000000000000000e+01,6.820385973221923526e-02,0.000000000000000000e+00,0.000000000000000000e+00,0.000000000000000000e+00,0.000000000000000000e+00,0.000000000000000000e+00,0.000000000000000000e+00,1.680000000000000000e+02,1.669259318870629613e+03,2.598246573461323692e+02,2.119100000000000000e+06,1.578700000000000103e-01,-6.579726300000019990e+01,1.000000000000000000e+00
1.991050392746426378e-03,3.743282683980702491e-03,1.014244809954827575e+00,2.813112306049341704e+00,2.000000000000000000e+01,7.431311967121610740e-02,0.000000000000000000e+00,0.000000000000000000e+00,0.000000000000000000e+00,0.000000000000000000e+00,0.000000000000000000e+00,0.000000000000000000e+00,1.690000000000000000e+02,4.377066921193498274e+03,1.381830982251487399e+02,2.119900000000000000e+06,1.400200000000000056e-01,-1.414112000000043849e+02,1.000000000000000000e+00
1.149946787804641832e-03,3.019131524207812993e-03,1.377957865712551078e+00,-5.352761453431107874e+00,2.000000000000000000e+01,6.853446408129738876e-02,0.000000000000000000e+00,0.000000000000000000e+00,0.000000000000000000e+00,0.000000000000000000e+00,0.000000000000000000e+00,0.000000000000000000e+00,1.700000000000000000e+02,1.085946944876156294e+03,3.051008500632304390e+02,2.116900000000000000e+06,1.568199999999999872e-01,-5.030647799999920267e+01,1.000000000000000000e+00
1.291272800381060033e-03,3.458303336373850893e-03,1.389383700853666692e+00,-5.580504451865779814e+00,2.000000000000000000e+01,6.839564502047461303e-02,0.000000000000000000e+00,0.000000000000000000e+00,0.000000000000000000e+00,0.000000000000000000e+00,0.000000000000000000e+00,0.000000000000000000e+00,1.710000000000000000e+02,1.085637802933917101e+03,3.061311771527610404e+02,2.116900000000000000e+06,1.811200000000000032e-01,-6.760484300000247515e+01,1.000000000000000000e+00
1.080843353438295943e-03,3.661681921503542707e-03,1.151796657291198844e+00,-5.962422997989483164e+00,2.000000000000000000e+01,6.807332459018079762e-02,0.000000000000000000e+00,0.000000000000000000e+00,0.000000000000000000e+00,0.000000000000000000e+00,0.000000000000000000e+00,0.000000000000000000e+00,1.720000000000000000e+02,1.000984822163361173e+03,3.166668569919324909e+02,2.116300000000000000e+06,1.568199999999999872e-01,-6.183262800000152737e+01,1.000000000000000000e+00
3.293239919274550901e-03,3.116259368635426134e-03,1.138437604511181256e+00,2.834896540964551015e+00,2.000000000000000000e+01,6.537523180922076571e-02,0.000000000000000000e+00,0.000000000000000000e+00,0.000000000000000000e+00,0.000000000000000000e+00,0.000000000000000000e+00,0.000000000000000000e+00,1.730000000000000000e+02,3.949080053329133534e+03,1.381844021289922750e+02,2.120200000000000000e+06,3.385799999999999921e-01,-6.382570500000468883e+02,1.000000000000000000e+00
1.078311337844596682e-03,3.369465481645646417e-03,1.299387442301361606e+00,-2.880593420222067547e+00,2.000000000000000000e+01,6.894447223871839892e-02,0.000000000000000000e+00,0.000000000000000000e+00,0.000000000000000000e+00,0.000000000000000000e+00,0.000000000000000000e+00,0.000000000000000000e+00,1.740000000000000000e+02,1.895125763733242138e+03,2.382304038176197878e+02,2.119700000000000000e+06,2.227300000000000113e-01,-9.845641999999529048e+01,1.000000000000000000e+00
1.460107941810274285e-03,3.074287723270445038e-03,1.346498444009791573e+00,-4.278203633108644155e+00,2.000000000000000000e+01,6.790456901243185905e-02,0.000000000000000000e+00,0.000000000000000000e+00,0.000000000000000000e+00,0.000000000000000000e+00,0.000000000000000000e+00,0.000000000000000000e+00,1.750000000000000000e+02,1.454960110184782707e+03,2.735989892850420233e+02,2.118500000000000000e+06,1.417599999999999971e-01,-5.246302600000108640e+01,1.000000000000000000e+00
1.186117108856649810e-03,3.575793372317902057e-03,1.346736370789196613e+00,-7.233924396424377790e+00,2.000000000000000000e+01,6.830816782386016361e-02,0.000000000000000000e+00,0.000000000000000000e+00,0.000000000000000000e+00,0.000000000000000000e+00,0.000000000000000000e+00,0.000000000000000000e+00,1.760000000000000000e+02,6.602400619345945643e+02,3.471478810475780961e+02,2.114300000000000000e+06,1.801300000000000123e-01,-6.463645500000149013e+01,1.000000000000000000e+00
1.346469417907201344e-03,3.476838590792879352e-03,1.386038080772212577e+00,-4.945978282519365443e+00,2.000000000000000000e+01,6.829742823260410989e-02,0.000000000000000000e+00,0.000000000000000000e+00,0.000000000000000000e+00,0.000000000000000000e+00,0.000000000000000000e+00,0.000000000000000000e+00,1.770000000000000000e+02,1.278031620225835013e+03,2.910075772649884129e+02,2.117700000000000000e+06,1.718300000000000105e-01,-6.362140600000028456e+01,1.000000000000000000e+00
1.339178171028002854e-03,3.280636103613467601e-03,1.372966634636469729e+00,-4.945642130703180150e+00,2.000000000000000000e+01,6.851199978055107220e-02,0.000000000000000000e+00,0.000000000000000000e+00,0.000000000000000000e+00,0.000000000000000000e+00,0.000000000000000000e+00,0.000000000000000000e+00,1.780000000000000000e+02,1.278993372681390838e+03,2.910001100780586398e+02,2.117700000000000000e+06,1.850600000000000023e-01,-7.565293500000191784e+01,1.000000000000000000e+00
1.390670898834503672e-03,3.075455396728165453e-03,1.333209344356768966e+00,-4.959300075669819563e+00,2.000000000000000000e+01,6.812230243962594245e-02,0.000000000000000000e+00,0.000000000000000000e+00,0.000000000000000000e+00,0.000000000000000000e+00,0.000000000000000000e+00,0.000000000000000000e+00,1.790000000000000000e+02,1.270234555675435558e+03,2.913023523710325549e+02,2.117700000000000000e+06,1.571799999999999864e-01,-6.023073300000194763e+01,1.000000000000000000e+00
1.206720804861772384e-03,3.223212806150893908e-03,1.322372318681926950e+00,-4.962458475796592161e+00,2.000000000000000000e+01,6.863691346112374414e-02,0.000000000000000000e+00,0.000000000000000000e+00,0.000000000000000000e+00,0.000000000000000000e+00,0.000000000000000000e+00,0.000000000000000000e+00,1.800000000000000000e+02,1.264498389244084365e+03,2.913719086510707825e+02,2.117700000000000000e+06,1.946499999999999897e-01,-8.259834899999626145e+01,1.000000000000000000e+00
7.955727774370023944e-04,3.360186740947922190e-03,8.882249076577484193e-01,-3.043069744998776471e+00,2.000000000000000000e+01,6.764908853234555264e-02,0.000000000000000000e+00,0.000000000000000000e+00,0.000000000000000000e+00,0.000000000000000000e+00,0.000000000000000000e+00,0.000000000000000000e+00,1.810000000000000000e+02,1.812253418798264192e+03,2.416228895071633360e+02,2.119600000000000000e+06,1.278100000000000069e-01,-5.234960900000130124e+01,1.000000000000000000e+00
9.041425592188120225e-04,3.340176409388362442e-03,9.506308755415229239e-01,-3.128078931241361715e+00,2.000000000000000000e+01,7.294467860391146141e-02,0.000000000000000000e+00,0.000000000000000000e+00,0.000000000000000000e+00,0.000000000000000000e+00,0.000000000000000000e+00,0.000000000000000000e+00,1.820000000000000000e+02,1.808440968463062063e+03,2.436441361211284118e+02,2.119600000000000000e+06,1.957500000000000073e-01,-1.192362809999918483e+02,1.000000000000000000e+00
1.317674731549648131e-03,3.434951209196934405e-03,1.357500099617488853e+00,-5.429650125792766957e+00,2.000000000000000000e+01,6.825350046571476703e-02,0.000000000000000000e+00,0.000000000000000000e+00,0.000000000000000000e+00,0.000000000000000000e+00,0.000000000000000000e+00,0.000000000000000000e+00,1.830000000000000000e+02,1.142410195653541450e+03,3.032556656857267399e+02,2.117100000000000000e+06,1.691300000000000026e-01,-6.291205599999931053e+01,1.000000000000000000e+00
1.531595544673043608e-03,3.596409872971075700e-03,1.501328954157409301e+00,-3.718840241039112815e+00,2.000000000000000000e+01,7.206224338792954764e-02,0.000000000000000000e+00,0.000000000000000000e+00,0.000000000000000000e+00,0.000000000000000000e+00,0.000000000000000000e+00,0.000000000000000000e+00,1.840000000000000000e+02,1.576737960210296706e+03,2.656981678133784044e+02,2.118900000000000000e+06,1.789399999999999880e-01,-7.825949999999902218e+01,1.000000000000000000e+00
1.322866357905457891e-03,3.473085290738797942e-03,1.340445784816872266e+00,-3.932469529985237688e+00,2.000000000000000000e+01,6.823328385487675840e-02,0.000000000000000000e+00,0.000000000000000000e+00,0.000000000000000000e+00,0.000000000000000000e+00,0.000000000000000000e+00,0.000000000000000000e+00,1.850000000000000000e+02,1.583199829199575106e+03,2.647727071261963374e+02,2.118800000000000000e+06,1.645300000000000096e-01,-6.156360000000071153e+01,1.000000000000000000e+00
1.493331308979624523e-03,3.244176743658065340e-03,1.381671462466098177e+00,-4.032823515655858060e+00,2.000000000000000000e+01,6.824001331903467582e-02,0.000000000000000000e+00,0.000000000000000000e+00,0.000000000000000000e+00,0.000000000000000000e+00,0.000000000000000000e+00,0.000000000000000000e+00,1.860000000000000000e+02,1.554180975671208216e+03,2.678930069062726602e+02,2.118700000000000000e+06,1.642800000000000094e-01,-6.509523599999820931e+01,1.000000000000000000e+00
8.975893521747261910e-04,3.678292317252063268e-03,9.922990079505865646e-01,-3.939322475192450934e+00,2.000000000000000000e+01,7.470689126600138508e-02,0.000000000000000000e+00,0.000000000000000000e+00,0.000000000000000000e+00,0.000000000000000000e+00,0.000000000000000000e+00,0.000000000000000000e+00,1.870000000000000000e+02,1.541674064598926634e+03,2.686268463698974642e+02,2.118800000000000000e+06,1.859200000000000019e-01,-8.232915500000545705e+01,1.000000000000000000e+00
1.769293215102803749e-03,2.987700847517553784e-03,1.378063295268319610e+00,-1.847916190835089845e+00,2.000000000000000000e+01,6.766273076267936837e-02,0.000000000000000000e+00,0.000000000000000000e+00,0.000000000000000000e+00,0.000000000000000000e+00,0.000000000000000000e+00,0.000000000000000000e+00,1.880000000000000000e+02,2.192417027783743379e+03,2.109937372699581886e+02,2.120400000000000000e+06,1.308799999999999963e-01,-5.053471899999912154e+01,1.000000000000000000e+00
1.402645141558358241e-03,3.538267737389448001e-03,1.416219211702874681e+00,-5.191116243962126120e+00,2.000000000000000000e+01,6.822587981965491655e-02,0.000000000000000000e+00,0.000000000000000000e+00,0.000000000000000000e+00,0.000000000000000000e+00,0.000000000000000000e+00,0.000000000000000000e+00,1.890000000000000000e+02,1.220546820145184029e+03,2.969422238133598739e+02,2.117300000000000000e+06,1.681900000000000062e-01,-6.070356599999858815e+01,1.000000000000000000e+00
1.194901831640801529e-03,3.695828673810268826e-03,1.367096725841924876e+00,-6.680573753290307337e+00,2.000000000000000000e+01,6.841749892333970351e-02,0.000000000000000000e+00,0.000000000000000000e+00,0.000000000000000000e+00,0.000000000000000000e+00,0.000000000000000000e+00,0.000000000000000000e+00,1.900000000000000000e+02,7.898969601704858405e+02,3.338582821716855165e+02,2.115200000000000000e+06,1.867000000000000048e-01,-6.875175800000111792e+01,1.000000000000000000e+00
1.312628519356710127e-03,3.471845120040188606e-03,1.347245390954763256e+00,-5.025052333422127759e+00,2.000000000000000000e+01,6.821346266626406030e-02,0.000000000000000000e+00,0.000000000000000000e+00,0.000000000000000000e+00,0.000000000000000000e+00,0.000000000000000000e+00,0.000000000000000000e+00,1.910000000000000000e+02,1.259590259641251123e+03,2.927388430265371539e+02,2.117600000000000000e+06,1.656900000000000039e-01,-6.105496499999844673e+01,1.000000000000000000e+00
1.254742042983366095e-03,3.417331798589577727e-03,1.347694841907333796e+00,-6.062211173721012258e+00,2.000000000000000000e+01,6.851065545201000251e-02,0.000000000000000000e+00,0.000000000000000000e+00,0.000000000000000000e+00,0.000000000000000000e+00,0.000000000000000000e+00,0.000000000000000000e+00,1.920000000000000000e+02,9.740231515878050459e+02,3.186881834482840645e+02,2.116200000000000000e+06,1.891899999999999971e-01,-7.680538800000070410e+01,1.000000000000000000e+00
1.446868893886015363e-03,3.348382956869638653e-03,1.350470078695296117e+00,-4.991595749305918872e+00,2.000000000000000000e+01,6.716046611117788834e-02,0.000000000000000000e+00,0.000000000000000000e+00,0.000000000000000000e+00,0.000000000000000000e+00,0.000000000000000000e+00,0.000000000000000000e+00,1.930000000000000000e+02,1.384563888975930013e+03,2.816198414600156639e+02,2.118100000000000000e+06,1.685899999999999899e-01,-6.467996700000188071e+01,1.000000000000000000e+00
2.565959786283661045e-03,2.785783162993296386e-03,1.424096666160782121e+00,2.160701398382686378e+00,2.000000000000000000e+01,6.896817785094175313e-02,0.000000000000000000e+00,0.000000000000000000e+00,0.000000000000000000e+00,0.000000000000000000e+00,0.000000000000000000e+00,0.000000000000000000e+00,1.940000000000000000e+02,3.461662828340441138e+03,1.386905693763436034e+02,2.120700000000000000e+06,5.095199999999999729e-01,-1.053842999999936410e+03,1.000000000000000000e+00
2.231679775281520707e-03,2.250051332944403258e-03,9.535872133136059636e-01,2.297150168443376828e+00,2.000000000000000000e+01,6.898124902264657354e-02,0.000000000000000000e+00,0.000000000000000000e+00,0.000000000000000000e+00,0.000000000000000000e+00,0.000000000000000000e+00,0.000000000000000000e+00,1.950000000000000000e+02,3.521454363797775386e+03,1.386291954781252400e+02,2.120400000000000000e+06,4.385999999999999899e-01,-1.134801656999502256e+03,1.000000000000000000e+00
2.135368461425592515e-03,2.641811698121994661e-03,1.455033250071529727e+00,-1.201292848685125841e-01,2.000000000000000000e+01,6.841300657160034882e-02,0.000000000000000000e+00,0.000000000000000000e+00,0.000000000000000000e+00,0.000000000000000000e+00,0.000000000000000000e+00,0.000000000000000000e+00,1.960000000000000000e+02,2.651888266981456582e+03,1.715518639289287535e+02,2.120900000000000000e+06,1.683499999999999996e-01,-8.817591300000273691e+01,1.000000000000000000e+00
1.162515587755774422e-03,3.084611621825295805e-03,1.028369357159358843e+00,-3.937015102888097307e-01,2.000000000000000000e+01,7.255062439463291768e-02,0.000000000000000000e+00,0.000000000000000000e+00,0.000000000000000000e+00,0.000000000000000000e+00,0.000000000000000000e+00,0.000000000000000000e+00,1.970000000000000000e+02,2.559809051774466752e+03,1.765979286180572103e+02,2.120900000000000000e+06,2.487300000000000066e-01,-2.044183910000004971e+02,1.000000000000000000e+00
1.657771502857254475e-03,2.667980933551910606e-03,9.987437955043567683e-01,-7.252587514858820361e-01,2.000000000000000000e+01,6.698935255744697947e-02,0.000000000000000000e+00,0.000000000000000000e+00,0.000000000000000000e+00,0.000000000000000000e+00,0.000000000000000000e+00,0.000000000000000000e+00,1.980000000000000000e+02,2.555763756744137481e+03,1.850186175435119935e+02,2.120800000000000000e+06,1.013700000000000018e-01,-5.377479100000081758e+01,1.000000000000000000e+00
1.228088471435649425e-03,2.163016396232882686e-03,9.201453156981306281e-01,-1.964004128373772196e-01,2.000000000000000000e+01,7.463189768699370064e-02,0.000000000000000000e+00,0.000000000000000000e+00,0.000000000000000000e+00,0.000000000000000000e+00,0.000000000000000000e+00,0.000000000000000000e+00,1.990000000000000000e+02,2.609395795690641080e+03,1.729277255254421561e+02,2.121000000000000000e+06,1.102500000000000008e-01,-5.583261199999854796e+01,1.000000000000000000e+00
