2.524666822914117988e-03,5.585746864285067934e-03,3.508709619282405212e-01,2.794022958136205048e+00,2.000000000000000000e+01,7.150947456153772253e-02,0.000000000000000000e+00,0.000000000000000000e+00,0.000000000000000000e+00,0.000000000000000000e+00,-3.736966484147347956e+01,6.095291526494771794e+00,0.000000000000000000e+00,4.646568507693611537e+03,8.733895869162135739e+01,2.675000000000000000e+06,4.139100000000000001e-01,-1.227154860000065582e+03,1.000000000000000000e+00
2.552207359767671730e-03,6.513898768388619830e-04,4.472582395403784661e-01,-2.331363500310269643e+01,2.000000000000000000e+01,8.147267051779286118e-02,0.000000000000000000e+00,0.000000000000000000e+00,0.000000000000000000e+00,0.000000000000000000e+00,-9.271593111401628562e+01,6.163242482818364287e+00,1.000000000000000000e+00,8.178778969025033518e+01,2.879723871665251522e+02,2.064700000000000000e+06,7.280200000000000560e-02,-9.672117899999999224e+01,1.000000000000000000e+00
2.375827815240733488e-03,5.308907807525865483e-03,2.169454459333757801e-01,2.957265589624478608e+00,2.000000000000000000e+01,7.410131962867899658e-02,0.000000000000000000e+00,0.000000000000000000e+00,0.000000000000000000e+00,0.000000000000000000e+00,-3.978869028980315647e+01,5.132593462917693472e+00,2.000000000000000000e+00,4.394032527601679249e+03,9.001142633781422830e+01,2.570500000000000000e+06,3.906700000000000172e-01,-1.481039999999495876e+03,1.000000000000000000e+00
2.757601724803086622e-03,9.685592928417456659e-04,4.065870295862282213e-01,-3.003890708148532873e+00,2.000000000000000000e+01,7.279895175571943211e-02,0.000000000000000000e+00,0.000000000000000000e+00,0.000000000000000000e+00,0.000000000000000000e+00,-9.601651190650946432e+01,5.816460056084020280e+00,3.000000000000000000e+00,1.363513344864150270e+02,1.940875768278790474e+02,2.074500000000000000e+06,2.353500000000000036e-01,-3.473228739999879622e+02,1.000000000000000000e+00
1.552923643260292579e-03,2.291544289633293437e-03,2.493294972603846693e-01,9.677263343748940372e+00,2.000000000000000000e+01,8.084293666279226964e-02,0.000000000000000000e+00,0.000000000000000000e+00,0.000000000000000000e+00,0.000000000000000000e+00,-7.295243227459394575e+01,7.652327452027611443e+00,4.000000000000000000e+00,1.576559069406708602e+02,1.473049557402966627e+02,2.382400000000000000e+06,5.585099999999999787e-02,-1.471735809999971991e+02,1.000000000000000000e+00
3.628780570497356674e-03,1.909951523456850141e-03,3.273980928857667116e-01,4.707202509975632054e-01,2.000000000000000000e+01,7.608180267713508804e-02,0.000000000000000000e+00,0.000000000000000000e+00,0.000000000000000000e+00,0.000000000000000000e+00,-4.365095819425755508e+01,7.640434491615701873e+00,5.000000000000000000e+00,2.821080151847392244e+03,9.182837622097969188e+01,2.757000000000000000e+06,6.487600000000000033e-01,-1.913624429999621952e+03,1.000000000000000000e+00
3.839234968943523903e-03,2.325020026817674508e-03,1.269188171107274332e+00,-1.211400180982539609e+01,2.000000000000000000e+01,6.594354135438328102e-02,0.000000000000000000e+00,0.000000000000000000e+00,0.000000000000000000e+00,0.000000000000000000e+00,-7.081902037838612785e+01,5.994370548623860984e+00,6.000000000000000000e+00,1.815927188647153230e+02,1.268909292409547049e+02,2.340900000000000000e+06,8.272899999999999698e-02,-5.208379000000024917e+01,1.000000000000000000e+00
4.563114241236759794e-03,3.207838176898883745e-03,1.364621077100739210e+00,-1.232000402378430692e+01,2.000000000000000000e+01,7.038235730201899965e-02,0.000000000000000000e+00,0.000000000000000000e+00,0.000000000000000000e+00,0.000000000000000000e+00,-6.026848158861881188e+01,9.472951745177679683e+00,7.000000000000000000e+00,3.131454354332943240e+02,1.184650163388293294e+02,2.660100000000000000e+06,6.401700000000000168e-01,-1.681009200000302371e+03,1.000000000000000000e+00
4.039482553986032017e-03,4.549865244751149194e-03,8.404901288524395664e-01,-2.613024457448018367e+00,2.000000000000000000e+01,6.498948049413624806e-02,0.000000000000000000e+00,0.000000000000000000e+00,0.000000000000000000e+00,0.000000000000000000e+00,-6.849997553434398867e+01,5.003107686558658784e+00,8.000000000000000000e+00,6.315066431100194677e+02,1.117770612452201675e+02,2.337600000000000000e+06,6.232700000000000046e-02,-6.475702999999970189e+01,1.000000000000000000e+00
3.094133821217018212e-03,2.222573341551550320e-03,9.792197769901247462e-01,1.747601089001022956e-01,2.000000000000000000e+01,6.633482171706941988e-02,0.000000000000000000e+00,0.000000000000000000e+00,0.000000000000000000e+00,0.000000000000000000e+00,-5.702049724174506196e+01,7.598039601315713654e+00,9.000000000000000000e+00,7.773148285770780603e+02,1.007238316214745026e+02,2.603900000000000000e+06,7.919900000000000551e-02,-6.249677999999954636e+01,1.000000000000000000e+00
3.348518486854484659e-03,3.540011242117828850e-03,7.495083973423749546e-01,-1.671263848047993994e+00,2.000000000000000000e+01,6.770852912808544843e-02,0.000000000000000000e+00,0.000000000000000000e+00,0.000000000000000000e+00,0.000000000000000000e+00,-5.722787124327224717e+01,7.537651300225597595e+00,1.000000000000000000e+01,7.646330296361001047e+02,1.039545849788036662e+02,2.598300000000000000e+06,1.044000000000000067e-01,-1.507004999999994936e+02,1.000000000000000000e+00
1.912269489180791655e-03,4.788796998584697248e-03,2.020343858647540569e-01,3.577232343723512731e+00,2.000000000000000000e+01,7.580539440946765239e-02,0.000000000000000000e+00,0.000000000000000000e+00,0.000000000000000000e+00,0.000000000000000000e+00,-5.103478512526254463e+01,5.010377816835820397e+00,1.100000000000000000e+01,2.871398154186435477e+03,9.490263937844582642e+01,2.481000000000000000e+06,4.185599999999999876e-01,-1.860812400998843714e+03,1.000000000000000000e+00
2.308454954842298693e-03,6.281216465624955315e-03,2.252400357222406613e-01,3.721962155050519527e+00,2.000000000000000000e+01,6.743921181847672974e-02,0.000000000000000000e+00,0.000000000000000000e+00,0.000000000000000000e+00,0.000000000000000000e+00,-5.575980724889308249e+01,7.171072962053297140e+00,1.200000000000000000e+01,3.562432719877290310e+03,1.004165077282302434e+02,2.600900000000000000e+06,7.346500000000000252e-02,-2.391846969999870396e+02,1.000000000000000000e+00
3.526032019992166901e-03,5.929950606905751154e-03,4.141932802658320756e-01,3.208451152641698556e+00,2.000000000000000000e+01,6.859505819964734075e-02,0.000000000000000000e+00,0.000000000000000000e+00,0.000000000000000000e+00,0.000000000000000000e+00,-2.484314210928212674e+01,5.954822881247728183e+00,1.300000000000000000e+01,7.569248538153300615e+03,9.193564488395156786e+01,2.735400000000000000e+06,1.985599999999999865e-01,-4.194645699999866224e+02,1.000000000000000000e+00
2.519252404559074211e-03,4.223450072856943689e-03,4.658784505173261259e-01,2.556902795655664029e+00,2.000000000000000000e+01,7.372927621411023980e-02,0.000000000000000000e+00,0.000000000000000000e+00,0.000000000000000000e+00,0.000000000000000000e+00,-7.476040116995405072e+01,3.090579306067881671e+00,1.400000000000000000e+01,2.403275009094210873e+03,1.020204909643434092e+02,2.215900000000000000e+06,4.874700000000000144e-01,-2.239819725000010294e+03,1.000000000000000000e+00
2.241954727462722001e-03,5.196118464481111129e-03,1.379286163178144120e+00,-3.425844053382043342e-01,2.000000000000000000e+01,6.899122800686961765e-02,0.000000000000000000e+00,0.000000000000000000e+00,0.000000000000000000e+00,0.000000000000000000e+00,-5.720773125158564199e+01,8.050936510341232477e+00,1.500000000000000000e+01,7.782162185056374710e+02,1.024507578454026486e+02,2.634200000000000000e+06,2.645799999999999819e-01,-1.851883739999962302e+02,1.000000000000000000e+00
1.556980566111580699e-03,3.566956990701975784e-03,3.246196516248616160e-01,-2.856803903332812666e+01,2.000000000000000000e+01,6.904824809027949872e-02,0.000000000000000000e+00,0.000000000000000000e+00,0.000000000000000000e+00,0.000000000000000000e+00,-6.510442387173236511e+01,8.892724751177119913e+00,1.600000000000000000e+01,1.987388264169697436e+02,1.438701790559026108e+02,2.510000000000000000e+06,8.298099999999999921e-02,-1.114292999999974825e+02,1.000000000000000000e+00
4.901267393476231582e-03,6.308375633129135671e-03,1.420558343184485040e+00,-1.519605986805114206e+01,2.000000000000000000e+01,7.164931119162105955e-02,0.000000000000000000e+00,0.000000000000000000e+00,0.000000000000000000e+00,0.000000000000000000e+00,-5.896320410115680488e+01,9.423446716006063539e+00,1.700000000000000000e+01,3.513416562200648059e+02,1.198409327252047518e+02,2.674000000000000000e+06,5.857499999999999929e-01,-1.723390129999542751e+03,1.000000000000000000e+00
3.498594156985142603e-03,4.768212392383314180e-03,2.535847116961330028e-01,1.728281183989082592e+00,2.000000000000000000e+01,7.042689527820290840e-02,0.000000000000000000e+00,0.000000000000000000e+00,0.000000000000000000e+00,0.000000000000000000e+00,-2.855135519008015876e+01,5.468855746831255082e+00,1.800000000000000000e+01,5.856055754752335815e+03,9.519794297718441101e+01,2.668300000000000000e+06,1.545999999999999874e-01,-4.132200900000063939e+02,1.000000000000000000e+00
1.823386710308642390e-03,7.325757224135625439e-03,1.070075795346835612e+00,3.214321498033623214e-01,2.000000000000000000e+01,6.947645033380034363e-02,0.000000000000000000e+00,0.000000000000000000e+00,0.000000000000000000e+00,0.000000000000000000e+00,-5.339289591313084316e+01,3.737761105055140032e+00,1.900000000000000000e+01,4.063797000978904180e+03,1.017989883687710204e+02,2.379700000000000000e+06,4.532399999999999762e-01,-4.588516169999621752e+02,1.000000000000000000e+00
4.468709929937474644e-03,2.775753357649182566e-03,9.929084504777130338e-01,3.005015635590022605e+00,2.000000000000000000e+01,6.482747023553855903e-02,0.000000000000000000e+00,0.000000000000000000e+00,0.000000000000000000e+00,0.000000000000000000e+00,-1.025098283059021327e+02,4.668341903044981755e+00,2.000000000000000000e+01,1.829573578122652862e+02,1.612543553932083000e+02,2.021700000000000000e+06,6.263299999999999423e-02,-5.348022999999980698e+01,1.000000000000000000e+00
3.516946870864482919e-03,3.858964813401389964e-03,9.295241176349087198e-01,-2.526214741833053168e+00,2.000000000000000000e+01,6.860398711223614221e-02,0.000000000000000000e+00,0.000000000000000000e+00,0.000000000000000000e+00,0.000000000000000000e+00,-9.750569137363396521e+01,3.796421724445714130e+00,2.100000000000000000e+01,3.970606029836599191e+02,1.238090618954059323e+02,2.075100000000000000e+06,1.598100000000000076e-01,-2.316464800000028958e+02,1.000000000000000000e+00
3.432258754192663280e-03,1.199813022670169656e-03,1.790587040603257851e-01,3.860277303204583177e+00,2.000000000000000000e+01,7.223934756038832838e-02,0.000000000000000000e+00,0.000000000000000000e+00,0.000000000000000000e+00,0.000000000000000000e+00,-2.974206129351631489e+01,3.977614290412478937e+00,2.200000000000000000e+01,4.688135549446243203e+03,1.016995720939327867e+02,2.510600000000000000e+06,4.526499999999999968e-02,-1.227511999999965298e+02,1.000000000000000000e+00
3.667242942081150748e-03,4.561734597359343862e-03,3.500651584190642152e-01,-1.010731822684929782e+00,2.000000000000000000e+01,6.737089491227535309e-02,0.000000000000000000e+00,0.000000000000000000e+00,0.000000000000000000e+00,0.000000000000000000e+00,-6.312783411192764760e+01,4.873977411992093778e+00,2.300000000000000000e+01,1.643587399825264356e+03,1.045380532482136431e+02,2.380300000000000000e+06,6.697999999999999787e-02,-1.631770499999988147e+02,1.000000000000000000e+00
3.198722095220588556e-03,3.325389629947269037e-03,6.961589053359391599e-01,-1.709502281875964869e+00,2.000000000000000000e+01,6.813232749568258473e-02,0.000000000000000000e+00,0.000000000000000000e+00,0.000000000000000000e+00,0.000000000000000000e+00,-4.922448360956971669e+01,6.504392224200557848e+00,2.400000000000000000e+01,1.420104199163949943e+03,1.059201952695616740e+02,2.610600000000000000e+06,1.150199999999999972e-01,-1.789251399999982652e+02,1.000000000000000000e+00
3.789621423063528616e-03,2.520795032972592692e-03,7.978410537311769746e-01,-1.479463840266224040e+01,2.000000000000000000e+01,6.718307301618969829e-02,0.000000000000000000e+00,0.000000000000000000e+00,0.000000000000000000e+00,0.000000000000000000e+00,-9.548126652179803386e+01,4.989178316812317604e+00,2.500000000000000000e+01,2.539416434560614562e+02,1.604274039651056682e+02,2.061100000000000000e+06,8.516600000000000559e-02,-1.078858200000008623e+02,1.000000000000000000e+00
2.938033288894539852e-03,3.617017877578070258e-03,6.910035366113225219e-01,2.399319899958064717e+00,2.000000000000000000e+01,7.001528078449525960e-02,0.000000000000000000e+00,0.000000000000000000e+00,0.000000000000000000e+00,0.000000000000000000e+00,-1.017114508308335417e+02,4.429364671367331141e+00,2.600000000000000000e+01,2.694692339807397730e+02,1.503160313225818356e+02,2.036700000000000000e+06,4.106199999999999850e-01,-7.556510279999566819e+02,1.000000000000000000e+00
2.415187085163584147e-03,3.906155293616431212e-03,6.734007488315015832e-01,1.191567771887890093e+00,2.000000000000000000e+01,7.088825763018861970e-02,0.000000000000000000e+00,0.000000000000000000e+00,0.000000000000000000e+00,0.000000000000000000e+00,-3.681883218721357309e+01,3.513256668865541776e+00,2.700000000000000000e+01,3.439936506206568538e+03,1.032006894485486725e+02,2.440200000000000000e+06,5.774899999999999478e-01,-1.468319999999637503e+03,1.000000000000000000e+00
3.518703159522432351e-03,3.930334305104111851e-03,1.071777404635735342e+00,3.366350984092392196e+00,2.000000000000000000e+01,6.962652509194718065e-02,0.000000000000000000e+00,0.000000000000000000e+00,0.000000000000000000e+00,0.000000000000000000e+00,-6.838216901098415690e+01,7.449499938779302610e+00,2.800000000000000000e+01,3.661721898282285679e+02,1.279733529758640742e+02,2.457200000000000000e+06,4.120199999999999974e-01,-6.763517999999698986e+02,1.000000000000000000e+00
3.914408659895944609e-03,4.522715205408395223e-03,2.532719385797052580e-01,6.648436477107342313e-01,2.000000000000000000e+01,6.905397889839448577e-02,0.000000000000000000e+00,0.000000000000000000e+00,0.000000000000000000e+00,0.000000000000000000e+00,-6.239592313860349293e+01,2.832855900571687791e+00,2.900000000000000000e+01,4.266791016847144419e+03,1.037507483835685491e+02,2.274000000000000000e+06,8.659500000000000530e-02,-2.297576700000078063e+02,1.000000000000000000e+00
3.258685956114100099e-03,4.386735762129282540e-03,4.867558338345384650e-01,-3.582994422438241511e+00,2.000000000000000000e+01,7.310724150750547157e-02,0.000000000000000000e+00,0.000000000000000000e+00,0.000000000000000000e+00,0.000000000000000000e+00,-6.785793096063365226e+01,5.301817055533886602e+00,3.000000000000000000e+01,8.574013520802205903e+02,1.143139563185206669e+02,2.356500000000000000e+06,6.563099999999999490e-01,-2.296438200000826328e+03,1.000000000000000000e+00
2.700626933142827139e-03,2.723460540080417918e-03,7.870923563360994191e-01,-8.648788448766996595e+00,2.000000000000000000e+01,6.539845777276639960e-02,0.000000000000000000e+00,0.000000000000000000e+00,0.000000000000000000e+00,0.000000000000000000e+00,-1.092861419447174569e+02,3.512570724640764475e+00,3.100000000000000000e+01,3.288280102766865411e+02,1.475939773686340573e+02,1.991300000000000000e+06,6.718799999999999772e-02,-5.392976699999955059e+01,1.000000000000000000e+00
3.206649214708879800e-03,2.188726333137969247e-03,7.602559255312639763e-01,1.719602367253726172e+00,2.000000000000000000e+01,7.422325806590965303e-02,0.000000000000000000e+00,0.000000000000000000e+00,0.000000000000000000e+00,0.000000000000000000e+00,-9.040406694376960672e+01,3.108867274800771519e+00,3.200000000000000000e+01,1.978746796558159986e+03,1.080350292907535845e+02,2.124100000000000000e+06,3.189400000000000013e-01,-1.105452900000190539e+03,1.000000000000000000e+00
2.172570613177265009e-03,4.265077165152363937e-03,7.253201429500415465e-01,4.489482528409958206e+00,2.000000000000000000e+01,6.916963829109809558e-02,0.000000000000000000e+00,0.000000000000000000e+00,0.000000000000000000e+00,0.000000000000000000e+00,-2.362571475518694797e+01,5.374706080282749987e+00,3.300000000000000000e+01,5.260326118197863252e+03,1.031187630221629661e+02,2.677900000000000000e+06,3.975400000000000045e-01,-4.855183989999986238e+02,1.000000000000000000e+00
3.652654390716413620e-03,2.994472584377559556e-03,2.687443439748076202e-01,-1.228969910186311054e+01,2.000000000000000000e+01,8.617185707062199884e-02,0.000000000000000000e+00,0.000000000000000000e+00,0.000000000000000000e+00,0.000000000000000000e+00,-8.949482475309285689e+01,4.859041081397669437e+00,3.400000000000000000e+01,3.665634800538494460e+02,1.385172699820778917e+02,2.124300000000000000e+06,2.496999999999999914e-02,-6.344217000000018203e+01,1.000000000000000000e+00
3.564854394740486505e-03,3.379376624857639063e-03,1.110623588841866960e+00,-2.251165931076097948e+01,2.000000000000000000e+01,6.800557339565503623e-02,0.000000000000000000e+00,0.000000000000000000e+00,0.000000000000000000e+00,0.000000000000000000e+00,-5.545570338651282327e+01,9.097054963306385744e+00,3.500000000000000000e+01,3.906683309423460742e+02,1.311059764263600300e+02,2.679800000000000000e+06,1.739999999999999880e-01,-2.285100900000065280e+02,1.000000000000000000e+00
2.749965818218615739e-03,7.012545717444515492e-03,1.902403670139149461e-01,-9.499137606001518463e+00,2.000000000000000000e+01,8.010856019038196940e-02,0.000000000000000000e+00,0.000000000000000000e+00,0.000000000000000000e+00,0.000000000000000000e+00,-6.558484648597423927e+01,6.048945141651484114e+00,3.600000000000000000e+01,4.139299466960555378e+02,1.274488896836043068e+02,2.407700000000000000e+06,1.296700000000000075e-01,-1.006136991999797942e+03,1.000000000000000000e+00
3.395712483561378389e-03,4.918713546211093621e-03,2.332921607347525073e-01,-1.007617064605913271e+00,2.000000000000000000e+01,8.121834191168711414e-02,0.000000000000000000e+00,0.000000000000000000e+00,0.000000000000000000e+00,0.000000000000000000e+00,-4.154885032580332904e+01,6.075248664582923119e+00,3.700000000000000000e+01,2.113839590765122921e+03,1.081360920492738273e+02,2.641200000000000000e+06,1.069100000000000050e-01,-5.026080000000160339e+02,1.000000000000000000e+00
2.492273197156866932e-03,7.293172597437027477e-03,3.220130502366704839e-01,5.029512543617131293e+00,2.000000000000000000e+01,7.124568119709653868e-02,0.000000000000000000e+00,0.000000000000000000e+00,0.000000000000000000e+00,0.000000000000000000e+00,-3.618048244614122666e+01,5.655055737158770413e+00,3.800000000000000000e+01,7.230777533983237845e+03,1.032055553379852455e+02,2.639700000000000000e+06,4.134099999999999997e-01,-1.432656549000120776e+03,1.000000000000000000e+00
1.448080458968379171e-03,6.525726898230331183e-03,7.223141775824506450e-01,-3.207241719023778526e+00,2.000000000000000000e+01,6.890913468820912546e-02,0.000000000000000000e+00,0.000000000000000000e+00,0.000000000000000000e+00,0.000000000000000000e+00,-9.077509027396145314e+01,3.989109117250623004e+00,3.900000000000000000e+01,7.779249170781688463e+02,1.224052979415246369e+02,2.125100000000000000e+06,2.334700000000000109e-01,-2.979521909999843956e+02,1.000000000000000000e+00
1.256503239797492587e-03,6.754712557901171831e-03,6.548365421813945320e-01,-1.575927781495507052e+00,2.000000000000000000e+01,6.731799672547381097e-02,0.000000000000000000e+00,0.000000000000000000e+00,0.000000000000000000e+00,0.000000000000000000e+00,-6.237190730281287898e+01,3.773375424574726189e+00,4.000000000000000000e+01,1.869472919468714053e+03,1.137694508943767602e+02,2.324300000000000000e+06,1.150199999999999972e-01,-1.121244000000026801e+02,1.000000000000000000e+00
3.761422167021699799e-03,5.508535956087241663e-03,4.716444888449511375e-01,4.300413111846435044e-01,2.000000000000000000e+01,7.359318277318700752e-02,0.000000000000000000e+00,0.000000000000000000e+00,0.000000000000000000e+00,0.000000000000000000e+00,-9.747355860048310205e+01,3.379527347202216259e+00,4.100000000000000000e+01,1.587568892759167284e+03,1.146567326687172397e+02,2.079700000000000000e+06,6.740800000000000125e-01,-3.342364199998814001e+03,1.000000000000000000e+00
3.276197488939163252e-03,4.029501340646178369e-03,6.792675434019376235e-01,-2.998248299807328099e+00,2.000000000000000000e+01,7.256354818891209979e-02,0.000000000000000000e+00,0.000000000000000000e+00,0.000000000000000000e+00,0.000000000000000000e+00,-5.865355334379962216e+01,5.143932833770376689e+00,4.200000000000000000e+01,1.442928632827966339e+03,1.150440131905163526e+02,2.430100000000000000e+06,7.281800000000000495e-01,-2.990551199999122218e+03,1.000000000000000000e+00
2.270755964419144107e-03,7.009883992384838974e-03,7.594552210679649251e-01,-1.804317615395497398e+00,2.000000000000000000e+01,6.650090317428539177e-02,0.000000000000000000e+00,0.000000000000000000e+00,0.000000000000000000e+00,0.000000000000000000e+00,-9.000630572903293114e+01,3.033088850930631075e+00,4.300000000000000000e+01,1.441974441057429203e+03,1.176022107877278131e+02,2.127600000000000000e+06,8.955299999999999372e-02,-9.621469999999976608e+01,1.000000000000000000e+00
3.230515777659960508e-03,2.087210529396977578e-03,7.726202198644795960e-01,1.029548326444498230e-01,2.000000000000000000e+01,7.202469104242870124e-02,0.000000000000000000e+00,0.000000000000000000e+00,0.000000000000000000e+00,0.000000000000000000e+00,-9.655436745986679625e+01,2.850696745430404633e+00,4.400000000000000000e+01,2.551535070954801540e+03,1.101463075012463975e+02,2.090500000000000000e+06,7.038799999999999502e-01,-2.201280300000343232e+03,1.000000000000000000e+00
4.448218771269845176e-03,4.114815636793665507e-03,5.463359384030830324e-01,-1.515558539682435324e+01,2.000000000000000000e+01,7.654440456825997718e-02,0.000000000000000000e+00,0.000000000000000000e+00,0.000000000000000000e+00,0.000000000000000000e+00,-9.812113142752914996e+01,5.275391382630472137e+00,4.500000000000000000e+01,2.958150758241018252e+02,1.940152741288713969e+02,2.033200000000000000e+06,3.331799999999999762e-01,-1.419536979999701316e+03,1.000000000000000000e+00
3.882246509891162500e-03,4.177166586298408646e-03,4.413532706940288541e-01,3.207241357914281110e-01,2.000000000000000000e+01,7.199177583912050316e-02,0.000000000000000000e+00,0.000000000000000000e+00,0.000000000000000000e+00,0.000000000000000000e+00,-1.002991042124272951e+02,3.079773019139654622e+00,4.600000000000000000e+01,2.094577699995204057e+03,1.123909411857029141e+02,2.067600000000000000e+06,5.251799999999999802e-01,-1.260485400000229674e+03,1.000000000000000000e+00
5.369133042719690307e-04,5.868061754424057017e-03,5.802941087793384023e-01,8.831535846689675395e-02,2.000000000000000000e+01,7.410644744940675377e-02,0.000000000000000000e+00,0.000000000000000000e+00,0.000000000000000000e+00,0.000000000000000000e+00,-2.301295408543558096e+01,9.180738166536434264e+00,4.700000000000000000e+01,2.955545825634121684e+03,1.093337118695068710e+02,3.084300000000000000e+06,1.759199999999999930e-01,-7.306780000000019015e+01,1.000000000000000000e+00
3.270927197767732175e-03,4.223448475095875274e-03,2.600327984696214623e-01,3.306099959704587476e+00,2.000000000000000000e+01,6.896331602067473643e-02,0.000000000000000000e+00,0.000000000000000000e+00,0.000000000000000000e+00,0.000000000000000000e+00,-8.006349314253969851e+01,2.775256753128773290e+00,4.800000000000000000e+01,4.368017816426310674e+03,1.074882025062531454e+02,2.180100000000000000e+06,9.466900000000000315e-02,-2.476071299999953226e+02,1.000000000000000000e+00
2.893082002100415273e-03,2.611052706298226059e-03,9.663349914218416492e-01,-6.373961500291121851e+00,2.000000000000000000e+01,6.848502278338063076e-02,0.000000000000000000e+00,0.000000000000000000e+00,0.000000000000000000e+00,0.000000000000000000e+00,-1.012470318529520625e+02,3.780301815327510528e+00,4.900000000000000000e+01,4.066182451487039202e+02,1.341123053196517958e+02,2.043500000000000000e+06,1.417200000000000126e-01,-1.675041209999976957e+02,1.000000000000000000e+00
2.989921668416400773e-03,3.919134147068639717e-03,6.273362850890098485e-01,-2.407127680455009511e+01,2.000000000000000000e+01,6.883396562575183619e-02,0.000000000000000000e+00,0.000000000000000000e+00,0.000000000000000000e+00,0.000000000000000000e+00,-6.822160587512563268e+01,5.863984153770745777e+00,5.000000000000000000e+01,4.700613218661508199e+02,1.295713820788179760e+02,2.331600000000000000e+06,1.767199999999999882e-01,-2.398984690000083901e+02,1.000000000000000000e+00
2.733876183425931663e-03,5.277171545305828909e-03,1.081123946960404147e+00,-2.346965021364709081e+00,2.000000000000000000e+01,7.411467884076600177e-02,0.000000000000000000e+00,0.000000000000000000e+00,0.000000000000000000e+00,0.000000000000000000e+00,-7.410121875010865722e+01,6.422552615859013159e+00,5.100000000000000000e+01,4.689415912054063824e+02,1.296538401315188764e+02,2.337600000000000000e+06,1.315699999999999925e-01,-1.214802889999956648e+02,1.000000000000000000e+00
3.792545633734264749e-03,6.894045120789855235e-03,1.256036061778391000e+00,1.617996452254285344e+00,2.000000000000000000e+01,6.833316440137425507e-02,0.000000000000000000e+00,0.000000000000000000e+00,0.000000000000000000e+00,0.000000000000000000e+00,-2.191041206342035252e+01,4.184961991718366470e+00,5.200000000000000000e+01,6.390926909715129113e+03,1.054818002966350861e+02,2.560200000000000000e+06,2.457199999999999940e-01,-2.082302099999942868e+02,1.000000000000000000e+00
2.417250373436574326e-03,3.900643823168464027e-03,6.336229697037878417e-01,2.274583687984716995e+00,2.000000000000000000e+01,6.842532797333486516e-02,0.000000000000000000e+00,0.000000000000000000e+00,0.000000000000000000e+00,0.000000000000000000e+00,-2.701613636176477584e+01,2.723874457218010026e+00,5.300000000000000000e+01,4.480898889222042271e+03,1.066677448934548664e+02,2.394400000000000000e+06,1.604099999999999970e-01,-2.513690399999939586e+02,1.000000000000000000e+00
3.847688648777930400e-03,4.147223411841496898e-03,8.836889441147204316e-01,6.610972716571573926e+00,2.000000000000000000e+01,7.376775825205461601e-02,0.000000000000000000e+00,0.000000000000000000e+00,0.000000000000000000e+00,0.000000000000000000e+00,-3.478843851188605640e+01,9.156832582102595097e+00,5.400000000000000000e+01,3.212671648438942157e+03,1.111366446044039975e+02,2.973200000000000000e+06,3.029000000000000026e-01,-3.628758300000034183e+02,1.000000000000000000e+00
1.639344502344334577e-03,7.932521350934598758e-03,6.967099829822253065e-01,-1.470065178036726472e+01,2.000000000000000000e+01,7.400656764921005604e-02,0.000000000000000000e+00,0.000000000000000000e+00,0.000000000000000000e+00,0.000000000000000000e+00,-6.185335755056269136e+01,8.695732429178878675e+00,5.500000000000000000e+01,1.031084651176762236e+03,1.205849874044999410e+02,2.586800000000000000e+06,1.357500000000000095e-01,-1.700725290000039251e+02,1.000000000000000000e+00
2.733772956200083287e-03,8.330939160465450702e-03,1.393724936041234042e+00,-7.750530009169626311e+00,2.000000000000000000e+01,6.710148924081954513e-02,0.000000000000000000e+00,0.000000000000000000e+00,0.000000000000000000e+00,0.000000000000000000e+00,-6.011532572927876572e+01,7.193584250742475206e+00,5.600000000000000000e+01,9.400978743584812491e+02,1.206198053094683615e+02,2.535000000000000000e+06,1.236199999999999938e-01,-6.470442999999980316e+01,1.000000000000000000e+00
3.594776190951648204e-03,3.180871131106574427e-03,1.921043118255861826e-01,1.426909616427250338e+00,2.000000000000000000e+01,7.216815590935896085e-02,0.000000000000000000e+00,0.000000000000000000e+00,0.000000000000000000e+00,0.000000000000000000e+00,-1.038357754188624540e+02,2.089432809575546557e+00,5.700000000000000000e+01,4.211468006294145198e+03,1.089475351523813345e+02,2.069000000000000000e+06,1.617999999999999994e-01,-3.164710300000032248e+02,1.000000000000000000e+00
4.500318884771637579e-03,5.310688361347652361e-03,6.356592779556741180e-01,4.731078703364392624e+00,2.000000000000000000e+01,7.240630965197450419e-02,0.000000000000000000e+00,0.000000000000000000e+00,0.000000000000000000e+00,0.000000000000000000e+00,-2.477903347304528126e+01,5.002009208340979285e+00,5.800000000000000000e+01,5.137760986619850883e+03,1.074978359275474702e+02,2.632000000000000000e+06,9.725899999999999546e-01,-4.076849999999405100e+03,1.000000000000000000e+00
2.990274825135984943e-03,5.793904470573490659e-03,1.341763162684333377e+00,-1.408976366989478102e+01,2.000000000000000000e+01,7.185545005244683980e-02,0.000000000000000000e+00,0.000000000000000000e+00,0.000000000000000000e+00,0.000000000000000000e+00,-3.701317574252161080e+01,6.782659611432646507e+00,5.900000000000000000e+01,3.206001322880574662e+02,2.458671968143950153e+02,2.720400000000000000e+06,3.380099999999999771e-01,-5.180690659999476111e+02,1.000000000000000000e+00
3.390729098181920372e-03,2.633163797310880076e-03,9.581227532781964040e-01,-1.004626500576594061e+01,2.000000000000000000e+01,6.659506982936545805e-02,0.000000000000000000e+00,0.000000000000000000e+00,0.000000000000000000e+00,0.000000000000000000e+00,-5.634927379665640501e+01,7.248579148323296195e+00,6.000000000000000000e+01,4.183103507233031451e+02,1.347454016638850760e+02,2.576400000000000000e+06,8.297899999999999721e-02,-7.663434000000043511e+01,1.000000000000000000e+00
2.036676589078461642e-03,2.105284997072133860e-03,1.110461022021004274e+00,-1.133779675756903771e+01,2.000000000000000000e+01,7.193376186358499402e-02,0.000000000000000000e+00,0.000000000000000000e+00,0.000000000000000000e+00,0.000000000000000000e+00,-1.132298349995923843e+02,5.537556073920998578e+00,6.100000000000000000e+01,3.251237399697087653e+02,2.832457905145678296e+02,1.885300000000000000e+06,8.173099999999999810e-01,-1.232656599999519131e+03,1.000000000000000000e+00
2.462848870808375182e-03,4.833935871905272949e-03,5.282897859445651045e-01,-9.067256454015923950e-01,2.000000000000000000e+01,6.998636290606927157e-02,0.000000000000000000e+00,0.000000000000000000e+00,0.000000000000000000e+00,0.000000000000000000e+00,-6.741708700313026270e+01,2.936654586993537208e+00,6.200000000000000000e+01,2.484794576472769677e+03,1.147115990116659248e+02,2.252900000000000000e+06,3.303300000000000125e-01,-6.719885000001183926e+02,1.000000000000000000e+00
4.033067634653790881e-03,5.716162057023368992e-03,8.936550970862646714e-01,-8.736318995901969586e+00,2.000000000000000000e+01,6.598214957641471146e-02,0.000000000000000000e+00,0.000000000000000000e+00,0.000000000000000000e+00,0.000000000000000000e+00,-7.064903058586173756e+01,5.203274772010423987e+00,6.300000000000000000e+01,6.990988247869491943e+02,1.298580301512351980e+02,2.318000000000000000e+06,8.310399999999999732e-02,-8.899265999999929022e+01,1.000000000000000000e+00
2.743301295714543637e-03,4.989070320595926505e-03,8.018663471836517953e-01,2.610764876720160999e+00,2.000000000000000000e+01,7.028095478067086788e-02,0.000000000000000000e+00,0.000000000000000000e+00,0.000000000000000000e+00,0.000000000000000000e+00,-1.792072621357351636e+01,2.744528212248931176e+00,6.400000000000000000e+01,5.885688767498530069e+03,1.104217225277171366e+02,2.414200000000000000e+06,6.781300000000000106e-01,-1.398376302000209307e+03,1.000000000000000000e+00
2.997615129378517797e-03,3.381934119176101348e-03,1.889353375118910661e-01,4.851097564775415094e-01,2.000000000000000000e+01,7.118901452253904860e-02,0.000000000000000000e+00,0.000000000000000000e+00,0.000000000000000000e+00,0.000000000000000000e+00,-1.203845304148067328e+02,2.939592051314564358e+00,6.500000000000000000e+01,2.290492706596639891e+03,1.179612340173199101e+02,1.962700000000000000e+06,1.349499999999999866e-01,-2.460350459999980046e+02,1.000000000000000000e+00
3.001576272691489338e-03,7.262871547364681962e-03,2.058432679411456023e-01,-7.619213271888503058e-01,2.000000000000000000e+01,7.111834115229265230e-02,0.000000000000000000e+00,0.000000000000000000e+00,0.000000000000000000e+00,0.000000000000000000e+00,-6.903147852786325700e+01,2.836066009596368787e+00,6.600000000000000000e+01,4.204285507919992597e+03,1.141453974125743969e+02,2.242400000000000000e+06,1.970200000000000007e-01,-6.214346999999654599e+02,1.000000000000000000e+00
1.974941170610006180e-03,7.959762669757007233e-03,2.725010738865546456e-01,-2.718966305200161315e+01,2.000000000000000000e+01,7.049668686949471519e-02,0.000000000000000000e+00,0.000000000000000000e+00,0.000000000000000000e+00,0.000000000000000000e+00,-6.439010382269361799e+01,7.940519676819778994e+00,6.700000000000000000e+01,1.227630590895814748e+03,1.248352829119736782e+02,2.471300000000000000e+06,2.753200000000000092e-01,-2.849252240000122356e+02,1.000000000000000000e+00
4.237718090287063109e-03,1.234751665999597129e-03,1.233857527221362549e-01,-8.349153185385382869e+00,2.000000000000000000e+01,8.026463773521488876e-02,0.000000000000000000e+00,0.000000000000000000e+00,0.000000000000000000e+00,0.000000000000000000e+00,-6.292516573083594267e+01,6.182848872769389992e+00,6.800000000000000000e+01,1.214000982719544254e+03,1.267274169601802498e+02,2.443900000000000000e+06,1.036500000000000060e-01,-7.738770599999051001e+02,1.000000000000000000e+00
1.944851546912305636e-03,5.541886826792823649e-03,4.004992197802839660e-01,6.097886136425505477e-01,2.000000000000000000e+01,7.048681522048466652e-02,0.000000000000000000e+00,0.000000000000000000e+00,0.000000000000000000e+00,0.000000000000000000e+00,-1.187189000638037157e+02,2.295163878247713729e+00,6.900000000000000000e+01,3.124450776982645039e+03,1.148307743813250568e+02,2.002400000000000000e+06,3.080999999999999850e-01,-8.423751689998128995e+02,1.000000000000000000e+00
2.206408748902742752e-03,2.330205701892939293e-03,8.230884801238593784e-01,-1.762931402563612693e+01,2.000000000000000000e+01,6.559743374725873766e-02,0.000000000000000000e+00,0.000000000000000000e+00,0.000000000000000000e+00,0.000000000000000000e+00,-9.673427710121086420e+01,3.591019522963580624e+00,7.000000000000000000e+01,3.828244069446950562e+02,1.643745023965864505e+02,2.052200000000000000e+06,7.803799999999999626e-02,-5.412028800000049245e+01,1.000000000000000000e+00
4.661666937788950735e-03,7.949245558018874780e-03,7.043841763066367445e-01,-1.015555301723463799e+01,2.000000000000000000e+01,7.540700597294593133e-02,0.000000000000000000e+00,0.000000000000000000e+00,0.000000000000000000e+00,0.000000000000000000e+00,-4.361045559789565118e+01,9.423962776911018580e+00,7.100000000000000000e+01,3.817134251778712724e+02,1.653114713619469569e+02,2.898200000000000000e+06,1.772799999999999931e-01,-4.310795999999722312e+02,1.000000000000000000e+00
2.874181924358318145e-03,4.252828330931364940e-03,3.906706969473071056e-01,-2.055261202891957240e+00,2.000000000000000000e+01,6.556143250490360785e-02,0.000000000000000000e+00,0.000000000000000000e+00,0.000000000000000000e+00,0.000000000000000000e+00,-9.528177493468068349e+01,2.751335409385359920e+00,7.200000000000000000e+01,1.442194881420810589e+03,1.232402825600810417e+02,2.098100000000000000e+06,4.538999999999999979e-02,-9.426720000000233313e+01,1.000000000000000000e+00
2.112071775012943665e-03,6.090962142968470508e-03,3.826024657915658711e-01,5.610198390316632810e+00,2.000000000000000000e+01,8.085972378953515394e-02,0.000000000000000000e+00,0.000000000000000000e+00,0.000000000000000000e+00,0.000000000000000000e+00,-3.888335098008642632e+01,5.197440841700966097e+00,7.300000000000000000e+01,4.936742317967047711e+03,1.125395241594077049e+02,2.576400000000000000e+06,5.231500000000000039e-02,-6.835839999999961947e+01,1.000000000000000000e+00
4.189154684831236479e-03,5.121860556857048968e-03,4.398717729164265400e-01,-2.285885070122781570e+01,2.000000000000000000e+01,6.527374957136954092e-02,0.000000000000000000e+00,0.000000000000000000e+00,0.000000000000000000e+00,0.000000000000000000e+00,-7.635625317188180361e+01,5.474363819629115113e+00,7.400000000000000000e+01,8.320506041659750736e+02,1.294159793548474795e+02,2.236100000000000000e+06,5.149399999999999811e-02,-7.204908000000041568e+01,1.000000000000000000e+00
4.104043760386121183e-03,8.026927163134401494e-03,1.113003271321192589e+00,-4.476140782767910054e+00,2.000000000000000000e+01,7.640893572302924486e-02,0.000000000000000000e+00,0.000000000000000000e+00,0.000000000000000000e+00,0.000000000000000000e+00,-8.449984906174296384e+01,3.446849324556962024e+00,7.500000000000000000e+01,7.685363810194987764e+02,1.303322291304620251e+02,2.163900000000000000e+06,7.142400000000000138e-02,-5.362560000000014071e+01,1.000000000000000000e+00
1.515887678457271100e-03,5.111822721471178180e-03,4.533536031084616225e-01,-1.109973736983391746e-01,2.000000000000000000e+01,7.061903345145095767e-02,0.000000000000000000e+00,0.000000000000000000e+00,0.000000000000000000e+00,0.000000000000000000e+00,-1.375468199016855522e+02,3.982626946681407709e+00,7.600000000000000000e+01,4.465367018808942703e+02,1.461311236292280853e+02,1.804900000000000000e+06,3.509800000000000142e-01,-9.049449639997486656e+02,1.000000000000000000e+00
1.851296609867726086e-03,6.994149937107998691e-03,8.086827815753930837e-01,1.057014770101250889e+00,2.000000000000000000e+01,7.177697945627481424e-02,0.000000000000000000e+00,0.000000000000000000e+00,0.000000000000000000e+00,0.000000000000000000e+00,-8.585887358069754782e+01,5.076621212914671943e+00,7.700000000000000000e+01,5.297875134977140306e+02,1.363399389040401672e+02,2.175600000000000000e+06,6.530299999999999994e-01,-1.490116700000151241e+03,1.000000000000000000e+00
3.243582480658707776e-03,1.733964033403574559e-03,4.008916948456510143e-01,-1.254673293889019448e+01,2.000000000000000000e+01,6.836800971812764804e-02,0.000000000000000000e+00,0.000000000000000000e+00,0.000000000000000000e+00,0.000000000000000000e+00,-8.472799385562738905e+01,5.092361946440305154e+00,7.800000000000000000e+01,5.370868873485377435e+02,1.350913767780160128e+02,2.171200000000000000e+06,4.518099999999999894e-02,-8.780156000000086181e+01,1.000000000000000000e+00
3.682719686551184056e-03,5.819571230981730216e-03,3.512002756699694195e-01,-2.916311388922801395e+00,2.000000000000000000e+01,6.596627959364681493e-02,0.000000000000000000e+00,0.000000000000000000e+00,0.000000000000000000e+00,0.000000000000000000e+00,-7.192129812531638322e+01,3.570643454457504973e+00,7.900000000000000000e+01,1.528671541602045863e+03,1.224630933255109824e+02,2.253000000000000000e+06,5.198799999999999949e-02,-1.332054499999995869e+02,1.000000000000000000e+00
2.705349613025688927e-03,3.310007830664953715e-03,1.265409331531957893e+00,-1.823654599798366505e+01,2.000000000000000000e+01,6.724271750499669076e-02,0.000000000000000000e+00,0.000000000000000000e+00,0.000000000000000000e+00,0.000000000000000000e+00,-5.068912034812689882e+01,4.822880106522111632e+00,8.000000000000000000e+01,3.686157274631132168e+02,2.412632937783785962e+02,2.438800000000000000e+06,1.355600000000000138e-01,-9.828203000000111444e+01,1.000000000000000000e+00
3.811618939383866391e-03,2.136702399690874887e-03,3.325350776944308584e-01,-8.132616882698863847e+00,2.000000000000000000e+01,7.819175685461690617e-02,0.000000000000000000e+00,0.000000000000000000e+00,0.000000000000000000e+00,0.000000000000000000e+00,-8.377046028209809947e+01,7.725944659095037359e+00,8.100000000000000000e+01,3.699001687847115249e+02,2.303439247405112553e+02,2.238500000000000000e+06,6.447100000000000053e-01,-3.419580770001725796e+03,1.000000000000000000e+00
4.107893514731798465e-03,1.776830652184340246e-03,4.887020965292303565e-01,5.312836120459105693e-01,2.000000000000000000e+01,6.843942101631185493e-02,0.000000000000000000e+00,0.000000000000000000e+00,0.000000000000000000e+00,0.000000000000000000e+00,-1.157051315865628709e+02,4.997803573695702717e+00,8.200000000000000000e+01,3.752875911986956794e+02,1.999690995095570258e+02,1.898200000000000000e+06,6.726100000000000134e-02,-1.272079699999982410e+02,1.000000000000000000e+00
2.453626601325509336e-03,3.019459784012396616e-03,6.094301082612744169e-01,-1.745250758739200236e+01,2.000000000000000000e+01,6.952188526961898540e-02,0.000000000000000000e+00,0.000000000000000000e+00,0.000000000000000000e+00,0.000000000000000000e+00,-1.012162044164242900e+02,4.138474267488933656e+00,8.300000000000000000e+01,5.020779352937047975e+02,1.424586543868512365e+02,2.013100000000000000e+06,2.834400000000000253e-01,-3.131303999999880716e+02,1.000000000000000000e+00
3.067468176287980151e-03,4.139179407760720797e-03,6.435363254608357231e-01,-2.590685810308761994e+00,2.000000000000000000e+01,6.610409749852065586e-02,0.000000000000000000e+00,0.000000000000000000e+00,0.000000000000000000e+00,0.000000000000000000e+00,-1.026115097988985241e+02,2.745487697979419828e+00,8.400000000000000000e+01,1.070986503803540700e+03,1.285518740146927428e+02,2.058600000000000000e+06,6.770400000000000029e-02,-9.210922999999931449e+01,1.000000000000000000e+00
3.306463228712240490e-03,8.908317625132022334e-04,3.377934555400472494e-01,5.096436016110125422e+00,2.000000000000000000e+01,8.239824160603392844e-02,0.000000000000000000e+00,0.000000000000000000e+00,0.000000000000000000e+00,0.000000000000000000e+00,-3.924262196582915863e+01,3.736948556831310775e+00,8.500000000000000000e+01,4.411688218753783076e+03,1.150910621635202062e+02,2.445900000000000000e+06,7.179399999999999671e-02,-2.070658000000068739e+02,1.000000000000000000e+00
3.790453521526683436e-03,2.508564730431835262e-03,7.974589062175395648e-01,-1.385975893199050724e+01,2.000000000000000000e+01,6.790706281773470354e-02,0.000000000000000000e+00,0.000000000000000000e+00,0.000000000000000000e+00,0.000000000000000000e+00,-7.638258756121568638e+01,4.727518667305627531e+00,8.600000000000000000e+01,6.088709789063017297e+02,1.418218040709002992e+02,2.236600000000000000e+06,9.746199999999999308e-02,-1.416159299999990822e+02,1.000000000000000000e+00
1.835288353492500486e-03,7.211070051923286831e-03,1.096388092140756942e+00,5.427014379870644945e-01,2.000000000000000000e+01,6.870305272374761796e-02,0.000000000000000000e+00,0.000000000000000000e+00,0.000000000000000000e+00,0.000000000000000000e+00,-6.898340507658326715e+01,1.779919443047275562e+00,8.700000000000000000e+01,5.009986747991584707e+03,1.157816854869108596e+02,2.195000000000000000e+06,2.263799999999999979e-01,-1.934100539999897137e+02,1.000000000000000000e+00
3.334969827122517740e-03,7.049963446153623831e-03,2.079164598960528409e-01,4.692261892723537997e+00,2.000000000000000000e+01,7.413691892595754285e-02,0.000000000000000000e+00,0.000000000000000000e+00,0.000000000000000000e+00,0.000000000000000000e+00,-6.021762644068046200e+01,2.750076973465382935e+00,8.800000000000000000e+01,6.918760135267591977e+03,1.161462927004947971e+02,2.275200000000000000e+06,3.968200000000000061e-01,-1.977158450000693847e+03,1.000000000000000000e+00
4.217137001171451967e-03,2.106676343204356028e-03,7.883970321731842423e-01,2.418303460397753124e+00,2.000000000000000000e+01,6.980585678056402954e-02,0.000000000000000000e+00,0.000000000000000000e+00,0.000000000000000000e+00,0.000000000000000000e+00,-1.229914171367123288e+02,2.888783309665406307e+00,8.900000000000000000e+01,2.801291948116292588e+03,1.224626605187394688e+02,1.951000000000000000e+06,2.524700000000000277e-01,-4.188985999999812293e+02,1.000000000000000000e+00
3.732496054829343834e-03,1.856053874243729796e-03,7.400759882124472444e-01,-1.322749274765920191e+01,2.000000000000000000e+01,7.230344032513902341e-02,0.000000000000000000e+00,0.000000000000000000e+00,0.000000000000000000e+00,0.000000000000000000e+00,-7.333839809629536433e+01,6.979399243209657655e+00,9.000000000000000000e+01,7.250361497475176975e+02,1.386985554670048373e+02,2.348600000000000000e+06,6.356199999999999628e-01,-1.525517199999714876e+03,1.000000000000000000e+00
4.122910089023155630e-03,5.463423214908471465e-03,5.105724276480766433e-01,7.576433579062303636e+00,2.000000000000000000e+01,6.891255158012150883e-02,0.000000000000000000e+00,0.000000000000000000e+00,0.000000000000000000e+00,0.000000000000000000e+00,-6.168911257852951735e+01,8.401620326414505513e+00,9.100000000000000000e+01,2.293330457398296858e+03,1.243764426413756468e+02,2.609600000000000000e+06,3.811100000000000043e-01,-6.786293400000229212e+02,1.000000000000000000e+00
1.031264641623587646e-03,9.534185382845805764e-04,6.962885028682210820e-01,-1.618694375187659773e+01,2.000000000000000000e+01,7.385331872654453400e-02,0.000000000000000000e+00,0.000000000000000000e+00,0.000000000000000000e+00,0.000000000000000000e+00,-7.443236609973133966e+01,7.324146487194674648e+00,9.200000000000000000e+01,4.937307942684929003e+02,1.572837883611799157e+02,2.338600000000000000e+06,2.233499999999999930e-01,-2.846274939999598814e+02,1.000000000000000000e+00
3.723805501622578281e-03,2.088315370281858003e-03,3.473608616721525766e-01,-7.997625745786224982e+00,2.000000000000000000e+01,7.811497608042264340e-02,0.000000000000000000e+00,0.000000000000000000e+00,0.000000000000000000e+00,0.000000000000000000e+00,-7.988976318963470646e+01,5.060262358436806274e+00,9.300000000000000000e+01,1.687191014147006172e+03,1.274146136299336547e+02,2.226800000000000000e+06,5.275699999999999834e-01,-3.267473990000862614e+03,1.000000000000000000e+00
3.815668867892075405e-03,3.717765941826645364e-03,7.756820054834847600e-01,7.005765877872187630e+00,2.000000000000000000e+01,6.650810497366886620e-02,0.000000000000000000e+00,0.000000000000000000e+00,0.000000000000000000e+00,0.000000000000000000e+00,-4.090131778845031363e+01,7.009687632953338188e+00,9.400000000000000000e+01,3.828378873660180489e+03,1.218073487749217776e+02,2.722400000000000000e+06,9.279999999999999361e-02,-1.315247999999982085e+02,1.000000000000000000e+00
2.597255770556255224e-03,4.030610963690712742e-03,6.343335407922023883e-01,-2.217671385694301378e+01,2.000000000000000000e+01,6.889732650992255736e-02,0.000000000000000000e+00,0.000000000000000000e+00,0.000000000000000000e+00,0.000000000000000000e+00,-8.209607847497649402e+01,5.740941569783479359e+00,9.500000000000000000e+01,5.135494158754514729e+02,1.550536232652392243e+02,2.184400000000000000e+06,2.586600000000000010e-01,-2.807367810000170039e+02,1.000000000000000000e+00
2.297344661594301254e-03,3.605145184797766637e-03,7.902869246224412114e-01,-1.368189472313554234e+01,2.000000000000000000e+01,7.656919360737962643e-02,0.000000000000000000e+00,0.000000000000000000e+00,0.000000000000000000e+00,0.000000000000000000e+00,-1.134368513522434796e+02,3.776393575011896431e+00,9.600000000000000000e+01,5.279990212767162348e+02,1.514449903426798016e+02,1.944100000000000000e+06,7.764899999999999580e-02,-6.454598100000106342e+01,1.000000000000000000e+00
2.665072776376016962e-03,4.266805144227576313e-03,4.626837882251568224e-01,-9.991846857566612172e+00,2.000000000000000000e+01,7.162556947236339844e-02,0.000000000000000000e+00,0.000000000000000000e+00,0.000000000000000000e+00,0.000000000000000000e+00,-8.390980184402292252e+01,3.122361654376833329e+00,9.700000000000000000e+01,4.469693613999402260e+02,1.832594515766213874e+02,2.153200000000000000e+06,5.247699999999999587e-01,-9.577085730000783315e+02,1.000000000000000000e+00
3.665576374125479979e-03,1.807168423330812517e-03,6.486634759524834148e-01,-1.246301221513272139e+01,2.000000000000000000e+01,7.305860507592884523e-02,0.000000000000000000e+00,0.000000000000000000e+00,0.000000000000000000e+00,0.000000000000000000e+00,-7.325675913533675043e+01,6.770908745225681535e+00,9.800000000000000000e+01,8.775436540311719682e+02,1.342029313517086564e+02,2.343800000000000000e+06,6.340000000000000080e-01,-1.571369800000307805e+03,1.000000000000000000e+00
4.454709616214331570e-03,1.732199641847567955e-03,3.957176577012951890e-01,5.583425293777368736e-01,2.000000000000000000e+01,6.874048846606665986e-02,0.000000000000000000e+00,0.000000000000000000e+00,0.000000000000000000e+00,0.000000000000000000e+00,-1.050539672139259011e+02,3.721123620688253641e+00,9.900000000000000000e+01,1.794943755418314367e+03,1.276736399294034072e+02,2.023500000000000000e+06,4.390499999999999958e-02,-1.118204999999979492e+02,1.000000000000000000e+00
3.495341909085953984e-03,5.135607496617359581e-03,5.271136706372018255e-01,-9.903126518558428515e+00,2.000000000000000000e+01,7.381799879661957164e-02,0.000000000000000000e+00,0.000000000000000000e+00,0.000000000000000000e+00,0.000000000000000000e+00,-6.629930663451058592e+01,5.101595019203035264e+00,1.000000000000000000e+02,7.602045876119507284e+02,1.430160179085711434e+02,2.351200000000000000e+06,6.294300000000000450e-01,-2.990321999999018772e+03,1.000000000000000000e+00
1.356264162976193559e-03,5.302634918622733950e-03,2.607548464515648812e-01,6.643926513861366345e+00,2.000000000000000000e+01,7.869588406201952213e-02,0.000000000000000000e+00,0.000000000000000000e+00,0.000000000000000000e+00,0.000000000000000000e+00,-6.245563887257595326e+01,5.016352966019672621e+00,1.010000000000000000e+02,2.510381281013028911e+03,1.260818947294228991e+02,2.383300000000000000e+06,7.375099999999999711e-02,-2.054791999999869745e+02,1.000000000000000000e+00
3.552323016786869663e-03,1.431097326802203452e-03,4.041161369109257384e-01,-1.239027791247927368e+01,2.000000000000000000e+01,7.041857679557136929e-02,0.000000000000000000e+00,0.000000000000000000e+00,0.000000000000000000e+00,0.000000000000000000e+00,-8.698027372085597619e+01,5.078068032385197661e+00,1.020000000000000000e+02,7.775173965279001322e+02,1.385945270998395529e+02,2.149800000000000000e+06,7.168499999999999872e-02,-1.413695999999996218e+02,1.000000000000000000e+00
3.060985826700654555e-03,2.932476631274716361e-03,1.031306936266787933e+00,-1.630941182777189979e+01,2.000000000000000000e+01,6.592951721924639186e-02,0.000000000000000000e+00,0.000000000000000000e+00,0.000000000000000000e+00,0.000000000000000000e+00,-1.147706827210309086e+02,2.960861615480403941e+00,1.030000000000000000e+02,4.229656849915998578e+02,2.145925682698750450e+02,1.961900000000000000e+06,8.724800000000000610e-02,-6.285048000000039536e+01,1.000000000000000000e+00
2.583128274284631973e-03,1.818748622084080668e-03,7.490405883576590762e-01,2.367587574836580444e-01,2.000000000000000000e+01,6.624058010690739295e-02,0.000000000000000000e+00,0.000000000000000000e+00,0.000000000000000000e+00,0.000000000000000000e+00,-1.659058496323416776e+01,4.404498887306512955e+00,1.040000000000000000e+02,2.583901966066008754e+03,1.263590938534445911e+02,2.599000000000000000e+06,6.609600000000000197e-02,-6.328349999999971942e+01,1.000000000000000000e+00
1.529492648410942911e-03,6.468558220238035394e-03,7.953147597196509322e-01,-2.168907650258089959e+00,2.000000000000000000e+01,7.046597855971836744e-02,0.000000000000000000e+00,0.000000000000000000e+00,0.000000000000000000e+00,0.000000000000000000e+00,-1.162282457991408933e+02,2.656400843807395606e+00,1.050000000000000000e+02,1.215452100946062728e+03,1.305596382538625448e+02,1.994900000000000000e+06,5.498600000000000154e-01,-1.234777508999495922e+03,1.000000000000000000e+00
3.150324600897495744e-03,1.670217238903550254e-03,5.145695894444499707e-01,-1.494500846407791528e+01,2.000000000000000000e+01,6.672272096094651606e-02,0.000000000000000000e+00,0.000000000000000000e+00,0.000000000000000000e+00,0.000000000000000000e+00,-7.802198941241114483e+01,8.185032949210871323e+00,1.060000000000000000e+02,4.240851960958546556e+02,2.232491842625973106e+02,2.319600000000000000e+06,4.495400000000000090e-02,-6.772499999999990905e+01,1.000000000000000000e+00
3.066918885216730721e-03,2.971345937591885877e-03,2.327808489827206118e-01,-8.697071213894536967e+00,2.000000000000000000e+01,7.334958405096542178e-02,0.000000000000000000e+00,0.000000000000000000e+00,0.000000000000000000e+00,0.000000000000000000e+00,-1.047227476372141979e+02,3.316979358006987511e+00,1.070000000000000000e+02,5.754258692610661683e+02,1.541190981820122659e+02,2.026600000000000000e+06,3.496799999999999908e-01,-4.366243299999758278e+02,1.000000000000000000e+00
3.986141908729959674e-03,1.909564610125846860e-03,8.722058081749506364e-01,-1.128083825789172678e+01,2.000000000000000000e+01,6.676768579678041271e-02,0.000000000000000000e+00,0.000000000000000000e+00,0.000000000000000000e+00,0.000000000000000000e+00,-1.177919377672503742e+02,4.088572148799702433e+00,1.080000000000000000e+02,6.283336117802501803e+02,1.510808714774628072e+02,1.906100000000000000e+06,7.678500000000000603e-02,-8.503679999999927475e+01,1.000000000000000000e+00
3.810445632900452077e-03,4.585665402888522077e-03,5.468349207131633083e-01,-1.620314256596156355e+01,2.000000000000000000e+01,6.337321927413375189e-02,0.000000000000000000e+00,0.000000000000000000e+00,0.000000000000000000e+00,0.000000000000000000e+00,-3.391042425121565884e+01,9.080059891193876354e+00,1.090000000000000000e+02,4.183955652381004029e+02,2.553110487168254679e+02,2.956800000000000000e+06,4.528299999999999687e-02,-5.511800000000023658e+01,1.000000000000000000e+00
3.228655507109886181e-03,6.751690279654923646e-03,2.502020511255295121e-01,-1.787656950801455480e+01,2.000000000000000000e+01,7.940091523721924671e-02,0.000000000000000000e+00,0.000000000000000000e+00,0.000000000000000000e+00,0.000000000000000000e+00,-5.077402445718800550e+01,4.903052345293068548e+00,1.100000000000000000e+02,4.395643424652005251e+02,2.367876071644785441e+02,2.446200000000000000e+06,1.376300000000000023e-01,-8.969884200000934698e+02,1.000000000000000000e+00
3.491145383475783865e-03,1.460267627956996633e-03,3.646790072416682404e-01,3.688315478305618456e+00,2.000000000000000000e+01,6.553726163217774014e-02,0.000000000000000000e+00,0.000000000000000000e+00,0.000000000000000000e+00,0.000000000000000000e+00,-9.145392550658394271e+01,6.128427363394010285e+00,1.110000000000000000e+02,4.981451068559784972e+02,1.814948037006031996e+02,2.125400000000000000e+06,3.054400000000000170e-02,-5.376294000000039830e+01,1.000000000000000000e+00
2.143657693254896832e-03,2.953865659911815260e-03,3.693503233434571875e-01,4.503191435403536502e+00,2.000000000000000000e+01,7.594489556894878923e-02,0.000000000000000000e+00,0.000000000000000000e+00,0.000000000000000000e+00,0.000000000000000000e+00,1.744291850775454122e+00,5.099231091124254434e+00,1.120000000000000000e+02,4.025010600417049318e+03,1.248309504682099202e+02,2.695100000000000000e+06,3.301700000000000190e-01,-1.567985980000215250e+03,1.000000000000000000e+00
2.749994371001282176e-03,4.280127620403403887e-03,6.475224298956137048e-01,4.551848283789421856e+00,2.000000000000000000e+01,6.578200799355984896e-02,0.000000000000000000e+00,0.000000000000000000e+00,0.000000000000000000e+00,0.000000000000000000e+00,-8.769102080889872752e+01,2.116399838677686773e+00,1.130000000000000000e+02,4.114019568238952161e+03,1.247075712999270110e+02,2.131100000000000000e+06,7.055000000000000160e-02,-9.414200900000069794e+01,1.000000000000000000e+00
2.152432343937409932e-03,2.129688475483048574e-03,6.894057921052281213e-01,-1.263295262078608872e+01,2.000000000000000000e+01,6.550694540154644585e-02,0.000000000000000000e+00,0.000000000000000000e+00,0.000000000000000000e+00,0.000000000000000000e+00,-7.370313006678276224e+01,4.172015744990095421e+00,1.140000000000000000e+02,5.166149228587834159e+02,1.648798533209558741e+02,2.243300000000000000e+06,6.212600000000000067e-02,-5.214989099999981192e+01,1.000000000000000000e+00
2.081340241544074338e-03,5.467743079116774499e-03,3.597444281456714243e-01,-2.770567631395262254e+01,2.000000000000000000e+01,7.924987442141535887e-02,0.000000000000000000e+00,0.000000000000000000e+00,0.000000000000000000e+00,0.000000000000000000e+00,-5.576261189502433524e+01,7.444284535663713953e+00,1.150000000000000000e+02,8.072290168748126007e+02,1.401731541954065392e+02,2.550900000000000000e+06,7.495799999999999685e-02,-1.829901459999985889e+02,1.000000000000000000e+00
3.593388983681041014e-03,4.832904251382911728e-03,2.088547361100668021e-01,1.955626720319463274e-01,2.000000000000000000e+01,7.322975771835610326e-02,0.000000000000000000e+00,0.000000000000000000e+00,0.000000000000000000e+00,0.000000000000000000e+00,-1.289828059538052116e+02,2.025721321425673072e+00,1.160000000000000000e+02,4.516712804555653747e+03,1.242170086045628921e+02,1.981900000000000000e+06,3.069999999999999951e-01,-7.834155699999445233e+02,1.000000000000000000e+00
1.916456024785833517e-03,7.753376619671991862e-03,6.518498660607076056e-01,3.426431881100950427e+00,2.000000000000000000e+01,7.178208789556947411e-02,0.000000000000000000e+00,0.000000000000000000e+00,0.000000000000000000e+00,0.000000000000000000e+00,-3.543428107203247635e+01,1.048768872803765184e+00,1.170000000000000000e+02,6.627885581001241007e+03,1.237205817355958288e+02,2.214400000000000000e+06,4.838199999999999723e-01,-1.678807962000461202e+03,1.000000000000000000e+00
2.040571282426760068e-03,4.170742457676710618e-03,1.095154322461096230e+00,-1.257315472649734289e+01,2.000000000000000000e+01,6.692014177278204912e-02,0.000000000000000000e+00,0.000000000000000000e+00,0.000000000000000000e+00,0.000000000000000000e+00,-4.328514997332013614e+00,4.028570056796376697e+00,1.180000000000000000e+02,4.350395921743899521e+02,3.904279394359022604e+02,2.557400000000000000e+06,1.125000000000000028e-01,-6.735266999999907966e+01,1.000000000000000000e+00
2.615485754306564985e-03,3.143635447898494861e-03,5.827674219014661317e-01,-1.559384040735996280e+01,2.000000000000000000e+01,7.074446552790408793e-02,0.000000000000000000e+00,0.000000000000000000e+00,0.000000000000000000e+00,0.000000000000000000e+00,-1.106519494509585684e+02,3.572360683853902152e+00,1.190000000000000000e+02,6.026013676236937044e+02,1.606475887779594700e+02,1.964900000000000000e+06,4.607299999999999729e-01,-6.104305010000615539e+02,1.000000000000000000e+00
1.937700356837291369e-03,5.777004836179113444e-03,2.897437850638642232e-01,2.887320643424165834e+00,2.000000000000000000e+01,7.146340719021916643e-02,0.000000000000000000e+00,0.000000000000000000e+00,0.000000000000000000e+00,0.000000000000000000e+00,-1.277963644044446028e+02,1.295313590834528794e+00,1.200000000000000000e+02,6.652564219428353681e+03,1.240128128379324863e+02,2.031500000000000000e+06,2.882899999999999907e-01,-9.927082000001920505e+02,1.000000000000000000e+00
3.987211498621306624e-03,6.051757828499801373e-03,1.392216977217957341e+00,-6.495468210832022748e-01,2.000000000000000000e+01,7.400805936055369905e-02,0.000000000000000000e+00,0.000000000000000000e+00,0.000000000000000000e+00,0.000000000000000000e+00,-1.495542501051168642e+02,4.429625704079821702e+00,1.210000000000000000e+02,6.285062442148620221e+02,1.552250542485903679e+02,1.706500000000000000e+06,2.035700000000000010e-01,-1.000737000000000165e+02,1.000000000000000000e+00
9.843305053700724533e-04,6.316264898178112000e-03,2.813613778079476768e-01,3.416436473226390547e+00,2.000000000000000000e+01,7.045145101206559679e-02,0.000000000000000000e+00,0.000000000000000000e+00,0.000000000000000000e+00,0.000000000000000000e+00,-1.091161044025168110e+02,1.138046161896774100e+00,1.220000000000000000e+02,6.649542218379494443e+03,1.244226106087310342e+02,2.077900000000000000e+06,2.028099999999999903e-01,-6.745648000002032632e+02,1.000000000000000000e+00
4.050768958505087530e-03,1.903950782504096849e-03,3.894599993533757187e-01,4.788220196140597906e+00,2.000000000000000000e+01,7.286562409944991048e-02,0.000000000000000000e+00,0.000000000000000000e+00,0.000000000000000000e+00,0.000000000000000000e+00,-7.915952149115443603e+01,5.828086344792593465e+00,1.230000000000000000e+02,8.618687744602548264e+02,1.404827633603473203e+02,2.260900000000000000e+06,4.395499999999999963e-01,-7.733168100001141738e+02,1.000000000000000000e+00
4.078211625290430534e-03,1.552881460148500129e-03,3.824560362420027504e-01,-3.146111468337666306e+00,2.000000000000000000e+01,7.092937713320125737e-02,0.000000000000000000e+00,0.000000000000000000e+00,0.000000000000000000e+00,0.000000000000000000e+00,-1.006254527195776944e+02,5.595201099574298453e+00,1.240000000000000000e+02,5.040807759620404909e+02,2.005596683975723806e+02,2.027000000000000000e+06,1.358399999999999885e-01,-1.791557400000017708e+02,1.000000000000000000e+00
2.447712895820221713e-03,3.465984194824331226e-03,2.669269247403301959e-01,-6.994811225364482077e+00,2.000000000000000000e+01,7.200179679889293083e-02,0.000000000000000000e+00,0.000000000000000000e+00,0.000000000000000000e+00,0.000000000000000000e+00,-1.062968103439607148e+02,2.879028211426299055e+00,1.250000000000000000e+02,6.069159064380052087e+02,1.631678880094576982e+02,2.031400000000000000e+06,2.939899999999999736e-01,-4.151808000000208949e+02,1.000000000000000000e+00
2.201295256647561090e-03,6.250206556510580144e-03,2.965055993689109104e-01,-1.651190632132263403e+01,2.000000000000000000e+01,7.806673110352478628e-02,0.000000000000000000e+00,0.000000000000000000e+00,0.000000000000000000e+00,0.000000000000000000e+00,-6.368059521674191359e+01,3.519749118631609441e+00,1.260000000000000000e+02,4.948856598420527462e+02,2.404279676672589403e+02,2.274400000000000000e+06,1.630199999999999982e-01,-7.277272730000640877e+02,1.000000000000000000e+00
4.115231005936264078e-03,2.192405103464690943e-03,7.000911133167079248e-01,-1.321299642768501137e+01,2.000000000000000000e+01,6.669210709904754841e-02,0.000000000000000000e+00,0.000000000000000000e+00,0.000000000000000000e+00,0.000000000000000000e+00,-1.178701322675178886e+02,5.109923649312561267e+00,1.270000000000000000e+02,4.741061884688559758e+02,2.459626858015089965e+02,1.855200000000000000e+06,6.268600000000000561e-02,-8.751446000000032654e+01,1.000000000000000000e+00
4.497192430127578203e-03,6.621782481328813280e-03,7.110791838082041183e-01,-8.170541277794278301e+00,2.000000000000000000e+01,7.474694472344023399e-02,0.000000000000000000e+00,0.000000000000000000e+00,0.000000000000000000e+00,0.000000000000000000e+00,-7.929461679198416846e+01,6.402955875677337261e+00,1.280000000000000000e+02,7.774802962225129477e+02,1.477191748255591506e+02,2.268600000000000000e+06,2.334199999999999886e-01,-8.301462000001058641e+02,1.000000000000000000e+00
2.062744319094548130e-03,6.258111199786406398e-03,3.604915432310786261e-01,5.721387439293508237e+00,2.000000000000000000e+01,8.203948113581960300e-02,0.000000000000000000e+00,0.000000000000000000e+00,0.000000000000000000e+00,0.000000000000000000e+00,-2.401848747670885231e+01,4.602486237918848921e+00,1.290000000000000000e+02,6.569341488507532631e+03,1.264061880896718719e+02,2.591200000000000000e+06,4.679400000000000226e-02,-5.693907599999957370e+01,1.000000000000000000e+00
9.616920612444807264e-04,4.933286393419653026e-03,1.764766750716114108e-01,-1.072204988300701700e+01,2.000000000000000000e+01,6.647826337776768790e-02,0.000000000000000000e+00,0.000000000000000000e+00,0.000000000000000000e+00,0.000000000000000000e+00,-2.837445418559840959e+01,6.884261016078319528e+00,1.300000000000000000e+02,4.814932633205535240e+02,2.520066056625519764e+02,2.798800000000000000e+06,5.818399999999999961e-02,-9.241709400000425489e+01,1.000000000000000000e+00
2.729453569457835661e-03,5.196372360814265068e-03,1.268197903940485816e+00,1.026468173874009970e+01,2.000000000000000000e+01,7.186418191704012359e-02,0.000000000000000000e+00,0.000000000000000000e+00,0.000000000000000000e+00,0.000000000000000000e+00,-1.162538563448714086e+02,4.555281674453470764e+00,1.310000000000000000e+02,5.233460783275902486e+02,1.961498976941134060e+02,1.887400000000000000e+06,6.516600000000000170e-01,-2.245065559999954132e+02,1.000000000000000000e+00
2.921779124224137270e-03,4.885373557292939373e-03,6.179191886841776116e-01,-9.050188547407977069e+00,2.000000000000000000e+01,7.089712113099957969e-02,0.000000000000000000e+00,0.000000000000000000e+00,0.000000000000000000e+00,0.000000000000000000e+00,-9.656255522292354954e+01,3.082477018773224220e+00,1.320000000000000000e+02,5.559190478143626706e+02,1.690825950899987333e+02,2.079100000000000000e+06,5.661199999999999566e-01,-1.205032800000242787e+03,1.000000000000000000e+00
3.714310268831889656e-03,3.226638221559432682e-03,9.229088784413854718e-01,-7.293340167049098710e+00,2.000000000000000000e+01,6.768864383784084504e-02,0.000000000000000000e+00,0.000000000000000000e+00,0.000000000000000000e+00,0.000000000000000000e+00,-1.279601365501191310e+02,4.275149934076864611e+00,1.330000000000000000e+02,6.828313000558750900e+02,1.594873467141193260e+02,1.834300000000000000e+06,1.081899999999999945e-01,-1.317231999999993661e+02,1.000000000000000000e+00
3.003915825376270599e-03,6.491978954821646039e-03,4.823152238445033158e-01,-1.822877073695698869e+01,2.000000000000000000e+01,7.840165051352497583e-02,0.000000000000000000e+00,0.000000000000000000e+00,0.000000000000000000e+00,0.000000000000000000e+00,-3.088441504273933447e+01,9.358735852892367646e+00,1.340000000000000000e+02,4.823815147394145697e+02,2.811294269905595797e+02,3.007300000000000000e+06,8.040600000000000525e-02,-1.817359499999971035e+02,1.000000000000000000e+00
6.936083823519184274e-04,4.632791872372686928e-03,3.609887611545984365e-01,-1.850723559375562388e+01,2.000000000000000000e+01,7.179351154345987862e-02,0.000000000000000000e+00,0.000000000000000000e+00,0.000000000000000000e+00,0.000000000000000000e+00,-2.353096509242584489e+01,9.555864941308078286e+00,1.350000000000000000e+02,4.745783521030844554e+02,3.223232383799996228e+02,3.087500000000000000e+06,2.866199999999999859e-01,-6.556817520002210813e+02,1.000000000000000000e+00
4.742321469620626104e-03,3.086780411160104133e-03,3.370227431891500425e-01,3.377911482790317166e+00,2.000000000000000000e+01,8.183918566894266000e-02,0.000000000000000000e+00,0.000000000000000000e+00,0.000000000000000000e+00,0.000000000000000000e+00,4.729368184621307591e+00,2.614753056511718299e+00,1.360000000000000000e+02,5.687642926533289028e+03,1.269766033249308208e+02,2.413200000000000000e+06,7.908800000000000552e-02,-2.856324900000051912e+02,1.000000000000000000e+00
4.192514854635935422e-03,1.930516093438430130e-03,8.988990872307013325e-01,-1.004241497412706252e+01,2.000000000000000000e+01,6.886708498807260492e-02,0.000000000000000000e+00,0.000000000000000000e+00,0.000000000000000000e+00,0.000000000000000000e+00,-1.322050087605897204e+02,4.706276724326367678e+00,1.370000000000000000e+02,5.534195100197554211e+02,1.884592911287381867e+02,1.772900000000000000e+06,1.366799999999999959e-01,-2.033653500000062309e+02,1.000000000000000000e+00
4.304615211995075491e-03,1.897142519574271076e-03,8.665566775084877493e-01,-7.666774782346133854e+00,2.000000000000000000e+01,6.870948040715688099e-02,0.000000000000000000e+00,0.000000000000000000e+00,0.000000000000000000e+00,0.000000000000000000e+00,-1.311054488870209127e+02,4.604572551064120667e+00,1.380000000000000000e+02,5.975108554517141783e+02,1.791695624127254973e+02,1.791900000000000000e+06,1.171399999999999941e-01,-1.793750000000028422e+02,1.000000000000000000e+00
2.347191228748941871e-03,3.754233532031422006e-03,1.143101572194266113e-01,-1.825825908602913827e+01,2.000000000000000000e+01,8.294442733266219059e-02,0.000000000000000000e+00,0.000000000000000000e+00,0.000000000000000000e+00,0.000000000000000000e+00,-1.033372029155280245e+02,2.201382888629846768e+00,1.390000000000000000e+02,4.924499144281050462e+02,2.948297681836791639e+02,2.036800000000000000e+06,2.525399999999999867e-02,-1.018593659999988859e+02,1.000000000000000000e+00
2.168205079766405592e-03,5.026578546166561925e-03,1.111934509293807993e+00,6.632419783999083940e-01,2.000000000000000000e+01,7.236208528977494669e-02,0.000000000000000000e+00,0.000000000000000000e+00,0.000000000000000000e+00,0.000000000000000000e+00,-1.512788272911786862e+02,2.882736718800514630e+00,1.400000000000000000e+02,2.233269892808082204e+03,1.316131742471537223e+02,1.842200000000000000e+06,4.001199999999999757e-01,-4.218947460000507590e+02,1.000000000000000000e+00
2.936126325399761230e-03,6.320172182299132156e-03,4.424148806323822125e-01,5.687413346732295594e+00,2.000000000000000000e+01,6.997717865757535627e-02,0.000000000000000000e+00,0.000000000000000000e+00,0.000000000000000000e+00,0.000000000000000000e+00,-1.067012250188452356e+02,4.413028069274988141e+00,1.410000000000000000e+02,6.238116370203711085e+02,1.661791476044995193e+02,1.998100000000000000e+06,3.683299999999999907e-01,-1.078690073999995548e+03,1.000000000000000000e+00
4.844236498971846508e-03,8.906427312263041993e-04,3.838042526444009894e-01,1.873561614423357469e+01,2.000000000000000000e+01,6.904997987918905233e-02,0.000000000000000000e+00,0.000000000000000000e+00,0.000000000000000000e+00,0.000000000000000000e+00,-7.050293502905070397e+01,8.992099792612457065e+00,1.420000000000000000e+02,6.144650842835009144e+02,1.716691099058674865e+02,2.439500000000000000e+06,1.619500000000000106e-01,-2.443041100000071992e+02,1.000000000000000000e+00
2.754106197415469477e-03,3.686664606049620731e-03,4.774733522257371687e-01,2.386894709805602588e+01,2.000000000000000000e+01,7.420638370002116679e-02,0.000000000000000000e+00,0.000000000000000000e+00,0.000000000000000000e+00,0.000000000000000000e+00,-1.049123921930204233e+02,4.370241632068272430e+00,1.430000000000000000e+02,5.710083665429169741e+02,1.953450558615445516e+02,1.898400000000000000e+06,1.149300000000000044e-01,-9.510479999999880363e+01,1.000000000000000000e+00
3.064537792679255992e-03,4.779589914284286187e-03,4.847468386239581761e-01,-1.025141607681702460e+01,2.000000000000000000e+01,7.346868249773419457e-02,0.000000000000000000e+00,0.000000000000000000e+00,0.000000000000000000e+00,0.000000000000000000e+00,-6.027844298336309947e+01,5.062858151947960295e+00,1.440000000000000000e+02,7.602835361331028707e+02,1.607965411626286141e+02,2.401100000000000000e+06,6.438399999999999679e-01,-2.298416319999821553e+03,1.000000000000000000e+00
3.703991710677517497e-03,4.880374689006386490e-03,1.005198175267740357e+00,6.034938058506176262e+00,2.000000000000000000e+01,7.326567876716674754e-02,0.000000000000000000e+00,0.000000000000000000e+00,0.000000000000000000e+00,0.000000000000000000e+00,-9.021256722727792976e+01,4.114828558247332957e+00,1.450000000000000000e+02,1.302423882703746585e+03,1.426525698896809899e+02,2.122100000000000000e+06,2.082799999999999929e-01,-3.141076800000085427e+02,1.000000000000000000e+00
2.598479200265235278e-03,1.796922314568319369e-03,2.506786468914959931e-01,5.643513889863143618e+00,2.000000000000000000e+01,6.937255619084034541e-02,0.000000000000000000e+00,0.000000000000000000e+00,0.000000000000000000e+00,0.000000000000000000e+00,-9.195604387423682624e+01,4.684582231462675495e+00,1.460000000000000000e+02,8.724649892307404571e+02,1.495987773200733955e+02,2.114300000000000000e+06,6.434199999999999642e-02,-1.225390000000001152e+02,1.000000000000000000e+00
3.103678596475444463e-03,1.869370706470848808e-03,5.772580256946351351e-01,-8.945902879869954916e+00,2.000000000000000000e+01,7.618819210621891047e-02,0.000000000000000000e+00,0.000000000000000000e+00,0.000000000000000000e+00,0.000000000000000000e+00,-5.156027154380461752e+01,7.771523750991900847e+00,1.470000000000000000e+02,1.608411433019175320e+03,1.397053619226314254e+02,2.670900000000000000e+06,3.406500000000000083e-01,-1.362182550000092533e+03,1.000000000000000000e+00
3.857002423247626183e-03,9.982405834601535202e-04,5.998062622590779602e-01,-1.849014585994589766e+01,2.000000000000000000e+01,6.984743156067646508e-02,0.000000000000000000e+00,0.000000000000000000e+00,0.000000000000000000e+00,0.000000000000000000e+00,-8.284635481250082023e+01,6.051302251641976326e+00,1.480000000000000000e+02,6.318563393766343097e+02,1.673949556548254805e+02,2.193200000000000000e+06,7.900300000000000378e-02,-1.686838400000013110e+02,1.000000000000000000e+00
2.729104212574709129e-03,5.637643926855307255e-03,1.234185245350099658e+00,2.931310197031260945e+00,2.000000000000000000e+01,7.192819310032270985e-02,0.000000000000000000e+00,0.000000000000000000e+00,0.000000000000000000e+00,0.000000000000000000e+00,-1.140914415777648259e+02,4.387262854711821980e+00,1.490000000000000000e+02,6.792936410429583702e+02,1.671959402707732352e+02,1.930600000000000000e+06,1.046000000000000041e+00,-7.688530840001183151e+02,1.000000000000000000e+00
3.386030407629394591e-03,9.714516991982341618e-04,7.433073057361025970e-01,-1.885743485969075550e+01,2.000000000000000000e+01,6.978548491661432096e-02,0.000000000000000000e+00,0.000000000000000000e+00,0.000000000000000000e+00,0.000000000000000000e+00,-8.043692097630916749e+01,6.057070899586701529e+00,1.500000000000000000e+02,8.180064461757659728e+02,1.538394923910624357e+02,2.219600000000000000e+06,1.311400000000000066e-01,-2.505713999999933037e+02,1.000000000000000000e+00
2.678471721353361135e-03,8.093068594592248838e-03,5.278428408521077531e-01,-3.468320762103616062e-01,2.000000000000000000e+01,7.438352763499821163e-02,0.000000000000000000e+00,0.000000000000000000e+00,0.000000000000000000e+00,0.000000000000000000e+00,-1.186186218475098002e+02,1.635468261515160560e+00,1.510000000000000000e+02,3.117409344554939253e+03,1.319752487968933679e+02,2.034400000000000000e+06,2.077299999999999980e-01,-8.258982840000701344e+02,1.000000000000000000e+00
2.164499624776222361e-03,5.350368767346588492e-03,1.050318219550216092e+00,1.182572833104481358e+00,2.000000000000000000e+01,7.184516302229873586e-02,0.000000000000000000e+00,0.000000000000000000e+00,0.000000000000000000e+00,0.000000000000000000e+00,-1.548269766259583093e+02,3.669909365188762429e+00,1.520000000000000000e+02,1.859911326122254877e+03,1.386744467516319617e+02,1.755800000000000000e+06,1.069700000000000095e+00,-1.217244374999546380e+03,1.000000000000000000e+00
3.136709085388263846e-03,2.249915959864214488e-03,6.061594359710689162e-01,-3.394748611948250172e+00,2.000000000000000000e+01,6.469883116604288609e-02,0.000000000000000000e+00,0.000000000000000000e+00,0.000000000000000000e+00,0.000000000000000000e+00,-3.233093846355059497e+01,9.122264497251460824e+00,1.530000000000000000e+02,1.712913173241266122e+03,1.394970822081756125e+02,3.001100000000000000e+06,4.515500000000000069e-02,-5.238956999999940223e+01,1.000000000000000000e+00
2.065032405819783659e-03,6.363584310382018952e-03,7.657013119458926376e-01,1.015361335311844027e+00,2.000000000000000000e+01,7.421282678671942135e-02,0.000000000000000000e+00,0.000000000000000000e+00,0.000000000000000000e+00,0.000000000000000000e+00,-1.342718453699675649e+02,1.234522465233048871e+00,1.540000000000000000e+02,4.190318157653192429e+03,1.307555089069286396e+02,2.024700000000000000e+06,1.297200000000000020e-01,-1.766254779999975710e+02,1.000000000000000000e+00
3.355906979753311113e-03,4.433754028808157069e-03,1.477856477637127020e+00,-1.288043402673888238e+01,2.000000000000000000e+01,7.213014410634033258e-02,0.000000000000000000e+00,0.000000000000000000e+00,0.000000000000000000e+00,0.000000000000000000e+00,-4.632564192020240057e+01,3.634633512303778957e+00,1.550000000000000000e+02,5.530964091022211733e+02,2.660730736513390298e+02,2.389400000000000000e+06,2.742200000000000193e-01,-3.545160300000156326e+02,1.000000000000000000e+00
4.310363387530756832e-03,4.778114450340584241e-03,3.105836823175275319e-01,-1.059249031825820886e+01,2.000000000000000000e+01,6.716575018305598332e-02,0.000000000000000000e+00,0.000000000000000000e+00,0.000000000000000000e+00,0.000000000000000000e+00,-8.443248162505696541e+01,5.576197059318356963e+00,1.560000000000000000e+02,1.439687871235561943e+03,1.443266873330862268e+02,2.188700000000000000e+06,8.917700000000000626e-02,-1.185277499999981785e+02,1.000000000000000000e+00
4.224372499365355166e-03,2.793257350042421643e-03,8.917584458938804248e-01,-1.527819666091098583e+01,2.000000000000000000e+01,6.982291056689617081e-02,0.000000000000000000e+00,0.000000000000000000e+00,0.000000000000000000e+00,0.000000000000000000e+00,-1.316269188968129242e+02,4.370356242941281444e+00,1.570000000000000000e+02,7.053496993355649920e+02,1.681878482646768020e+02,1.787100000000000000e+06,4.015500000000000180e-01,-4.998399999999773513e+02,1.000000000000000000e+00
2.441209174287757577e-03,3.520958510721802770e-03,2.131168329753067581e-01,-1.877226677741828276e+00,2.000000000000000000e+01,7.322216296322839324e-02,0.000000000000000000e+00,0.000000000000000000e+00,0.000000000000000000e+00,0.000000000000000000e+00,-9.092397724427964079e+01,2.029309921397215888e+00,1.580000000000000000e+02,2.722969348651826749e+03,1.368800665525322415e+02,2.120200000000000000e+06,2.752899999999999792e-01,-5.668025220000982927e+02,1.000000000000000000e+00
2.584323891845164908e-03,8.133418030861662082e-03,8.280768249324408359e-01,1.937479836386767573e+01,2.000000000000000000e+01,6.566584826644358830e-02,0.000000000000000000e+00,0.000000000000000000e+00,0.000000000000000000e+00,0.000000000000000000e+00,-1.214043809913823111e+02,4.395011051358786780e+00,1.590000000000000000e+02,6.057285024557789939e+02,2.315619870612444231e+02,1.861800000000000000e+06,1.116200000000000081e+00,-7.344560909999105434e+02,1.000000000000000000e+00
3.222856042922296431e-03,5.163762216610037759e-03,1.128708902511351475e+00,-1.548217216236666083e+00,2.000000000000000000e+01,6.840817681910328629e-02,0.000000000000000000e+00,0.000000000000000000e+00,0.000000000000000000e+00,0.000000000000000000e+00,-1.402548960990553724e+02,2.676121977425596654e+00,1.600000000000000000e+02,1.709083295842231792e+03,1.419077720856423070e+02,1.895400000000000000e+06,1.687800000000000133e-01,-1.891842299999926809e+02,1.000000000000000000e+00
2.257425770787794238e-03,3.296575280954912920e-03,8.814993812981799515e-01,-1.173421841874631255e+01,2.000000000000000000e+01,7.271913028650861532e-02,0.000000000000000000e+00,0.000000000000000000e+00,0.000000000000000000e+00,0.000000000000000000e+00,-1.076239991434371461e+02,5.553571333100662422e+00,1.610000000000000000e+02,5.633200744922901322e+02,2.604748731544234488e+02,1.940300000000000000e+06,4.606299999999999839e-01,-9.984923760001373694e+02,1.000000000000000000e+00
1.526707789456968091e-03,8.326555583334031493e-03,3.495593299083669114e-01,-1.279699249754271406e+01,2.000000000000000000e+01,7.618118582260113847e-02,0.000000000000000000e+00,0.000000000000000000e+00,0.000000000000000000e+00,0.000000000000000000e+00,-8.469423781039502330e+01,5.486051180974225616e+00,1.620000000000000000e+02,1.530937901893469643e+03,1.438234324842540559e+02,2.178700000000000000e+06,1.451900000000000135e-01,-4.267965000000571649e+02,1.000000000000000000e+00
1.488818419225904684e-03,3.355859113785730069e-03,6.806742501692030212e-01,-1.900388598088755288e+01,2.000000000000000000e+01,6.567215979355561783e-02,0.000000000000000000e+00,0.000000000000000000e+00,0.000000000000000000e+00,0.000000000000000000e+00,-3.948942129832484227e+01,2.409876358225933046e+00,1.630000000000000000e+02,5.453651625462409811e+02,3.801002824291616662e+02,2.297100000000000000e+06,8.556300000000000017e-02,-5.732611499999877225e+01,1.000000000000000000e+00
2.900869497838034616e-03,2.560603588897839619e-03,1.636369619862829250e+00,-3.255420129987696587e+00,2.000000000000000000e+01,7.748791030314805539e-02,0.000000000000000000e+00,0.000000000000000000e+00,0.000000000000000000e+00,0.000000000000000000e+00,-1.473800959703355886e+02,3.422839143945719975e+00,1.640000000000000000e+02,9.455320731172992055e+02,1.514663425359271685e+02,1.817700000000000000e+06,2.123800000000000132e-01,-1.251276679999971861e+02,1.000000000000000000e+00
1.855680041420933700e-03,6.951170866765372588e-03,1.299246110447452418e+00,-1.489380334364100733e+01,2.000000000000000000e+01,7.091670030492262800e-02,0.000000000000000000e+00,0.000000000000000000e+00,0.000000000000000000e+00,0.000000000000000000e+00,-2.675412184203688071e+01,7.464985078908164873e+00,1.650000000000000000e+02,5.561784891807557187e+02,2.944799074247449653e+02,2.860700000000000000e+06,7.769300000000000095e-01,-1.367817502999798762e+03,1.000000000000000000e+00
2.649651619189338954e-03,2.659165284377142287e-03,6.104117579106995706e-01,-2.055006268985886209e+01,2.000000000000000000e+01,7.098626480797438909e-02,0.000000000000000000e+00,0.000000000000000000e+00,0.000000000000000000e+00,0.000000000000000000e+00,-1.203096445710061602e+02,4.453762205538165375e+00,1.660000000000000000e+02,6.944713407247343184e+02,1.867004895832282330e+02,1.847100000000000000e+06,4.402699999999999947e-01,-6.307859529999179813e+02,1.000000000000000000e+00
1.930277205569197289e-03,8.136785232477787566e-03,8.121798244188384031e-01,1.429188611051070534e+00,2.000000000000000000e+01,7.115470188224581882e-02,0.000000000000000000e+00,0.000000000000000000e+00,0.000000000000000000e+00,0.000000000000000000e+00,-1.714520682765330761e+01,1.054848032676892311e+00,1.670000000000000000e+02,6.518709859440135006e+03,1.319104632681638520e+02,2.232600000000000000e+06,6.944299999999999917e-01,-1.850345745998593884e+03,1.000000000000000000e+00
4.762388391907840593e-03,3.054403855590884405e-03,5.136989155562099452e-01,-3.096851718223695826e+01,2.000000000000000000e+01,7.930921831038573178e-02,0.000000000000000000e+00,0.000000000000000000e+00,0.000000000000000000e+00,0.000000000000000000e+00,-5.927588954437289459e+01,5.324946992746938612e+00,1.680000000000000000e+02,2.107722621713287481e+03,1.405721011818013153e+02,2.368100000000000000e+06,2.297899999999999943e-01,-5.204018300000246882e+02,1.000000000000000000e+00
4.317810340477569800e-03,4.491481649512253302e-03,2.867263906391459560e-01,-1.210560163064695871e+01,2.000000000000000000e+01,6.784703143661399705e-02,0.000000000000000000e+00,0.000000000000000000e+00,0.000000000000000000e+00,0.000000000000000000e+00,-8.789688771127175926e+01,3.817168090023505655e+00,1.690000000000000000e+02,1.070159373288172219e+03,1.536975698397575911e+02,2.130900000000000000e+06,9.653299999999999381e-02,-1.194618999999993463e+02,1.000000000000000000e+00
1.048496827156246381e-03,3.740239941584740536e-03,2.432355395794360553e-01,6.552398186473745056e+00,2.000000000000000000e+01,7.841826204749685614e-02,0.000000000000000000e+00,0.000000000000000000e+00,0.000000000000000000e+00,0.000000000000000000e+00,-3.331635951327990597e+01,4.436849174424211562e+00,1.700000000000000000e+02,3.518232082667691884e+03,1.379947876880377180e+02,2.534800000000000000e+06,9.352800000000000002e-02,-2.353785540000268384e+02,1.000000000000000000e+00
2.547981695841083916e-03,5.761819783931682211e-03,1.046480532306561795e+00,5.131042849799627881e+00,2.000000000000000000e+01,6.950582499876298281e-02,0.000000000000000000e+00,0.000000000000000000e+00,0.000000000000000000e+00,0.000000000000000000e+00,-3.363665652251535931e+01,2.243552247120883081e+00,1.710000000000000000e+02,7.752705890868537608e+03,1.329098590405990308e+02,2.328200000000000000e+06,7.338900000000000423e-01,-8.239350329998669622e+02,1.000000000000000000e+00
2.125766193042490267e-03,4.353388438783916022e-03,1.110369935272804476e+00,-1.342505372867555380e+01,2.000000000000000000e+01,6.675651896588692680e-02,0.000000000000000000e+00,0.000000000000000000e+00,0.000000000000000000e+00,0.000000000000000000e+00,5.887716699599114811e+00,3.109795889650688316e+00,1.720000000000000000e+02,5.603881552093390610e+02,4.444291292109990650e+02,2.450300000000000000e+06,1.116000000000000048e-01,-6.519764000000073167e+01,1.000000000000000000e+00
6.882426579851866691e-04,3.027585712167901646e-03,1.374282009060860399e-01,-1.546831957686180203e+01,2.000000000000000000e+01,7.114265351893712952e-02,0.000000000000000000e+00,0.000000000000000000e+00,0.000000000000000000e+00,0.000000000000000000e+00,-3.808324409547043388e+01,7.811930956506352164e-01,1.730000000000000000e+02,5.605936285282663221e+02,4.447439088791729205e+02,2.165800000000000000e+06,1.248999999999999971e-01,-1.363366850000203385e+02,1.000000000000000000e+00
2.100588325415976738e-03,2.294871255129141748e-03,9.784327821542162518e-01,-1.117734247524155933e+01,2.000000000000000000e+01,7.017269135911208267e-02,0.000000000000000000e+00,0.000000000000000000e+00,0.000000000000000000e+00,0.000000000000000000e+00,-6.840842535072295050e+01,4.351083085325877953e+00,1.740000000000000000e+02,7.890067289853819830e+02,1.648067217181809099e+02,2.295000000000000000e+06,4.253500000000000059e-01,-7.351364009999481368e+02,1.000000000000000000e+00
2.810586942712642658e-03,4.457585557328392657e-03,8.406244280003302149e-01,8.218506944509869072e-01,2.000000000000000000e+01,6.879316023373763245e-02,0.000000000000000000e+00,0.000000000000000000e+00,0.000000000000000000e+00,0.000000000000000000e+00,-6.311110436273806812e+01,6.745037677267166076e-01,1.750000000000000000e+02,4.633151580519035633e+03,1.356016372723690040e+02,2.154900000000000000e+06,1.961799999999999933e-01,-2.983408000000045490e+02,1.000000000000000000e+00
3.388387822802881467e-03,1.473506474559184345e-03,1.046168417704337772e+00,-2.955683419861330918e+01,2.000000000000000000e+01,6.834498951675876954e-02,0.000000000000000000e+00,0.000000000000000000e+00,0.000000000000000000e+00,0.000000000000000000e+00,-7.402401581936322827e+01,4.310317677060507613e+00,1.760000000000000000e+02,2.031493671146733277e+03,1.429531334944118157e+02,2.202600000000000000e+06,1.856399999999999995e-01,-2.874068499999975188e+02,1.000000000000000000e+00
4.227718366729230418e-03,4.319656157884299227e-03,4.048593778501107243e-01,1.087920965089808334e+01,2.000000000000000000e+01,7.813830038436225811e-02,0.000000000000000000e+00,0.000000000000000000e+00,0.000000000000000000e+00,0.000000000000000000e+00,-7.954025544290081484e+01,7.005502861437102879e+00,1.770000000000000000e+02,8.801056219595172934e+02,1.598056050636002112e+02,2.265900000000000000e+06,1.008000000000000007e-01,-3.559891800000125386e+02,1.000000000000000000e+00
1.916832678041946198e-03,6.113710970361503454e-03,7.580227955164358100e-01,-9.164893684508983895e+00,2.000000000000000000e+01,7.003355989995152520e-02,0.000000000000000000e+00,0.000000000000000000e+00,0.000000000000000000e+00,0.000000000000000000e+00,-5.975436082689675743e+01,3.099333274964665375e+00,1.780000000000000000e+02,6.456106641084670628e+02,2.161890569963753137e+02,2.290100000000000000e+06,4.578900000000000192e-01,-9.507041999999687505e+02,1.000000000000000000e+00
3.784946033368000173e-03,2.816282966169601602e-03,1.042659418154459755e-01,3.607119254284903320e+00,2.000000000000000000e+01,8.161172918983908287e-02,0.000000000000000000e+00,0.000000000000000000e+00,0.000000000000000000e+00,0.000000000000000000e+00,1.342447508371589038e+01,2.740586269253268981e+00,1.790000000000000000e+02,7.413932757590781875e+03,1.348234505880481038e+02,2.419300000000000000e+06,8.476300000000000501e-02,-3.176960600000065256e+02,1.000000000000000000e+00
3.727826861196863011e-03,3.960586259443190336e-03,2.037769210569037037e-01,3.944627465504726871e+00,2.000000000000000000e+01,7.245796171167526167e-02,0.000000000000000000e+00,0.000000000000000000e+00,0.000000000000000000e+00,0.000000000000000000e+00,-1.309990174116035178e+02,2.475675581506707523e+00,1.800000000000000000e+02,5.540779542570921876e+03,1.359966467309464235e+02,1.942700000000000000e+06,2.282599999999999907e-01,-5.464151900000238129e+02,1.000000000000000000e+00
2.155692819057353042e-03,1.871319285843888033e-03,8.778893633645963313e-01,-8.779888196118692534e+00,2.000000000000000000e+01,7.484489419607312510e-02,0.000000000000000000e+00,0.000000000000000000e+00,0.000000000000000000e+00,0.000000000000000000e+00,-1.267854504981969228e+02,3.814659376998499329e+00,1.810000000000000000e+02,1.314407823306331466e+03,1.529594148058430676e+02,1.867300000000000000e+06,1.467600000000000016e-01,-1.558076560000034192e+02,1.000000000000000000e+00
4.479400268043711927e-03,4.003375260316011791e-03,4.274379837917060554e-01,-1.284437579682672492e+01,2.000000000000000000e+01,7.571700594014872665e-02,0.000000000000000000e+00,0.000000000000000000e+00,0.000000000000000000e+00,0.000000000000000000e+00,-7.411288691329247058e+01,4.490954434591698075e+00,1.820000000000000000e+02,1.339149420286450550e+03,1.520689298885407936e+02,2.251400000000000000e+06,7.382800000000000473e-01,-2.848345400000604059e+03,1.000000000000000000e+00
1.483968232427717486e-03,6.829630050134973158e-03,8.734179128900413369e-01,-6.667557405348014221e+00,2.000000000000000000e+01,7.294450666985088927e-02,0.000000000000000000e+00,0.000000000000000000e+00,0.000000000000000000e+00,0.000000000000000000e+00,-1.124554449168214347e+02,1.875391038359578655e+00,1.830000000000000000e+02,6.683413128830649157e+02,2.200658339300299815e+02,2.038400000000000000e+06,2.028800000000000048e-01,-2.319507629999829703e+02,1.000000000000000000e+00
2.652787025786224051e-03,2.759162346096028905e-03,7.604566014100072602e-01,1.769405234249795456e+00,2.000000000000000000e+01,6.952979562032951533e-02,0.000000000000000000e+00,0.000000000000000000e+00,0.000000000000000000e+00,0.000000000000000000e+00,1.505485771343174406e+01,7.945978289396929739e+00,1.840000000000000000e+02,4.875374543517044913e+03,1.372732056323192751e+02,2.990400000000000000e+06,2.842799999999999772e-01,-4.020164179999726457e+02,1.000000000000000000e+00
2.312863705984320555e-03,4.138119466555845172e-03,6.306743612021473711e-01,7.749384649572284012e+00,2.000000000000000000e+01,7.779641853407945340e-02,0.000000000000000000e+00,0.000000000000000000e+00,0.000000000000000000e+00,0.000000000000000000e+00,-3.662418968825724619e+01,6.906299854971338803e+00,1.850000000000000000e+02,3.860192154764230963e+03,1.389670973931251581e+02,2.744000000000000000e+06,7.317300000000000193e-02,-5.474099999999977229e+01,1.000000000000000000e+00
4.269341867558838419e-03,1.168837574016174047e-03,6.952515307298716696e-01,4.550770227009230950e+00,2.000000000000000000e+01,7.863898493164292458e-02,0.000000000000000000e+00,0.000000000000000000e+00,0.000000000000000000e+00,0.000000000000000000e+00,-8.034204810249794093e+01,1.016591410191350908e+00,1.860000000000000000e+02,5.645887650906033741e+03,1.375861983420889487e+02,2.138500000000000000e+06,8.320299999999999918e-02,-1.592336999999992031e+02,1.000000000000000000e+00
4.357515401729268947e-03,2.058918935498594682e-03,6.991916829032711611e-01,1.805947118630550907e+00,2.000000000000000000e+01,6.985069647083355648e-02,0.000000000000000000e+00,0.000000000000000000e+00,0.000000000000000000e+00,0.000000000000000000e+00,-1.217367585652512219e+02,4.032842795261887048e+00,1.870000000000000000e+02,1.244655608337775675e+03,1.542389477909700304e+02,1.896700000000000000e+06,2.382100000000000051e-01,-3.591074400000177320e+02,1.000000000000000000e+00
4.449453659634507521e-03,6.586916764881486225e-03,2.796592904669674140e-01,-1.323650220671342304e+00,2.000000000000000000e+01,6.591054198450771451e-02,0.000000000000000000e+00,0.000000000000000000e+00,0.000000000000000000e+00,0.000000000000000000e+00,-1.035966614816207283e+02,4.444012760514208793e+00,1.880000000000000000e+02,1.675018613097255638e+03,1.486141108947545604e+02,2.024200000000000000e+06,6.921900000000000275e-02,-1.474102000000015664e+02,1.000000000000000000e+00
2.563276121447227024e-03,4.296101376837323585e-03,4.046467711299689407e-01,-4.551554753566316336e+00,2.000000000000000000e+01,7.749464619630623552e-02,0.000000000000000000e+00,0.000000000000000000e+00,0.000000000000000000e+00,0.000000000000000000e+00,-3.472079571557424060e+01,7.439134711516683041e+00,1.890000000000000000e+02,1.404602860431926274e+03,1.537949579546546772e+02,2.817000000000000000e+06,1.709100000000000064e-01,-5.807735339999937878e+02,1.000000000000000000e+00
3.777885945512813801e-03,2.606672649862647184e-03,6.533412709254906581e-01,-7.759706586751979884e+00,2.000000000000000000e+01,6.423985230674622571e-02,0.000000000000000000e+00,0.000000000000000000e+00,0.000000000000000000e+00,0.000000000000000000e+00,-4.151865919603375943e+01,9.107594341199682475e+00,1.900000000000000000e+02,1.080869063481838566e+03,1.579715281541037086e+02,2.898000000000000000e+06,4.498499999999999721e-02,-5.200909000000012128e+01,1.000000000000000000e+00
1.772028623419393076e-03,3.979227128221798741e-03,1.122600551571391270e+00,-1.771352026520184353e+01,2.000000000000000000e+01,6.846134065694632620e-02,0.000000000000000000e+00,0.000000000000000000e+00,0.000000000000000000e+00,0.000000000000000000e+00,-2.903727218441463265e+01,4.396516164236119018e+00,1.910000000000000000e+02,6.133521502781400159e+02,3.448317926436624816e+02,2.525600000000000000e+06,2.699799999999999978e-01,-2.258131410000146673e+02,1.000000000000000000e+00
2.172120270091437537e-03,3.405237018843278694e-03,5.632335939686694548e-01,-1.643287442691577382e+01,2.000000000000000000e+01,6.959691241574045284e-02,0.000000000000000000e+00,0.000000000000000000e+00,0.000000000000000000e+00,0.000000000000000000e+00,-1.153266139804408112e+02,3.223073747601687522e+00,1.920000000000000000e+02,7.708012704322203490e+02,1.900162815063914934e+02,1.947700000000000000e+06,3.197599999999999887e-01,-3.371668000000211123e+02,1.000000000000000000e+00
3.085697769369694782e-03,7.162100497775201070e-04,6.492286272317672191e-01,2.806046790575464911e+00,2.000000000000000000e+01,7.647174108953705418e-02,0.000000000000000000e+00,0.000000000000000000e+00,0.000000000000000000e+00,0.000000000000000000e+00,-1.083854201343969663e+02,5.358345267027163850e+00,1.930000000000000000e+02,7.268776477837099037e+02,2.036735829980865162e+02,1.950900000000000000e+06,3.678400000000000003e-01,-8.339670899999725862e+02,1.000000000000000000e+00
2.762259517653842082e-03,7.684763219831979714e-03,6.331257168486604803e-01,8.123768637585481400e+00,2.000000000000000000e+01,7.007445246484836354e-02,0.000000000000000000e+00,0.000000000000000000e+00,0.000000000000000000e+00,0.000000000000000000e+00,-1.285646031355967125e+02,4.267822428641135701e+00,1.940000000000000000e+02,7.383165021114205047e+02,2.035796618028280420e+02,1.832600000000000000e+06,1.020299999999999985e+00,-1.984412118000876490e+03,1.000000000000000000e+00
3.236181356639465222e-03,4.594191163646498335e-03,2.192940714598879681e-01,-8.555275466415075414e+00,2.000000000000000000e+01,6.500696697345506592e-02,0.000000000000000000e+00,0.000000000000000000e+00,0.000000000000000000e+00,0.000000000000000000e+00,-8.124656270938429259e+01,6.266240206307093885e+00,1.950000000000000000e+02,1.473545905163361567e+03,1.524848810369215357e+02,2.243100000000000000e+06,3.390100000000000058e-02,-6.666365999999925407e+01,1.000000000000000000e+00
3.232013294255952664e-03,3.726722249381204510e-03,1.842465627637106529e-01,-1.054692192803414130e+01,2.000000000000000000e+01,6.975033857509377322e-02,0.000000000000000000e+00,0.000000000000000000e+00,0.000000000000000000e+00,0.000000000000000000e+00,-1.092937391583972158e+02,2.577805851600548870e+00,1.960000000000000000e+02,7.455060598128686706e+02,2.144090761488327246e+02,2.019000000000000000e+06,1.076099999999999973e-01,-1.205498700000010075e+02,1.000000000000000000e+00
2.653358731756170173e-03,6.178872685400749361e-03,5.119799185183863122e-01,-9.334451291903610226e+00,2.000000000000000000e+01,6.469180338272516317e-02,0.000000000000000000e+00,0.000000000000000000e+00,0.000000000000000000e+00,0.000000000000000000e+00,-8.882475331991378198e+01,3.387631572338366759e+00,1.970000000000000000e+02,1.184305315512072639e+03,1.604745202701640494e+02,2.126400000000000000e+06,5.711800000000000210e-02,-7.897066899999929035e+01,1.000000000000000000e+00
3.387124535571907173e-03,5.305061825232192281e-03,2.234553578078762870e-01,8.418369039782259478e+00,2.000000000000000000e+01,7.047533117558284210e-02,0.000000000000000000e+00,0.000000000000000000e+00,0.000000000000000000e+00,0.000000000000000000e+00,-9.061431241186284069e+01,5.390230759410279404e+00,1.980000000000000000e+02,9.456907741640096674e+02,1.635315639457060115e+02,2.137400000000000000e+06,2.477000000000000035e-01,-6.067246000000420736e+02,1.000000000000000000e+00
3.570109148128435429e-03,6.690760732907396688e-03,7.936144696317681824e-01,-2.832194705989045502e+01,2.000000000000000000e+01,7.491780611930004552e-02,0.000000000000000000e+00,0.000000000000000000e+00,0.000000000000000000e+00,0.000000000000000000e+00,-5.602149888443226189e+01,6.391881959981912331e+00,1.990000000000000000e+02,1.359058278379454578e+03,1.560192437076230476e+02,2.476000000000000000e+06,1.473800000000000110e-01,-2.838149999999965871e+02,1.000000000000000000e+00
