3.530649821281766406e-03,4.419560158512094404e-03,5.548514391185398464e-01,2.901936824243301238e+00,2.000000000000000000e+01,7.799509024153000736e-02,0.000000000000000000e+00,0.000000000000000000e+00,0.000000000000000000e+00,0.000000000000000000e+00,-3.817962984867480003e+01,7.640614339790142928e+00,0.000000000000000000e+00,2.693009291975879023e+03,8.453823649302506738e+01,2.806700000000000000e+06,9.811200000000000476e-02,-1.638383999999948628e+02,1.000000000000000000e+00
3.712751311057541949e-03,4.646376799540496115e-03,5.621296657309331479e-01,2.701418827722359417e+00,2.000000000000000000e+01,7.699100992221172279e-02,0.000000000000000000e+00,0.000000000000000000e+00,0.000000000000000000e+00,0.000000000000000000e+00,-3.815765898901458542e+01,7.591466906895375288e+00,1.000000000000000000e+00,2.587303619412492480e+03,8.455090138294292501e+01,2.802600000000000000e+06,1.363600000000000090e-01,-2.859086999999963155e+02,1.000000000000000000e+00
2.920249940500241250e-03,4.852647133871360041e-03,5.166376510027274049e-01,2.225524937340908060e+00,2.000000000000000000e+01,7.453546828214566156e-02,0.000000000000000000e+00,0.000000000000000000e+00,0.000000000000000000e+00,0.000000000000000000e+00,-4.081332149798056008e+01,6.702602301040349708e+00,2.000000000000000000e+00,2.214797353994038076e+03,8.656626760095467432e+01,2.699900000000000000e+06,3.685200000000000142e-01,-1.536401405000360683e+03,1.000000000000000000e+00
3.107167814228235271e-03,4.697839667180556990e-03,5.355982431759387374e-01,2.328026870886941602e+00,2.000000000000000000e+01,7.474620697556744187e-02,0.000000000000000000e+00,0.000000000000000000e+00,0.000000000000000000e+00,0.000000000000000000e+00,-4.208643433886359730e+01,6.451679035237519955e+00,3.000000000000000000e+00,2.161374317695547234e+03,8.702658028942249757e+01,2.667100000000000000e+06,3.306200000000000250e-01,-1.315546140000290961e+03,1.000000000000000000e+00
3.249764635363897817e-03,4.570674224075013149e-03,5.875513741244078325e-01,2.185927023555987780e+00,2.000000000000000000e+01,7.468375964539922252e-02,0.000000000000000000e+00,0.000000000000000000e+00,0.000000000000000000e+00,0.000000000000000000e+00,-4.201779176446136432e+01,6.322049244779824662e+00,4.000000000000000000e+00,2.147054308334151301e+03,8.736755683381267090e+01,2.656800000000000000e+06,2.968999999999999972e-01,-1.039967999999746098e+03,1.000000000000000000e+00
3.267169566630817677e-03,4.404800594765279943e-03,5.661850814083769778e-01,2.096083229084055866e+00,2.000000000000000000e+01,7.468822041269487788e-02,0.000000000000000000e+00,0.000000000000000000e+00,0.000000000000000000e+00,0.000000000000000000e+00,-4.180181529029445642e+01,6.376196590259742614e+00,5.000000000000000000e+00,2.117063505625323160e+03,8.738891304356285161e+01,2.663400000000000000e+06,3.387200000000000211e-01,-1.344697199999959821e+03,1.000000000000000000e+00
2.981634663492592832e-03,4.449948548455746541e-03,4.889602773847305239e-01,2.393838592984133484e+00,2.000000000000000000e+01,7.530253459408553507e-02,0.000000000000000000e+00,0.000000000000000000e+00,0.000000000000000000e+00,0.000000000000000000e+00,-4.451408378678353728e+01,6.609331885100469428e+00,6.000000000000000000e+00,1.976522446772403782e+03,8.745334398234950868e+01,2.659700000000000000e+06,2.967099999999999738e-01,-1.221427199999997356e+03,1.000000000000000000e+00
2.827978968852052060e-03,4.115230495284530506e-03,5.942492266565501113e-01,1.756224284788695522e+00,2.000000000000000000e+01,7.678399627000706551e-02,0.000000000000000000e+00,0.000000000000000000e+00,0.000000000000000000e+00,0.000000000000000000e+00,-4.477264215073124376e+01,6.642712617985701229e+00,7.000000000000000000e+00,1.961668030369273083e+03,8.829011431097556795e+01,2.661300000000000000e+06,1.050600000000000006e-01,-1.783531640000080927e+02,1.000000000000000000e+00
2.888826002089943824e-03,4.173557568734040379e-03,6.176973528357833088e-01,1.896123366968593293e+00,2.000000000000000000e+01,6.905102919545820506e-02,0.000000000000000000e+00,0.000000000000000000e+00,0.000000000000000000e+00,0.000000000000000000e+00,-4.755735964600424381e+01,6.203010906660456847e+00,8.000000000000000000e+00,1.936668488774702610e+03,8.835818000628123059e+01,2.636100000000000000e+06,2.336300000000000043e-01,-7.391279999999705979e+02,1.000000000000000000e+00
2.429151875902489481e-03,7.103440778126002362e-04,4.757628496285286057e-01,-2.210494905062913773e+01,2.000000000000000000e+01,7.417924535225270399e-02,0.000000000000000000e+00,0.000000000000000000e+00,0.000000000000000000e+00,0.000000000000000000e+00,-9.865448618903117506e+01,6.500098909165416217e+00,9.000000000000000000e+00,8.178778969025033518e+01,2.879723871665251522e+02,2.064700000000000000e+06,7.280200000000000560e-02,-9.672117899999999224e+01,1.000000000000000000e+00
2.852646134244615772e-03,4.442995282184628025e-03,5.529485997818945897e-01,2.004029435494954381e+00,2.000000000000000000e+01,7.480029921799408177e-02,0.000000000000000000e+00,0.000000000000000000e+00,0.000000000000000000e+00,0.000000000000000000e+00,-4.633226193601649356e+01,6.215118492578868725e+00,1.000000000000000000e+01,1.865854513969853087e+03,8.877515755445290324e+01,2.612000000000000000e+06,2.701000000000000068e-01,-9.471009000001025697e+02,1.000000000000000000e+00
3.236639539155182661e-03,4.359483957473487582e-03,6.201652551677394598e-01,1.668664757381790542e+00,2.000000000000000000e+01,7.448305991449079289e-02,0.000000000000000000e+00,0.000000000000000000e+00,0.000000000000000000e+00,0.000000000000000000e+00,-4.651372533857166758e+01,6.648471049693465140e+00,1.100000000000000000e+01,1.758417705676022024e+03,8.903599121313429521e+01,2.645400000000000000e+06,3.074500000000000011e-01,-1.062491300000109050e+03,1.000000000000000000e+00
2.914145113869978480e-03,4.285230738435591435e-03,5.474806653130198653e-01,1.511062254839978358e+00,2.000000000000000000e+01,7.466247265572285852e-02,0.000000000000000000e+00,0.000000000000000000e+00,0.000000000000000000e+00,0.000000000000000000e+00,-4.699852356214150007e+01,6.503198673503105098e+00,1.200000000000000000e+01,1.730044001718907339e+03,8.963077865105989872e+01,2.629700000000000000e+06,3.273499999999999743e-01,-1.316152150000216352e+03,1.000000000000000000e+00
2.953710051540430360e-03,4.493263857219328451e-03,5.788233620724315687e-01,1.307286130553219072e+00,2.000000000000000000e+01,7.412702202492602033e-02,0.000000000000000000e+00,0.000000000000000000e+00,0.000000000000000000e+00,0.000000000000000000e+00,-4.660445478952193810e+01,6.906577736099927201e+00,1.300000000000000000e+01,1.706822694659391800e+03,8.965296811016797562e+01,2.665600000000000000e+06,3.960000000000000187e-01,-1.614464931999333658e+03,1.000000000000000000e+00
2.838255321245409211e-03,4.208109691778294179e-03,5.482515372474174864e-01,1.383085365731267391e+00,2.000000000000000000e+01,7.472602282267436224e-02,0.000000000000000000e+00,0.000000000000000000e+00,0.000000000000000000e+00,0.000000000000000000e+00,-4.685348626880909961e+01,6.541086625842231328e+00,1.400000000000000000e+01,1.687700018303527941e+03,8.981749701053428225e+01,2.633900000000000000e+06,3.065499999999999892e-01,-1.182594599999650654e+03,1.000000000000000000e+00
2.757601724803086622e-03,9.685592928417456659e-04,4.065870295862282213e-01,-3.003890708148532873e+00,2.000000000000000000e+01,7.279895175571943211e-02,0.000000000000000000e+00,0.000000000000000000e+00,0.000000000000000000e+00,0.000000000000000000e+00,-9.601651190650946432e+01,5.816460056084020280e+00,1.500000000000000000e+01,1.363513344864150270e+02,1.940875768278790474e+02,2.074500000000000000e+06,2.353500000000000036e-01,-3.473228739999879622e+02,1.000000000000000000e+00
3.218997519462396192e-03,3.977830826979418880e-03,7.077436594843798945e-01,1.232462619049282004e+00,2.000000000000000000e+01,7.337279105525294776e-02,0.000000000000000000e+00,0.000000000000000000e+00,0.000000000000000000e+00,0.000000000000000000e+00,-4.875116339317769132e+01,6.826108627050325062e+00,1.600000000000000000e+01,1.607096796114736662e+03,9.082417292838091782e+01,2.638400000000000000e+06,4.960899999999999754e-01,-1.994492399999781583e+03,1.000000000000000000e+00
2.919257350624549982e-03,4.544039242058398216e-03,5.743566182157409106e-01,1.499014894668760700e+00,2.000000000000000000e+01,7.460689441425663593e-02,0.000000000000000000e+00,0.000000000000000000e+00,0.000000000000000000e+00,0.000000000000000000e+00,-4.863435304286477390e+01,6.643642325427184581e+00,1.700000000000000000e+01,1.620530188516404451e+03,9.026910038378196077e+01,2.625200000000000000e+06,2.893600000000000061e-01,-1.008028000000032989e+03,1.000000000000000000e+00
2.387968981758457378e-03,3.703465338776052752e-03,3.609738968861672115e-01,-2.198272911687199738e+01,2.000000000000000000e+01,7.595544362247277914e-02,0.000000000000000000e+00,0.000000000000000000e+00,0.000000000000000000e+00,0.000000000000000000e+00,-7.182753335181840271e+01,8.515748209891308207e+00,1.800000000000000000e+01,1.566539459299646069e+02,1.890478926735861478e+02,2.407100000000000000e+06,3.991100000000000203e-01,-1.598447600000513376e+03,1.000000000000000000e+00
3.180890742261428990e-03,4.292113827480105448e-03,6.666072812297655359e-01,1.210308511446680502e+00,2.000000000000000000e+01,7.488998053858281212e-02,0.000000000000000000e+00,0.000000000000000000e+00,0.000000000000000000e+00,0.000000000000000000e+00,-4.746379313109029141e+01,6.946469407529221485e+00,1.900000000000000000e+01,1.635316289265231489e+03,9.025493306158149664e+01,2.660400000000000000e+06,2.051000000000000045e-01,-4.914490499999545250e+02,1.000000000000000000e+00
2.778410537866279548e-03,4.857057943331355432e-03,5.518343622285640793e-01,1.220964153399610952e+00,2.000000000000000000e+01,7.482017582989507198e-02,0.000000000000000000e+00,0.000000000000000000e+00,0.000000000000000000e+00,0.000000000000000000e+00,-4.687901843953856229e+01,7.094781147003256905e+00,2.000000000000000000e+01,1.639490329500685220e+03,8.989461463362361826e+01,2.678000000000000000e+06,2.602900000000000214e-01,-8.282144000001687800e+02,1.000000000000000000e+00
2.759676424150149000e-03,4.620291304512257752e-03,5.482790005555551183e-01,1.327957004257145801e+00,2.000000000000000000e+01,7.499993119800113517e-02,0.000000000000000000e+00,0.000000000000000000e+00,0.000000000000000000e+00,0.000000000000000000e+00,-4.979750747344100148e+01,6.521261470212648348e+00,2.100000000000000000e+01,1.560797430906867476e+03,9.122498001040661109e+01,2.604700000000000000e+06,2.353600000000000136e-01,-7.578960000000885202e+02,1.000000000000000000e+00
2.607912445208828561e-03,4.571180270607760367e-03,6.414978524690962969e-01,6.304059185823678302e-01,2.000000000000000000e+01,7.385189308633292871e-02,0.000000000000000000e+00,0.000000000000000000e+00,0.000000000000000000e+00,0.000000000000000000e+00,-5.250770465746134619e+01,6.857371485232632402e+00,2.200000000000000000e+01,1.233368029703850198e+03,9.449522840494694265e+01,2.602900000000000000e+06,3.174500000000000099e-01,-1.013725713000112933e+03,1.000000000000000000e+00
2.734381886589093077e-03,4.566722948617000545e-03,6.669633170325697247e-01,1.288210554110926109e+00,2.000000000000000000e+01,7.369020725274519346e-02,0.000000000000000000e+00,0.000000000000000000e+00,0.000000000000000000e+00,0.000000000000000000e+00,-4.985326272327779407e+01,6.686756677419047890e+00,2.300000000000000000e+01,1.491244702443300412e+03,9.131052241269108549e+01,2.616700000000000000e+06,3.406500000000000083e-01,-1.072726543000054335e+03,1.000000000000000000e+00
2.615832957011630759e-03,5.308291682852437493e-03,4.868557168788422151e-01,8.821208113652906357e-01,2.000000000000000000e+01,7.481495710116843612e-02,0.000000000000000000e+00,0.000000000000000000e+00,0.000000000000000000e+00,0.000000000000000000e+00,-5.249745264238623577e+01,7.132495109287938284e+00,2.400000000000000000e+01,1.222842806894828300e+03,9.474962177642315453e+01,2.602200000000000000e+06,2.444399999999999906e-01,-8.464089999999508791e+02,1.000000000000000000e+00
2.802249205619458238e-03,4.862199191880274898e-03,6.067472637627260301e-01,1.103104284616338804e+00,2.000000000000000000e+01,7.473748118117817807e-02,0.000000000000000000e+00,0.000000000000000000e+00,0.000000000000000000e+00,0.000000000000000000e+00,-4.878662865018328887e+01,6.816777018520435938e+00,2.500000000000000000e+01,1.571920192288142516e+03,9.121909883150021869e+01,2.637400000000000000e+06,2.206100000000000005e-01,-5.831895999999107971e+02,1.000000000000000000e+00
2.854572157132757425e-03,4.635257913727658906e-03,5.677971640945796983e-01,1.314879258617728919e+00,2.000000000000000000e+01,7.447311774126105788e-02,0.000000000000000000e+00,0.000000000000000000e+00,0.000000000000000000e+00,0.000000000000000000e+00,-4.937149126015741274e+01,6.588546630703169704e+00,2.600000000000000000e+01,1.575632767921849791e+03,9.101035378531572917e+01,2.614000000000000000e+06,3.061699999999999977e-01,-1.139434490999945410e+03,1.000000000000000000e+00
2.416152651980881579e-03,4.392645480443307243e-03,8.162195162764899203e-01,8.976127476689373108e-02,2.000000000000000000e+01,7.314295266639993243e-02,0.000000000000000000e+00,0.000000000000000000e+00,0.000000000000000000e+00,0.000000000000000000e+00,-5.093803243580867246e+01,6.962572160301502500e+00,2.700000000000000000e+01,1.171882575858901191e+03,9.526197158575514834e+01,2.627100000000000000e+06,3.262499999999999845e-01,-6.827587739999777341e+02,1.000000000000000000e+00
2.634090428480290267e-03,4.475438098883174204e-03,5.971498595288931011e-01,7.888479578197811204e-01,2.000000000000000000e+01,7.448903083735208819e-02,0.000000000000000000e+00,0.000000000000000000e+00,0.000000000000000000e+00,0.000000000000000000e+00,-5.396128609672097554e+01,6.906065868481335634e+00,2.800000000000000000e+01,1.165799218551494278e+03,9.536923982121651022e+01,2.590900000000000000e+06,2.511399999999999744e-01,-7.695670000000854998e+02,1.000000000000000000e+00
2.747680285176481562e-03,5.439981504550567108e-03,9.228206173568794801e-01,1.069216051525463840e+00,2.000000000000000000e+01,7.247460472144581778e-02,0.000000000000000000e+00,0.000000000000000000e+00,0.000000000000000000e+00,0.000000000000000000e+00,-5.136178983451727476e+01,6.941907955875564085e+00,2.900000000000000000e+01,1.403178380735307655e+03,9.278477473119716024e+01,2.620100000000000000e+06,4.850300000000000167e-01,-1.072544400000113001e+03,1.000000000000000000e+00
2.520974284305272511e-03,5.461536741205303205e-03,6.429135751055268244e-01,6.062582996523322443e-01,2.000000000000000000e+01,7.644669174617470253e-02,0.000000000000000000e+00,0.000000000000000000e+00,0.000000000000000000e+00,0.000000000000000000e+00,-4.643473215680233324e+01,6.228714369198621981e+00,3.000000000000000000e+01,1.328747442130435957e+03,9.387949372873397635e+01,2.608400000000000000e+06,4.008300000000000196e-01,-1.236791999999683640e+03,1.000000000000000000e+00
2.519380975523824364e-03,4.136566205074734479e-03,6.677640283877918082e-01,1.107013693654017583e+00,2.000000000000000000e+01,7.774000203588883606e-02,0.000000000000000000e+00,0.000000000000000000e+00,0.000000000000000000e+00,0.000000000000000000e+00,-5.350197501174067582e+01,6.019038962233248746e+00,3.100000000000000000e+01,1.401681456857786543e+03,9.313771037238977613e+01,2.564200000000000000e+06,2.245000000000000051e-01,-6.349906999999865320e+02,1.000000000000000000e+00
2.777664502710212868e-03,4.519830442439532782e-03,6.822835905640769472e-01,9.368403011922505907e-01,2.000000000000000000e+01,7.395847326687841894e-02,0.000000000000000000e+00,0.000000000000000000e+00,0.000000000000000000e+00,0.000000000000000000e+00,-5.253426116061213946e+01,6.549250810684771551e+00,3.200000000000000000e+01,1.329632447487684203e+03,9.373861990617258755e+01,2.580400000000000000e+06,2.702700000000000102e-01,-7.670058000001509981e+02,1.000000000000000000e+00
2.674181480426075092e-03,4.342211955893448064e-03,5.896850295874538350e-01,8.068334204305273039e-01,2.000000000000000000e+01,7.453945269151321384e-02,0.000000000000000000e+00,0.000000000000000000e+00,0.000000000000000000e+00,0.000000000000000000e+00,-5.112997259274395390e+01,6.497537617739826743e+00,3.300000000000000000e+01,1.386543688945791700e+03,9.322293417946218597e+01,2.590500000000000000e+06,2.624199999999999866e-01,-8.412372540000228582e+02,1.000000000000000000e+00
2.901752747214888552e-03,4.342050028411424331e-03,6.418225627194846794e-01,1.139258203382508716e+00,2.000000000000000000e+01,7.484343121407709132e-02,0.000000000000000000e+00,0.000000000000000000e+00,0.000000000000000000e+00,0.000000000000000000e+00,-5.231879544439053120e+01,6.541547006072539361e+00,3.400000000000000000e+01,1.399546868002413021e+03,9.321247400526559090e+01,2.582100000000000000e+06,1.970200000000000007e-01,-4.940154309999726934e+02,1.000000000000000000e+00
2.832167211868482411e-03,4.626053582929365998e-03,5.988099139776013047e-01,1.157830380233089151e+00,2.000000000000000000e+01,7.501637178101425163e-02,0.000000000000000000e+00,0.000000000000000000e+00,0.000000000000000000e+00,0.000000000000000000e+00,-5.228435604478364951e+01,6.637166331890867355e+00,3.500000000000000000e+01,1.399766890499346118e+03,9.319681355200667383e+01,2.589100000000000000e+06,1.952699999999999991e-01,-5.203327999999600024e+02,1.000000000000000000e+00
3.002041899783591816e-03,4.408362985185050598e-03,6.837967388614095698e-01,2.430835196654879404e-01,2.000000000000000000e+01,6.772702992726477300e-02,0.000000000000000000e+00,0.000000000000000000e+00,0.000000000000000000e+00,0.000000000000000000e+00,-5.289321450185074269e+01,6.604894569701372120e+00,3.600000000000000000e+01,1.029936727113081133e+03,9.786393897085142157e+01,2.559400000000000000e+06,2.441599999999999882e-01,-6.485935610000105953e+02,1.000000000000000000e+00
3.016876224797735047e-03,4.461377979395471718e-03,7.367142955716827757e-01,1.079569876701873987e+00,2.000000000000000000e+01,7.379567091049032967e-02,0.000000000000000000e+00,0.000000000000000000e+00,0.000000000000000000e+00,0.000000000000000000e+00,-5.126934148419537962e+01,6.639160495362121495e+00,3.700000000000000000e+01,1.410353531750854927e+03,9.264766201893873188e+01,2.599400000000000000e+06,2.841000000000000192e-01,-7.646337099998632993e+02,1.000000000000000000e+00
2.882064645702364560e-03,4.481847171793520990e-03,6.018134527837032399e-01,1.101600776543145255e+00,2.000000000000000000e+01,7.416927980986173785e-02,0.000000000000000000e+00,0.000000000000000000e+00,0.000000000000000000e+00,0.000000000000000000e+00,-4.943013061525299889e+01,7.265181662460219236e+00,3.800000000000000000e+01,1.432030208471376227e+03,9.143979533047344432e+01,2.665400000000000000e+06,3.478399999999999825e-01,-1.251849077000082161e+03,1.000000000000000000e+00
2.615832957011630759e-03,5.308291682852437493e-03,4.868557168788422151e-01,8.821208113652906357e-01,2.000000000000000000e+01,7.481495710116843612e-02,0.000000000000000000e+00,0.000000000000000000e+00,0.000000000000000000e+00,0.000000000000000000e+00,-5.249745264238623577e+01,7.132495109287938284e+00,3.900000000000000000e+01,1.307358656138886772e+03,9.408183903913447921e+01,2.622500000000000000e+06,2.911000000000000254e-01,-1.195948000000163802e+03,1.000000000000000000e+00
2.885602306269774431e-03,4.830599004437530729e-03,7.160718079018062454e-01,2.364441231838257107e-01,2.000000000000000000e+01,7.353492793650676096e-02,0.000000000000000000e+00,0.000000000000000000e+00,0.000000000000000000e+00,0.000000000000000000e+00,-5.564519942218927895e+01,7.130456032904935348e+00,4.000000000000000000e+01,9.921305439086343085e+02,9.816733193924324041e+01,2.588100000000000000e+06,3.388999999999999790e-01,-1.055891199999840410e+03,1.000000000000000000e+00
2.499174148393691272e-03,5.360997991190696518e-03,7.760772127058563896e-01,-1.137741616026810842e-01,2.000000000000000000e+01,7.344244666082402895e-02,0.000000000000000000e+00,0.000000000000000000e+00,0.000000000000000000e+00,0.000000000000000000e+00,-5.431197327254243845e+01,7.405229754206325232e+00,4.100000000000000000e+01,9.937535323999877619e+02,9.787915105375465430e+01,2.622100000000000000e+06,2.673699999999999966e-01,-5.338696999999981472e+02,1.000000000000000000e+00
2.844039582569932861e-03,4.888582346434387077e-03,6.142913033217132224e-01,6.615372267903815162e-01,2.000000000000000000e+01,7.461788079122574913e-02,0.000000000000000000e+00,0.000000000000000000e+00,0.000000000000000000e+00,0.000000000000000000e+00,-5.240675058398930730e+01,6.896748738847014337e+00,4.200000000000000000e+01,1.292783570226197298e+03,9.437191332088501383e+01,2.606700000000000000e+06,2.315500000000000058e-01,-6.504228000000686052e+02,1.000000000000000000e+00
2.666746907775118317e-03,4.670307322181736429e-03,7.261160659698678854e-01,-2.560540910172751788e-02,2.000000000000000000e+01,7.349995351523466725e-02,0.000000000000000000e+00,0.000000000000000000e+00,0.000000000000000000e+00,0.000000000000000000e+00,-5.562204502566839182e+01,6.821818767638502479e+00,4.300000000000000000e+01,9.888138371391398778e+02,9.834195619361044294e+01,2.567600000000000000e+06,3.109999999999999987e-01,-8.915780999998557945e+02,1.000000000000000000e+00
2.660528098761583658e-03,4.533402293289495733e-03,7.356582833271432253e-01,1.360981551816918267e-01,2.000000000000000000e+01,7.351750476699721315e-02,0.000000000000000000e+00,0.000000000000000000e+00,0.000000000000000000e+00,0.000000000000000000e+00,-5.510786286120883659e+01,6.756241566690754041e+00,4.400000000000000000e+01,1.038355207807880333e+03,9.750254359829301620e+01,2.568600000000000000e+06,3.024800000000000266e-01,-8.292562999999821614e+02,1.000000000000000000e+00
2.695782683094882174e-03,4.671959007665959715e-03,7.940125595406354320e-01,2.308889815016691993e-01,2.000000000000000000e+01,6.423614886436707083e-02,0.000000000000000000e+00,0.000000000000000000e+00,0.000000000000000000e+00,0.000000000000000000e+00,-5.628207152412583980e+01,6.655157581890265739e+00,4.500000000000000000e+01,1.052108630945094546e+03,9.716213488048616398e+01,2.569900000000000000e+06,3.921799999999999731e-01,-1.094900763999913806e+03,1.000000000000000000e+00
2.546471740698020517e-03,4.105755947169930156e-03,6.787202949335852109e-01,3.136701938643253196e-01,2.000000000000000000e+01,7.165269843166653663e-02,0.000000000000000000e+00,0.000000000000000000e+00,0.000000000000000000e+00,0.000000000000000000e+00,-5.550899785131093722e+01,7.197546214682599697e+00,4.600000000000000000e+01,1.101639530668989664e+03,9.670094629903763916e+01,2.583000000000000000e+06,2.469800000000000051e-01,-7.417754979999393754e+02,1.000000000000000000e+00
2.737248918566898177e-03,4.588464536287464521e-03,5.796070881087198590e-01,1.043554321175881316e+00,2.000000000000000000e+01,7.471655395520643284e-02,0.000000000000000000e+00,0.000000000000000000e+00,0.000000000000000000e+00,0.000000000000000000e+00,-5.241493320993803451e+01,6.683214697923851588e+00,4.700000000000000000e+01,1.341883061664377692e+03,9.350564971048360974e+01,2.591300000000000000e+06,2.398599999999999899e-01,-7.517599199999035591e+02,1.000000000000000000e+00
2.489727585606820587e-03,4.382751350501548626e-03,7.031228108436859969e-01,3.247881184223302964e-01,2.000000000000000000e+01,6.301600935955774252e-02,0.000000000000000000e+00,0.000000000000000000e+00,0.000000000000000000e+00,0.000000000000000000e+00,-6.161480388791066076e+01,7.358739305867829650e+00,4.800000000000000000e+01,1.125551815387323131e+03,9.605965045986516770e+01,2.588400000000000000e+06,2.568900000000000072e-01,-6.566276529999209970e+02,1.000000000000000000e+00
1.412436847570560381e-03,2.139556060479387914e-03,2.330090671769713406e-01,8.078566837064281358e+00,2.000000000000000000e+01,8.813371565247303530e-02,0.000000000000000000e+00,0.000000000000000000e+00,0.000000000000000000e+00,0.000000000000000000e+00,-8.138270120455609913e+01,8.622021439433229517e+00,4.900000000000000000e+01,1.576559069406708602e+02,1.473049557402966627e+02,2.382400000000000000e+06,5.585099999999999787e-02,-1.471735809999971991e+02,1.000000000000000000e+00
2.618605911811420182e-03,4.540552861757259084e-03,7.129511761468561026e-01,1.144880223006749798e-01,2.000000000000000000e+01,7.337942161405358599e-02,0.000000000000000000e+00,0.000000000000000000e+00,0.000000000000000000e+00,0.000000000000000000e+00,-5.455827815041961770e+01,6.705585820068632685e+00,5.000000000000000000e+01,1.085828173175403435e+03,9.711649941280050768e+01,2.571100000000000000e+06,3.487299999999999844e-01,-1.102424399999867319e+03,1.000000000000000000e+00
2.744896431570133938e-03,4.749500606373060520e-03,6.030155770698549800e-01,2.994465625831170819e-01,2.000000000000000000e+01,7.474259657950571567e-02,0.000000000000000000e+00,0.000000000000000000e+00,0.000000000000000000e+00,0.000000000000000000e+00,-5.459208441226172681e+01,6.980465177702559032e+00,5.100000000000000000e+01,1.089894979384051567e+03,9.685371418087356687e+01,2.589700000000000000e+06,2.204800000000000093e-01,-6.208274999999129022e+02,1.000000000000000000e+00
2.756147267279111194e-03,4.930397531645641131e-03,7.242309356609131221e-01,8.144776574473419628e-02,2.000000000000000000e+01,7.341071053103070954e-02,0.000000000000000000e+00,0.000000000000000000e+00,0.000000000000000000e+00,0.000000000000000000e+00,-5.605983758174842535e+01,7.004650296932773301e+00,5.200000000000000000e+01,9.647184369326363367e+02,9.870695753501919967e+01,2.575100000000000000e+06,3.367100000000000093e-01,-1.022571577000100206e+03,1.000000000000000000e+00
2.904268937670349566e-03,4.926932197116676466e-03,6.623429639865988650e-01,4.826020284502680752e-02,2.000000000000000000e+01,7.343200077211685384e-02,0.000000000000000000e+00,0.000000000000000000e+00,0.000000000000000000e+00,0.000000000000000000e+00,-5.334401181509166179e+01,6.143377501599562862e+00,5.300000000000000000e+01,1.088401883771078474e+03,9.704671951935937102e+01,2.579600000000000000e+06,2.483899999999999997e-01,-7.402862000001009619e+02,1.000000000000000000e+00
2.717566927071720859e-03,4.513466022044059986e-03,6.866568515169511056e-01,3.085595499839106082e-01,2.000000000000000000e+01,7.419447225725422923e-02,0.000000000000000000e+00,0.000000000000000000e+00,0.000000000000000000e+00,0.000000000000000000e+00,-5.465324056623198601e+01,6.684352127097400675e+00,5.400000000000000000e+01,1.112538014026072915e+03,9.665292701945675446e+01,2.568600000000000000e+06,2.322200000000000097e-01,-5.848229999999738311e+02,1.000000000000000000e+00
2.962957948291324375e-03,5.168053583958676263e-03,7.870620493850670751e-01,-1.099957851731821479e-01,2.000000000000000000e+01,8.042039256533137226e-02,0.000000000000000000e+00,0.000000000000000000e+00,0.000000000000000000e+00,0.000000000000000000e+00,-5.757585680512961090e+01,7.250609803761157046e+00,5.500000000000000000e+01,9.594074744751661683e+02,9.877997084860946586e+01,2.568800000000000000e+06,3.102400000000000158e-01,-8.028472160001226712e+02,1.000000000000000000e+00
2.644036385343741941e-03,4.895965743756896735e-03,7.272044492943728899e-01,4.488085606027721747e-02,2.000000000000000000e+01,7.333600775273245442e-02,0.000000000000000000e+00,0.000000000000000000e+00,0.000000000000000000e+00,0.000000000000000000e+00,-5.614469151877341346e+01,6.978750573029779858e+00,5.600000000000000000e+01,9.478579466863097878e+02,9.885225968103407013e+01,2.572300000000000000e+06,3.396500000000000075e-01,-9.996926189998688415e+02,1.000000000000000000e+00
3.764417255578829738e-03,2.184125449574827321e-03,5.838590117592573625e-01,-3.058924639383390431e+00,2.000000000000000000e+01,7.229009423980227445e-02,0.000000000000000000e+00,0.000000000000000000e+00,0.000000000000000000e+00,0.000000000000000000e+00,-7.342234896596846738e+01,7.476759709798629139e+00,5.700000000000000000e+01,1.680548677039227243e+02,1.419474645549660181e+02,2.349900000000000000e+06,5.435399999999999954e-02,-1.031665799999992856e+02,1.000000000000000000e+00
2.500952073404881862e-03,4.565651341614167073e-03,7.812263276758583119e-01,-7.238699148083810320e-03,2.000000000000000000e+01,7.321977900306936293e-02,0.000000000000000000e+00,0.000000000000000000e+00,0.000000000000000000e+00,0.000000000000000000e+00,-5.646522684027484473e+01,6.696703859040249895e+00,5.800000000000000000e+01,9.382947321365128346e+02,9.889324452920325825e+01,2.550300000000000000e+06,3.122199999999999975e-01,-7.857339749998338903e+02,1.000000000000000000e+00
2.580150830084875641e-03,4.651619453780224400e-03,7.556722760544891671e-01,-3.682481161158008831e-01,2.000000000000000000e+01,7.363428249099222833e-02,0.000000000000000000e+00,0.000000000000000000e+00,0.000000000000000000e+00,0.000000000000000000e+00,-5.547380202043531483e+01,6.935764392201939188e+00,5.900000000000000000e+01,9.300640583360209348e+02,9.901150136944296776e+01,2.577300000000000000e+06,2.595700000000000229e-01,-6.036340000000648160e+02,1.000000000000000000e+00
2.635011386770245642e-03,4.891773120624323332e-03,7.556386268825306951e-01,-9.887181316666727726e-01,2.000000000000000000e+01,7.358314387709774529e-02,0.000000000000000000e+00,0.000000000000000000e+00,0.000000000000000000e+00,0.000000000000000000e+00,-5.847860869879559687e+01,7.123546335397332285e+00,6.000000000000000000e+01,6.719031676894067004e+02,1.032904977459552498e+02,2.555500000000000000e+06,2.633599999999999830e-01,-6.575178379999609888e+02,1.000000000000000000e+00
2.717438164931628222e-03,4.657521567110680001e-03,7.509151105217319877e-01,-2.643347384310494874e-01,2.000000000000000000e+01,7.370916079407338617e-02,0.000000000000000000e+00,0.000000000000000000e+00,0.000000000000000000e+00,0.000000000000000000e+00,-5.664758360535304860e+01,7.169203068202560480e+00,6.100000000000000000e+01,8.462743181854764316e+02,1.000984756345927451e+02,2.579300000000000000e+06,2.640100000000000224e-01,-6.327916290000723620e+02,1.000000000000000000e+00
2.452111549052688171e-03,4.716138226393050067e-03,8.213210039644882610e-01,-6.269963420085344907e-01,2.000000000000000000e+01,7.317716178941571781e-02,0.000000000000000000e+00,0.000000000000000000e+00,0.000000000000000000e+00,0.000000000000000000e+00,-5.973193890048635524e+01,6.793261877406074234e+00,6.200000000000000000e+01,6.696702904704662842e+02,1.034871482066236581e+02,2.520800000000000000e+06,2.802299999999999791e-01,-6.352288760000311640e+02,1.000000000000000000e+00
2.581080072551921855e-03,4.658838422627918988e-03,7.488081381836722006e-01,-4.088883575079776955e-01,2.000000000000000000e+01,7.354619883674390346e-02,0.000000000000000000e+00,0.000000000000000000e+00,0.000000000000000000e+00,0.000000000000000000e+00,-5.589904684589596684e+01,6.983645593076964531e+00,6.300000000000000000e+01,8.933958830134896516e+02,9.946550893676207750e+01,2.575400000000000000e+06,2.788900000000000268e-01,-6.895544950000056588e+02,1.000000000000000000e+00
2.494097737095643443e-03,5.118122079652316983e-03,7.564068048235823571e-01,-8.703616652944974330e-01,2.000000000000000000e+01,7.358047947310980552e-02,0.000000000000000000e+00,0.000000000000000000e+00,0.000000000000000000e+00,0.000000000000000000e+00,-5.855708260417170408e+01,7.109049164628751249e+00,6.400000000000000000e+01,6.739608836017507656e+02,1.031705489681881431e+02,2.554000000000000000e+06,2.484699999999999964e-01,-5.555778390000491527e+02,1.000000000000000000e+00
2.656789491795264347e-03,4.901161852535199787e-03,8.036148143270355204e-01,-1.605730486168406856e-01,2.000000000000000000e+01,7.312279025196674609e-02,0.000000000000000000e+00,0.000000000000000000e+00,0.000000000000000000e+00,0.000000000000000000e+00,-5.660445344202830853e+01,6.967524852677115632e+00,6.500000000000000000e+01,8.896751824674611271e+02,9.962951792029264197e+01,2.566800000000000000e+06,3.299900000000000055e-01,-8.482061589998971840e+02,1.000000000000000000e+00
2.536644381029271728e-03,4.752038607974516313e-03,6.856775975836315595e-01,-2.585962487115427977e-01,2.000000000000000000e+01,7.389018093013062505e-02,0.000000000000000000e+00,0.000000000000000000e+00,0.000000000000000000e+00,0.000000000000000000e+00,-5.637454643758408679e+01,7.117457001608195277e+00,6.600000000000000000e+01,8.666148660544074573e+02,9.974746277897371272e+01,2.579000000000000000e+06,2.554299999999999904e-01,-6.645274860000180297e+02,1.000000000000000000e+00
2.490209884448769170e-03,5.122072080200804414e-03,7.764165190067973121e-01,-7.554123554471879887e-01,2.000000000000000000e+01,7.353825684578056687e-02,0.000000000000000000e+00,0.000000000000000000e+00,0.000000000000000000e+00,0.000000000000000000e+00,-5.894185099839568664e+01,7.141536546306285871e+00,6.700000000000000000e+01,6.551749909883857299e+02,1.035085220725569997e+02,2.551400000000000000e+06,2.426000000000000101e-01,-5.083750000000308091e+02,1.000000000000000000e+00
2.392659642196585078e-03,4.923019719124975546e-03,8.100266003810308035e-01,8.558067583765513464e-02,2.000000000000000000e+01,7.299011250989856370e-02,0.000000000000000000e+00,0.000000000000000000e+00,0.000000000000000000e+00,0.000000000000000000e+00,-5.715677423103601029e+01,6.927538953101342045e+00,6.800000000000000000e+01,8.670784329769347778e+02,9.972770324410528531e+01,2.557900000000000000e+06,3.187599999999999878e-01,-7.553934900001319193e+02,1.000000000000000000e+00
2.552246109871010495e-03,4.884750805105866726e-03,8.242590748411423585e-01,-6.029931068291891627e-01,2.000000000000000000e+01,7.321914654979819193e-02,0.000000000000000000e+00,0.000000000000000000e+00,0.000000000000000000e+00,0.000000000000000000e+00,-5.891960197062671512e+01,7.032379198949570309e+00,6.900000000000000000e+01,6.837261880147665352e+02,1.029889906822163965e+02,2.544800000000000000e+06,2.798499999999999877e-01,-6.264333879999583132e+02,1.000000000000000000e+00
2.666303506807933370e-03,4.729466266304421969e-03,8.093153274031651412e-01,-7.159154794963560331e-01,2.000000000000000000e+01,7.333210508358119217e-02,0.000000000000000000e+00,0.000000000000000000e+00,0.000000000000000000e+00,0.000000000000000000e+00,-5.847493717411425962e+01,7.063448375913293553e+00,7.000000000000000000e+01,7.034837583709502269e+02,1.027288252570432547e+02,2.551700000000000000e+06,2.824999999999999734e-01,-6.761001359999172564e+02,1.000000000000000000e+00
2.516062436431808561e-03,5.002244223756696639e-03,6.810930489218161021e-01,-2.114247456810496861e-01,2.000000000000000000e+01,7.382032802687732431e-02,0.000000000000000000e+00,0.000000000000000000e+00,0.000000000000000000e+00,0.000000000000000000e+00,-5.650614371494374666e+01,7.160613643702549602e+00,7.100000000000000000e+01,8.646885418441073625e+02,9.988552103134009030e+01,2.580600000000000000e+06,2.595399999999999929e-01,-6.834321830000701539e+02,1.000000000000000000e+00
3.188828257122419598e-03,1.878986898035986744e-03,8.630588541600928698e-01,1.557370955565456072e-01,2.000000000000000000e+01,6.274476283814515998e-02,0.000000000000000000e+00,0.000000000000000000e+00,0.000000000000000000e+00,0.000000000000000000e+00,-6.322523875333622101e+01,6.968559201277083837e+00,7.200000000000000000e+01,7.773148285770780603e+02,1.007238316214745026e+02,2.603900000000000000e+06,7.919900000000000551e-02,-6.249677999999954636e+01,1.000000000000000000e+00
2.482852713607545253e-03,4.969396921041762880e-03,7.777057751460572099e-01,-3.311774719449338544e-01,2.000000000000000000e+01,7.339539294171912309e-02,0.000000000000000000e+00,0.000000000000000000e+00,0.000000000000000000e+00,0.000000000000000000e+00,-5.715288022492939746e+01,6.974428331444261886e+00,7.300000000000000000e+01,8.307015886903385535e+02,1.004551785619647717e+02,2.561200000000000000e+06,2.672100000000000031e-01,-5.958396329999785621e+02,1.000000000000000000e+00
2.620915133759793743e-03,4.716512573337501568e-03,7.322635155737589052e-01,-5.222147949748200402e-01,2.000000000000000000e+01,7.434949190221043502e-02,0.000000000000000000e+00,0.000000000000000000e+00,0.000000000000000000e+00,0.000000000000000000e+00,-5.779171544647739722e+01,7.107304016968758020e+00,7.400000000000000000e+01,7.768649214700525363e+02,1.017174931183258622e+02,2.562900000000000000e+06,1.792700000000000127e-01,-3.450996500000285323e+02,1.000000000000000000e+00
2.798289214829147338e-03,5.282890520072856463e-03,6.613844720007485689e-01,-3.525101281973932466e-01,2.000000000000000000e+01,6.919891733583460880e-02,0.000000000000000000e+00,0.000000000000000000e+00,0.000000000000000000e+00,0.000000000000000000e+00,-5.094592934058497491e+01,6.735887252830043082e+00,7.500000000000000000e+01,9.130538393441165681e+02,9.912857523178516317e+01,2.596700000000000000e+06,2.664699999999999847e-01,-7.947813179998606756e+02,1.000000000000000000e+00
2.723505030547104105e-03,4.631871746609381169e-03,7.402135195159897929e-01,-5.257349106436645103e-01,2.000000000000000000e+01,7.433281252164308794e-02,0.000000000000000000e+00,0.000000000000000000e+00,0.000000000000000000e+00,0.000000000000000000e+00,-5.757318875104917311e+01,7.377560935699909450e+00,7.600000000000000000e+01,7.464259960750642904e+02,1.019383011692620187e+02,2.582400000000000000e+06,1.852300000000000058e-01,-3.669228000000230736e+02,1.000000000000000000e+00
2.628434326220317925e-03,3.695325587045282349e-03,1.070576308985973446e+00,-3.108008848396282886e+00,2.000000000000000000e+01,6.624516042511324754e-02,0.000000000000000000e+00,0.000000000000000000e+00,0.000000000000000000e+00,0.000000000000000000e+00,-6.265016364256617010e+01,6.932185785234054265e+00,7.700000000000000000e+01,2.273365672272580866e+02,1.108948187421504770e+02,2.494800000000000000e+06,8.566600000000000603e-02,-5.229720000000044422e+01,1.000000000000000000e+00
2.587089461339565390e-03,4.927515346303928609e-03,7.666020961363532171e-01,8.279529313158015547e-02,2.000000000000000000e+01,7.325050731402883708e-02,0.000000000000000000e+00,0.000000000000000000e+00,0.000000000000000000e+00,0.000000000000000000e+00,-5.665169291785561256e+01,6.967359171832706366e+00,7.800000000000000000e+01,9.112519059752493149e+02,9.925514757278968148e+01,2.566000000000000000e+06,3.152099999999999902e-01,-8.166265099999176300e+02,1.000000000000000000e+00
2.500798019971140883e-03,4.148428132633587284e-03,6.382745908876780172e-01,-3.704412846064193854e+00,2.000000000000000000e+01,7.199105513345055440e-02,0.000000000000000000e+00,0.000000000000000000e+00,0.000000000000000000e+00,0.000000000000000000e+00,-6.950076104532902832e+01,7.442148631320206320e+00,7.900000000000000000e+01,1.688885131645013473e+02,1.176208076964876881e+02,2.430400000000000000e+06,1.259699999999999986e-01,-2.398520220000069969e+02,1.000000000000000000e+00
2.544614996154336700e-03,4.836730266528650735e-03,8.060865582008983621e-01,-6.443235028936675768e-01,2.000000000000000000e+01,7.326696917394648345e-02,0.000000000000000000e+00,0.000000000000000000e+00,0.000000000000000000e+00,0.000000000000000000e+00,-5.868198713257505972e+01,7.035216466654839351e+00,8.000000000000000000e+01,6.949568482146866018e+02,1.028135259902941954e+02,2.547600000000000000e+06,2.808100000000000041e-01,-6.544017620001052364e+02,1.000000000000000000e+00
2.646877084269979186e-03,4.812900093244532052e-03,9.455554678238722310e-01,-2.891215214829734315e+00,2.000000000000000000e+01,7.596765561260622468e-02,0.000000000000000000e+00,0.000000000000000000e+00,0.000000000000000000e+00,0.000000000000000000e+00,-6.199967942096868256e+01,7.393648174828811648e+00,8.100000000000000000e+01,2.655175628871484719e+02,1.108829537981690834e+02,2.530300000000000000e+06,8.354599999999999527e-02,-6.132193500000029474e+01,1.000000000000000000e+00
2.588310194422118078e-03,4.761807717486769495e-03,9.545440164114409320e-01,-2.645422110077079392e+00,2.000000000000000000e+01,7.267843486171866874e-02,0.000000000000000000e+00,0.000000000000000000e+00,0.000000000000000000e+00,0.000000000000000000e+00,-6.140904129015366664e+01,7.505213221457147199e+00,8.200000000000000000e+01,3.015011652419358938e+02,1.100381723394458220e+02,2.543400000000000000e+06,3.578299999999999814e-01,-8.065101829998924359e+02,1.000000000000000000e+00
2.952314221209830121e-03,4.666213949678839693e-03,8.679749533008870310e-01,-1.031089319097659773e+00,2.000000000000000000e+01,7.074395116020897045e-02,0.000000000000000000e+00,0.000000000000000000e+00,0.000000000000000000e+00,0.000000000000000000e+00,-5.260689509398062569e+01,7.842865614817074338e+00,8.300000000000000000e+01,7.541466639680386379e+02,1.017888127175382067e+02,2.590900000000000000e+06,1.930499999999999994e-01,-2.933582029999987526e+02,1.000000000000000000e+00
3.122792450612804985e-03,4.470693716835515835e-03,1.110218527476161787e+00,-3.281377774815782633e+00,2.000000000000000000e+01,6.838413228897174956e-02,0.000000000000000000e+00,0.000000000000000000e+00,0.000000000000000000e+00,0.000000000000000000e+00,-6.637619734662089854e+01,7.824075623179937544e+00,8.400000000000000000e+01,2.810006836560199304e+02,1.105044676055798902e+02,2.538100000000000000e+06,1.501200000000000034e-01,-1.593578520000057779e+02,1.000000000000000000e+00
2.593379575433962456e-03,4.864932711849160110e-03,9.309624491949293201e-01,-1.668476108064044894e+00,2.000000000000000000e+01,7.234220959463380507e-02,0.000000000000000000e+00,0.000000000000000000e+00,0.000000000000000000e+00,0.000000000000000000e+00,-5.924132739633638778e+01,7.392881411536819769e+00,8.500000000000000000e+01,5.286775164543080336e+02,1.057595091627734405e+02,2.563400000000000000e+06,5.163299999999999557e-01,-1.420612788000026740e+03,1.000000000000000000e+00
3.098619084741161944e-03,4.282925151487645271e-03,8.338350326083964204e-01,-2.816506509911461009e+00,2.000000000000000000e+01,6.866290444074679700e-02,0.000000000000000000e+00,0.000000000000000000e+00,0.000000000000000000e+00,0.000000000000000000e+00,-6.415607367255388738e+01,7.276731432332725902e+00,8.600000000000000000e+01,1.724514900340637098e+02,1.160803770984910841e+02,2.430400000000000000e+06,7.281100000000000072e-02,-5.972714699999958299e+01,1.000000000000000000e+00
2.551610275947070478e-03,5.204370883677435743e-03,8.053456827684313257e-01,-1.076307404453406447e+00,2.000000000000000000e+01,7.342203095412061509e-02,0.000000000000000000e+00,0.000000000000000000e+00,0.000000000000000000e+00,0.000000000000000000e+00,-5.882280838314780169e+01,7.352404576548463133e+00,8.700000000000000000e+01,5.961403846256894212e+02,1.042196826364704947e+02,2.566000000000000000e+06,2.549100000000000255e-01,-5.248633899999745154e+02,1.000000000000000000e+00
2.633848755414858536e-03,4.665642299620183925e-03,8.986480779266891039e-01,-1.336728660652927392e+00,2.000000000000000000e+01,7.300795341664538529e-02,0.000000000000000000e+00,0.000000000000000000e+00,0.000000000000000000e+00,0.000000000000000000e+00,-5.801573936567373835e+01,7.329222009443729036e+00,8.800000000000000000e+01,6.116416847052137200e+02,1.037763330779008299e+02,2.573900000000000000e+06,3.109399999999999942e-01,-6.500712000000632997e+02,1.000000000000000000e+00
2.616462802801994541e-03,4.809841802586015472e-03,1.041196089704410799e+00,-2.330662281493960375e+00,2.000000000000000000e+01,7.228498583947373657e-02,0.000000000000000000e+00,0.000000000000000000e+00,0.000000000000000000e+00,0.000000000000000000e+00,-6.126885521118757083e+01,7.619817177804394603e+00,8.900000000000000000e+01,3.091577680723589765e+02,1.097607394556045932e+02,2.552000000000000000e+06,4.927000000000000268e-01,-1.115375200000137283e+03,1.000000000000000000e+00
2.696277149679984081e-03,4.674684977327793478e-03,8.440261075559687409e-01,-1.048388720052347622e+00,2.000000000000000000e+01,7.320690185860333210e-02,0.000000000000000000e+00,0.000000000000000000e+00,0.000000000000000000e+00,0.000000000000000000e+00,-5.988661271923741225e+01,7.397936532594988179e+00,9.000000000000000000e+01,5.344580842096590914e+02,1.057210250774943461e+02,2.555800000000000000e+06,2.906900000000000039e-01,-6.858649439999778679e+02,1.000000000000000000e+00
2.673957590469848607e-03,4.704166415285950670e-03,8.335466530624093817e-01,-1.325804672484558466e+00,2.000000000000000000e+01,7.361863485266001428e-02,0.000000000000000000e+00,0.000000000000000000e+00,0.000000000000000000e+00,0.000000000000000000e+00,-5.976682484465174383e+01,7.295457677768791172e+00,9.100000000000000000e+01,5.349074015589617375e+02,1.056737573515845128e+02,2.551100000000000000e+06,2.235099999999999865e-01,-4.314037200000112193e+02,1.000000000000000000e+00
2.417582910557803354e-03,4.823850661838591063e-03,8.686674471398680986e-01,-4.797180040695032954e-02,2.000000000000000000e+01,7.296332173096099771e-02,0.000000000000000000e+00,0.000000000000000000e+00,0.000000000000000000e+00,0.000000000000000000e+00,-5.889315013082174488e+01,6.949019823594341894e+00,9.200000000000000000e+01,7.370069266380667159e+02,1.020336546394583905e+02,2.539600000000000000e+06,2.980300000000000171e-01,-6.113509999999213278e+02,1.000000000000000000e+00
2.592289939403946784e-03,4.708323943439131874e-03,8.719989825272327355e-01,-1.423178069568865167e+00,2.000000000000000000e+01,7.353632512124530507e-02,0.000000000000000000e+00,0.000000000000000000e+00,0.000000000000000000e+00,0.000000000000000000e+00,-5.877484973244127531e+01,7.156728050236218941e+00,9.300000000000000000e+01,5.940770582150439623e+02,1.044843565283973277e+02,2.554200000000000000e+06,2.144500000000000017e-01,-3.715200000000388059e+02,1.000000000000000000e+00
2.544051251147280354e-03,4.827624568080468061e-03,8.620683194291356433e-01,-1.081896757766993566e+00,2.000000000000000000e+01,7.309865617282701455e-02,0.000000000000000000e+00,0.000000000000000000e+00,0.000000000000000000e+00,0.000000000000000000e+00,-6.034398348993931194e+01,7.092826250914702868e+00,9.400000000000000000e+01,5.387183796536675118e+02,1.055718690526829135e+02,2.532000000000000000e+06,2.849599999999999911e-01,-6.168352000000130602e+02,1.000000000000000000e+00
2.683829325754535748e-03,4.750927807575000203e-03,8.288428370889523444e-01,-1.033849623802263640e+00,2.000000000000000000e+01,7.362164159197687185e-02,0.000000000000000000e+00,0.000000000000000000e+00,0.000000000000000000e+00,0.000000000000000000e+00,-5.958196039862746574e+01,7.451735945287314422e+00,9.500000000000000000e+01,5.452477373782061250e+02,1.054141738611017587e+02,2.562900000000000000e+06,2.264100000000000001e-01,-4.360621580000425297e+02,1.000000000000000000e+00
2.580757569886889778e-03,4.792481086855838839e-03,9.402342009565174408e-01,-2.359954412190306883e+00,2.000000000000000000e+01,7.383030153370157000e-02,0.000000000000000000e+00,0.000000000000000000e+00,0.000000000000000000e+00,0.000000000000000000e+00,-6.112945107806091016e+01,7.095274058136125994e+00,9.600000000000000000e+01,3.830052078327328786e+02,1.084123001996497351e+02,2.522900000000000000e+06,1.650300000000000100e-01,-2.190400180000054036e+02,1.000000000000000000e+00
2.614872849589064754e-03,4.721342208208470330e-03,8.784917882509990505e-01,-3.203720883081082160e+00,2.000000000000000000e+01,7.405156388667538669e-02,0.000000000000000000e+00,0.000000000000000000e+00,0.000000000000000000e+00,0.000000000000000000e+00,-6.343259128803520497e+01,7.196198086935702953e+00,9.700000000000000000e+01,2.156651011480021793e+02,1.125955125706315272e+02,2.500400000000000000e+06,1.616599999999999981e-01,-2.446777689999948109e+02,1.000000000000000000e+00
2.575192160790925298e-03,4.871507434854941733e-03,8.606715942390772422e-01,-1.122965224926688599e+00,2.000000000000000000e+01,7.309974635774207918e-02,0.000000000000000000e+00,0.000000000000000000e+00,0.000000000000000000e+00,0.000000000000000000e+00,-6.019924049571903879e+01,7.091455672482254613e+00,9.800000000000000000e+01,5.450707958802863686e+02,1.054590847015391972e+02,2.533300000000000000e+06,2.873299999999999743e-01,-6.338767049999645451e+02,1.000000000000000000e+00
2.471314432409271646e-03,4.924395224966467144e-03,8.556192966173349346e-01,-1.171058155254140809e+00,2.000000000000000000e+01,7.806687204899688537e-02,0.000000000000000000e+00,0.000000000000000000e+00,0.000000000000000000e+00,0.000000000000000000e+00,-5.870976905314623906e+01,8.515808131189098518e+00,9.900000000000000000e+01,5.069754303803918560e+02,1.058136765790740697e+02,2.597300000000000000e+06,1.433099999999999929e-01,-2.055481349999886049e+02,1.000000000000000000e+00
2.698634487895587315e-03,4.713687484821394227e-03,1.026362603829409581e+00,-2.362283087184988695e+00,2.000000000000000000e+01,7.322727213939068946e-02,0.000000000000000000e+00,0.000000000000000000e+00,0.000000000000000000e+00,0.000000000000000000e+00,-6.026928766669769999e+01,7.371060019972140331e+00,1.000000000000000000e+02,3.842970239779862709e+02,1.079513874158134712e+02,2.549700000000000000e+06,2.169000000000000095e-01,-3.119155889999897227e+02,1.000000000000000000e+00
2.567712036257207946e-03,5.258092739615242983e-03,7.784481997028590561e-01,-8.272129474321191500e-01,2.000000000000000000e+01,7.433045614858077577e-02,0.000000000000000000e+00,0.000000000000000000e+00,0.000000000000000000e+00,0.000000000000000000e+00,-5.997801560041484237e+01,7.466400718393813918e+00,1.010000000000000000e+02,6.068016246615653699e+02,1.041791905582137758e+02,2.564500000000000000e+06,2.488900000000000001e-01,-4.912569179999899802e+02,1.000000000000000000e+00
2.512415522271204196e-03,4.678374591780233224e-03,8.570431987284454767e-01,-5.631446608324246483e-01,2.000000000000000000e+01,7.293455584676830639e-02,0.000000000000000000e+00,0.000000000000000000e+00,0.000000000000000000e+00,0.000000000000000000e+00,-5.881980758626121997e+01,6.862164725056079106e+00,1.020000000000000000e+02,7.141551578477665316e+02,1.024688799712409235e+02,2.535400000000000000e+06,3.246399999999999841e-01,-7.773771720000355572e+02,1.000000000000000000e+00
2.597783870546866141e-03,4.561117955184561604e-03,1.146468490758035363e+00,-1.728901436320737561e+00,2.000000000000000000e+01,6.655708702941819099e-02,0.000000000000000000e+00,0.000000000000000000e+00,0.000000000000000000e+00,0.000000000000000000e+00,-5.936287521585599336e+01,7.387660934316969907e+00,1.030000000000000000e+02,4.561641319212963595e+02,1.059363479673668991e+02,2.562200000000000000e+06,9.379400000000000237e-02,-5.499100000000009203e+01,1.000000000000000000e+00
2.700900583509119931e-03,4.554572903287910403e-03,7.824005608448727500e-01,-6.427672040693737099e-01,2.000000000000000000e+01,7.342588564422798669e-02,0.000000000000000000e+00,0.000000000000000000e+00,0.000000000000000000e+00,0.000000000000000000e+00,-5.765247929266706706e+01,7.349087525194104131e+00,1.040000000000000000e+02,7.160270843234392260e+02,1.021927961796115767e+02,2.579200000000000000e+06,2.988199999999999745e-01,-7.486243949999244478e+02,1.000000000000000000e+00
2.731073238833980031e-03,4.822294303502153504e-03,8.150618125432870231e-01,-9.960521098602626022e-01,2.000000000000000000e+01,7.531576032984001190e-02,0.000000000000000000e+00,0.000000000000000000e+00,0.000000000000000000e+00,0.000000000000000000e+00,-5.357360057962441147e+01,6.973844220834473973e+00,1.050000000000000000e+02,5.907320586439773251e+02,1.045077061560241987e+02,2.566000000000000000e+06,2.024600000000000011e-01,-3.711666210000155388e+02,1.000000000000000000e+00
2.502456438955776366e-03,4.711842123764837728e-03,8.978942836637189284e-01,-2.224155697871184945e+00,2.000000000000000000e+01,7.799827851034230042e-02,0.000000000000000000e+00,0.000000000000000000e+00,0.000000000000000000e+00,0.000000000000000000e+00,-6.429354347339750575e+01,7.139015874404242012e+00,1.060000000000000000e+02,3.443149508904160143e+02,1.085248162268676424e+02,2.562600000000000000e+06,2.189699999999999980e-01,-3.291132000000117159e+02,1.000000000000000000e+00
2.560534817284075212e-03,4.833437089004273893e-03,9.849914922449232169e-01,-2.257866518779351850e+00,2.000000000000000000e+01,7.263610933944508741e-02,0.000000000000000000e+00,0.000000000000000000e+00,0.000000000000000000e+00,0.000000000000000000e+00,-5.907381026712168648e+01,7.406755082990027717e+00,1.070000000000000000e+02,4.454208475550444746e+02,1.066559628431085258e+02,2.566100000000000000e+06,3.613500000000000045e-01,-7.101680729998990955e+02,1.000000000000000000e+00
2.403776945908176702e-03,5.058498748155180851e-03,7.813550611975422777e-01,-8.046715480119811525e-01,2.000000000000000000e+01,7.020044420692327092e-02,0.000000000000000000e+00,0.000000000000000000e+00,0.000000000000000000e+00,0.000000000000000000e+00,-6.105331101181318587e+01,7.096779971118476027e+00,1.080000000000000000e+02,5.695777313352851934e+02,1.046727914232688192e+02,2.576900000000000000e+06,2.721799999999999775e-01,-5.851872000000442995e+02,1.000000000000000000e+00
2.665637148828961522e-03,4.848889260529176681e-03,8.872943102873278587e-01,-2.132765833949558765e+00,2.000000000000000000e+01,7.438280507860042801e-02,0.000000000000000000e+00,0.000000000000000000e+00,0.000000000000000000e+00,0.000000000000000000e+00,-6.044341272356993500e+01,7.312986161309689592e+00,1.090000000000000000e+02,4.185953581755969708e+02,1.077140925863206036e+02,2.544400000000000000e+06,1.402899999999999980e-01,-1.813775470000026928e+02,1.000000000000000000e+00
2.640205191287241758e-03,4.597059983583320388e-03,9.868216395048161615e-01,-3.730872904453966132e+00,2.000000000000000000e+01,7.306871832206512929e-02,0.000000000000000000e+00,0.000000000000000000e+00,0.000000000000000000e+00,0.000000000000000000e+00,-6.268033688362122291e+01,7.383285661028752500e+00,1.100000000000000000e+02,1.980015113673226210e+02,1.126961499107651576e+02,2.519600000000000000e+06,2.501300000000000190e-01,-4.270639999999581278e+02,1.000000000000000000e+00
2.656783774900116531e-03,4.970711286221092887e-03,8.454409204616845086e-01,-1.257982319566806950e+00,2.000000000000000000e+01,7.321219391598617066e-02,0.000000000000000000e+00,0.000000000000000000e+00,0.000000000000000000e+00,0.000000000000000000e+00,-5.947838457418570357e+01,7.175925644006136750e+00,1.110000000000000000e+02,5.687313376634980386e+02,1.049496083721479067e+02,2.546900000000000000e+06,2.813399999999999790e-01,-6.291799679999285217e+02,1.000000000000000000e+00
2.512465725343322916e-03,4.941508743123428082e-03,7.967669361262319505e-01,-1.031566028889426834e+00,2.000000000000000000e+01,7.358857917264303994e-02,0.000000000000000000e+00,0.000000000000000000e+00,0.000000000000000000e+00,0.000000000000000000e+00,-6.021570379299390652e+01,7.042063814193624260e+00,1.120000000000000000e+02,5.686822941942459693e+02,1.052378469340611389e+02,2.530500000000000000e+06,2.275399999999999923e-01,-4.536653940000191483e+02,1.000000000000000000e+00
2.578248037043017523e-03,4.906333746493640041e-03,8.235585904029443238e-01,-2.150195156724418410e+00,2.000000000000000000e+01,7.365510556884183324e-02,0.000000000000000000e+00,0.000000000000000000e+00,0.000000000000000000e+00,0.000000000000000000e+00,-6.025061009357874298e+01,7.302445659902855546e+00,1.130000000000000000e+02,4.258005653748922441e+02,1.075379427819251106e+02,2.545600000000000000e+06,2.136200000000000043e-01,-4.037991669999827309e+02,1.000000000000000000e+00
2.564687397339272118e-03,4.768430110837360708e-03,8.380665944280761837e-01,-1.492861031636487867e+00,2.000000000000000000e+01,7.390052909973776618e-02,0.000000000000000000e+00,0.000000000000000000e+00,0.000000000000000000e+00,0.000000000000000000e+00,-5.968224859372753599e+01,7.042337119583798710e+00,1.140000000000000000e+02,5.587883401307331042e+02,1.053737346524117555e+02,2.536700000000000000e+06,1.819800000000000029e-01,-3.035249999999834358e+02,1.000000000000000000e+00
2.582338153686951181e-03,4.906574974108725458e-03,8.515936766647345113e-01,-2.308650391829329962e+00,2.000000000000000000e+01,7.354931555353584616e-02,0.000000000000000000e+00,0.000000000000000000e+00,0.000000000000000000e+00,0.000000000000000000e+00,-6.146950281523722026e+01,7.339269429603602291e+00,1.150000000000000000e+02,3.395092942730503296e+02,1.093051350655057803e+02,2.533200000000000000e+06,2.146500000000000075e-01,-3.983180760000090572e+02,1.000000000000000000e+00
2.754204883023199379e-03,4.461608451938762175e-03,9.363169834469462494e-01,-3.855906331558163203e+00,2.000000000000000000e+01,7.525092863335022808e-02,0.000000000000000000e+00,0.000000000000000000e+00,0.000000000000000000e+00,0.000000000000000000e+00,-6.353880411261998518e+01,7.511839002257236331e+00,1.160000000000000000e+02,1.844302593259967011e+02,1.143662793760879026e+02,2.516100000000000000e+06,1.020100000000000035e-01,-9.739979999999874849e+01,1.000000000000000000e+00
2.597099602367027200e-03,4.691314296800366650e-03,7.910603215222740126e-01,-2.756474651660094644e+00,2.000000000000000000e+01,7.357492066176840595e-02,0.000000000000000000e+00,0.000000000000000000e+00,0.000000000000000000e+00,0.000000000000000000e+00,-6.587651041113484496e+01,7.103849524455862152e+00,1.170000000000000000e+02,1.843131883251218426e+02,1.160799657924683572e+02,2.465200000000000000e+06,2.470799999999999941e-01,-5.889153009999897677e+02,1.000000000000000000e+00
2.604072907077176202e-03,4.785397047292367333e-03,1.013673348697148979e+00,-2.377341026033751525e+00,2.000000000000000000e+01,7.256970312785625266e-02,0.000000000000000000e+00,0.000000000000000000e+00,0.000000000000000000e+00,0.000000000000000000e+00,-6.138994787904361061e+01,7.359292960257834970e+00,1.180000000000000000e+02,3.283791974129514983e+02,1.093340725497848354e+02,2.535300000000000000e+06,3.548700000000000188e-01,-7.388416000000049735e+02,1.000000000000000000e+00
3.417318292702834111e-03,1.765398998910443131e-03,4.502801132626595426e-01,-3.267567834055309817e+00,2.000000000000000000e+01,6.498904475237823886e-02,0.000000000000000000e+00,0.000000000000000000e+00,0.000000000000000000e+00,0.000000000000000000e+00,-7.244879201515369971e+01,6.614105111749220001e+00,1.190000000000000000e+02,1.596736633247166424e+02,1.517486864609870736e+02,2.282300000000000000e+06,4.986600000000000060e-02,-9.147179999999960387e+01,1.000000000000000000e+00
3.232955552616405791e-03,4.217463187371114572e-03,5.761767009516102211e-01,2.028091923666934360e+00,2.000000000000000000e+01,7.498548030963750333e-02,0.000000000000000000e+00,0.000000000000000000e+00,0.000000000000000000e+00,0.000000000000000000e+00,-4.475297830428436185e+01,6.175060036842324962e+00,1.200000000000000000e+02,1.972479783962359761e+03,8.831554500040959965e+01,2.622300000000000000e+06,2.697200000000000153e-01,-9.596918500001062284e+02,1.000000000000000000e+00
3.325604053926138528e-03,4.280624572338283772e-03,4.937039512763672366e-01,1.767285295939527767e+00,2.000000000000000000e+01,7.224743909760766858e-02,0.000000000000000000e+00,0.000000000000000000e+00,0.000000000000000000e+00,0.000000000000000000e+00,-3.853500741713354216e+01,6.503798469200133603e+00,1.210000000000000000e+02,1.946173635785004308e+03,8.836204971445823730e+01,2.636400000000000000e+06,2.240800000000000014e-01,-6.990799199999706843e+02,1.000000000000000000e+00
3.059074077345545067e-03,4.549270266455201876e-03,5.367877979887308859e-01,2.206148142535041323e+00,2.000000000000000000e+01,7.560001762431887984e-02,0.000000000000000000e+00,0.000000000000000000e+00,0.000000000000000000e+00,0.000000000000000000e+00,-4.134753157440380278e+01,6.388476471028156745e+00,1.220000000000000000e+02,2.206645650574319006e+03,8.715391761574883844e+01,2.668200000000000000e+06,2.058000000000000107e-01,-6.183460799999594428e+02,1.000000000000000000e+00
3.048615482252808179e-03,4.342485083479253119e-03,5.660324945479194847e-01,2.137463141968097613e+00,2.000000000000000000e+01,7.791043926426498289e-02,0.000000000000000000e+00,0.000000000000000000e+00,0.000000000000000000e+00,0.000000000000000000e+00,-4.037112066781124042e+01,5.709231895968191139e+00,1.230000000000000000e+02,2.204768414680175283e+03,8.734204150270214484e+01,2.659900000000000000e+06,3.227300000000000169e-01,-1.272377599999875429e+03,1.000000000000000000e+00
3.171726491940688852e-03,4.661456337319373408e-03,4.906283416009422083e-01,2.255899454859171538e+00,2.000000000000000000e+01,8.053046439268006507e-02,0.000000000000000000e+00,0.000000000000000000e+00,0.000000000000000000e+00,0.000000000000000000e+00,-4.034351327602269066e+01,6.787778536439360799e+00,1.240000000000000000e+02,2.695662642809979388e+03,8.634115874955777770e+01,2.712600000000000000e+06,5.708200000000000079e-02,-7.824019999999853781e+01,1.000000000000000000e+00
2.956961923991804648e-03,4.624253377282758898e-03,5.202531017689624449e-01,2.054502017281635950e+00,2.000000000000000000e+01,7.212744728589397247e-02,0.000000000000000000e+00,0.000000000000000000e+00,0.000000000000000000e+00,0.000000000000000000e+00,-3.915604831124692708e+01,6.282932312496919636e+00,1.250000000000000000e+02,1.904075137342508697e+03,8.884910783156107073e+01,2.630400000000000000e+06,1.928199999999999914e-01,-5.378784000000101742e+02,1.000000000000000000e+00
3.073275670507517009e-03,4.191182449321612796e-03,5.824454176367502845e-01,1.799847502991999360e+00,2.000000000000000000e+01,7.552054209531036677e-02,0.000000000000000000e+00,0.000000000000000000e+00,0.000000000000000000e+00,0.000000000000000000e+00,-4.598589290973765742e+01,6.339404095008800866e+00,1.260000000000000000e+02,1.872312853590389295e+03,8.886925203335617596e+01,2.625200000000000000e+06,1.866500000000000103e-01,-5.097941099999844141e+02,1.000000000000000000e+00
3.312665111501095910e-03,4.086044033087565287e-03,6.190749943365932983e-01,2.059301342203350149e+00,2.000000000000000000e+01,7.025339508402458910e-02,0.000000000000000000e+00,0.000000000000000000e+00,0.000000000000000000e+00,0.000000000000000000e+00,-4.594388871443521083e+01,5.845597352310186956e+00,1.270000000000000000e+02,1.866752346472678255e+03,8.887456093669895552e+01,2.612700000000000000e+06,2.852999999999999980e-01,-1.003288539999878139e+03,1.000000000000000000e+00
3.194418603362832870e-03,4.692741569275649463e-03,5.276262045756238139e-01,2.280324731219118384e+00,2.000000000000000000e+01,7.660599700235042053e-02,0.000000000000000000e+00,0.000000000000000000e+00,0.000000000000000000e+00,0.000000000000000000e+00,-3.948481467373289888e+01,6.519224999065731829e+00,1.280000000000000000e+02,2.482874136138079848e+03,8.671120488844421459e+01,2.695000000000000000e+06,1.411799999999999999e-01,-3.377228400000129227e+02,1.000000000000000000e+00
3.188656308931648708e-03,4.637878137695963798e-03,5.266892082447862666e-01,2.281665222637421664e+00,2.000000000000000000e+01,7.594014916463372178e-02,0.000000000000000000e+00,0.000000000000000000e+00,0.000000000000000000e+00,0.000000000000000000e+00,-4.011038234609762299e+01,6.517810355934797961e+00,1.290000000000000000e+02,2.329663057823216604e+03,8.673596120072789972e+01,2.689700000000000000e+06,1.913400000000000101e-01,-5.572245999999922788e+02,1.000000000000000000e+00
2.653298191076399609e-03,4.736762665488249840e-03,8.081084659952326721e-01,-9.640106106784285256e-01,2.000000000000000000e+01,7.371127730673332490e-02,0.000000000000000000e+00,0.000000000000000000e+00,0.000000000000000000e+00,0.000000000000000000e+00,-5.863742096612561738e+01,7.034915517853413292e+00,1.300000000000000000e+02,6.823609323385788912e+02,1.032848393026837357e+02,2.548200000000000000e+06,2.193299999999999972e-01,-4.312877409999662177e+02,1.000000000000000000e+00
3.202701857914813481e-03,4.827175720913668561e-03,5.412553452703481316e-01,2.348880786168082047e+00,2.000000000000000000e+01,7.465935628423020498e-02,0.000000000000000000e+00,0.000000000000000000e+00,0.000000000000000000e+00,0.000000000000000000e+00,-3.749613654322472200e+01,6.478754506963110060e+00,1.310000000000000000e+02,2.437987938502812995e+03,8.675086707615948001e+01,2.706300000000000000e+06,3.558999999999999941e-01,-1.412460329999579471e+03,1.000000000000000000e+00
3.180373054379668097e-03,4.503443986057944701e-03,5.130600675500619490e-01,2.213109167688458001e+00,2.000000000000000000e+01,7.788678988275393733e-02,0.000000000000000000e+00,0.000000000000000000e+00,0.000000000000000000e+00,0.000000000000000000e+00,-4.209906047660579986e+01,6.558280848037419730e+00,1.320000000000000000e+02,2.383456200125364830e+03,8.698433552952036507e+01,2.677100000000000000e+06,9.680500000000000216e-02,-1.934499999999938211e+02,1.000000000000000000e+00
2.674025344698324150e-03,4.841899057941681170e-03,7.989147138323434705e-01,-9.838671349169163527e-01,2.000000000000000000e+01,7.357351300058774524e-02,0.000000000000000000e+00,0.000000000000000000e+00,0.000000000000000000e+00,0.000000000000000000e+00,-5.910486254092375447e+01,6.987064517253133822e+00,1.330000000000000000e+02,6.601643446907897896e+02,1.037218397349812449e+02,2.540000000000000000e+06,2.460299999999999987e-01,-5.374719900000142161e+02,1.000000000000000000e+00
2.622319161941274318e-03,4.721843737384924695e-03,8.112401540890676888e-01,-1.009658124646800603e+00,2.000000000000000000e+01,7.370326732819068583e-02,0.000000000000000000e+00,0.000000000000000000e+00,0.000000000000000000e+00,0.000000000000000000e+00,-5.830084567601718248e+01,7.036151437929317964e+00,1.340000000000000000e+02,6.945959217143702062e+02,1.030073988176271911e+02,2.552400000000000000e+06,2.192000000000000060e-01,-4.216175999999618966e+02,1.000000000000000000e+00
2.549843668440548126e-03,4.420413838853529814e-03,6.669659122946369756e-01,5.751861034573830800e-01,2.000000000000000000e+01,7.434206606743343215e-02,0.000000000000000000e+00,0.000000000000000000e+00,0.000000000000000000e+00,0.000000000000000000e+00,-5.543062510522150887e+01,6.599268030444406463e+00,1.350000000000000000e+02,1.102347416791900059e+03,9.671254497420608232e+01,2.554500000000000000e+06,2.117799999999999960e-01,-4.983549999999669353e+02,1.000000000000000000e+00
2.431103136838193984e-03,5.118072742193544890e-03,6.163820899347406401e-01,1.525780167787754715e-01,2.000000000000000000e+01,7.060856587162128717e-02,0.000000000000000000e+00,0.000000000000000000e+00,0.000000000000000000e+00,0.000000000000000000e+00,-5.072656375191923672e+01,6.568727330309664936e+00,1.360000000000000000e+02,1.098903164505321001e+03,9.693467883504123961e+01,2.580000000000000000e+06,2.163899999999999990e-01,-5.341300080000587513e+02,1.000000000000000000e+00
2.679046803350773956e-03,4.730726580647834703e-03,8.138155904225019555e-01,-7.093713104359617994e-01,2.000000000000000000e+01,7.331758385243938858e-02,0.000000000000000000e+00,0.000000000000000000e+00,0.000000000000000000e+00,0.000000000000000000e+00,-5.856394534688786990e+01,7.088329193167041353e+00,1.370000000000000000e+02,6.950404838060180737e+02,1.028654100627090600e+02,2.552200000000000000e+06,2.846799999999999886e-01,-6.750186999999478985e+02,1.000000000000000000e+00
2.387709461701445317e-03,4.714042254797621255e-03,7.996230388288344537e-01,-1.917042764877042060e+00,2.000000000000000000e+01,7.135507280140412911e-02,0.000000000000000000e+00,0.000000000000000000e+00,0.000000000000000000e+00,0.000000000000000000e+00,-6.428690525698519309e+01,6.711542866270868934e+00,1.380000000000000000e+02,4.428680858904563138e+02,1.075498937848843042e+02,2.519900000000000000e+06,2.062499999999999889e-01,-3.937099529999994729e+02,1.000000000000000000e+00
3.002961530506929357e-03,4.711635834149017696e-03,7.216409638385747893e-01,1.004933137928619713e+00,2.000000000000000000e+01,7.404372667296904575e-02,0.000000000000000000e+00,0.000000000000000000e+00,0.000000000000000000e+00,0.000000000000000000e+00,-4.876439380448286443e+01,7.020572949028061061e+00,1.390000000000000000e+02,1.516591744898473962e+03,9.138699431248159044e+01,2.653300000000000000e+06,2.598799999999999999e-01,-6.139132999999443427e+02,1.000000000000000000e+00
2.955982630524714699e-03,4.007123772606889511e-03,6.241559934432938661e-01,3.902117122295387097e-01,2.000000000000000000e+01,8.172209672650355972e-02,0.000000000000000000e+00,0.000000000000000000e+00,0.000000000000000000e+00,0.000000000000000000e+00,-4.333401400988780949e+01,5.273984717171641634e+00,1.400000000000000000e+02,1.155368741260262368e+03,9.627514302879599484e+01,2.581100000000000000e+06,1.819199999999999984e-01,-4.041153260000271530e+02,1.000000000000000000e+00
2.945044817272392951e-03,4.854343668172551689e-03,6.170760761558380381e-01,7.539678759383990903e-01,2.000000000000000000e+01,6.953149938316911804e-02,0.000000000000000000e+00,0.000000000000000000e+00,0.000000000000000000e+00,0.000000000000000000e+00,-5.569059862401080352e+01,6.846315197856553958e+00,1.410000000000000000e+02,1.153415238891041554e+03,9.628864841148933351e+01,2.583800000000000000e+06,1.848499999999999865e-01,-4.812717939999425312e+02,1.000000000000000000e+00
2.768020189549291570e-03,4.508328483920683721e-03,6.441699997706987757e-01,4.517291422621915187e-01,2.000000000000000000e+01,7.456060017251062155e-02,0.000000000000000000e+00,0.000000000000000000e+00,0.000000000000000000e+00,0.000000000000000000e+00,-5.477844304457268265e+01,6.611104100983815179e+00,1.420000000000000000e+02,1.149999325121185848e+03,9.639153519016275595e+01,2.562400000000000000e+06,2.163899999999999990e-01,-5.725167349999633188e+02,1.000000000000000000e+00
2.692712988882092848e-03,4.951655404819770706e-03,7.220506965850344017e-01,3.808710856732818728e-01,2.000000000000000000e+01,6.861135994357800416e-02,0.000000000000000000e+00,0.000000000000000000e+00,0.000000000000000000e+00,0.000000000000000000e+00,-5.661054461031245921e+01,7.414854097889252316e+00,1.430000000000000000e+02,1.143242179662415083e+03,9.640636048412073933e+01,2.586000000000000000e+06,1.761399999999999910e-01,-3.768979360000117822e+02,1.000000000000000000e+00
2.823420440939446944e-03,4.477505520139786824e-03,6.207084008529516472e-01,4.205158875698970511e-01,2.000000000000000000e+01,7.009502368629788593e-02,0.000000000000000000e+00,0.000000000000000000e+00,0.000000000000000000e+00,0.000000000000000000e+00,-5.596253004451740765e+01,7.359354858522690890e+00,1.440000000000000000e+02,1.131600309154804563e+03,9.645651857833978227e+01,2.575300000000000000e+06,1.935099999999999876e-01,-5.005904669999996486e+02,1.000000000000000000e+00
2.673487030769733982e-03,4.715541766507480928e-03,8.113437625136399323e-01,-6.323423393733553777e-01,2.000000000000000000e+01,7.333165087017004535e-02,0.000000000000000000e+00,0.000000000000000000e+00,0.000000000000000000e+00,0.000000000000000000e+00,-5.858547687582167640e+01,7.062966238627303994e+00,1.450000000000000000e+02,7.064904730704631675e+02,1.027405890279900120e+02,2.550600000000000000e+06,2.838200000000000167e-01,-6.721704000001218446e+02,1.000000000000000000e+00
2.627235891597424697e-03,4.653022305400423414e-03,5.296181313061019136e-01,-2.831284948141628455e+00,2.000000000000000000e+01,8.622640639142367669e-02,0.000000000000000000e+00,0.000000000000000000e+00,0.000000000000000000e+00,0.000000000000000000e+00,-6.741631998703842044e+01,6.527600201729400808e+00,1.460000000000000000e+02,1.704303209929455249e+02,1.231363351303366329e+02,2.348400000000000000e+06,1.088299999999999962e-01,-2.247567479999997602e+02,1.000000000000000000e+00
2.825670325162274454e-03,4.027453711640978200e-03,6.752647627324979140e-01,-4.821601830792054955e+00,2.000000000000000000e+01,8.029012442686554729e-02,0.000000000000000000e+00,0.000000000000000000e+00,0.000000000000000000e+00,0.000000000000000000e+00,-6.880297945151046690e+01,6.798474754753213389e+00,1.470000000000000000e+02,1.694051479698869969e+02,1.266998943795133385e+02,2.394700000000000000e+06,2.584699999999999775e-01,-8.461239270000843362e+02,1.000000000000000000e+00
3.031226998374852120e-03,4.599748457395973385e-03,5.152117445592473421e-01,2.218039471562945231e+00,2.000000000000000000e+01,7.853691186997668883e-02,0.000000000000000000e+00,0.000000000000000000e+00,0.000000000000000000e+00,0.000000000000000000e+00,-4.229913817379183172e+01,6.664525949977166519e+00,1.480000000000000000e+02,2.444756761922192254e+03,8.686573514540106089e+01,2.684800000000000000e+06,7.870000000000000606e-02,-1.293184000000045160e+02,1.000000000000000000e+00
2.509672578224916850e-03,4.785974345819451331e-03,7.514870132744989606e-01,-5.188397520182921330e-01,2.000000000000000000e+01,7.406878067033317858e-02,0.000000000000000000e+00,0.000000000000000000e+00,0.000000000000000000e+00,0.000000000000000000e+00,-5.819948106084277129e+01,6.930813686331924295e+00,1.490000000000000000e+02,7.685311517146291180e+02,1.018496962591288053e+02,2.546600000000000000e+06,1.892800000000000038e-01,-3.606884369999879141e+02,1.000000000000000000e+00
2.785864234094793772e-03,5.009989278186382199e-03,9.594514874585337028e-01,-1.559719245683950151e+00,2.000000000000000000e+01,7.666201853138730760e-02,0.000000000000000000e+00,0.000000000000000000e+00,0.000000000000000000e+00,0.000000000000000000e+00,-5.530654462329290766e+01,7.497342942579468428e+00,1.500000000000000000e+02,5.694419081177330781e+02,1.050837285182641097e+02,2.543700000000000000e+06,3.044999999999999929e-01,-6.462945719999502217e+02,1.000000000000000000e+00
2.681435431440407947e-03,4.629008695795100783e-03,6.863663044976855421e-01,2.413995499867205297e-01,2.000000000000000000e+01,7.417302778956549880e-02,0.000000000000000000e+00,0.000000000000000000e+00,0.000000000000000000e+00,0.000000000000000000e+00,-5.541652056939256710e+01,6.721357748475178084e+00,1.510000000000000000e+02,1.058071078269026657e+03,9.746764404433301365e+01,2.563300000000000000e+06,2.277800000000000102e-01,-5.653356419999951186e+02,1.000000000000000000e+00
2.579592955438473473e-03,4.784724420753068419e-03,7.463949961670877098e-01,3.937319575373932068e-01,2.000000000000000000e+01,7.382156635714585968e-02,0.000000000000000000e+00,0.000000000000000000e+00,0.000000000000000000e+00,0.000000000000000000e+00,-5.572795563356760340e+01,6.695067598078312976e+00,1.520000000000000000e+02,1.065982825664792472e+03,9.741025563100103568e+01,2.558200000000000000e+06,2.267000000000000126e-01,-4.785039999999938232e+02,1.000000000000000000e+00
2.623686605461581986e-03,4.798711684986508262e-03,8.483966454178522021e-01,-1.471308705577919262e+00,2.000000000000000000e+01,7.352632096704310449e-02,0.000000000000000000e+00,0.000000000000000000e+00,0.000000000000000000e+00,0.000000000000000000e+00,-5.840926344196235220e+01,7.249665483413545886e+00,1.530000000000000000e+02,6.003746406042697572e+02,1.043296395966929566e+02,2.564300000000000000e+06,2.271700000000000108e-01,-4.209786709999744403e+02,1.000000000000000000e+00
2.973427413251694858e-03,4.413572877030180405e-03,6.487084294801523932e-01,7.553577106947919617e-01,2.000000000000000000e+01,7.402191667206642345e-02,0.000000000000000000e+00,0.000000000000000000e+00,0.000000000000000000e+00,0.000000000000000000e+00,-5.136351490024819100e+01,6.561082840747827660e+00,1.540000000000000000e+02,1.390061770614013767e+03,9.346710047457769122e+01,2.592900000000000000e+06,3.280899999999999928e-01,-1.154118599999815160e+03,1.000000000000000000e+00
3.003871172751278965e-03,4.999526350691213712e-03,6.122403843712339588e-01,7.263403787809834533e-01,2.000000000000000000e+01,7.531296014090699265e-02,0.000000000000000000e+00,0.000000000000000000e+00,0.000000000000000000e+00,0.000000000000000000e+00,-4.652840119803810381e+01,7.374769322242795688e+00,1.550000000000000000e+02,1.396229834058304050e+03,9.340857605676511355e+01,2.611200000000000000e+06,2.316900000000000071e-01,-6.119864189999556174e+02,1.000000000000000000e+00
2.618390801792730687e-03,4.878836991933730577e-03,7.229499168567887768e-01,8.805259152385822019e-02,2.000000000000000000e+01,7.380429517163847319e-02,0.000000000000000000e+00,0.000000000000000000e+00,0.000000000000000000e+00,0.000000000000000000e+00,-5.646992976304849776e+01,6.753974840670085911e+00,1.560000000000000000e+02,9.764746148716178595e+02,9.876293596833630772e+01,2.554200000000000000e+06,2.472900000000000098e-01,-5.896631189999212665e+02,1.000000000000000000e+00
2.582508194569558668e-03,4.428820961876390148e-03,6.738836025812432462e-01,1.159407605833624871e-01,2.000000000000000000e+01,7.321529718597118153e-02,0.000000000000000000e+00,0.000000000000000000e+00,0.000000000000000000e+00,0.000000000000000000e+00,-5.230157926367305521e+01,6.787016634927281800e+00,1.570000000000000000e+02,9.801813186612581603e+02,9.874301245868134913e+01,2.554300000000000000e+06,2.508500000000000174e-01,-6.303309000000641618e+02,1.000000000000000000e+00
2.692764387491276747e-03,4.617102323492377515e-03,8.114213237133155454e-01,-2.594528080897895439e+00,2.000000000000000000e+01,7.820422556874126463e-02,0.000000000000000000e+00,0.000000000000000000e+00,0.000000000000000000e+00,0.000000000000000000e+00,-5.975026098290875609e+01,7.465746422896619272e+00,1.580000000000000000e+02,4.192179156908991899e+02,1.078670222362313353e+02,2.562800000000000000e+06,1.710899999999999921e-01,-3.156090569999907984e+02,1.000000000000000000e+00
2.691200035545831832e-03,4.723081460272412699e-03,6.239098566157357251e-01,4.933807265653823437e-01,2.000000000000000000e+01,7.447738283207443188e-02,0.000000000000000000e+00,0.000000000000000000e+00,0.000000000000000000e+00,0.000000000000000000e+00,-5.325576950180481361e+01,6.729681449222439049e+00,1.590000000000000000e+02,1.220022788260545212e+03,9.526373011028623239e+01,2.586000000000000000e+06,2.313999999999999946e-01,-6.339996000000415961e+02,1.000000000000000000e+00
2.644446926762129661e-03,4.652153952843357185e-03,8.289074142938042122e-01,-1.367161165585125016e+00,2.000000000000000000e+01,7.361230885969516358e-02,0.000000000000000000e+00,0.000000000000000000e+00,0.000000000000000000e+00,0.000000000000000000e+00,-5.974997118672772700e+01,7.397436973332528254e+00,1.600000000000000000e+02,5.135894623071644673e+02,1.059195623864402904e+02,2.557500000000000000e+06,2.280300000000000105e-01,-4.421632609999523993e+02,1.000000000000000000e+00
2.684187071549612794e-03,4.647785970484877988e-03,8.363731184004896679e-01,-1.018108399680580423e+00,2.000000000000000000e+01,7.321125250471822998e-02,0.000000000000000000e+00,0.000000000000000000e+00,0.000000000000000000e+00,0.000000000000000000e+00,-5.991208933029820116e+01,7.349051569907393500e+00,1.610000000000000000e+02,5.444902591652028150e+02,1.056136256731464726e+02,2.552400000000000000e+06,2.955200000000000049e-01,-7.102785129999790570e+02,1.000000000000000000e+00
2.330914698018570798e-03,4.491456239338430592e-03,7.821065294621509789e-01,2.338675135594531565e-02,2.000000000000000000e+01,7.985869278095875101e-02,0.000000000000000000e+00,0.000000000000000000e+00,0.000000000000000000e+00,0.000000000000000000e+00,-5.827912648873155632e+01,6.723897968728378416e+00,1.620000000000000000e+02,9.422818049945017265e+02,9.900958248000607398e+01,2.545500000000000000e+06,3.377999999999999892e-01,-9.243248519998620623e+02,1.000000000000000000e+00
2.890213794240169710e-03,4.640616258368090996e-03,6.034623141614448016e-01,1.046826499592146797e+00,2.000000000000000000e+01,7.451992753196103048e-02,0.000000000000000000e+00,0.000000000000000000e+00,0.000000000000000000e+00,0.000000000000000000e+00,-5.289679028033376085e+01,6.670610015798246195e+00,1.630000000000000000e+02,1.330139677664353940e+03,9.386063150135522903e+01,2.585400000000000000e+06,2.568900000000000072e-01,-8.390604299999071145e+02,1.000000000000000000e+00
2.437293307204589123e-03,4.239846433499264503e-03,6.942787701535859668e-01,8.124371707374750118e-01,2.000000000000000000e+01,7.979440305481753926e-02,0.000000000000000000e+00,0.000000000000000000e+00,0.000000000000000000e+00,0.000000000000000000e+00,-5.265698612434219683e+01,6.089500462204167519e+00,1.640000000000000000e+02,1.296889984434237931e+03,9.437996955031259461e+01,2.573500000000000000e+06,2.913999999999999924e-01,-9.959467119999072793e+02,1.000000000000000000e+00
2.572461013763117661e-03,4.841139518706608427e-03,8.538675674215832068e-01,-8.637629393425521052e-01,2.000000000000000000e+01,7.327277955057229231e-02,0.000000000000000000e+00,0.000000000000000000e+00,0.000000000000000000e+00,0.000000000000000000e+00,-5.922988954743567547e+01,7.068835516557165022e+00,1.650000000000000000e+02,6.340932152837738158e+02,1.038538257487196006e+02,2.543700000000000000e+06,2.607300000000000173e-01,-5.210851739999701522e+02,1.000000000000000000e+00
2.578722708067238828e-03,4.881636914531752372e-03,8.305968116569182325e-01,-8.930772342071410241e-01,2.000000000000000000e+01,7.396518414176495027e-02,0.000000000000000000e+00,0.000000000000000000e+00,0.000000000000000000e+00,0.000000000000000000e+00,-5.907126960265821936e+01,7.132393350351620143e+00,1.660000000000000000e+02,6.454603730449597379e+02,1.038260442923077562e+02,2.549900000000000000e+06,1.776600000000000124e-01,-2.884192850000016506e+02,1.000000000000000000e+00
2.560790758497543708e-03,4.803313181752935646e-03,8.941492771018848540e-01,-8.123708356538422715e-01,2.000000000000000000e+01,7.282570485751643785e-02,0.000000000000000000e+00,0.000000000000000000e+00,0.000000000000000000e+00,0.000000000000000000e+00,-5.938898747495582597e+01,7.038205837575734591e+00,1.670000000000000000e+02,6.247101837298749842e+02,1.038839114560039718e+02,2.539600000000000000e+06,3.345400000000000040e-01,-7.662541919998860749e+02,1.000000000000000000e+00
2.606246213350183871e-03,4.725748467018412759e-03,8.647156898275325521e-01,-1.406411622720550092e+00,2.000000000000000000e+01,7.337215739513783253e-02,0.000000000000000000e+00,0.000000000000000000e+00,0.000000000000000000e+00,0.000000000000000000e+00,-5.892313822695999903e+01,7.214831078791308805e+00,1.680000000000000000e+02,5.781013535653538611e+02,1.046901438054488125e+02,2.556300000000000000e+06,2.457399999999999862e-01,-4.662151890000174035e+02,1.000000000000000000e+00
2.648610502205409663e-03,4.718599364248699315e-03,8.261414474961032983e-01,-1.059332416838073110e+00,2.000000000000000000e+01,7.367395716240549008e-02,0.000000000000000000e+00,0.000000000000000000e+00,0.000000000000000000e+00,0.000000000000000000e+00,-5.932385664168269557e+01,7.331214936581826436e+00,1.690000000000000000e+02,5.766849678122997602e+02,1.047928837850653423e+02,2.558600000000000000e+06,2.162499999999999978e-01,-4.121844000000392043e+02,1.000000000000000000e+00
2.908194851107670249e-03,4.915074948108510283e-03,5.609857965940016067e-01,1.512253007796412030e+00,2.000000000000000000e+01,7.639314436522587348e-02,0.000000000000000000e+00,0.000000000000000000e+00,0.000000000000000000e+00,0.000000000000000000e+00,-4.712437249219143354e+01,6.753034977917158344e+00,1.700000000000000000e+02,1.890558357684300063e+03,8.949207940431928421e+01,2.648400000000000000e+06,1.268799999999999928e-01,-2.602651050000120563e+02,1.000000000000000000e+00
2.711034279222711545e-03,4.607148531535317643e-03,7.581966398312682820e-01,-5.971517275669440128e-01,2.000000000000000000e+01,7.384667311104685383e-02,0.000000000000000000e+00,0.000000000000000000e+00,0.000000000000000000e+00,0.000000000000000000e+00,-5.800109094588468395e+01,7.178113162569323080e+00,1.710000000000000000e+02,7.348709813235944921e+02,1.021935835586065338e+02,2.564400000000000000e+06,2.353999999999999981e-01,-5.319001619999984314e+02,1.000000000000000000e+00
2.429233622760599860e-03,5.106399080806342701e-03,8.604567323103227139e-01,-3.212331106761570076e-01,2.000000000000000000e+01,7.349375203301000692e-02,0.000000000000000000e+00,0.000000000000000000e+00,0.000000000000000000e+00,0.000000000000000000e+00,-5.870771378269746776e+01,7.054934430105231691e+00,1.720000000000000000e+02,7.339007807886125647e+02,1.023636679979028514e+02,2.548800000000000000e+06,2.087700000000000111e-01,-3.340698419999918087e+02,1.000000000000000000e+00
2.846801686678916785e-03,4.318985801004510128e-03,6.045619110027119492e-01,1.139631800468904554e+00,2.000000000000000000e+01,7.517848668501561638e-02,0.000000000000000000e+00,0.000000000000000000e+00,0.000000000000000000e+00,0.000000000000000000e+00,-5.130935758087446175e+01,6.498959370775478028e+00,1.730000000000000000e+02,1.463557232603737702e+03,9.253682286785613087e+01,2.589000000000000000e+06,1.850799999999999945e-01,-4.734560999999910109e+02,1.000000000000000000e+00
2.889104214061832474e-03,4.589143540652443343e-03,8.193007004162852214e-01,-1.125607712550424494e-01,2.000000000000000000e+01,7.929699123734933186e-02,0.000000000000000000e+00,0.000000000000000000e+00,0.000000000000000000e+00,0.000000000000000000e+00,-5.277794253826840531e+01,7.285617858984931416e+00,1.740000000000000000e+02,9.027315208350363491e+02,9.954161697002494691e+01,2.569500000000000000e+06,3.285000000000000142e-01,-9.187266889997970338e+02,1.000000000000000000e+00
2.579849014292988178e-03,4.505408400338905932e-03,7.589062920699363168e-01,5.740633125207251879e-03,2.000000000000000000e+01,7.353483693677460853e-02,0.000000000000000000e+00,0.000000000000000000e+00,0.000000000000000000e+00,0.000000000000000000e+00,-5.700253168695540751e+01,6.787765159304985474e+00,1.750000000000000000e+02,9.034888901256470035e+02,9.949162375196107178e+01,2.550300000000000000e+06,2.706000000000000072e-01,-6.677040000001044291e+02,1.000000000000000000e+00
2.719758687305779202e-03,4.900864062703669949e-03,7.972298782706584985e-01,-1.232313949681483750e-01,2.000000000000000000e+01,7.313729613066766166e-02,0.000000000000000000e+00,0.000000000000000000e+00,0.000000000000000000e+00,0.000000000000000000e+00,-5.661791143593578113e+01,6.967580679390072973e+00,1.760000000000000000e+02,8.980810202086499885e+02,9.959313142438628574e+01,2.566500000000000000e+06,3.393999999999999795e-01,-9.061259980002371321e+02,1.000000000000000000e+00
2.835068958632358440e-03,4.657356388935764320e-03,9.631038526648698639e-01,-2.834801918405820409e+00,2.000000000000000000e+01,7.431353966617618156e-02,0.000000000000000000e+00,0.000000000000000000e+00,0.000000000000000000e+00,0.000000000000000000e+00,-6.619279175479577759e+01,7.126256595941319105e+00,1.770000000000000000e+02,1.736334715610601052e+02,1.168812730901125434e+02,2.463400000000000000e+06,1.363300000000000067e-01,-1.664144999999960248e+02,1.000000000000000000e+00
3.092158718136919955e-03,4.614909266937677196e-03,5.071611827082020962e-01,2.220531869100978106e+00,2.000000000000000000e+01,7.848675545216540761e-02,0.000000000000000000e+00,0.000000000000000000e+00,0.000000000000000000e+00,0.000000000000000000e+00,-4.179593807925112969e+01,6.567355819868155642e+00,1.780000000000000000e+02,2.492242560514431716e+03,8.691213092981544719e+01,2.680400000000000000e+06,8.190999999999999670e-02,-1.426488799999977459e+02,1.000000000000000000e+00
2.935448368328354585e-03,4.782013303859661280e-03,7.060562772264508125e-01,3.950080999998479281e-01,2.000000000000000000e+01,7.382222904928791019e-02,0.000000000000000000e+00,0.000000000000000000e+00,0.000000000000000000e+00,0.000000000000000000e+00,-5.287000164485478138e+01,6.800909573836211308e+00,1.790000000000000000e+02,1.229505004317834619e+03,9.526175237743890989e+01,2.595100000000000000e+06,2.896000000000000241e-01,-8.396028060001059430e+02,1.000000000000000000e+00
2.675514549874110151e-03,4.414777413066083012e-03,6.649357785443454905e-01,6.910145436057352208e-01,2.000000000000000000e+01,7.435586319696685376e-02,0.000000000000000000e+00,0.000000000000000000e+00,0.000000000000000000e+00,0.000000000000000000e+00,-5.394923154392956377e+01,6.472983371942008901e+00,1.800000000000000000e+02,1.233057788159188931e+03,9.521840736646954895e+01,2.561200000000000000e+06,2.220399999999999874e-01,-5.545563999999916405e+02,1.000000000000000000e+00
2.713830900785542920e-03,4.410133623052397978e-03,6.327982870616593036e-01,6.707695310531268662e-01,2.000000000000000000e+01,7.459342992422013374e-02,0.000000000000000000e+00,0.000000000000000000e+00,0.000000000000000000e+00,0.000000000000000000e+00,-5.207340284529148278e+01,6.567376174348736662e+00,1.810000000000000000e+02,1.320865647781605503e+03,9.408947111012899711e+01,2.586600000000000000e+06,2.218900000000000039e-01,-5.840549519999569839e+02,1.000000000000000000e+00
2.548254498876656796e-03,4.612914117004618744e-03,6.467804618770544023e-01,1.149789730783157271e-01,2.000000000000000000e+01,7.424996109512495279e-02,0.000000000000000000e+00,0.000000000000000000e+00,0.000000000000000000e+00,0.000000000000000000e+00,-5.708355561437426218e+01,7.234016418717509112e+00,1.820000000000000000e+02,8.464550858320587849e+02,1.001741094831554051e+02,2.578500000000000000e+06,2.355200000000000071e-01,-6.161039819999165275e+02,1.000000000000000000e+00
2.370986723521355515e-03,4.590215488667875182e-03,8.184146636265725583e-01,-1.182562554488445633e-01,2.000000000000000000e+01,7.286536373091295760e-02,0.000000000000000000e+00,0.000000000000000000e+00,0.000000000000000000e+00,0.000000000000000000e+00,-5.806638672944347945e+01,6.604022272167955343e+00,1.830000000000000000e+02,8.410049319532032541e+02,1.004582824357680693e+02,2.527200000000000000e+06,3.548899999999999832e-01,-9.135424470000701831e+02,1.000000000000000000e+00
2.722930820356706319e-03,5.330822663832971917e-03,8.327615481551059462e-01,-5.705691350946349161e-01,2.000000000000000000e+01,7.530734525887726460e-02,0.000000000000000000e+00,0.000000000000000000e+00,0.000000000000000000e+00,0.000000000000000000e+00,-6.013624965030406599e+01,7.163613353879234147e+00,1.840000000000000000e+02,8.363125584863269069e+02,1.005501921044873939e+02,2.574000000000000000e+06,2.141899999999999915e-01,-3.553162899999743445e+02,1.000000000000000000e+00
2.929304138754986863e-03,4.746222332836963313e-03,5.834227090702627239e-01,1.495911742758396334e+00,2.000000000000000000e+01,7.661896315107424860e-02,0.000000000000000000e+00,0.000000000000000000e+00,0.000000000000000000e+00,0.000000000000000000e+00,-4.661469350281683433e+01,6.730611965865987756e+00,1.850000000000000000e+02,1.913807654417056256e+03,8.933730197529165196e+01,2.651600000000000000e+06,1.107000000000000067e-01,-2.033695390000016516e+02,1.000000000000000000e+00
2.890753357911419064e-03,4.521715267717114906e-03,5.910071694853106239e-01,1.482206146783592526e+00,2.000000000000000000e+01,7.656745798739814091e-02,0.000000000000000000e+00,0.000000000000000000e+00,0.000000000000000000e+00,0.000000000000000000e+00,-4.595815385478797310e+01,6.580363600055964213e+00,1.860000000000000000e+02,1.929628389457823005e+03,8.928617444983093776e+01,2.645900000000000000e+06,1.114600000000000035e-01,-2.020815989999946112e+02,1.000000000000000000e+00
2.912015411078547507e-03,4.835443743177812725e-03,7.151924194267182955e-01,1.023643732360776548e+00,2.000000000000000000e+01,7.382793764040097850e-02,0.000000000000000000e+00,0.000000000000000000e+00,0.000000000000000000e+00,0.000000000000000000e+00,-4.623126299111892479e+01,6.854979928514460141e+00,1.870000000000000000e+02,1.678955701333688694e+03,9.059449043630895915e+01,2.664900000000000000e+06,2.912299999999999889e-01,-7.213048769999476235e+02,1.000000000000000000e+00
2.601360653562694893e-03,4.930534657147068837e-03,8.244587193826189431e-01,-2.305211449989459815e+00,2.000000000000000000e+01,7.367405970932877635e-02,0.000000000000000000e+00,0.000000000000000000e+00,0.000000000000000000e+00,0.000000000000000000e+00,-6.118498752851539280e+01,7.326788441721933332e+00,1.880000000000000000e+02,3.618213765221153722e+02,1.089012176598684505e+02,2.536000000000000000e+06,2.116899999999999893e-01,-4.049757000000251423e+02,1.000000000000000000e+00
2.585711960502298443e-03,4.925167648091525151e-03,8.209408173754888516e-01,-2.436128531140815845e+00,2.000000000000000000e+01,7.369864634735973086e-02,0.000000000000000000e+00,0.000000000000000000e+00,0.000000000000000000e+00,0.000000000000000000e+00,-6.091290975668897545e+01,7.308361852446688012e+00,1.890000000000000000e+02,3.680708762666149596e+02,1.086819940085348435e+02,2.538000000000000000e+06,2.093700000000000006e-01,-3.975544000000400047e+02,1.000000000000000000e+00
2.578043583688079989e-03,4.951201358767219618e-03,9.209070254038601577e-01,-1.597100329946051556e+00,2.000000000000000000e+01,7.330257654366627296e-02,0.000000000000000000e+00,0.000000000000000000e+00,0.000000000000000000e+00,0.000000000000000000e+00,-6.159914259788189383e+01,7.431845286967717179e+00,1.900000000000000000e+02,3.581418082543139576e+02,1.090241248767786573e+02,2.536700000000000000e+06,2.235000000000000042e-01,-3.736366839999843137e+02,1.000000000000000000e+00
2.534573234805760807e-03,4.979491501251782221e-03,8.701566352169207708e-01,-1.827561583662035138e+00,2.000000000000000000e+01,7.331115719611587533e-02,0.000000000000000000e+00,0.000000000000000000e+00,0.000000000000000000e+00,0.000000000000000000e+00,-6.177151043750762938e+01,7.298048952674006884e+00,1.910000000000000000e+02,3.580292930542187264e+02,1.090500220524060921e+02,2.527100000000000000e+06,2.387900000000000023e-01,-4.469204999999462302e+02,1.000000000000000000e+00
2.590109986311117576e-03,4.909790187860195963e-03,8.253465240092484612e-01,-2.260022721048744465e+00,2.000000000000000000e+01,7.355732585912057309e-02,0.000000000000000000e+00,0.000000000000000000e+00,0.000000000000000000e+00,0.000000000000000000e+00,-6.102559977008026237e+01,7.328762482682224189e+00,1.920000000000000000e+02,3.732106824456873824e+02,1.086328458200685958e+02,2.537800000000000000e+06,2.291900000000000048e-01,-4.524712530000500692e+02,1.000000000000000000e+00
2.730544427934389860e-03,4.601723261424365066e-03,8.192798878733966728e-01,-1.958850114934734155e+00,2.000000000000000000e+01,7.572400755321598287e-02,0.000000000000000000e+00,0.000000000000000000e+00,0.000000000000000000e+00,0.000000000000000000e+00,-5.980720299462289091e+01,7.587660700764866206e+00,1.930000000000000000e+02,4.474770440030374061e+02,1.071665095382133757e+02,2.568700000000000000e+06,9.885900000000000243e-02,-1.090575339999999045e+02,1.000000000000000000e+00
2.604342111365107182e-03,4.614439566317191620e-03,1.011118357682632141e+00,-1.547606998269482892e+00,2.000000000000000000e+01,7.271434060574899494e-02,0.000000000000000000e+00,0.000000000000000000e+00,0.000000000000000000e+00,0.000000000000000000e+00,-6.058510670111617458e+01,7.216596468498641670e+00,1.940000000000000000e+02,4.507430534885228894e+02,1.068439601821566356e+02,2.536300000000000000e+06,3.229699999999999793e-01,-5.983992000000039297e+02,1.000000000000000000e+00
2.653434742351432150e-03,4.617334841958605982e-03,8.510278375426747477e-01,-3.940692438107587847e+00,2.000000000000000000e+01,7.346355443971996912e-02,0.000000000000000000e+00,0.000000000000000000e+00,0.000000000000000000e+00,0.000000000000000000e+00,-6.493563513959533395e+01,6.979272818381581089e+00,1.950000000000000000e+02,1.865399720377602080e+02,1.148038316670052126e+02,2.469700000000000000e+06,2.447600000000000053e-01,-5.244076899999458874e+02,1.000000000000000000e+00
2.593264327021249996e-03,4.657290489286501634e-03,8.263956498294071640e-01,-3.570340943079298945e+00,2.000000000000000000e+01,7.346167273521742036e-02,0.000000000000000000e+00,0.000000000000000000e+00,0.000000000000000000e+00,0.000000000000000000e+00,-6.546289244024852394e+01,6.983815464727436861e+00,1.960000000000000000e+02,1.846579608145728457e+02,1.152658547008653329e+02,2.464000000000000000e+06,2.481299999999999895e-01,-5.641481909999732807e+02,1.000000000000000000e+00
2.594747438812876339e-03,4.623842127825592528e-03,8.255446827431016654e-01,-1.893570446283468600e+00,2.000000000000000000e+01,7.355919596830967633e-02,0.000000000000000000e+00,0.000000000000000000e+00,0.000000000000000000e+00,0.000000000000000000e+00,-6.129243155493062289e+01,7.268650451882033181e+00,1.970000000000000000e+02,4.054841902550375607e+02,1.082987725964866428e+02,2.530900000000000000e+06,2.361999999999999933e-01,-4.752310000000321111e+02,1.000000000000000000e+00
2.573097126337947800e-03,4.843857831585206969e-03,7.988095074370575865e-01,-2.108068659160640124e+00,2.000000000000000000e+01,7.381499096206745048e-02,0.000000000000000000e+00,0.000000000000000000e+00,0.000000000000000000e+00,0.000000000000000000e+00,-6.110948911185557364e+01,7.179755693122092275e+00,1.980000000000000000e+02,4.064236257958942247e+02,1.082040219806333141e+02,2.527900000000000000e+06,2.038899999999999879e-01,-3.954716370000234065e+02,1.000000000000000000e+00
2.707004090430539626e-03,4.744235511774704504e-03,1.011361454953831895e+00,-2.446723196697949465e+00,2.000000000000000000e+01,7.232355834636998437e-02,0.000000000000000000e+00,0.000000000000000000e+00,0.000000000000000000e+00,0.000000000000000000e+00,-5.997644774598940387e+01,7.501006983324846722e+00,1.990000000000000000e+02,4.076308551864046308e+02,1.080041650599919905e+02,2.560900000000000000e+06,5.006199999999999539e-01,-1.264615495000441342e+03,1.000000000000000000e+00
