2.552207359767671730e-03,6.513898768388619830e-04,4.472582395403784661e-01,-2.331363500310269643e+01,2.000000000000000000e+01,8.147267051779286118e-02,0.000000000000000000e+00,0.000000000000000000e+00,0.000000000000000000e+00,0.000000000000000000e+00,-9.271593111401628562e+01,6.163242482818364287e+00,0.000000000000000000e+00,8.178778969025033518e+01,2.879723871665251522e+02,2.064700000000000000e+06,7.280200000000000560e-02,-9.672117899999999224e+01,1.000000000000000000e+00
3.712751311057541949e-03,4.646376799540496115e-03,5.621296657309331479e-01,2.701418827722359417e+00,2.000000000000000000e+01,7.699100992221172279e-02,0.000000000000000000e+00,0.000000000000000000e+00,0.000000000000000000e+00,0.000000000000000000e+00,-3.815765898901458542e+01,7.591466906895375288e+00,1.000000000000000000e+00,2.587303619412492480e+03,8.455090138294292501e+01,2.802600000000000000e+06,1.363600000000000090e-01,-2.859086999999963155e+02,1.000000000000000000e+00
3.530649821281766406e-03,4.419560158512094404e-03,5.548514391185398464e-01,2.901936824243301238e+00,2.000000000000000000e+01,7.799509024153000736e-02,0.000000000000000000e+00,0.000000000000000000e+00,0.000000000000000000e+00,0.000000000000000000e+00,-3.817962984867480003e+01,7.640614339790142928e+00,2.000000000000000000e+00,2.693009291975879023e+03,8.453823649302506738e+01,2.806700000000000000e+06,9.811200000000000476e-02,-1.638383999999948628e+02,1.000000000000000000e+00
3.202701857914813481e-03,4.827175720913668561e-03,5.412553452703481316e-01,2.348880786168082047e+00,2.000000000000000000e+01,7.465935628423020498e-02,0.000000000000000000e+00,0.000000000000000000e+00,0.000000000000000000e+00,0.000000000000000000e+00,-3.749613654322472200e+01,6.478754506963110060e+00,3.000000000000000000e+00,2.437987938502812995e+03,8.675086707615948001e+01,2.706300000000000000e+06,3.558999999999999941e-01,-1.412460329999579471e+03,1.000000000000000000e+00
2.757601724803086622e-03,9.685592928417456659e-04,4.065870295862282213e-01,-3.003890708148532873e+00,2.000000000000000000e+01,7.279895175571943211e-02,0.000000000000000000e+00,0.000000000000000000e+00,0.000000000000000000e+00,0.000000000000000000e+00,-9.601651190650946432e+01,5.816460056084020280e+00,4.000000000000000000e+00,1.363513344864150270e+02,1.940875768278790474e+02,2.074500000000000000e+06,2.353500000000000036e-01,-3.473228739999879622e+02,1.000000000000000000e+00
2.425334171645593048e-03,4.700661469049502439e-03,1.009910670538876953e+00,-1.291221962500463505e+00,2.000000000000000000e+01,6.683653868489676519e-02,0.000000000000000000e+00,0.000000000000000000e+00,0.000000000000000000e+00,0.000000000000000000e+00,-6.193012347243377747e+01,6.707054166866436518e+00,5.000000000000000000e+00,4.881429718800530395e+02,1.068167148587568960e+02,2.491600000000000000e+06,9.706800000000000150e-02,-7.016304399999994246e+01,1.000000000000000000e+00
2.387968981758457378e-03,3.703465338776052752e-03,3.609738968861672115e-01,-2.198272911687199738e+01,2.000000000000000000e+01,7.595544362247277914e-02,0.000000000000000000e+00,0.000000000000000000e+00,0.000000000000000000e+00,0.000000000000000000e+00,-7.182753335181840271e+01,8.515748209891308207e+00,6.000000000000000000e+00,1.566539459299646069e+02,1.890478926735861478e+02,2.407100000000000000e+06,3.991100000000000203e-01,-1.598447600000513376e+03,1.000000000000000000e+00
3.107167814228235271e-03,4.697839667180556990e-03,5.355982431759387374e-01,2.328026870886941602e+00,2.000000000000000000e+01,7.474620697556744187e-02,0.000000000000000000e+00,0.000000000000000000e+00,0.000000000000000000e+00,0.000000000000000000e+00,-4.208643433886359730e+01,6.451679035237519955e+00,7.000000000000000000e+00,2.161374317695547234e+03,8.702658028942249757e+01,2.667100000000000000e+06,3.306200000000000250e-01,-1.315546140000290961e+03,1.000000000000000000e+00
2.875188338566832431e-03,4.054500396395948995e-03,5.154751449960032206e-01,1.632417642463702467e+00,2.000000000000000000e+01,7.904567908092378914e-02,0.000000000000000000e+00,0.000000000000000000e+00,0.000000000000000000e+00,0.000000000000000000e+00,-4.589828707592432977e+01,6.851650710996225691e+00,8.000000000000000000e+00,1.953145076396845070e+03,8.871417818320354343e+01,2.668500000000000000e+06,6.873899999999999455e-02,-1.068537949999976036e+02,1.000000000000000000e+00
2.417840942289411522e-03,4.861423533715621310e-03,7.030237291471979066e-01,-8.944320242352564732e-01,2.000000000000000000e+01,7.745928246444809540e-02,0.000000000000000000e+00,0.000000000000000000e+00,0.000000000000000000e+00,0.000000000000000000e+00,-6.259100124304914203e+01,7.164399466942670713e+00,9.000000000000000000e+00,4.400083587633924367e+02,1.091595575558150273e+02,2.510900000000000000e+06,6.741900000000000670e-02,-6.335160000000036717e+01,1.000000000000000000e+00
3.421504224081230693e-03,3.994132007997087432e-03,7.542228004298500155e-01,1.055799180139289639e+00,2.000000000000000000e+01,7.257822102061034508e-02,0.000000000000000000e+00,0.000000000000000000e+00,0.000000000000000000e+00,0.000000000000000000e+00,-4.685495886164480339e+01,7.731191582649374894e+00,1.000000000000000000e+01,1.769374718480143656e+03,9.001225000409883137e+01,2.729900000000000000e+06,8.181000000000000494e-01,-3.019432899999931124e+03,1.000000000000000000e+00
3.173180651144267249e-03,4.451303514443987613e-03,6.594707148577314548e-01,2.224531354823169771e+00,2.000000000000000000e+01,7.421130722550672854e-02,0.000000000000000000e+00,0.000000000000000000e+00,0.000000000000000000e+00,0.000000000000000000e+00,-4.319432787915381766e+01,6.158978778964845802e+00,1.100000000000000000e+01,2.097943353450779796e+03,8.776969015316581135e+01,2.633400000000000000e+06,2.940499999999999781e-01,-8.877276099999290864e+02,1.000000000000000000e+00
3.276734561856058103e-03,5.480728871671238477e-03,9.017406088159890531e-01,-2.113865415372120360e+00,2.000000000000000000e+01,7.575339445054293797e-02,0.000000000000000000e+00,0.000000000000000000e+00,0.000000000000000000e+00,0.000000000000000000e+00,-6.200234099302485902e+01,7.387355181225432332e+00,1.200000000000000000e+01,3.667890830750123996e+02,1.099849363902839201e+02,2.530600000000000000e+06,9.179400000000000059e-02,-9.677777999999864278e+01,1.000000000000000000e+00
3.310713382994332713e-03,4.714864984655677341e-03,6.144414407060826422e-01,1.964223656052964451e+00,2.000000000000000000e+01,7.456197840623850215e-02,0.000000000000000000e+00,0.000000000000000000e+00,0.000000000000000000e+00,0.000000000000000000e+00,-4.522455083706284995e+01,6.300841821568259782e+00,1.300000000000000000e+01,1.991057237884473125e+03,8.839562413763317750e+01,2.628400000000000000e+06,2.842899999999999872e-01,-9.499545900001237442e+02,1.000000000000000000e+00
3.044965448866145813e-03,5.354745580191681321e-03,8.059364814396261512e-01,-2.385368283152898172e+00,2.000000000000000000e+01,7.330458908770517978e-02,0.000000000000000000e+00,0.000000000000000000e+00,0.000000000000000000e+00,0.000000000000000000e+00,-6.418009017122993498e+01,6.657638795628750827e+00,1.400000000000000000e+01,3.641929992984364617e+02,1.109704517856477821e+02,2.462700000000000000e+06,3.041300000000000114e-01,-9.289280000001733697e+02,1.000000000000000000e+00
2.916405611137819556e-03,4.506911423162960131e-03,6.601826378623643077e-01,8.975720541455853851e-01,2.000000000000000000e+01,7.334948090585377556e-02,0.000000000000000000e+00,0.000000000000000000e+00,0.000000000000000000e+00,0.000000000000000000e+00,-5.552052175422957703e+01,6.008350212336182494e+00,1.500000000000000000e+01,1.385659757903177024e+03,9.558564224896051087e+01,2.514000000000000000e+06,4.238299999999999845e-01,-1.882180799999610826e+03,1.000000000000000000e+00
3.063242405481436496e-03,4.332353378924730727e-03,5.577088520908308755e-01,1.034581589065827423e+00,2.000000000000000000e+01,7.470219617421694491e-02,0.000000000000000000e+00,0.000000000000000000e+00,0.000000000000000000e+00,0.000000000000000000e+00,-5.095104670314183437e+01,6.182598893750543390e+00,1.600000000000000000e+01,1.561237746791077370e+03,9.263430396687991220e+01,2.568700000000000000e+06,3.155600000000000072e-01,-1.354866999999732798e+03,1.000000000000000000e+00
2.806754450054968399e-03,4.950314592329614106e-03,7.486726357046276092e-01,3.043066270170214915e-01,2.000000000000000000e+01,7.463779960482921916e-02,0.000000000000000000e+00,0.000000000000000000e+00,0.000000000000000000e+00,0.000000000000000000e+00,-5.842978679884904381e+01,6.090162502787750398e+00,1.700000000000000000e+01,1.100500597585635205e+03,9.908587465388181670e+01,2.491200000000000000e+06,1.498099999999999987e-01,-2.729349390000176641e+02,1.000000000000000000e+00
2.336095596955156586e-03,5.209176205395547182e-03,6.915974783245121271e-01,1.108119923013605734e-01,2.000000000000000000e+01,7.299285831206098196e-02,0.000000000000000000e+00,0.000000000000000000e+00,0.000000000000000000e+00,0.000000000000000000e+00,-5.768420691047911220e+01,5.946641199230755959e+00,1.800000000000000000e+01,1.105712470318132318e+03,9.874318424172385278e+01,2.489400000000000000e+06,3.717699999999999894e-01,-1.270711573000321550e+03,1.000000000000000000e+00
2.536388002144233239e-03,4.512724274337151162e-03,6.867847547834834421e-01,-5.726066240397442719e-01,2.000000000000000000e+01,7.412933763552624622e-02,0.000000000000000000e+00,0.000000000000000000e+00,0.000000000000000000e+00,0.000000000000000000e+00,-5.707333871943566095e+01,6.294652448114838705e+00,1.900000000000000000e+01,9.455436720848891810e+02,1.003965542957156032e+02,2.517900000000000000e+06,2.234700000000000020e-01,-5.577487339999902360e+02,1.000000000000000000e+00
2.682296312143949823e-03,5.837980753578936657e-03,7.190188415690639268e-01,-1.392937211358368454e+00,2.000000000000000000e+01,7.341165706685948145e-02,0.000000000000000000e+00,0.000000000000000000e+00,0.000000000000000000e+00,0.000000000000000000e+00,-6.306817726569077109e+01,6.036844740892635564e+00,2.000000000000000000e+01,6.347939150054787660e+02,1.064869505149600286e+02,2.441400000000000000e+06,2.871600000000000263e-01,-8.862222000001366951e+02,1.000000000000000000e+00
2.664517263013472040e-03,5.108335964800478531e-03,6.750049206963759652e-01,7.107903732519222917e-01,2.000000000000000000e+01,7.390203842881461205e-02,0.000000000000000000e+00,0.000000000000000000e+00,0.000000000000000000e+00,0.000000000000000000e+00,-5.699101537106892579e+01,5.888905600290232911e+00,2.100000000000000000e+01,1.248465113912807055e+03,9.689095767607535947e+01,2.491900000000000000e+06,2.444500000000000006e-01,-6.881892510000520815e+02,1.000000000000000000e+00
1.913773159040568599e-03,4.544223957203202130e-03,5.695921003342180322e-01,1.338154578031744979e+00,2.000000000000000000e+01,7.416118464982000835e-02,0.000000000000000000e+00,0.000000000000000000e+00,0.000000000000000000e+00,0.000000000000000000e+00,-5.608887337838819320e+01,5.390146994597156294e+00,2.200000000000000000e+01,1.391499042089688601e+03,9.471012233862074936e+01,2.467500000000000000e+06,2.195400000000000129e-01,-5.811542000000014241e+02,1.000000000000000000e+00
2.742465084044298784e-03,4.573376879547112750e-03,9.943191430542993592e-01,-4.034150036263030259e+00,2.000000000000000000e+01,6.910392146340896269e-02,0.000000000000000000e+00,0.000000000000000000e+00,0.000000000000000000e+00,0.000000000000000000e+00,-5.972698017673040738e+01,7.067943370863384089e+00,2.300000000000000000e+01,3.322023039546243695e+02,1.112663715028536586e+02,2.536900000000000000e+06,2.305399999999999949e-01,-3.108513999999913153e+02,1.000000000000000000e+00
2.191614084967712268e-03,4.500950791845868479e-03,5.026217014321161525e-01,1.634372094643814499e-01,2.000000000000000000e+01,7.496833471962327522e-02,0.000000000000000000e+00,0.000000000000000000e+00,0.000000000000000000e+00,0.000000000000000000e+00,-5.825760790845455261e+01,6.236641401196765244e+00,2.400000000000000000e+01,9.744362849699914477e+02,9.949405157408419598e+01,2.502200000000000000e+06,2.217600000000000127e-01,-7.474754100000784547e+02,1.000000000000000000e+00
2.631953884694687978e-03,5.220581616154745461e-03,6.858942215478609494e-01,7.698003285814836172e-02,2.000000000000000000e+01,7.340393064564154635e-02,0.000000000000000000e+00,0.000000000000000000e+00,0.000000000000000000e+00,0.000000000000000000e+00,-5.832905438900901629e+01,5.947434575416055580e+00,2.500000000000000000e+01,1.078926752027911562e+03,9.928243257177425107e+01,2.483100000000000000e+06,3.251800000000000246e-01,-1.110524313999926790e+03,1.000000000000000000e+00
1.552923643260292579e-03,2.291544289633293437e-03,2.493294972603846693e-01,9.677263343748940372e+00,2.000000000000000000e+01,8.084293666279226964e-02,0.000000000000000000e+00,0.000000000000000000e+00,0.000000000000000000e+00,0.000000000000000000e+00,-7.295243227459394575e+01,7.652327452027611443e+00,2.600000000000000000e+01,1.576559069406708602e+02,1.473049557402966627e+02,2.382400000000000000e+06,5.585099999999999787e-02,-1.471735809999971991e+02,1.000000000000000000e+00
2.875823512980679644e-03,4.084309644322043145e-03,5.712494617110308592e-01,5.623900880010396230e-01,2.000000000000000000e+01,7.500638619626386061e-02,0.000000000000000000e+00,0.000000000000000000e+00,0.000000000000000000e+00,0.000000000000000000e+00,-5.569218789299113581e+01,6.017995883419722247e+00,2.700000000000000000e+01,1.258897095032112475e+03,9.639945581970566479e+01,2.513200000000000000e+06,2.379799999999999971e-01,-8.452593389999051396e+02,1.000000000000000000e+00
3.088621093989107457e-03,4.501104264441387753e-03,6.539096031192050962e-01,1.002274610113508713e+00,2.000000000000000000e+01,7.381927961914909464e-02,0.000000000000000000e+00,0.000000000000000000e+00,0.000000000000000000e+00,0.000000000000000000e+00,-5.548975496117370199e+01,6.262043823503919526e+00,2.800000000000000000e+01,1.302082772433878290e+03,9.571603772182173486e+01,2.530900000000000000e+06,3.504499999999999837e-01,-1.432827549999603661e+03,1.000000000000000000e+00
2.783862506719702451e-03,4.734480310800088035e-03,9.305258311803901172e-01,-1.241977001808522996e+00,2.000000000000000000e+01,7.452808336319544091e-02,0.000000000000000000e+00,0.000000000000000000e+00,0.000000000000000000e+00,0.000000000000000000e+00,-6.314116475281863927e+01,7.601938615565607016e+00,2.900000000000000000e+01,2.880576725182218638e+02,1.124482371211825722e+02,2.527700000000000000e+06,1.279500000000000082e-01,-1.474591999999965708e+02,1.000000000000000000e+00
2.747680285176481562e-03,5.439981504550567108e-03,9.228206173568794801e-01,1.069216051525463840e+00,2.000000000000000000e+01,7.247460472144581778e-02,0.000000000000000000e+00,0.000000000000000000e+00,0.000000000000000000e+00,0.000000000000000000e+00,-5.136178983451727476e+01,6.941907955875564085e+00,3.000000000000000000e+01,1.403178380735307655e+03,9.278477473119716024e+01,2.620100000000000000e+06,4.850300000000000167e-01,-1.072544400000113001e+03,1.000000000000000000e+00
2.788165701817431862e-03,4.633865123194257779e-03,7.249847035619251256e-01,-1.108925676676986605e+00,2.000000000000000000e+01,7.423070917516724765e-02,0.000000000000000000e+00,0.000000000000000000e+00,0.000000000000000000e+00,0.000000000000000000e+00,-5.925059431861494375e+01,6.557092499823536258e+00,3.100000000000000000e+01,7.517203794454360377e+02,1.034290867710297590e+02,2.511800000000000000e+06,2.058699999999999974e-01,-4.786978829999872005e+02,1.000000000000000000e+00
2.540675792926903875e-03,5.368858626990398626e-03,9.435608025982580305e-01,-1.478597014575351309e+00,2.000000000000000000e+01,6.858830798405998741e-02,0.000000000000000000e+00,0.000000000000000000e+00,0.000000000000000000e+00,0.000000000000000000e+00,-5.901312953094954139e+01,7.292179465389846627e+00,3.200000000000000000e+01,6.821009396672293406e+02,1.050484527178008705e+02,2.562400000000000000e+06,1.883799999999999919e-01,-2.292828999999891835e+02,1.000000000000000000e+00
2.339264954411954603e-03,4.327516053571204765e-03,4.821191068130933899e-01,1.196294683345586307e+00,2.000000000000000000e+01,7.644922208893710491e-02,0.000000000000000000e+00,0.000000000000000000e+00,0.000000000000000000e+00,0.000000000000000000e+00,-4.766485191392019516e+01,6.587481897775231410e+00,3.300000000000000000e+01,1.633753713218660778e+03,9.063207696834683702e+01,2.630600000000000000e+06,1.370699999999999974e-01,-3.260579940000155261e+02,1.000000000000000000e+00
3.446147354105456861e-03,5.077379309938518347e-03,8.234103386757214427e-01,7.619951213179936289e-01,2.000000000000000000e+01,7.272519254275475187e-02,0.000000000000000000e+00,0.000000000000000000e+00,0.000000000000000000e+00,0.000000000000000000e+00,-4.682154337233237129e+01,7.358883738439004674e+00,3.400000000000000000e+01,1.632714417454829118e+03,9.119738489680939608e+01,2.699700000000000000e+06,6.200599999999999445e-01,-2.043307560000547937e+03,1.000000000000000000e+00
2.752714736899992271e-03,4.147416464801978279e-03,6.642798703543226768e-01,1.403712649155769210e+00,2.000000000000000000e+01,7.403808890862821623e-02,0.000000000000000000e+00,0.000000000000000000e+00,0.000000000000000000e+00,0.000000000000000000e+00,-5.705742138147361686e+01,6.292166050955511736e+00,3.500000000000000000e+01,1.171935316964097638e+03,9.695156557593476521e+01,2.517200000000000000e+06,2.701200000000000268e-01,-8.368232729999526782e+02,1.000000000000000000e+00
3.895496294520297935e-03,2.065271888540854209e-03,5.386982904885306844e-01,-3.375813735360615020e+00,2.000000000000000000e+01,6.796885446657262297e-02,0.000000000000000000e+00,0.000000000000000000e+00,0.000000000000000000e+00,0.000000000000000000e+00,-7.764130909418776127e+01,6.914535634996302527e+00,3.600000000000000000e+01,1.680548677039227243e+02,1.419474645549660181e+02,2.349900000000000000e+06,5.435399999999999954e-02,-1.031665799999992856e+02,1.000000000000000000e+00
2.932084339070391722e-03,2.010481459205622472e-03,9.453928719011396309e-01,1.596926870792129971e-01,2.000000000000000000e+01,6.114377987849144158e-02,0.000000000000000000e+00,0.000000000000000000e+00,0.000000000000000000e+00,0.000000000000000000e+00,-6.165225144400777424e+01,7.536549984823387227e+00,3.700000000000000000e+01,7.773148285770780603e+02,1.007238316214745026e+02,2.603900000000000000e+06,7.919900000000000551e-02,-6.249677999999954636e+01,1.000000000000000000e+00
2.609193993799432173e-03,4.591443192202568704e-03,5.508844059163331419e-01,-9.493679562351009515e-01,2.000000000000000000e+01,7.625070616587692474e-02,0.000000000000000000e+00,0.000000000000000000e+00,0.000000000000000000e+00,0.000000000000000000e+00,-6.149401526603479340e+01,6.275546022150207293e+00,3.800000000000000000e+01,7.318795934467320876e+02,1.046860871100242747e+02,2.471600000000000000e+06,1.228199999999999986e-01,-2.868171660000047609e+02,1.000000000000000000e+00
3.009129393028680925e-03,4.525893545367721052e-03,6.198424659447987484e-01,1.533458030382554904e+00,2.000000000000000000e+01,7.417074851078987729e-02,0.000000000000000000e+00,0.000000000000000000e+00,0.000000000000000000e+00,0.000000000000000000e+00,-5.238085281064081755e+01,5.724799499775130585e+00,3.900000000000000000e+01,1.623434437199729928e+03,9.240181344403657704e+01,2.522200000000000000e+06,3.079700000000000215e-01,-1.161774900000124262e+03,1.000000000000000000e+00
1.887816283431083784e-03,4.666743850793250194e-03,6.370451107061216867e-01,-5.410930404303311292e-01,2.000000000000000000e+01,7.447173030395706772e-02,0.000000000000000000e+00,0.000000000000000000e+00,0.000000000000000000e+00,0.000000000000000000e+00,-6.293193359190419756e+01,5.695519273768747226e+00,4.000000000000000000e+01,7.384604363015714625e+02,1.038315884750597036e+02,2.424100000000000000e+06,1.570499999999999952e-01,-2.901211300000330198e+02,1.000000000000000000e+00
2.752275091424835791e-03,4.654193114604320003e-03,6.166298958183697998e-01,-3.368134800313696164e+00,2.000000000000000000e+01,7.629704505043435891e-02,0.000000000000000000e+00,0.000000000000000000e+00,0.000000000000000000e+00,0.000000000000000000e+00,-7.116082049517238772e+01,6.191196473967535141e+00,4.100000000000000000e+01,1.813613471835557505e+02,1.201670282496333186e+02,2.361200000000000000e+06,1.065200000000000036e-01,-2.163981469999916953e+02,1.000000000000000000e+00
2.777269816104927305e-03,4.715822434598078601e-03,5.986229259727073870e-01,-5.324334978803844542e+00,2.000000000000000000e+01,7.504923297846546881e-02,0.000000000000000000e+00,0.000000000000000000e+00,0.000000000000000000e+00,0.000000000000000000e+00,-6.921699435624358898e+01,6.583982834802289297e+00,4.200000000000000000e+01,1.787591359569889846e+02,1.206194692101463914e+02,2.398000000000000000e+06,2.030599999999999905e-01,-6.468581960000690287e+02,1.000000000000000000e+00
2.626346527445299131e-03,4.354901052564273678e-03,1.099994718557371964e+00,-2.694126674973588820e+00,2.000000000000000000e+01,6.914159538034514441e-02,0.000000000000000000e+00,0.000000000000000000e+00,0.000000000000000000e+00,0.000000000000000000e+00,-6.487402543421606538e+01,6.966180964834031819e+00,4.300000000000000000e+01,2.219006403683179656e+02,1.135155175073200269e+02,2.471700000000000000e+06,2.346199999999999952e-01,-2.875459049999970489e+02,1.000000000000000000e+00
3.050506288750112933e-03,4.663092154529812315e-03,6.464244184440931518e-01,-2.742152774230635526e+00,2.000000000000000000e+01,7.656748157957857237e-02,0.000000000000000000e+00,0.000000000000000000e+00,0.000000000000000000e+00,0.000000000000000000e+00,-7.112649183536561281e+01,6.217158795406969141e+00,4.400000000000000000e+01,1.972844293068726813e+02,1.200963505221894962e+02,2.363100000000000000e+06,9.490800000000000625e-02,-1.809243000000068093e+02,1.000000000000000000e+00
2.911434745720125044e-03,4.767872143430575832e-03,1.172091483231579190e+00,-2.493623251242955252e+00,2.000000000000000000e+01,7.439418275017672944e-02,0.000000000000000000e+00,0.000000000000000000e+00,0.000000000000000000e+00,0.000000000000000000e+00,-6.748376804355336844e+01,6.557663857596947921e+00,4.500000000000000000e+01,2.176121212067232591e+02,1.156485522102548344e+02,2.420300000000000000e+06,1.171299999999999980e-01,-9.024068999999960283e+01,1.000000000000000000e+00
2.948088386962894637e-03,4.457526195491832641e-03,5.506148527630365663e-01,-4.464474788646835890e+00,2.000000000000000000e+01,7.664407926720617770e-02,0.000000000000000000e+00,0.000000000000000000e+00,0.000000000000000000e+00,0.000000000000000000e+00,-7.072989686655975561e+01,6.201169832945733873e+00,4.600000000000000000e+01,1.995943351423603644e+02,1.200700768673462306e+02,2.365100000000000000e+06,1.251400000000000012e-01,-3.272291099999769699e+02,1.000000000000000000e+00
2.360800233424724566e-03,5.030561446092603195e-03,6.791471099817868451e-01,-4.860925624068531903e+00,2.000000000000000000e+01,7.333446856112334211e-02,0.000000000000000000e+00,0.000000000000000000e+00,0.000000000000000000e+00,0.000000000000000000e+00,-7.219477022526869803e+01,5.610038294007754445e+00,4.700000000000000000e+01,2.099908426832105022e+02,1.193128378287166385e+02,2.325100000000000000e+06,3.358200000000000074e-01,-1.203165599999554615e+03,1.000000000000000000e+00
3.654273189689387011e-03,1.638221577518168956e-03,5.303682118895791664e-01,-3.208568909335657970e+00,2.000000000000000000e+01,6.753014973969780066e-02,0.000000000000000000e+00,0.000000000000000000e+00,0.000000000000000000e+00,0.000000000000000000e+00,-7.916248072728490115e+01,6.665049706431707577e+00,4.800000000000000000e+01,1.596736633247166424e+02,1.517486864609870736e+02,2.282300000000000000e+06,4.986600000000000060e-02,-9.147179999999960387e+01,1.000000000000000000e+00
3.563326710076159670e-03,3.321507609256044505e-03,5.543404321961036274e-01,-4.772298822934502915e+00,2.000000000000000000e+01,7.378242908802387645e-02,0.000000000000000000e+00,0.000000000000000000e+00,0.000000000000000000e+00,0.000000000000000000e+00,-7.635210491762261142e+01,7.089726943648229529e+00,4.900000000000000000e+01,1.714985539265487660e+02,1.497355884062332052e+02,2.330000000000000000e+06,6.953799999999999981e-01,-2.750831969999611829e+03,1.000000000000000000e+00
3.652480179761876007e-03,3.662949860171804423e-03,5.160242675151763825e-01,-6.826150303529751717e+00,2.000000000000000000e+01,7.444293820204571366e-02,0.000000000000000000e+00,0.000000000000000000e+00,0.000000000000000000e+00,0.000000000000000000e+00,-7.566763449873755576e+01,7.301483242392128759e+00,5.000000000000000000e+01,1.691850320796052642e+02,1.522314061467085082e+02,2.343300000000000000e+06,6.661299999999999999e-01,-2.963151660001097298e+03,1.000000000000000000e+00
3.352257584827788607e-03,1.701808711479914447e-03,4.775766092512481742e-01,-5.348880470079764748e+00,2.000000000000000000e+01,6.606977703695841864e-02,0.000000000000000000e+00,0.000000000000000000e+00,0.000000000000000000e+00,0.000000000000000000e+00,-9.118778558774008047e+01,6.755797350056104378e+00,5.100000000000000000e+01,1.703958022113375819e+02,1.607327750279976897e+02,2.242600000000000000e+06,4.742500000000000188e-02,-8.766401999999948202e+01,1.000000000000000000e+00
3.799189202931557967e-03,1.779986469850155855e-03,4.332615050403189616e-01,-4.671544030601865849e+00,2.000000000000000000e+01,6.528579022663352771e-02,0.000000000000000000e+00,0.000000000000000000e+00,0.000000000000000000e+00,0.000000000000000000e+00,-7.297536621129057721e+01,6.285243871117706327e+00,5.200000000000000000e+01,1.778790904639610915e+02,1.575670486297367461e+02,2.247400000000000000e+06,3.798800000000000093e-02,-6.278459999999945751e+01,1.000000000000000000e+00
2.765328345349396706e-03,5.303479456488163941e-03,6.577215107597376154e-01,-2.511754579718228797e+00,2.000000000000000000e+01,7.383345769901325517e-02,0.000000000000000000e+00,0.000000000000000000e+00,0.000000000000000000e+00,0.000000000000000000e+00,-6.543814747203877857e+01,6.437327902720770822e+00,5.300000000000000000e+01,3.628340988794104192e+02,1.119333455139719433e+02,2.436800000000000000e+06,2.950400000000000245e-01,-1.059183164000090983e+03,1.000000000000000000e+00
2.658064717647449626e-03,4.504035858349543335e-03,7.937360315576182934e-01,-1.835148800304394090e+00,2.000000000000000000e+01,6.965883829065250277e-02,0.000000000000000000e+00,0.000000000000000000e+00,0.000000000000000000e+00,0.000000000000000000e+00,-6.460833048110676202e+01,6.469417733694513117e+00,5.400000000000000000e+01,3.447396981146519579e+02,1.121345807023579653e+02,2.384900000000000000e+06,9.819300000000000250e-02,-1.194848399999975754e+02,1.000000000000000000e+00
1.897534496813284071e-03,4.655758090538506672e-03,6.217989151189031727e-01,-1.807906920962152331e+00,2.000000000000000000e+01,7.372534120546618552e-02,0.000000000000000000e+00,0.000000000000000000e+00,0.000000000000000000e+00,0.000000000000000000e+00,-6.702788893048767704e+01,5.912432987093653836e+00,5.500000000000000000e+01,3.898186417156903190e+02,1.108114224112398603e+02,2.393800000000000000e+06,2.551999999999999824e-01,-7.039719090000523920e+02,1.000000000000000000e+00
2.668739382087664726e-03,3.983865497894088434e-03,5.974974010690042858e-01,-3.541983487621987337e+00,2.000000000000000000e+01,7.605205788513999532e-02,0.000000000000000000e+00,0.000000000000000000e+00,0.000000000000000000e+00,0.000000000000000000e+00,-6.945546369837406075e+01,6.538151974361582575e+00,5.600000000000000000e+01,2.109704459826978393e+02,1.197259712971408447e+02,2.395200000000000000e+06,1.300300000000000067e-01,-2.968828789999944320e+02,1.000000000000000000e+00
2.577679431768938132e-03,4.311207675085899568e-03,5.551143773123906611e-01,-5.920806890928968613e+00,2.000000000000000000e+01,7.212366223167418489e-02,0.000000000000000000e+00,0.000000000000000000e+00,0.000000000000000000e+00,0.000000000000000000e+00,-6.849425081528900705e+01,6.163263974279855617e+00,5.700000000000000000e+01,2.161005957074850130e+02,1.197019410103775101e+02,2.388400000000000000e+06,1.365899999999999892e-01,-4.017359999999812885e+02,1.000000000000000000e+00
2.385515216667252660e-03,5.163541047758001337e-03,5.615076872629480853e-01,-2.627354132673307863e+00,2.000000000000000000e+01,7.523883841450534904e-02,0.000000000000000000e+00,0.000000000000000000e+00,0.000000000000000000e+00,0.000000000000000000e+00,-6.358194178426628440e+01,6.084225371687798756e+00,5.800000000000000000e+01,4.595399542572872065e+02,1.096966269413701554e+02,2.438100000000000000e+06,1.642699999999999994e-01,-4.286033369999667570e+02,1.000000000000000000e+00
2.239117208426589026e-03,4.957838930147354106e-03,5.494152129105868143e-01,-2.645893995142467148e+00,2.000000000000000000e+01,7.555725430077440963e-02,0.000000000000000000e+00,0.000000000000000000e+00,0.000000000000000000e+00,0.000000000000000000e+00,-6.307473633705455285e+01,6.116778831943328498e+00,5.900000000000000000e+01,4.666359280150377913e+02,1.094704477159641698e+02,2.445300000000000000e+06,1.406999999999999917e-01,-3.289076309999783234e+02,1.000000000000000000e+00
2.754055097012623240e-03,4.878544248703123483e-03,7.202686496217221013e-01,-1.412949639435441274e+00,2.000000000000000000e+01,7.450806350632689645e-02,0.000000000000000000e+00,0.000000000000000000e+00,0.000000000000000000e+00,0.000000000000000000e+00,-6.457716953689269701e+01,6.495372505342436931e+00,6.000000000000000000e+01,4.418841625035013294e+02,1.098210623408192816e+02,2.450100000000000000e+06,1.667200000000000071e-01,-3.587544000000268625e+02,1.000000000000000000e+00
2.669305067271631263e-03,4.871972724733351912e-03,6.245726381075623612e-01,-1.954969002617764851e+00,2.000000000000000000e+01,7.678048582992785809e-02,0.000000000000000000e+00,0.000000000000000000e+00,0.000000000000000000e+00,0.000000000000000000e+00,-6.717936960061581431e+01,6.284948201533841150e+00,6.100000000000000000e+01,3.218027023342824577e+02,1.131121036312247554e+02,2.410700000000000000e+06,8.688800000000000689e-02,-1.392333549999992499e+02,1.000000000000000000e+00
2.122893892566066025e-03,4.658730505512201359e-03,6.217793195810497053e-01,-1.469451178320804852e+00,2.000000000000000000e+01,7.697851107782016644e-02,0.000000000000000000e+00,0.000000000000000000e+00,0.000000000000000000e+00,0.000000000000000000e+00,-6.780035464345198193e+01,6.225935632157884925e+00,6.200000000000000000e+01,2.976980585162979764e+02,1.134455886587759323e+02,2.401400000000000000e+06,7.675200000000000078e-02,-9.348320700000211048e+01,1.000000000000000000e+00
2.755315965531749539e-03,4.550351234137000808e-03,5.826051721890113111e-01,-3.639458024134058611e+00,2.000000000000000000e+01,7.608681019489149655e-02,0.000000000000000000e+00,0.000000000000000000e+00,0.000000000000000000e+00,0.000000000000000000e+00,-7.229728068994776891e+01,6.104953931473302120e+00,6.300000000000000000e+01,1.809324903441249432e+02,1.216483618949898329e+02,2.344700000000000000e+06,1.271299999999999930e-01,-3.064467210000052546e+02,1.000000000000000000e+00
2.949116975982987027e-03,4.359847504711974499e-03,6.390218006245224069e-01,-4.142321736658130860e+00,2.000000000000000000e+01,7.708573156360999656e-02,0.000000000000000000e+00,0.000000000000000000e+00,0.000000000000000000e+00,0.000000000000000000e+00,-7.007417097742484202e+01,6.119212139661862615e+00,6.400000000000000000e+01,2.205667996379074225e+02,1.184025305541825333e+02,2.369500000000000000e+06,8.480200000000000238e-02,-1.421418000000012114e+02,1.000000000000000000e+00
2.423816194913727164e-03,5.170704210060869666e-03,5.661925741524732603e-01,-7.456310713022945569e-01,2.000000000000000000e+01,7.881136145035158580e-02,0.000000000000000000e+00,0.000000000000000000e+00,0.000000000000000000e+00,0.000000000000000000e+00,-5.822518682533254264e+01,6.430590968290997189e+00,6.500000000000000000e+01,6.553191905199045095e+02,1.064923724870217114e+02,2.432800000000000000e+06,2.578199999999999936e-01,-8.669872519998629059e+02,1.000000000000000000e+00
2.783862506719702451e-03,4.734480310800088035e-03,9.305258311803901172e-01,-1.241977001808522996e+00,2.000000000000000000e+01,7.452808336319544091e-02,0.000000000000000000e+00,0.000000000000000000e+00,0.000000000000000000e+00,0.000000000000000000e+00,-6.314116475281863927e+01,7.601938615565607016e+00,6.600000000000000000e+01,6.529077905582654466e+02,1.065083970262894582e+02,2.531400000000000000e+06,7.779599999999999849e-01,-2.292365336999489500e+03,1.000000000000000000e+00
3.111664493993489440e-03,3.021195900684860419e-03,7.124385141367149954e-01,-6.069442422562717709e+00,2.000000000000000000e+01,6.268493114592355031e-02,0.000000000000000000e+00,0.000000000000000000e+00,0.000000000000000000e+00,0.000000000000000000e+00,-6.587756123339147507e+01,6.568188780624677037e+00,6.700000000000000000e+01,1.826427426193835117e+02,1.202765419336947872e+02,2.434300000000000000e+06,6.204500000000000293e-02,-7.135999999999967258e+01,1.000000000000000000e+00
2.793649297378868537e-03,4.922710643602945524e-03,6.992479463070782053e-01,2.317116776592956784e-01,2.000000000000000000e+01,7.301392171524559438e-02,0.000000000000000000e+00,0.000000000000000000e+00,0.000000000000000000e+00,0.000000000000000000e+00,-5.278256222432231937e+01,6.235093547499498179e+00,6.800000000000000000e+01,1.385343002622563745e+03,9.579676023980819366e+01,2.555600000000000000e+06,4.626299999999999857e-01,-1.820470750999428446e+03,1.000000000000000000e+00
2.710570694278401950e-03,4.732909318598216807e-03,7.795544759260552015e-01,8.816530049055513185e-01,2.000000000000000000e+01,7.326874910907159311e-02,0.000000000000000000e+00,0.000000000000000000e+00,0.000000000000000000e+00,0.000000000000000000e+00,-5.709895089376122712e+01,5.497516971339020841e+00,6.900000000000000000e+01,1.319582234043942890e+03,9.620622106152542585e+01,2.465700000000000000e+06,2.926199999999999912e-01,-8.075195119998478503e+02,1.000000000000000000e+00
2.347026833026377365e-03,4.456112668801050919e-03,6.894906943397176580e-01,5.012489960790291743e-01,2.000000000000000000e+01,7.447827123413043593e-02,0.000000000000000000e+00,0.000000000000000000e+00,0.000000000000000000e+00,0.000000000000000000e+00,-5.578860319556596892e+01,5.539802432042458591e+00,7.000000000000000000e+01,1.314835840687358541e+03,9.638985494233990892e+01,2.480500000000000000e+06,1.656400000000000095e-01,-3.187212420000218458e+02,1.000000000000000000e+00
3.032898260660526167e-03,4.852057125865628581e-03,6.989521304585417649e-01,4.938003752905523180e-01,2.000000000000000000e+01,7.462705398862191919e-02,0.000000000000000000e+00,0.000000000000000000e+00,0.000000000000000000e+00,0.000000000000000000e+00,-5.537229523672117182e+01,6.216284757318490506e+00,7.100000000000000000e+01,1.282062444569395211e+03,9.645102839282461105e+01,2.529700000000000000e+06,1.774799999999999989e-01,-4.104659999999929596e+02,1.000000000000000000e+00
2.882644682469257934e-03,4.842430859438084066e-03,8.219633345327540530e-01,-3.493674913284894323e+00,2.000000000000000000e+01,7.818620069867408817e-02,0.000000000000000000e+00,0.000000000000000000e+00,0.000000000000000000e+00,0.000000000000000000e+00,-6.684732320046065013e+01,7.292098978881959681e+00,7.200000000000000000e+01,2.287047646588837324e+02,1.137650909103253838e+02,2.458500000000000000e+06,1.762299999999999978e-01,-3.367410029999969083e+02,1.000000000000000000e+00
2.760933414097819540e-03,5.083458116692718756e-03,6.086843900505061189e-01,-2.731293413900043099e+00,2.000000000000000000e+01,7.811072369066190957e-02,0.000000000000000000e+00,0.000000000000000000e+00,0.000000000000000000e+00,0.000000000000000000e+00,-6.673846201576702697e+01,6.036534125077878343e+00,7.300000000000000000e+01,3.471021595644496642e+02,1.123557862576479494e+02,2.403500000000000000e+06,6.510299999999999421e-02,-8.825964700000115215e+01,1.000000000000000000e+00
2.605770080911614089e-03,4.711112829862164168e-03,6.360694923586116545e-01,-1.177218514352423639e+00,2.000000000000000000e+01,7.603942470652255703e-02,0.000000000000000000e+00,0.000000000000000000e+00,0.000000000000000000e+00,0.000000000000000000e+00,-6.413888394852504860e+01,6.277713228783809996e+00,7.400000000000000000e+01,5.482229535188457703e+02,1.080020235179511161e+02,2.443400000000000000e+06,1.056700000000000000e-01,-1.882407890000048667e+02,1.000000000000000000e+00
2.359085836327971201e-03,5.424390361797751768e-03,7.728840334881185159e-01,-1.095719081436454106e-01,2.000000000000000000e+01,7.436280401968348164e-02,0.000000000000000000e+00,0.000000000000000000e+00,0.000000000000000000e+00,0.000000000000000000e+00,-6.310293711404548844e+01,6.699997121570776315e+00,7.500000000000000000e+01,5.815354682273761000e+02,1.075382086822416596e+02,2.477700000000000000e+06,1.411900000000000099e-01,-2.134885949999995489e+02,1.000000000000000000e+00
2.703876456968962259e-03,4.865586650097479191e-03,7.086610870546199425e-01,-8.511310283571041913e-01,2.000000000000000000e+01,7.456122327321625110e-02,0.000000000000000000e+00,0.000000000000000000e+00,0.000000000000000000e+00,0.000000000000000000e+00,-6.447161881881913814e+01,6.183272052610382374e+00,7.600000000000000000e+01,5.743606377307611410e+02,1.077205574067773028e+02,2.434600000000000000e+06,1.622699999999999976e-01,-3.479133800000117276e+02,1.000000000000000000e+00
2.685461827535192813e-03,4.896169000584255429e-03,6.422837175297989587e-01,-1.479556617484646397e+00,2.000000000000000000e+01,7.469312090032698137e-02,0.000000000000000000e+00,0.000000000000000000e+00,0.000000000000000000e+00,0.000000000000000000e+00,-6.452999092995587205e+01,6.184088972282137497e+00,7.700000000000000000e+01,5.197869976126523852e+02,1.085828824637679730e+02,2.433700000000000000e+06,1.855499999999999927e-01,-4.858059999999986189e+02,1.000000000000000000e+00
2.946177386127049949e-03,4.671024259766793328e-03,5.950395933119987379e-01,-1.758077403778897319e+00,2.000000000000000000e+01,7.465823221172637747e-02,0.000000000000000000e+00,0.000000000000000000e+00,0.000000000000000000e+00,0.000000000000000000e+00,-6.173939634876866478e+01,6.623014490123109610e+00,7.800000000000000000e+01,6.301656017233116245e+02,1.071168744779261317e+02,2.488200000000000000e+06,2.634900000000000020e-01,-9.934893999999170546e+02,1.000000000000000000e+00
2.201940192257909566e-03,5.075626283908773843e-03,5.445769609962066715e-01,-6.878133723468272676e-01,2.000000000000000000e+01,7.469524682336332877e-02,0.000000000000000000e+00,0.000000000000000000e+00,0.000000000000000000e+00,0.000000000000000000e+00,-6.338169303159000378e+01,5.916376834357576442e+00,7.900000000000000000e+01,6.946807189605768826e+02,1.051836891628910138e+02,2.431500000000000000e+06,1.985200000000000020e-01,-6.037883999999426123e+02,1.000000000000000000e+00
3.467399845339607257e-03,3.278482950098075398e-03,7.326200100780698721e-01,-1.740552720286615784e+00,2.000000000000000000e+01,6.852102942569782140e-02,0.000000000000000000e+00,0.000000000000000000e+00,0.000000000000000000e+00,0.000000000000000000e+00,-5.767985651926074553e+01,8.114363820624738821e+00,8.000000000000000000e+01,7.000387067033702806e+02,1.050803279698626085e+02,2.630200000000000000e+06,1.377500000000000113e-01,-2.169248899999920468e+02,1.000000000000000000e+00
2.251369662051927630e-03,5.139382646140506182e-03,5.527210105838654686e-01,-7.474332383424140414e-01,2.000000000000000000e+01,7.503982643615307591e-02,0.000000000000000000e+00,0.000000000000000000e+00,0.000000000000000000e+00,0.000000000000000000e+00,-6.354897658194572330e+01,5.908576443502091990e+00,8.100000000000000000e+01,6.834528533697192643e+02,1.054450241945743301e+02,2.429700000000000000e+06,1.693999999999999950e-01,-4.402186110000403687e+02,1.000000000000000000e+00
2.171001446057379929e-03,5.148854444844365788e-03,6.661458170678461466e-01,1.546450634635947452e-01,2.000000000000000000e+01,7.335931804449827287e-02,0.000000000000000000e+00,0.000000000000000000e+00,0.000000000000000000e+00,0.000000000000000000e+00,-5.894665862193848227e+01,5.327995307244102641e+00,8.200000000000000000e+01,1.170507196927096857e+03,9.889503460161769510e+01,2.439200000000000000e+06,2.909399999999999764e-01,-8.606607309999275230e+02,1.000000000000000000e+00
2.903354095486274621e-03,5.533344833407538230e-03,9.163815271822750574e-01,1.004945112644040517e+00,2.000000000000000000e+01,7.310618600329531203e-02,0.000000000000000000e+00,0.000000000000000000e+00,0.000000000000000000e+00,0.000000000000000000e+00,-5.615092444764632518e+01,6.688363374471808065e+00,8.300000000000000000e+01,1.225981642911991003e+03,9.704300145927624044e+01,2.552700000000000000e+06,2.581700000000000106e-01,-4.738679990000370594e+02,1.000000000000000000e+00
2.668749014096442537e-03,4.774978852289772646e-03,7.055164048568478563e-01,2.805300585928093282e-01,2.000000000000000000e+01,7.405697399461302899e-02,0.000000000000000000e+00,0.000000000000000000e+00,0.000000000000000000e+00,0.000000000000000000e+00,-5.666733051322492543e+01,5.839286686094378176e+00,8.400000000000000000e+01,1.198050059035255572e+03,9.754603805136899553e+01,2.492400000000000000e+06,2.174000000000000099e-01,-5.268625740000338737e+02,1.000000000000000000e+00
2.515515682104318626e-03,4.845584522592312308e-03,6.838915239731572226e-01,1.972741917444527926e-01,2.000000000000000000e+01,7.368435725781229129e-02,0.000000000000000000e+00,0.000000000000000000e+00,0.000000000000000000e+00,0.000000000000000000e+00,-5.809824006245139572e+01,5.525212103067266511e+00,8.500000000000000000e+01,1.175969750546900741e+03,9.841227829992529053e+01,2.459100000000000000e+06,2.680500000000000105e-01,-7.863369920000835691e+02,1.000000000000000000e+00
3.266019591853267564e-03,4.115730831772947129e-03,6.238035208899666006e-01,5.363481748931828719e-01,2.000000000000000000e+01,7.495846538214961940e-02,0.000000000000000000e+00,0.000000000000000000e+00,0.000000000000000000e+00,0.000000000000000000e+00,-5.760544443393203551e+01,6.089119092919279552e+00,8.600000000000000000e+01,1.190141143126422321e+03,9.800279078160407664e+01,2.499300000000000000e+06,2.289400000000000046e-01,-7.777672799999339759e+02,1.000000000000000000e+00
2.789562056042708873e-03,4.905148916907404837e-03,7.240828559213923210e-01,-3.634043915639171285e+00,2.000000000000000000e+01,7.725892145951104850e-02,0.000000000000000000e+00,0.000000000000000000e+00,0.000000000000000000e+00,0.000000000000000000e+00,-5.695571087517777897e+01,7.200632127405150129e+00,8.700000000000000000e+01,4.406037406422558433e+02,1.107438422880423730e+02,2.559500000000000000e+06,6.656499999999999639e-01,-1.966511309999249534e+03,1.000000000000000000e+00
2.774128361868050986e-03,4.687675867527212048e-03,6.366322998873417127e-01,-1.753382297164117753e+00,2.000000000000000000e+01,7.539671102821943194e-02,0.000000000000000000e+00,0.000000000000000000e+00,0.000000000000000000e+00,0.000000000000000000e+00,-6.642646777954979598e+01,6.499080960957583031e+00,8.800000000000000000e+01,3.412011903029582527e+02,1.130173266111779355e+02,2.429200000000000000e+06,1.410299999999999887e-01,-3.218776270000016666e+02,1.000000000000000000e+00
2.584336457784866883e-03,4.454228567012576828e-03,5.620469901670980262e-01,-8.133029356865348891e-01,2.000000000000000000e+01,7.814665520504192331e-02,0.000000000000000000e+00,0.000000000000000000e+00,0.000000000000000000e+00,0.000000000000000000e+00,-5.992833786019015463e+01,6.708211097889179797e+00,8.900000000000000000e+01,7.586658154210408611e+02,1.037850647264454693e+02,2.514400000000000000e+06,6.984100000000000030e-02,-1.022398709999988569e+02,1.000000000000000000e+00
2.423290297256158309e-03,4.821167178253800076e-03,8.086654171461460372e-01,-4.917709180712775963e-01,2.000000000000000000e+01,7.414968715571992885e-02,0.000000000000000000e+00,0.000000000000000000e+00,0.000000000000000000e+00,0.000000000000000000e+00,-6.220990035969158782e+01,5.987633407019216314e+00,9.000000000000000000e+01,7.564003736735129451e+02,1.038170216989225310e+02,2.447700000000000000e+06,1.560100000000000098e-01,-2.439163400000135766e+02,1.000000000000000000e+00
2.365914009657294707e-03,5.357023758574445266e-03,6.067222822828597373e-01,-2.945416299934687565e+00,2.000000000000000000e+01,7.460640698627417355e-02,0.000000000000000000e+00,0.000000000000000000e+00,0.000000000000000000e+00,0.000000000000000000e+00,-6.742675173374425412e+01,5.617601618570306599e+00,9.100000000000000000e+01,3.630670626327298010e+02,1.123302102292175562e+02,2.375400000000000000e+06,1.878599999999999992e-01,-4.961522969999826955e+02,1.000000000000000000e+00
3.145151856698919814e-03,4.157020576342741747e-03,5.960229460114305766e-01,1.694640129564096709e+00,2.000000000000000000e+01,7.374857618759311784e-02,0.000000000000000000e+00,0.000000000000000000e+00,0.000000000000000000e+00,0.000000000000000000e+00,-4.874121799909541153e+01,6.071657211765947970e+00,9.200000000000000000e+01,1.896262994010629200e+03,9.029719260951864612e+01,2.580100000000000000e+06,4.823100000000000165e-01,-2.345571250000488362e+03,1.000000000000000000e+00
2.933970241519162896e-03,4.564140710962514939e-03,5.625692260504779885e-01,1.510933676150755023e+00,2.000000000000000000e+01,7.468211812902167401e-02,0.000000000000000000e+00,0.000000000000000000e+00,0.000000000000000000e+00,0.000000000000000000e+00,-4.730956063112930110e+01,5.838432915322857575e+00,9.300000000000000000e+01,1.841143074143976037e+03,9.039654978167192212e+01,2.574100000000000000e+06,2.846199999999999841e-01,-1.057706999999788877e+03,1.000000000000000000e+00
2.789636179060366646e-03,4.280490524486581412e-03,6.647705104115979591e-01,-3.628112337139437926e+00,2.000000000000000000e+01,8.118602744885715372e-02,0.000000000000000000e+00,0.000000000000000000e+00,0.000000000000000000e+00,0.000000000000000000e+00,-6.900588063560715568e+01,6.488403411190668102e+00,9.400000000000000000e+01,1.936639840671599586e+02,1.204578483154413533e+02,2.345000000000000000e+06,1.245499999999999940e-01,-2.452289309999918885e+02,1.000000000000000000e+00
2.596746160219871695e-03,5.206590511110697692e-03,9.007208350523945306e-01,9.794077764860332769e-01,2.000000000000000000e+01,7.304876526069087328e-02,0.000000000000000000e+00,0.000000000000000000e+00,0.000000000000000000e+00,0.000000000000000000e+00,-5.267449980961923472e+01,6.190552280927127171e+00,9.500000000000000000e+01,1.485659186116000683e+03,9.365694620465350795e+01,2.553200000000000000e+06,2.692899999999999738e-01,-4.650379240000384016e+02,1.000000000000000000e+00
2.707298208528291766e-03,4.452177115308998331e-03,6.059990865902924462e-01,5.316370082146602005e-01,2.000000000000000000e+01,7.572355189974544487e-02,0.000000000000000000e+00,0.000000000000000000e+00,0.000000000000000000e+00,0.000000000000000000e+00,-5.039587766713901829e+01,6.437184249513087764e+00,9.600000000000000000e+01,1.479058011652591176e+03,9.380891236519792642e+01,2.593600000000000000e+06,1.382400000000000018e-01,-2.844144159999950716e+02,1.000000000000000000e+00
2.753965909177123923e-03,4.301367494621875960e-03,6.241812705968965425e-01,1.099512590341376272e+00,2.000000000000000000e+01,7.384766319265839707e-02,0.000000000000000000e+00,0.000000000000000000e+00,0.000000000000000000e+00,0.000000000000000000e+00,-5.226406594602647004e+01,6.011914285488501264e+00,9.700000000000000000e+01,1.491901651746931748e+03,9.315521149635783615e+01,2.544200000000000000e+06,3.468600000000000017e-01,-1.353223800000232814e+03,1.000000000000000000e+00
3.002263854634848808e-03,4.466116525173134157e-03,5.768934321671804755e-01,1.097095510572056787e+00,2.000000000000000000e+01,7.396399036885836775e-02,0.000000000000000000e+00,0.000000000000000000e+00,0.000000000000000000e+00,0.000000000000000000e+00,-5.190314673318479777e+01,6.455218813681877776e+00,9.800000000000000000e+01,1.533896796359771770e+03,9.298641421612357760e+01,2.579600000000000000e+06,4.165200000000000014e-01,-1.999898949999879960e+03,1.000000000000000000e+00
2.813038262504217492e-03,4.491795543573418731e-03,6.731909996743729030e-01,1.015156778807304372e+00,2.000000000000000000e+01,7.363554742823356924e-02,0.000000000000000000e+00,0.000000000000000000e+00,0.000000000000000000e+00,0.000000000000000000e+00,-5.318599198730230171e+01,5.906004095354466799e+00,9.900000000000000000e+01,1.449478029196707666e+03,9.381960200043535281e+01,2.528400000000000000e+06,3.401600000000000179e-01,-1.206593756000261919e+03,1.000000000000000000e+00
2.775635849549124012e-03,4.947377437582630919e-03,6.980055878096675936e-01,4.857604305612823747e-01,2.000000000000000000e+01,7.456005338435753305e-02,0.000000000000000000e+00,0.000000000000000000e+00,0.000000000000000000e+00,0.000000000000000000e+00,-5.870627446094374591e+01,6.300476956933092509e+00,1.000000000000000000e+02,1.043536574337144657e+03,9.955469554810302668e+01,2.501600000000000000e+06,1.671100000000000085e-01,-3.596757710000233033e+02,1.000000000000000000e+00
2.333886628922548449e-03,5.378532626460845109e-03,6.067061582926295271e-01,-3.194778167384380474e+00,2.000000000000000000e+01,7.468247696889977749e-02,0.000000000000000000e+00,0.000000000000000000e+00,0.000000000000000000e+00,0.000000000000000000e+00,-6.886489972142103966e+01,5.589377780876807478e+00,1.010000000000000000e+02,2.918054771534784209e+02,1.137575566873455131e+02,2.359500000000000000e+06,1.784399999999999875e-01,-4.510066000000447275e+02,1.000000000000000000e+00
2.095820857283266486e-03,5.229212785691376118e-03,5.747973072726900723e-01,-4.193033047012998393e-01,2.000000000000000000e+01,7.169744522489508720e-02,0.000000000000000000e+00,0.000000000000000000e+00,0.000000000000000000e+00,0.000000000000000000e+00,-5.956205930406165550e+01,6.114035035601788515e+00,1.020000000000000000e+02,1.028546004896713384e+03,9.963351043399725881e+01,2.521300000000000000e+06,1.087400000000000033e-01,-2.026177319999985400e+02,1.000000000000000000e+00
2.702026078419858882e-03,4.717110258831445045e-03,6.976064789418690015e-01,-3.263645248350972583e-01,2.000000000000000000e+01,7.375337934715600618e-02,0.000000000000000000e+00,0.000000000000000000e+00,0.000000000000000000e+00,0.000000000000000000e+00,-5.770677903758504357e+01,6.142778902620610992e+00,1.030000000000000000e+02,9.951156055742580975e+02,9.994440000501663235e+01,2.501600000000000000e+06,2.807100000000000151e-01,-8.415860479998722212e+02,1.000000000000000000e+00
2.735848554861653511e-03,4.043130188424504112e-03,6.630972455042302149e-01,1.858168473359838480e+00,2.000000000000000000e+01,7.572041901362486227e-02,0.000000000000000000e+00,0.000000000000000000e+00,0.000000000000000000e+00,0.000000000000000000e+00,-4.644543608302480209e+01,5.797128681705288500e+00,1.040000000000000000e+02,1.986070332431278757e+03,8.951367993300642922e+01,2.578100000000000000e+06,1.243200000000000000e-01,-2.094864000000065403e+02,1.000000000000000000e+00
2.841270654396446660e-03,5.032985240397302128e-03,6.372204545330129033e-01,-2.673100186279159018e+00,2.000000000000000000e+01,7.779712547088321606e-02,0.000000000000000000e+00,0.000000000000000000e+00,0.000000000000000000e+00,0.000000000000000000e+00,-6.697690116103413516e+01,6.029449130368934817e+00,1.050000000000000000e+02,3.470537936567835686e+02,1.125203901682451999e+02,2.400600000000000000e+06,6.756700000000000206e-02,-9.081729999999856773e+01,1.000000000000000000e+00
3.050820913372894339e-03,4.631790023875038444e-03,6.560802249361274985e-01,-2.426832708510858527e+00,2.000000000000000000e+01,7.656840963310931891e-02,0.000000000000000000e+00,0.000000000000000000e+00,0.000000000000000000e+00,0.000000000000000000e+00,-7.031866268481132920e+01,6.201111993961350599e+00,1.060000000000000000e+02,2.267357355425027379e+02,1.182173477173889751e+02,2.371600000000000000e+06,9.336500000000000354e-02,-1.690254000000052770e+02,1.000000000000000000e+00
1.907311108980801672e-03,4.836181215383303367e-03,6.382178408720009521e-01,-8.204361638865160788e-01,2.000000000000000000e+01,7.737029138314754917e-02,0.000000000000000000e+00,0.000000000000000000e+00,0.000000000000000000e+00,0.000000000000000000e+00,-6.768842468967037007e+01,5.816734525329992245e+00,1.070000000000000000e+02,4.567842032298215145e+02,1.102011010521191423e+02,2.383900000000000000e+06,6.685900000000000176e-02,-6.229566000000023251e+01,1.000000000000000000e+00
2.569303357863518111e-03,4.895825146060212019e-03,6.078042513925595580e-01,-2.400739512469280967e+00,2.000000000000000000e+01,7.492478524400772444e-02,0.000000000000000000e+00,0.000000000000000000e+00,0.000000000000000000e+00,0.000000000000000000e+00,-6.621774431584555032e+01,5.827017418233250368e+00,1.080000000000000000e+02,4.511983650605481557e+02,1.106822157580537294e+02,2.397800000000000000e+06,1.804999999999999938e-01,-4.850253120000088529e+02,1.000000000000000000e+00
2.339079424366275178e-03,5.191894352305246457e-03,6.040787987327786990e-01,-1.914209311535727043e+00,2.000000000000000000e+01,7.431940801073395886e-02,0.000000000000000000e+00,0.000000000000000000e+00,0.000000000000000000e+00,0.000000000000000000e+00,-6.650920590450557768e+01,5.586561534039250709e+00,1.090000000000000000e+02,5.157270516404144018e+02,1.093171245638296796e+02,2.383300000000000000e+06,2.138299999999999923e-01,-6.336378089999332133e+02,1.000000000000000000e+00
2.621807043468779661e-03,4.451835506523763378e-03,7.369521806224330618e-01,5.705854171498673244e-01,2.000000000000000000e+01,7.492788659923584060e-02,0.000000000000000000e+00,0.000000000000000000e+00,0.000000000000000000e+00,0.000000000000000000e+00,-5.572686627812488069e+01,5.736075950880628938e+00,1.100000000000000000e+02,1.333894461580661755e+03,9.622277229077431571e+01,2.494200000000000000e+06,1.340300000000000102e-01,-2.198983999999887260e+02,1.000000000000000000e+00
2.275287122993340308e-03,4.873354603947218505e-03,6.175429584622320611e-01,-1.908930623441952079e+00,2.000000000000000000e+01,7.686515975669085121e-02,0.000000000000000000e+00,0.000000000000000000e+00,0.000000000000000000e+00,0.000000000000000000e+00,-6.411883847939566294e+01,5.876450037663258463e+00,1.110000000000000000e+02,5.507591876372637216e+02,1.080428542020522968e+02,2.422500000000000000e+06,8.121100000000000541e-02,-1.085928559999963454e+02,1.000000000000000000e+00
3.319939254205088452e-03,4.562290822429947157e-03,9.882029857050940169e-01,-4.805474088067309246e+00,2.000000000000000000e+01,7.304158242094810349e-02,0.000000000000000000e+00,0.000000000000000000e+00,0.000000000000000000e+00,0.000000000000000000e+00,-6.260101966310017474e+01,7.209612554241322968e+00,1.120000000000000000e+02,2.623421905150835300e+02,1.139255330010574738e+02,2.509700000000000000e+06,3.137400000000000189e-01,-7.562081100000266360e+02,1.000000000000000000e+00
2.240755062447715058e-03,4.566502335316989514e-03,6.529089519496473759e-01,-2.581891430975449708e+00,2.000000000000000000e+01,6.504352227719385759e-02,0.000000000000000000e+00,0.000000000000000000e+00,0.000000000000000000e+00,0.000000000000000000e+00,-6.948135036033451684e+01,5.749175292233394075e+00,1.130000000000000000e+02,2.619625491251588869e+02,1.140032937785025666e+02,2.361000000000000000e+06,6.322099999999999942e-02,-5.931180000000063757e+01,1.000000000000000000e+00
2.758909704560258587e-03,4.262014969325103424e-03,6.787328013969458063e-01,-2.878613846968965717e+00,2.000000000000000000e+01,6.549494829301426291e-02,0.000000000000000000e+00,0.000000000000000000e+00,0.000000000000000000e+00,0.000000000000000000e+00,-6.957818878202633073e+01,5.758960434512322202e+00,1.140000000000000000e+02,2.616197438562689399e+02,1.145451623112170836e+02,2.360000000000000000e+06,6.571899999999999964e-02,-7.118245800000016743e+01,1.000000000000000000e+00
2.798921519024577011e-03,4.955786510697762076e-03,6.707586001526422148e-01,-3.201829240265028798e+00,2.000000000000000000e+01,7.439735509832914873e-02,0.000000000000000000e+00,0.000000000000000000e+00,0.000000000000000000e+00,0.000000000000000000e+00,-6.711676371056091739e+01,6.422022667385515859e+00,1.150000000000000000e+02,2.479831407934711649e+02,1.148607939280706773e+02,2.416800000000000000e+06,2.134199999999999986e-01,-6.111150000000396858e+02,1.000000000000000000e+00
2.410713798346775065e-03,4.678111243866718907e-03,5.945539704458925323e-01,-2.899589714391688666e+00,2.000000000000000000e+01,7.716776246770773451e-02,0.000000000000000000e+00,0.000000000000000000e+00,0.000000000000000000e+00,0.000000000000000000e+00,-6.845759493466869117e+01,6.114050339330066919e+00,1.160000000000000000e+02,2.400913325475742681e+02,1.149554650046500370e+02,2.388000000000000000e+06,8.015200000000000102e-02,-1.207916009999985221e+02,1.000000000000000000e+00
2.378289664157621705e-03,4.816568744449191766e-03,6.164651427606102629e-01,-1.419006158451141975e+00,2.000000000000000000e+01,7.749169210574433087e-02,0.000000000000000000e+00,0.000000000000000000e+00,0.000000000000000000e+00,0.000000000000000000e+00,-6.441935816352122401e+01,5.944016008285048613e+00,1.170000000000000000e+02,5.828389168196955552e+02,1.075586956881835050e+02,2.423300000000000000e+06,7.158299999999999386e-02,-8.965097700000083591e+01,1.000000000000000000e+00
2.630273212426067000e-03,4.769688566078294709e-03,6.576668232738942521e-01,5.106062565119521279e-01,2.000000000000000000e+01,7.431201588965381799e-02,0.000000000000000000e+00,0.000000000000000000e+00,0.000000000000000000e+00,0.000000000000000000e+00,-5.655921788335336231e+01,5.590968376923287408e+00,1.180000000000000000e+02,1.294653551043058314e+03,9.677110752947156413e+01,2.476800000000000000e+06,2.110299999999999954e-01,-5.478310830000309579e+02,1.000000000000000000e+00
3.071779306862534257e-03,4.815972774892545057e-03,5.911114096585849964e-01,-4.251578654814140990e+00,2.000000000000000000e+01,7.818962779008453712e-02,0.000000000000000000e+00,0.000000000000000000e+00,0.000000000000000000e+00,0.000000000000000000e+00,-7.199991752920652743e+01,6.038272711451945440e+00,1.190000000000000000e+02,2.104928293760219731e+02,1.201657665722677137e+02,2.367200000000000000e+06,1.534800000000000053e-01,-4.071910800000131871e+02,1.000000000000000000e+00
2.688950192725852485e-03,5.105153370913517209e-03,6.768988773252363478e-01,7.461719126481622943e-01,2.000000000000000000e+01,7.418742408065197302e-02,0.000000000000000000e+00,0.000000000000000000e+00,0.000000000000000000e+00,0.000000000000000000e+00,-5.704192814595943162e+01,5.910177449781038206e+00,1.200000000000000000e+02,1.263114819912129633e+03,9.690199429070379722e+01,2.493200000000000000e+06,2.086300000000000099e-01,-5.145830530000264389e+02,1.000000000000000000e+00
2.198188622741454115e-03,5.131415131181312622e-03,5.730101212599311156e-01,-6.533134462561513978e-01,2.000000000000000000e+01,7.379114318505966552e-02,0.000000000000000000e+00,0.000000000000000000e+00,0.000000000000000000e+00,0.000000000000000000e+00,-6.514618455384257345e+01,5.722388722538342520e+00,1.210000000000000000e+02,6.897668817543000159e+02,1.063425569234719603e+02,2.403700000000000000e+06,2.934499999999999886e-01,-1.098785198999701834e+03,1.000000000000000000e+00
3.716458976920571089e-03,2.242473102937422511e-03,1.252871657304319486e+00,-1.120248840020649617e+01,2.000000000000000000e+01,7.180732119365750010e-02,0.000000000000000000e+00,0.000000000000000000e+00,0.000000000000000000e+00,0.000000000000000000e+00,-6.754250577359367469e+01,5.445311956810317433e+00,1.220000000000000000e+02,1.815927188647153230e+02,1.268909292409547049e+02,2.340900000000000000e+06,8.272899999999999698e-02,-5.208379000000024917e+01,1.000000000000000000e+00
2.417840942289411522e-03,4.861423533715621310e-03,7.030237291471979066e-01,-8.944320242352564732e-01,2.000000000000000000e+01,7.745928246444809540e-02,0.000000000000000000e+00,0.000000000000000000e+00,0.000000000000000000e+00,0.000000000000000000e+00,-6.259100124304914203e+01,7.164399466942670713e+00,1.230000000000000000e+02,8.709022449833148585e+02,1.015247889361998830e+02,2.535600000000000000e+06,1.941599999999999993e-01,-4.029633580000318034e+02,1.000000000000000000e+00
2.896781169770231909e-03,4.962758384232766537e-03,6.601655359866838158e-01,-5.840225944793319135e-01,2.000000000000000000e+01,7.525635799187929686e-02,0.000000000000000000e+00,0.000000000000000000e+00,0.000000000000000000e+00,0.000000000000000000e+00,-5.770020145606425643e+01,6.518855882748667341e+00,1.240000000000000000e+02,9.426518828415469216e+02,1.009825869409579440e+02,2.526300000000000000e+06,1.434799999999999964e-01,-3.067933590000119466e+02,1.000000000000000000e+00
2.284116576930915899e-03,4.690579094750714495e-03,1.277727265944586410e+00,-3.479959705116993374e-01,2.000000000000000000e+01,6.323446562141205041e-02,0.000000000000000000e+00,0.000000000000000000e+00,0.000000000000000000e+00,0.000000000000000000e+00,-5.790593341883150202e+01,7.598966714522281229e+00,1.250000000000000000e+02,7.782162185056374710e+02,1.024507578454026486e+02,2.634200000000000000e+06,2.645799999999999819e-01,-1.851883739999962302e+02,1.000000000000000000e+00
2.787963127682984918e-03,4.858116842999564249e-03,6.822809372660032512e-01,6.262846133833017692e-01,2.000000000000000000e+01,7.366145980343385968e-02,0.000000000000000000e+00,0.000000000000000000e+00,0.000000000000000000e+00,0.000000000000000000e+00,-5.876679573229807829e+01,5.564091004104048110e+00,1.260000000000000000e+02,1.219167114664869587e+03,9.793821680526477280e+01,2.455100000000000000e+06,3.001300000000000079e-01,-1.015757690000017305e+03,1.000000000000000000e+00
2.723412816793823691e-03,4.691088783915255134e-03,6.517337093914744584e-01,5.108379340481704611e-01,2.000000000000000000e+01,7.414143264340253281e-02,0.000000000000000000e+00,0.000000000000000000e+00,0.000000000000000000e+00,0.000000000000000000e+00,-5.738033468103616030e+01,5.630460388847321695e+00,1.270000000000000000e+02,1.243393591832125367e+03,9.728279308703835682e+01,2.471800000000000000e+06,2.449300000000000088e-01,-7.473754779998923823e+02,1.000000000000000000e+00
2.387100967566191737e-03,4.608342546462824291e-03,7.321144486851279831e-01,-2.048966454904777912e+00,2.000000000000000000e+01,7.520702144125385180e-02,0.000000000000000000e+00,0.000000000000000000e+00,0.000000000000000000e+00,0.000000000000000000e+00,-7.100171751231971484e+01,5.086891872811386328e+00,1.280000000000000000e+02,3.135366801688714986e+02,1.135978629740547774e+02,2.348800000000000000e+06,1.463399999999999979e-01,-2.505800000000019168e+02,1.000000000000000000e+00
2.738568979194977090e-03,4.942163962996813653e-03,6.016329733090992615e-01,-3.301262683515944651e+00,2.000000000000000000e+01,7.682916793424048041e-02,0.000000000000000000e+00,0.000000000000000000e+00,0.000000000000000000e+00,0.000000000000000000e+00,-6.734910962023964487e+01,5.979681350413205365e+00,1.290000000000000000e+02,2.994718180927413869e+02,1.136980307436847681e+02,2.393400000000000000e+06,8.942400000000000349e-02,-1.643399999999969623e+02,1.000000000000000000e+00
3.049497085624604600e-03,3.899311129565485000e-03,7.625821444752690637e-01,-4.726111871928375230e+00,2.000000000000000000e+01,6.803163903976389149e-02,0.000000000000000000e+00,0.000000000000000000e+00,0.000000000000000000e+00,0.000000000000000000e+00,-6.281195950371385806e+01,6.405395600842307857e+00,1.300000000000000000e+02,2.977011886129032519e+02,1.136984264524465402e+02,2.461700000000000000e+06,1.143699999999999994e-01,-1.642833899999998835e+02,1.000000000000000000e+00
3.153238645140399483e-03,4.509580123610297357e-03,5.285010735198997223e-01,-4.922206327013738836e+00,2.000000000000000000e+01,7.689294579629629700e-02,0.000000000000000000e+00,0.000000000000000000e+00,0.000000000000000000e+00,0.000000000000000000e+00,-6.914287190206458433e+01,6.393066288555683485e+00,1.310000000000000000e+02,2.219582628907241713e+02,1.191634843708467457e+02,2.391000000000000000e+06,1.323799999999999977e-01,-3.916026000000136378e+02,1.000000000000000000e+00
2.358117786583220285e-03,5.412229160292627433e-03,5.183617584066788631e-01,-4.041020051131454238e+00,2.000000000000000000e+01,7.352854749939012613e-02,0.000000000000000000e+00,0.000000000000000000e+00,0.000000000000000000e+00,0.000000000000000000e+00,-7.590513439796959005e+01,5.420223277098688897e+00,1.320000000000000000e+02,2.235524250846499967e+02,1.184182819459919216e+02,2.326500000000000000e+06,1.833599999999999952e-01,-5.533865040000146109e+02,1.000000000000000000e+00
2.771470166878559419e-03,4.239050431777404912e-03,7.762944270638689748e-01,-3.102270721527838226e+00,2.000000000000000000e+01,7.669354108252898761e-02,0.000000000000000000e+00,0.000000000000000000e+00,0.000000000000000000e+00,0.000000000000000000e+00,-7.223229048916225281e+01,5.797111338454210561e+00,1.330000000000000000e+02,2.228167698732669351e+02,1.185708223791416032e+02,2.334500000000000000e+06,7.751700000000000257e-02,-8.220662999999969145e+01,1.000000000000000000e+00
2.347359834971940364e-03,4.634383999289301212e-03,7.006091559292423332e-01,-1.870275105441493668e+00,2.000000000000000000e+01,7.863270159239516000e-02,0.000000000000000000e+00,0.000000000000000000e+00,0.000000000000000000e+00,0.000000000000000000e+00,-7.030928737155437602e+01,5.583381638635398936e+00,1.340000000000000000e+02,2.458290254107201349e+02,1.151122110004114063e+02,2.368600000000000000e+06,8.891599999999999504e-02,-9.805215199999871345e+01,1.000000000000000000e+00
1.694203342512967669e-03,6.079158115934785514e-03,6.486468099067512760e-01,-9.331902829997990034e-02,2.000000000000000000e+01,7.340215685512843646e-02,0.000000000000000000e+00,0.000000000000000000e+00,0.000000000000000000e+00,0.000000000000000000e+00,-5.774729749347770280e+01,6.001327781698027053e+00,1.350000000000000000e+02,1.101394925879733137e+03,9.935956684190855981e+01,2.492500000000000000e+06,2.327799999999999869e-01,-4.811553069999507102e+02,1.000000000000000000e+00
2.215943688669047736e-03,4.902610810082025719e-03,6.233264737168673353e-01,-6.448936066089670793e-03,2.000000000000000000e+01,7.420533894005165720e-02,0.000000000000000000e+00,0.000000000000000000e+00,0.000000000000000000e+00,0.000000000000000000e+00,-5.823937066907727456e+01,5.377411173877796990e+00,1.360000000000000000e+02,1.166858919770166494e+03,9.908942462807728191e+01,2.448600000000000000e+06,2.076399999999999912e-01,-5.257853060000186360e+02,1.000000000000000000e+00
2.809248880261561426e-03,4.577937823701607595e-03,6.479693529817494024e-01,-5.178446041447015702e-02,2.000000000000000000e+01,7.398669624611976803e-02,0.000000000000000000e+00,0.000000000000000000e+00,0.000000000000000000e+00,0.000000000000000000e+00,-5.776723741670360113e+01,5.802273983353290809e+00,1.370000000000000000e+02,1.130806312021186159e+03,9.911224047498458845e+01,2.479600000000000000e+06,2.950800000000000090e-01,-1.046816940000075647e+03,1.000000000000000000e+00
2.834468398204805645e-03,4.869386734494746127e-03,7.650243462835571995e-01,-3.234110937511544548e-01,2.000000000000000000e+01,7.541687895055960988e-02,0.000000000000000000e+00,0.000000000000000000e+00,0.000000000000000000e+00,0.000000000000000000e+00,-6.383904726331215329e+01,6.605108845956085162e+00,1.380000000000000000e+02,5.654902228759940499e+02,1.083955705905972593e+02,2.464400000000000000e+06,1.091300000000000048e-01,-1.567207529999935502e+02,1.000000000000000000e+00
2.439745016950211308e-03,4.697460609415130862e-03,8.783958978400041584e-01,-1.153923321342807728e+00,2.000000000000000000e+01,7.169061374485927174e-02,0.000000000000000000e+00,0.000000000000000000e+00,0.000000000000000000e+00,0.000000000000000000e+00,-6.260788837793452899e+01,6.862156529483368850e+00,1.390000000000000000e+02,5.680914612350339894e+02,1.081358671524208575e+02,2.493400000000000000e+06,6.865200000000000191e-01,-2.327262462000198866e+03,1.000000000000000000e+00
2.374034684883018480e-03,4.619895489681468716e-03,6.948190597609442687e-01,-1.719118035472515071e+00,2.000000000000000000e+01,6.742180026305988338e-02,0.000000000000000000e+00,0.000000000000000000e+00,0.000000000000000000e+00,0.000000000000000000e+00,-6.563439976588797720e+01,5.561065613665022056e+00,1.400000000000000000e+02,6.161411291767452667e+02,1.077138677971739895e+02,2.396100000000000000e+06,1.648999999999999910e-01,-3.521874970000351937e+02,1.000000000000000000e+00
3.602648369620154757e-03,3.714948362508547087e-03,6.503162006341016710e-01,1.813484379492696252e+00,2.000000000000000000e+01,7.719679360069936491e-02,0.000000000000000000e+00,0.000000000000000000e+00,0.000000000000000000e+00,0.000000000000000000e+00,-4.977471514698973465e+01,6.177412881147332335e+00,1.410000000000000000e+02,1.887921188429444555e+03,9.057961724360552580e+01,2.579300000000000000e+06,9.477599999999999913e-02,-1.652575999999988881e+02,1.000000000000000000e+00
2.742820647591185951e-03,4.915452596731848672e-03,6.929056225395227031e-01,3.097370936062131541e-01,2.000000000000000000e+01,7.284896724826897541e-02,0.000000000000000000e+00,0.000000000000000000e+00,0.000000000000000000e+00,0.000000000000000000e+00,-5.284721431198774155e+01,6.242535159502262232e+00,1.420000000000000000e+02,1.420923666657214198e+03,9.552607430872768646e+01,2.555800000000000000e+06,5.079000000000000181e-01,-2.059162593000159632e+03,1.000000000000000000e+00
2.963121230411526648e-03,4.757470820898057617e-03,6.636461572046705726e-01,8.907631747230796426e-01,2.000000000000000000e+01,7.443412636254850834e-02,0.000000000000000000e+00,0.000000000000000000e+00,0.000000000000000000e+00,0.000000000000000000e+00,-5.515372476356357367e+01,5.662525133547123168e+00,1.430000000000000000e+02,1.434699394339004357e+03,9.511473680646759021e+01,2.494200000000000000e+06,2.159200000000000008e-01,-6.003058259999797883e+02,1.000000000000000000e+00
2.538544559705859134e-03,4.943476524926378873e-03,6.751858285874124954e-01,4.241166411836531092e-01,2.000000000000000000e+01,7.425897122139728246e-02,0.000000000000000000e+00,0.000000000000000000e+00,0.000000000000000000e+00,0.000000000000000000e+00,-5.504870245322597100e+01,5.630465116968004224e+00,1.440000000000000000e+02,1.370496804635511580e+03,9.627079730952154080e+01,2.493100000000000000e+06,1.967500000000000082e-01,-4.487241659999838248e+02,1.000000000000000000e+00
2.417061339152541850e-03,5.231121503728706351e-03,6.645265864273898204e-01,-2.320536995148677395e+00,2.000000000000000000e+01,7.451226017679009328e-02,0.000000000000000000e+00,0.000000000000000000e+00,0.000000000000000000e+00,0.000000000000000000e+00,-6.637245477886477829e+01,5.561491262066818209e+00,1.450000000000000000e+02,4.739214906121251829e+02,1.101248688937563145e+02,2.383300000000000000e+06,1.666999999999999871e-01,-3.720584060000298905e+02,1.000000000000000000e+00
3.243829213747440043e-03,4.343593670929163549e-03,6.052103885342389189e-01,1.328039217346254297e+00,2.000000000000000000e+01,7.443909557504954644e-02,0.000000000000000000e+00,0.000000000000000000e+00,0.000000000000000000e+00,0.000000000000000000e+00,-5.434020273704696535e+01,6.067234174581724204e+00,1.460000000000000000e+02,1.451437436820475341e+03,9.409566026830108854e+01,2.529000000000000000e+06,3.147400000000000198e-01,-1.309021780000207627e+03,1.000000000000000000e+00
3.094393217005532437e-03,4.278100282690581839e-03,6.202829055066367836e-01,1.535631349940744794e+00,2.000000000000000000e+01,7.420096194686269520e-02,0.000000000000000000e+00,0.000000000000000000e+00,0.000000000000000000e+00,0.000000000000000000e+00,-5.335192717423264241e+01,5.698696183539682991e+00,1.470000000000000000e+02,1.584295640073933328e+03,9.295844141843730313e+01,2.511900000000000000e+06,3.206499999999999906e-01,-1.295003409999841324e+03,1.000000000000000000e+00
2.784530635253477764e-03,4.376805971982735723e-03,5.635790026366047645e-01,9.728033240215594457e-01,2.000000000000000000e+01,7.386848262914232077e-02,0.000000000000000000e+00,0.000000000000000000e+00,0.000000000000000000e+00,0.000000000000000000e+00,-5.104630768702264021e+01,6.253662199129959021e+00,1.480000000000000000e+02,1.593163439341773483e+03,9.281510711459603158e+01,2.573200000000000000e+06,4.198700000000000210e-01,-2.001665146000518689e+03,1.000000000000000000e+00
2.782558189800559897e-03,4.396147389091353309e-03,6.004620634202749718e-01,1.125587651253605825e+00,2.000000000000000000e+01,7.391818244672417049e-02,0.000000000000000000e+00,0.000000000000000000e+00,0.000000000000000000e+00,0.000000000000000000e+00,-5.269353310437809768e+01,6.017197558752820363e+00,1.490000000000000000e+02,1.501961011230548820e+03,9.333224044020160193e+01,2.540600000000000000e+06,3.577099999999999724e-01,-1.494290835999542878e+03,1.000000000000000000e+00
2.711690233331629299e-03,4.407580246384280517e-03,5.714035957372196606e-01,-3.889186199754880668e+00,2.000000000000000000e+01,7.611758820335637332e-02,0.000000000000000000e+00,0.000000000000000000e+00,0.000000000000000000e+00,0.000000000000000000e+00,-7.318778033426286811e+01,6.070740103199510074e+00,1.500000000000000000e+02,1.826715576646642205e+02,1.231435000238434867e+02,2.333200000000000000e+06,1.342800000000000105e-01,-3.296887999999906924e+02,1.000000000000000000e+00
3.162276675890473687e-03,4.260934984110274250e-03,5.628748784117147963e-01,-4.595057563254142607e+00,2.000000000000000000e+01,7.870804868651051778e-02,0.000000000000000000e+00,0.000000000000000000e+00,0.000000000000000000e+00,0.000000000000000000e+00,-6.949561986280109238e+01,6.645820382648042646e+00,1.510000000000000000e+02,1.858972400436337011e+02,1.219844460532153221e+02,2.358100000000000000e+06,1.406999999999999917e-01,-3.940853489999998942e+02,1.000000000000000000e+00
2.658064717647449626e-03,4.504035858349543335e-03,7.937360315576182934e-01,-1.835148800304394090e+00,2.000000000000000000e+01,6.965883829065250277e-02,0.000000000000000000e+00,0.000000000000000000e+00,0.000000000000000000e+00,0.000000000000000000e+00,-6.460833048110676202e+01,6.469417733694513117e+00,1.520000000000000000e+02,4.790309143731846007e+02,1.101559632698039621e+02,2.450500000000000000e+06,3.370299999999999963e-01,-5.608380000000104246e+02,1.000000000000000000e+00
2.879415236760445203e-03,4.930493790921253172e-03,5.596334744649041903e-01,-4.554211156321525955e-01,2.000000000000000000e+01,7.444660878201703191e-02,0.000000000000000000e+00,0.000000000000000000e+00,0.000000000000000000e+00,0.000000000000000000e+00,-5.621723225850863770e+01,6.347074995660478614e+00,1.530000000000000000e+02,1.098914848178614420e+03,9.951022287615734285e+01,2.530000000000000000e+06,3.105200000000000182e-01,-1.326743774999785956e+03,1.000000000000000000e+00
2.335720820988560452e-03,4.666751208965666184e-03,7.085997173239577673e-01,2.000207307311108185e-01,2.000000000000000000e+01,7.330469609971898559e-02,0.000000000000000000e+00,0.000000000000000000e+00,0.000000000000000000e+00,0.000000000000000000e+00,-6.020157009033823670e+01,5.371445614806338753e+00,1.540000000000000000e+02,1.086857238728196762e+03,9.952352776091741760e+01,2.430600000000000000e+06,3.046599999999999864e-01,-9.203100730002097407e+02,1.000000000000000000e+00
1.966782277263803749e-03,4.340285511512897293e-03,6.777457510012400155e-01,4.511074326243428856e-01,2.000000000000000000e+01,7.366103097303250413e-02,0.000000000000000000e+00,0.000000000000000000e+00,0.000000000000000000e+00,0.000000000000000000e+00,-6.154087552663845884e+01,5.234722108860776935e+00,1.550000000000000000e+02,1.038563202190630136e+03,9.968817249638432543e+01,2.410900000000000000e+06,2.289899999999999991e-01,-5.324696069999962447e+02,1.000000000000000000e+00
2.761196727033096536e-03,4.813373656083673631e-03,6.147776836230494091e-01,-1.181182021990901720e+00,2.000000000000000000e+01,7.633489439565541157e-02,0.000000000000000000e+00,0.000000000000000000e+00,0.000000000000000000e+00,0.000000000000000000e+00,-6.232047445893518045e+01,6.054732139594344531e+00,1.560000000000000000e+02,7.308645192929898258e+02,1.053786676377117004e+02,2.450700000000000000e+06,1.030299999999999966e-01,-1.963984219999926779e+02,1.000000000000000000e+00
3.017561455478962908e-03,3.957071506611031277e-03,5.847032169440136151e-01,1.299551163560739964e+00,2.000000000000000000e+01,7.382715836850714530e-02,0.000000000000000000e+00,0.000000000000000000e+00,0.000000000000000000e+00,0.000000000000000000e+00,-5.049996926432075384e+01,6.081561238868914643e+00,1.570000000000000000e+02,1.758981476081789424e+03,9.176440267673025630e+01,2.565400000000000000e+06,4.703600000000000003e-01,-2.294686000000763215e+03,1.000000000000000000e+00
3.146220407404941299e-03,4.288866285153135165e-03,7.132650108419000823e-01,8.715881849530426884e-01,2.000000000000000000e+01,8.333915209474955510e-02,0.000000000000000000e+00,0.000000000000000000e+00,0.000000000000000000e+00,0.000000000000000000e+00,-5.852835337033736351e+01,5.656460772837335504e+00,1.580000000000000000e+02,1.445632333405797453e+03,9.544739818940094267e+01,2.483500000000000000e+06,2.301400000000000112e-01,-7.054603670000836928e+02,1.000000000000000000e+00
2.947842100232008020e-03,7.207116599842505918e-03,1.089646246622602677e+00,3.797248934075045379e-01,2.000000000000000000e+01,6.438686165497026215e-02,0.000000000000000000e+00,0.000000000000000000e+00,0.000000000000000000e+00,0.000000000000000000e+00,-4.814507612818744775e+01,8.153295918262021047e+00,1.590000000000000000e+02,1.637656957388305500e+03,9.197051511593649309e+01,2.769200000000000000e+06,1.441500000000000004e+00,-2.726501919999243455e+03,1.000000000000000000e+00
2.323266962772495454e-03,4.992863023820884663e-03,7.900560559139435668e-01,-1.109442220805811029e-02,2.000000000000000000e+01,7.150563542985118037e-02,0.000000000000000000e+00,0.000000000000000000e+00,0.000000000000000000e+00,0.000000000000000000e+00,-6.142628969025469132e+01,6.729273763644632034e+00,1.600000000000000000e+02,1.006722509963199286e+03,1.003736084358156120e+02,2.492200000000000000e+06,4.351200000000000068e-01,-1.656531199999547425e+03,1.000000000000000000e+00
3.250614256428653245e-03,4.715834200581937689e-03,5.472928176038863723e-01,2.328101588629829521e+00,2.000000000000000000e+01,7.611087976500013896e-02,0.000000000000000000e+00,0.000000000000000000e+00,0.000000000000000000e+00,0.000000000000000000e+00,-4.223636113086638488e+01,6.451992974065348108e+00,1.610000000000000000e+02,2.320854855582259916e+03,8.705326416637316811e+01,2.666300000000000000e+06,1.602200000000000013e-01,-4.128897000000162052e+02,1.000000000000000000e+00
2.830765993581670775e-03,4.570438169236140311e-03,5.188979322787743431e-01,2.438230168741531312e+00,2.000000000000000000e+01,7.498603157350038073e-02,0.000000000000000000e+00,0.000000000000000000e+00,0.000000000000000000e+00,0.000000000000000000e+00,-4.093195484821669794e+01,6.115841177996106381e+00,1.620000000000000000e+02,2.238186085855446890e+03,8.737181423534934765e+01,2.647500000000000000e+06,2.773399999999999754e-01,-9.967042540000908275e+02,1.000000000000000000e+00
2.609510682701396932e-03,5.068089996992391003e-03,6.875220838464276563e-01,8.671573851436547020e-01,2.000000000000000000e+01,7.340949360789565670e-02,0.000000000000000000e+00,0.000000000000000000e+00,0.000000000000000000e+00,0.000000000000000000e+00,-5.751840125354638644e+01,5.386514733514893294e+00,1.630000000000000000e+02,1.365576015982938770e+03,9.639102163727542916e+01,2.455000000000000000e+06,3.147099999999999898e-01,-1.044347999999771218e+03,1.000000000000000000e+00
2.649835955774426308e-03,4.667650095126882684e-03,5.721649439460081421e-01,-2.843052776508566026e+00,2.000000000000000000e+01,7.709547471173611166e-02,0.000000000000000000e+00,0.000000000000000000e+00,0.000000000000000000e+00,0.000000000000000000e+00,-6.837370165706626324e+01,6.095750474555608811e+00,1.640000000000000000e+02,2.740313706510930274e+02,1.146866755406738747e+02,2.387900000000000000e+06,8.757800000000000307e-02,-1.656243750000013506e+02,1.000000000000000000e+00
2.941575050086865303e-03,3.589478158386232628e-03,6.480941748487851761e-01,2.082885949026453076e+00,2.000000000000000000e+01,7.547526518569165621e-02,0.000000000000000000e+00,0.000000000000000000e+00,0.000000000000000000e+00,0.000000000000000000e+00,-5.378755288132166612e+01,5.646617314996190018e+00,1.650000000000000000e+02,1.620758076487783455e+03,9.294567680856867753e+01,2.504600000000000000e+06,1.471600000000000130e-01,-3.262689089999816474e+02,1.000000000000000000e+00
2.758788447082170629e-03,4.989553937735414363e-03,6.387842207645291204e-01,-1.103656313195338523e+00,2.000000000000000000e+01,7.539535962481636044e-02,0.000000000000000000e+00,0.000000000000000000e+00,0.000000000000000000e+00,0.000000000000000000e+00,-5.709045304710753044e+01,6.663893652422037128e+00,1.660000000000000000e+02,8.746858423120611405e+02,1.020064922859938719e+02,2.542200000000000000e+06,1.398899999999999866e-01,-2.932827630000127783e+02,1.000000000000000000e+00
2.704662152167057639e-03,4.552903694656557608e-03,5.652188606693041573e-01,-2.021471429622911931e-01,2.000000000000000000e+01,7.700136135861102016e-02,0.000000000000000000e+00,0.000000000000000000e+00,0.000000000000000000e+00,0.000000000000000000e+00,-5.889756002980470839e+01,6.675060792445209223e+00,1.670000000000000000e+02,8.846283310598163325e+02,1.015996304795482530e+02,2.523400000000000000e+06,9.446200000000000430e-02,-1.796126639999964141e+02,1.000000000000000000e+00
1.892643373053142473e-03,4.606465231703693250e-03,6.253237111723360941e-01,-5.966433679930510658e-01,2.000000000000000000e+01,7.624612817177327251e-02,0.000000000000000000e+00,0.000000000000000000e+00,0.000000000000000000e+00,0.000000000000000000e+00,-6.179973462714985999e+01,5.783931920870428733e+00,1.680000000000000000e+02,8.775928149551853039e+02,1.019188952725834412e+02,2.450500000000000000e+06,1.560300000000000020e-01,-2.649401720000120122e+02,1.000000000000000000e+00
2.797029757641822031e-03,5.173917271124206518e-03,6.723841977175586404e-01,3.914060931190372905e-01,2.000000000000000000e+01,7.418815012121229846e-02,0.000000000000000000e+00,0.000000000000000000e+00,0.000000000000000000e+00,0.000000000000000000e+00,-5.993503189288862387e+01,6.561482154653891286e+00,1.690000000000000000e+02,8.800164522382243604e+02,1.018657679736680848e+02,2.504200000000000000e+06,2.205199999999999938e-01,-5.900716569999584635e+02,1.000000000000000000e+00
2.106245791593787994e-03,3.677673052070387291e-03,6.976139841471399317e-01,1.478707707711393038e+00,2.000000000000000000e+01,7.012405842834557035e-02,0.000000000000000000e+00,0.000000000000000000e+00,0.000000000000000000e+00,0.000000000000000000e+00,-5.873863318519325816e+01,4.478140540559887306e+00,1.700000000000000000e+02,1.450199200323454306e+03,9.478342598666441177e+01,2.436000000000000000e+06,3.130200000000000204e-01,-9.023476200000148992e+02,1.000000000000000000e+00
2.401471271782958626e-03,4.651435207886782212e-03,5.966899864973722600e-01,-9.125960632771037417e-01,2.000000000000000000e+01,6.478447228242530109e-02,0.000000000000000000e+00,0.000000000000000000e+00,0.000000000000000000e+00,0.000000000000000000e+00,-6.136239383534484659e+01,6.267455617602337270e+00,1.710000000000000000e+02,7.567638606750161898e+02,1.044554945443184124e+02,2.473100000000000000e+06,5.721199999999999897e-02,-6.394636700000108220e+01,1.000000000000000000e+00
3.237104090824339565e-03,4.303823486641199583e-03,6.046472679018854990e-01,1.055309658035417986e+00,2.000000000000000000e+01,7.433166191611156881e-02,0.000000000000000000e+00,0.000000000000000000e+00,0.000000000000000000e+00,0.000000000000000000e+00,-5.318692762710318789e+01,6.068966952299911455e+00,1.720000000000000000e+02,1.497897456277706624e+03,9.377155549747469365e+01,2.539800000000000000e+06,3.414699999999999958e-01,-1.501644299999830764e+03,1.000000000000000000e+00
2.723711655447431761e-03,5.093361549648147552e-03,5.509081448163499761e-01,1.504511933041168925e+00,2.000000000000000000e+01,7.417254015998824002e-02,0.000000000000000000e+00,0.000000000000000000e+00,0.000000000000000000e+00,0.000000000000000000e+00,-5.725356943439334145e+01,6.124528567062919038e+00,1.730000000000000000e+02,1.312891250354089834e+03,9.678911546851263381e+01,2.504200000000000000e+06,3.118600000000000261e-01,-1.337302399999616455e+03,1.000000000000000000e+00
2.869123406228314341e-03,4.848268608306527741e-03,6.665043769289875630e-01,-5.940605432026225818e-01,2.000000000000000000e+01,7.441533112617855494e-02,0.000000000000000000e+00,0.000000000000000000e+00,0.000000000000000000e+00,0.000000000000000000e+00,-6.051989365583679614e+01,6.081775295075317445e+00,1.740000000000000000e+02,8.579303628823515737e+02,1.026863348289877251e+02,2.469800000000000000e+06,2.128700000000000037e-01,-5.944547280000413139e+02,1.000000000000000000e+00
2.417439207347662003e-03,4.805040901760183891e-03,8.233160826597986093e-01,-7.527442686088625656e-01,2.000000000000000000e+01,7.344599544779398248e-02,0.000000000000000000e+00,0.000000000000000000e+00,0.000000000000000000e+00,0.000000000000000000e+00,-6.054981279199610356e+01,5.816669802757233221e+00,1.750000000000000000e+02,8.376278225960188593e+02,1.027479592525858578e+02,2.454000000000000000e+06,2.225300000000000056e-01,-4.295832440000470456e+02,1.000000000000000000e+00
1.892643373053142473e-03,4.606465231703693250e-03,6.253237111723360941e-01,-5.966433679930510658e-01,2.000000000000000000e+01,7.624612817177327251e-02,0.000000000000000000e+00,0.000000000000000000e+00,0.000000000000000000e+00,0.000000000000000000e+00,-6.179973462714985999e+01,5.783931920870428733e+00,1.760000000000000000e+02,7.958408972571081677e+02,1.031908721630659329e+02,2.440500000000000000e+06,8.829299999999999649e-02,-1.064496999999983586e+02,1.000000000000000000e+00
2.400873058830186799e-03,5.144964283560213639e-03,6.279746215250492369e-01,-2.396512978087817825e+00,2.000000000000000000e+01,7.457172091998867658e-02,0.000000000000000000e+00,0.000000000000000000e+00,0.000000000000000000e+00,0.000000000000000000e+00,-6.590890618830678704e+01,5.579818598412780162e+00,1.770000000000000000e+02,4.917183802203889513e+02,1.100442972451233317e+02,2.388500000000000000e+06,1.840499999999999914e-01,-4.610701129999580985e+02,1.000000000000000000e+00
3.186446444118929897e-03,4.719180988876983673e-03,6.839158753308119953e-01,1.955147792621722891e+00,2.000000000000000000e+01,7.323475249278668664e-02,0.000000000000000000e+00,0.000000000000000000e+00,0.000000000000000000e+00,0.000000000000000000e+00,-4.614480281122751393e+01,6.070861460355349237e+00,1.780000000000000000e+02,2.023310344427110067e+03,8.894140131581255559e+01,2.601700000000000000e+06,4.899100000000000121e-01,-2.002188599999945836e+03,1.000000000000000000e+00
3.168576969553328019e-03,6.403103014018129806e-03,8.318037511561695574e-01,9.730771995622354842e-01,2.000000000000000000e+01,7.970010677703713575e-02,0.000000000000000000e+00,0.000000000000000000e+00,0.000000000000000000e+00,0.000000000000000000e+00,-4.699719630708563045e+01,6.794769933053115274e+00,1.790000000000000000e+02,1.553887832465574320e+03,9.328790287966097594e+01,2.574300000000000000e+06,4.343799999999999883e-01,-1.129052119999962088e+03,1.000000000000000000e+00
3.172464124911369716e-03,4.615706588272725473e-03,4.708964392467481219e-01,-4.910390652521731347e+00,2.000000000000000000e+01,7.474304227328987249e-02,0.000000000000000000e+00,0.000000000000000000e+00,0.000000000000000000e+00,0.000000000000000000e+00,-7.471153198549905028e+01,6.399086360988780697e+00,1.800000000000000000e+02,1.893007646429281294e+02,1.261582313596276350e+02,2.351400000000000000e+06,1.383000000000000063e-01,-4.560455900000240490e+02,1.000000000000000000e+00
2.386273898915285043e-03,5.372415533710111872e-03,6.103636629348706544e-01,-1.923577014533450980e+00,2.000000000000000000e+01,7.431342905914761765e-02,0.000000000000000000e+00,0.000000000000000000e+00,0.000000000000000000e+00,0.000000000000000000e+00,-6.384694493865067244e+01,5.573208778067217928e+00,1.810000000000000000e+02,6.381618511733685182e+02,1.076071534796491136e+02,2.408500000000000000e+06,2.106899999999999884e-01,-6.162216839999231297e+02,1.000000000000000000e+00
2.691585859152054866e-03,4.445173203753904553e-03,7.528818921060396185e-01,-1.168928774340469268e+00,2.000000000000000000e+01,6.954912574576296858e-02,0.000000000000000000e+00,0.000000000000000000e+00,0.000000000000000000e+00,0.000000000000000000e+00,-6.014353601373149161e+01,7.243332896994241210e+00,1.820000000000000000e+02,7.009930917157685144e+02,1.058052566595151802e+02,2.546400000000000000e+06,3.244299999999999962e-01,-5.128240949999594704e+02,1.000000000000000000e+00
3.213628512793823520e-03,4.788637826975373699e-03,6.502274034723816154e-01,-1.814063618847559178e+00,2.000000000000000000e+01,7.523194132929139633e-02,0.000000000000000000e+00,0.000000000000000000e+00,0.000000000000000000e+00,0.000000000000000000e+00,-6.342547155950713034e+01,5.991796382610568017e+00,1.830000000000000000e+02,6.646307064571334422e+02,1.075068570570578004e+02,2.435200000000000000e+06,1.657899999999999929e-01,-4.431968100000494246e+02,1.000000000000000000e+00
2.574100466271453912e-03,5.855762249790685131e-03,6.956057060194414943e-01,-1.657087030442980780e+00,2.000000000000000000e+01,7.417685871420431898e-02,0.000000000000000000e+00,0.000000000000000000e+00,0.000000000000000000e+00,0.000000000000000000e+00,-6.120915627623701027e+01,6.001882584278739330e+00,1.840000000000000000e+02,7.135147539649620967e+02,1.057548499949791534e+02,2.458600000000000000e+06,1.849500000000000033e-01,-4.138991999999850577e+02,1.000000000000000000e+00
2.773791882698003076e-03,4.807265153696997639e-03,6.309722622262735614e-01,4.368261688867104420e-01,2.000000000000000000e+01,7.523966750079906507e-02,0.000000000000000000e+00,0.000000000000000000e+00,0.000000000000000000e+00,0.000000000000000000e+00,-5.513949180188042476e+01,5.743184482691749082e+00,1.850000000000000000e+02,1.386540062907136644e+03,9.625021793048922802e+01,2.500000000000000000e+06,1.487100000000000088e-01,-3.338058700000037220e+02,1.000000000000000000e+00
2.787923364762792764e-03,4.598144781355608876e-03,6.338325186992604943e-01,-2.520908332324078849e-02,2.000000000000000000e+01,7.423945405197794611e-02,0.000000000000000000e+00,0.000000000000000000e+00,0.000000000000000000e+00,0.000000000000000000e+00,-5.582858981581911451e+01,5.793091470321949821e+00,1.860000000000000000e+02,1.220805720084683344e+03,9.809298474456103634e+01,2.496900000000000000e+06,2.643300000000000094e-01,-8.679012869999759232e+02,1.000000000000000000e+00
3.495557121211393184e-03,4.583769348542686591e-03,6.664351510216089958e-01,-3.991766968389070858e+00,2.000000000000000000e+01,7.709646650616533425e-02,0.000000000000000000e+00,0.000000000000000000e+00,0.000000000000000000e+00,0.000000000000000000e+00,-7.730627057165190763e+01,6.140557560584509744e+00,1.870000000000000000e+02,1.967469152642493952e+02,1.225221784472202842e+02,2.350200000000000000e+06,1.049500000000000016e-01,-2.365903999999926839e+02,1.000000000000000000e+00
3.060793783442104614e-03,4.137013623153325964e-03,6.152529834655747765e-01,1.241686844888386210e+00,2.000000000000000000e+01,7.726708028562620512e-02,0.000000000000000000e+00,0.000000000000000000e+00,0.000000000000000000e+00,0.000000000000000000e+00,-5.120898151660254882e+01,6.186329044078752837e+00,1.880000000000000000e+02,1.687064440236977816e+03,9.223338815348428454e+01,2.567000000000000000e+06,8.729399999999999660e-02,-1.411074899999968295e+02,1.000000000000000000e+00
2.893010294340475283e-03,4.732536336997484466e-03,6.694406699282225981e-01,1.850587345442978426e+00,2.000000000000000000e+01,7.288398568335494043e-02,0.000000000000000000e+00,0.000000000000000000e+00,0.000000000000000000e+00,0.000000000000000000e+00,-4.441020754262802939e+01,6.087925330933783741e+00,1.890000000000000000e+02,2.155220145049535404e+03,8.870484040256357616e+01,2.618000000000000000e+06,5.644700000000000273e-01,-2.277554594000687757e+03,1.000000000000000000e+00
2.711788968626404478e-03,3.646475545229932100e-03,5.548651245815691135e-01,6.354611026135249530e-01,2.000000000000000000e+01,7.627664513271287250e-02,0.000000000000000000e+00,0.000000000000000000e+00,0.000000000000000000e+00,0.000000000000000000e+00,-5.810273045776561673e+01,5.640916747895730943e+00,1.900000000000000000e+02,1.256090374497691300e+03,9.754569369082292951e+01,2.466300000000000000e+06,1.354200000000000126e-01,-3.338471999999898117e+02,1.000000000000000000e+00
2.999666782110681131e-03,4.751978487691636659e-03,6.684414226273720505e-01,7.665320335526921713e-01,2.000000000000000000e+01,7.442100211668210841e-02,0.000000000000000000e+00,0.000000000000000000e+00,0.000000000000000000e+00,0.000000000000000000e+00,-5.454139191669879949e+01,5.659515312201338411e+00,1.910000000000000000e+02,1.450950614233869146e+03,9.509346282218321278e+01,2.499300000000000000e+06,2.187800000000000022e-01,-6.097999999999479996e+02,1.000000000000000000e+00
2.700734341698119226e-03,4.839451643073178731e-03,6.286284341571537482e-01,1.186536684756501758e+00,2.000000000000000000e+01,8.438897512518024613e-02,0.000000000000000000e+00,0.000000000000000000e+00,0.000000000000000000e+00,0.000000000000000000e+00,-4.789770545584416084e+01,5.910704241353976762e+00,1.920000000000000000e+02,1.861906903158922205e+03,9.101049392055917053e+01,2.567800000000000000e+06,2.638499999999999734e-01,-8.760710460000703961e+02,1.000000000000000000e+00
3.505285655099290697e-03,4.726579847579260966e-03,5.590349544172389384e-01,1.903571066552534941e+00,2.000000000000000000e+01,7.890596736344171469e-02,0.000000000000000000e+00,0.000000000000000000e+00,0.000000000000000000e+00,0.000000000000000000e+00,-4.719813849435669084e+01,5.534998391932171025e+00,1.930000000000000000e+02,1.871501756468086342e+03,9.065970348508841425e+01,2.567700000000000000e+06,4.584099999999999842e-01,-2.303726319999742373e+03,1.000000000000000000e+00
2.663744521924517501e-03,4.107327881800150286e-03,6.311830319016691337e-01,1.806061117049119424e+00,2.000000000000000000e+01,7.062017765812811376e-02,0.000000000000000000e+00,0.000000000000000000e+00,0.000000000000000000e+00,0.000000000000000000e+00,-4.875910457880161886e+01,4.867415975149641305e+00,1.940000000000000000e+02,1.848172329393724340e+03,9.111517093994929439e+01,2.514300000000000000e+06,1.471999999999999975e-01,-3.230022000000116122e+02,1.000000000000000000e+00
2.343903603422381552e-03,4.594147035749319118e-03,6.960253829910030277e-01,1.242536891528609605e-01,2.000000000000000000e+01,6.879690818791095452e-02,0.000000000000000000e+00,0.000000000000000000e+00,0.000000000000000000e+00,0.000000000000000000e+00,-5.917748869889353358e+01,6.123363923904813433e+00,1.950000000000000000e+02,1.008814984956046487e+03,1.003884696113043731e+02,2.452100000000000000e+06,1.652800000000000102e-01,-3.451889999999971224e+02,1.000000000000000000e+00
3.069714254057765573e-03,3.469093835638776841e-03,6.620080432243189428e-01,-4.207140804939993650e+00,2.000000000000000000e+01,6.072492530047052250e-02,0.000000000000000000e+00,0.000000000000000000e+00,0.000000000000000000e+00,0.000000000000000000e+00,-7.291388184317011678e+01,6.115630034831160522e+00,1.960000000000000000e+02,2.057652522949352658e+02,1.211164233097533014e+02,2.355900000000000000e+06,7.569099999999999440e-02,-1.102146799999990066e+02,1.000000000000000000e+00
3.162276675890473687e-03,4.260934984110274250e-03,5.628748784117147963e-01,-4.595057563254142607e+00,2.000000000000000000e+01,7.870804868651051778e-02,0.000000000000000000e+00,0.000000000000000000e+00,0.000000000000000000e+00,0.000000000000000000e+00,-6.949561986280109238e+01,6.645820382648042646e+00,1.970000000000000000e+02,2.027383270983953878e+02,1.211285877983831227e+02,2.398400000000000000e+06,6.742099999999999482e-02,-1.211046000000007581e+02,1.000000000000000000e+00
2.387100967566191737e-03,4.608342546462824291e-03,7.321144486851279831e-01,-2.048966454904777912e+00,2.000000000000000000e+01,7.520702144125385180e-02,0.000000000000000000e+00,0.000000000000000000e+00,0.000000000000000000e+00,0.000000000000000000e+00,-7.100171751231971484e+01,5.086891872811386328e+00,1.980000000000000000e+02,4.578580565709110601e+02,1.117306084100603840e+02,2.318600000000000000e+06,1.133099999999999941e-01,-1.681250710000015260e+02,1.000000000000000000e+00
2.724959297611426277e-03,4.880903529094133761e-03,6.802706358312782253e-01,4.457514702694105324e-01,2.000000000000000000e+01,7.353643329325440514e-02,0.000000000000000000e+00,0.000000000000000000e+00,0.000000000000000000e+00,0.000000000000000000e+00,-6.056325091171761699e+01,5.370895965192955757e+00,1.990000000000000000e+02,1.167093275646355323e+03,9.923936066350179885e+01,2.427100000000000000e+06,3.133699999999999819e-01,-1.126329200000260926e+03,1.000000000000000000e+00
