3.712751311057541949e-03,4.646376799540496115e-03,5.621296657309331479e-01,2.701418827722359417e+00,2.000000000000000000e+01,7.699100992221172279e-02,0.000000000000000000e+00,0.000000000000000000e+00,0.000000000000000000e+00,0.000000000000000000e+00,-3.815765898901458542e+01,7.591466906895375288e+00,0.000000000000000000e+00,2.587303619412492480e+03,8.455090138294292501e+01,2.802600000000000000e+06,1.363600000000000090e-01,-2.859086999999963155e+02,1.000000000000000000e+00
3.530649821281766406e-03,4.419560158512094404e-03,5.548514391185398464e-01,2.901936824243301238e+00,2.000000000000000000e+01,7.799509024153000736e-02,0.000000000000000000e+00,0.000000000000000000e+00,0.000000000000000000e+00,0.000000000000000000e+00,-3.817962984867480003e+01,7.640614339790142928e+00,1.000000000000000000e+00,2.693009291975879023e+03,8.453823649302506738e+01,2.806700000000000000e+06,9.811200000000000476e-02,-1.638383999999948628e+02,1.000000000000000000e+00
2.712742175147112283e-03,4.023097803629986993e-03,4.849062549969636038e-01,1.994315313760252284e+00,2.000000000000000000e+01,7.280158432649005973e-02,0.000000000000000000e+00,0.000000000000000000e+00,0.000000000000000000e+00,0.000000000000000000e+00,-4.422568476149891126e+01,6.579433395609086688e+00,2.000000000000000000e+00,2.468355825578449185e+03,8.773546178167521248e+01,2.661500000000000000e+06,6.756600000000000383e-01,-2.309568386998694223e+03,1.000000000000000000e+00
3.282730892286919895e-03,4.042004843824151261e-03,4.880269378899068089e-01,2.654712549771253816e+00,2.000000000000000000e+01,7.807004447967172411e-02,0.000000000000000000e+00,0.000000000000000000e+00,0.000000000000000000e+00,0.000000000000000000e+00,-4.225860170011908679e+01,6.000540159804912399e+00,3.000000000000000000e+00,2.430065865890804616e+03,8.774250925712944138e+01,2.627500000000000000e+06,1.039999999999999952e-01,-2.419497299999963786e+02,1.000000000000000000e+00
3.112651933552604711e-03,4.255392875219672112e-03,4.883926221677903912e-01,2.451695468732052241e+00,2.000000000000000000e+01,7.552933129130015577e-02,0.000000000000000000e+00,0.000000000000000000e+00,0.000000000000000000e+00,0.000000000000000000e+00,-4.215313061435562503e+01,5.777266315016031939e+00,4.000000000000000000e+00,2.234749811722134382e+03,8.813395501397100418e+01,2.609000000000000000e+06,2.820799999999999974e-01,-1.208401649999711935e+03,1.000000000000000000e+00
3.230670721349487677e-03,3.986255183883409547e-03,4.702379691091497227e-01,1.885543765890361989e+00,2.000000000000000000e+01,7.509057218326303795e-02,0.000000000000000000e+00,0.000000000000000000e+00,0.000000000000000000e+00,0.000000000000000000e+00,-4.357163373476903701e+01,6.241160009182091351e+00,5.000000000000000000e+00,2.208561711456429293e+03,8.826542885218789536e+01,2.638100000000000000e+06,4.397400000000000198e-01,-2.403325500000086777e+03,1.000000000000000000e+00
2.552207359767671730e-03,6.513898768388619830e-04,4.472582395403784661e-01,-2.331363500310269643e+01,2.000000000000000000e+01,8.147267051779286118e-02,0.000000000000000000e+00,0.000000000000000000e+00,0.000000000000000000e+00,0.000000000000000000e+00,-9.271593111401628562e+01,6.163242482818364287e+00,6.000000000000000000e+00,8.178778969025033518e+01,2.879723871665251522e+02,2.064700000000000000e+06,7.280200000000000560e-02,-9.672117899999999224e+01,1.000000000000000000e+00
3.405590205498621164e-03,3.695333037868146417e-03,5.270117060422063737e-01,1.878675803489421536e+00,2.000000000000000000e+01,7.717154227517578069e-02,0.000000000000000000e+00,0.000000000000000000e+00,0.000000000000000000e+00,0.000000000000000000e+00,-4.627050565043560937e+01,5.956953693597069943e+00,7.000000000000000000e+00,2.026637692056513743e+03,8.923185986845523132e+01,2.592100000000000000e+06,1.319899999999999962e-01,-3.538730099999731351e+02,1.000000000000000000e+00
2.735848554861653511e-03,4.043130188424504112e-03,6.630972455042302149e-01,1.858168473359838480e+00,2.000000000000000000e+01,7.572041901362486227e-02,0.000000000000000000e+00,0.000000000000000000e+00,0.000000000000000000e+00,0.000000000000000000e+00,-4.644543608302480209e+01,5.797128681705288500e+00,8.000000000000000000e+00,1.986070332431278757e+03,8.951367993300642922e+01,2.578100000000000000e+06,1.243200000000000000e-01,-2.094864000000065403e+02,1.000000000000000000e+00
2.757601724803086622e-03,9.685592928417456659e-04,4.065870295862282213e-01,-3.003890708148532873e+00,2.000000000000000000e+01,7.279895175571943211e-02,0.000000000000000000e+00,0.000000000000000000e+00,0.000000000000000000e+00,0.000000000000000000e+00,-9.601651190650946432e+01,5.816460056084020280e+00,9.000000000000000000e+00,1.363513344864150270e+02,1.940875768278790474e+02,2.074500000000000000e+06,2.353500000000000036e-01,-3.473228739999879622e+02,1.000000000000000000e+00
3.421504224081230693e-03,3.994132007997087432e-03,7.542228004298500155e-01,1.055799180139289639e+00,2.000000000000000000e+01,7.257822102061034508e-02,0.000000000000000000e+00,0.000000000000000000e+00,0.000000000000000000e+00,0.000000000000000000e+00,-4.685495886164480339e+01,7.731191582649374894e+00,1.000000000000000000e+01,1.769374718480143656e+03,9.001225000409883137e+01,2.729900000000000000e+06,8.181000000000000494e-01,-3.019432899999931124e+03,1.000000000000000000e+00
3.446147354105456861e-03,5.077379309938518347e-03,8.234103386757214427e-01,7.619951213179936289e-01,2.000000000000000000e+01,7.272519254275475187e-02,0.000000000000000000e+00,0.000000000000000000e+00,0.000000000000000000e+00,0.000000000000000000e+00,-4.682154337233237129e+01,7.358883738439004674e+00,1.100000000000000000e+01,1.632714417454829118e+03,9.119738489680939608e+01,2.699700000000000000e+06,6.200599999999999445e-01,-2.043307560000547937e+03,1.000000000000000000e+00
2.339264954411954603e-03,4.327516053571204765e-03,4.821191068130933899e-01,1.196294683345586307e+00,2.000000000000000000e+01,7.644922208893710491e-02,0.000000000000000000e+00,0.000000000000000000e+00,0.000000000000000000e+00,0.000000000000000000e+00,-4.766485191392019516e+01,6.587481897775231410e+00,1.200000000000000000e+01,1.633753713218660778e+03,9.063207696834683702e+01,2.630600000000000000e+06,1.370699999999999974e-01,-3.260579940000155261e+02,1.000000000000000000e+00
2.387968981758457378e-03,3.703465338776052752e-03,3.609738968861672115e-01,-2.198272911687199738e+01,2.000000000000000000e+01,7.595544362247277914e-02,0.000000000000000000e+00,0.000000000000000000e+00,0.000000000000000000e+00,0.000000000000000000e+00,-7.182753335181840271e+01,8.515748209891308207e+00,1.300000000000000000e+01,1.566539459299646069e+02,1.890478926735861478e+02,2.407100000000000000e+06,3.991100000000000203e-01,-1.598447600000513376e+03,1.000000000000000000e+00
1.552923643260292579e-03,2.291544289633293437e-03,2.493294972603846693e-01,9.677263343748940372e+00,2.000000000000000000e+01,8.084293666279226964e-02,0.000000000000000000e+00,0.000000000000000000e+00,0.000000000000000000e+00,0.000000000000000000e+00,-7.295243227459394575e+01,7.652327452027611443e+00,1.400000000000000000e+01,1.576559069406708602e+02,1.473049557402966627e+02,2.382400000000000000e+06,5.585099999999999787e-02,-1.471735809999971991e+02,1.000000000000000000e+00
2.752714736899992271e-03,4.147416464801978279e-03,6.642798703543226768e-01,1.403712649155769210e+00,2.000000000000000000e+01,7.403808890862821623e-02,0.000000000000000000e+00,0.000000000000000000e+00,0.000000000000000000e+00,0.000000000000000000e+00,-5.705742138147361686e+01,6.292166050955511736e+00,1.500000000000000000e+01,1.171935316964097638e+03,9.695156557593476521e+01,2.517200000000000000e+06,2.701200000000000268e-01,-8.368232729999526782e+02,1.000000000000000000e+00
3.895496294520297935e-03,2.065271888540854209e-03,5.386982904885306844e-01,-3.375813735360615020e+00,2.000000000000000000e+01,6.796885446657262297e-02,0.000000000000000000e+00,0.000000000000000000e+00,0.000000000000000000e+00,0.000000000000000000e+00,-7.764130909418776127e+01,6.914535634996302527e+00,1.600000000000000000e+01,1.680548677039227243e+02,1.419474645549660181e+02,2.349900000000000000e+06,5.435399999999999954e-02,-1.031665799999992856e+02,1.000000000000000000e+00
1.913773159040568599e-03,4.544223957203202130e-03,5.695921003342180322e-01,1.338154578031744979e+00,2.000000000000000000e+01,7.416118464982000835e-02,0.000000000000000000e+00,0.000000000000000000e+00,0.000000000000000000e+00,0.000000000000000000e+00,-5.608887337838819320e+01,5.390146994597156294e+00,1.700000000000000000e+01,1.391499042089688601e+03,9.471012233862074936e+01,2.467500000000000000e+06,2.195400000000000129e-01,-5.811542000000014241e+02,1.000000000000000000e+00
3.088621093989107457e-03,4.501104264441387753e-03,6.539096031192050962e-01,1.002274610113508713e+00,2.000000000000000000e+01,7.381927961914909464e-02,0.000000000000000000e+00,0.000000000000000000e+00,0.000000000000000000e+00,0.000000000000000000e+00,-5.548975496117370199e+01,6.262043823503919526e+00,1.800000000000000000e+01,1.302082772433878290e+03,9.571603772182173486e+01,2.530900000000000000e+06,3.504499999999999837e-01,-1.432827549999603661e+03,1.000000000000000000e+00
2.806754450054968399e-03,4.950314592329614106e-03,7.486726357046276092e-01,3.043066270170214915e-01,2.000000000000000000e+01,7.463779960482921916e-02,0.000000000000000000e+00,0.000000000000000000e+00,0.000000000000000000e+00,0.000000000000000000e+00,-5.842978679884904381e+01,6.090162502787750398e+00,1.900000000000000000e+01,1.100500597585635205e+03,9.908587465388181670e+01,2.491200000000000000e+06,1.498099999999999987e-01,-2.729349390000176641e+02,1.000000000000000000e+00
2.336095596955156586e-03,5.209176205395547182e-03,6.915974783245121271e-01,1.108119923013605734e-01,2.000000000000000000e+01,7.299285831206098196e-02,0.000000000000000000e+00,0.000000000000000000e+00,0.000000000000000000e+00,0.000000000000000000e+00,-5.768420691047911220e+01,5.946641199230755959e+00,2.000000000000000000e+01,1.105712470318132318e+03,9.874318424172385278e+01,2.489400000000000000e+06,3.717699999999999894e-01,-1.270711573000321550e+03,1.000000000000000000e+00
2.536388002144233239e-03,4.512724274337151162e-03,6.867847547834834421e-01,-5.726066240397442719e-01,2.000000000000000000e+01,7.412933763552624622e-02,0.000000000000000000e+00,0.000000000000000000e+00,0.000000000000000000e+00,0.000000000000000000e+00,-5.707333871943566095e+01,6.294652448114838705e+00,2.100000000000000000e+01,9.455436720848891810e+02,1.003965542957156032e+02,2.517900000000000000e+06,2.234700000000000020e-01,-5.577487339999902360e+02,1.000000000000000000e+00
2.682296312143949823e-03,5.837980753578936657e-03,7.190188415690639268e-01,-1.392937211358368454e+00,2.000000000000000000e+01,7.341165706685948145e-02,0.000000000000000000e+00,0.000000000000000000e+00,0.000000000000000000e+00,0.000000000000000000e+00,-6.306817726569077109e+01,6.036844740892635564e+00,2.200000000000000000e+01,6.347939150054787660e+02,1.064869505149600286e+02,2.441400000000000000e+06,2.871600000000000263e-01,-8.862222000001366951e+02,1.000000000000000000e+00
2.747680285176481562e-03,5.439981504550567108e-03,9.228206173568794801e-01,1.069216051525463840e+00,2.000000000000000000e+01,7.247460472144581778e-02,0.000000000000000000e+00,0.000000000000000000e+00,0.000000000000000000e+00,0.000000000000000000e+00,-5.136178983451727476e+01,6.941907955875564085e+00,2.300000000000000000e+01,1.403178380735307655e+03,9.278477473119716024e+01,2.620100000000000000e+06,4.850300000000000167e-01,-1.072544400000113001e+03,1.000000000000000000e+00
2.777269816104927305e-03,4.715822434598078601e-03,5.986229259727073870e-01,-5.324334978803844542e+00,2.000000000000000000e+01,7.504923297846546881e-02,0.000000000000000000e+00,0.000000000000000000e+00,0.000000000000000000e+00,0.000000000000000000e+00,-6.921699435624358898e+01,6.583982834802289297e+00,2.400000000000000000e+01,1.787591359569889846e+02,1.206194692101463914e+02,2.398000000000000000e+06,2.030599999999999905e-01,-6.468581960000690287e+02,1.000000000000000000e+00
2.752275091424835791e-03,4.654193114604320003e-03,6.166298958183697998e-01,-3.368134800313696164e+00,2.000000000000000000e+01,7.629704505043435891e-02,0.000000000000000000e+00,0.000000000000000000e+00,0.000000000000000000e+00,0.000000000000000000e+00,-7.116082049517238772e+01,6.191196473967535141e+00,2.500000000000000000e+01,1.813613471835557505e+02,1.201670282496333186e+02,2.361200000000000000e+06,1.065200000000000036e-01,-2.163981469999916953e+02,1.000000000000000000e+00
2.754055097012623240e-03,4.878544248703123483e-03,7.202686496217221013e-01,-1.412949639435441274e+00,2.000000000000000000e+01,7.450806350632689645e-02,0.000000000000000000e+00,0.000000000000000000e+00,0.000000000000000000e+00,0.000000000000000000e+00,-6.457716953689269701e+01,6.495372505342436931e+00,2.600000000000000000e+01,4.418841625035013294e+02,1.098210623408192816e+02,2.450100000000000000e+06,1.667200000000000071e-01,-3.587544000000268625e+02,1.000000000000000000e+00
2.609193993799432173e-03,4.591443192202568704e-03,5.508844059163331419e-01,-9.493679562351009515e-01,2.000000000000000000e+01,7.625070616587692474e-02,0.000000000000000000e+00,0.000000000000000000e+00,0.000000000000000000e+00,0.000000000000000000e+00,-6.149401526603479340e+01,6.275546022150207293e+00,2.700000000000000000e+01,7.318795934467320876e+02,1.046860871100242747e+02,2.471600000000000000e+06,1.228199999999999986e-01,-2.868171660000047609e+02,1.000000000000000000e+00
2.631953884694687978e-03,5.220581616154745461e-03,6.858942215478609494e-01,7.698003285814836172e-02,2.000000000000000000e+01,7.340393064564154635e-02,0.000000000000000000e+00,0.000000000000000000e+00,0.000000000000000000e+00,0.000000000000000000e+00,-5.832905438900901629e+01,5.947434575416055580e+00,2.800000000000000000e+01,1.078926752027911562e+03,9.928243257177425107e+01,2.483100000000000000e+06,3.251800000000000246e-01,-1.110524313999926790e+03,1.000000000000000000e+00
1.887816283431083784e-03,4.666743850793250194e-03,6.370451107061216867e-01,-5.410930404303311292e-01,2.000000000000000000e+01,7.447173030395706772e-02,0.000000000000000000e+00,0.000000000000000000e+00,0.000000000000000000e+00,0.000000000000000000e+00,-6.293193359190419756e+01,5.695519273768747226e+00,2.900000000000000000e+01,7.384604363015714625e+02,1.038315884750597036e+02,2.424100000000000000e+06,1.570499999999999952e-01,-2.901211300000330198e+02,1.000000000000000000e+00
2.191614084967712268e-03,4.500950791845868479e-03,5.026217014321161525e-01,1.634372094643814499e-01,2.000000000000000000e+01,7.496833471962327522e-02,0.000000000000000000e+00,0.000000000000000000e+00,0.000000000000000000e+00,0.000000000000000000e+00,-5.825760790845455261e+01,6.236641401196765244e+00,3.000000000000000000e+01,9.744362849699914477e+02,9.949405157408419598e+01,2.502200000000000000e+06,2.217600000000000127e-01,-7.474754100000784547e+02,1.000000000000000000e+00
2.251369662051927630e-03,5.139382646140506182e-03,5.527210105838654686e-01,-7.474332383424140414e-01,2.000000000000000000e+01,7.503982643615307591e-02,0.000000000000000000e+00,0.000000000000000000e+00,0.000000000000000000e+00,0.000000000000000000e+00,-6.354897658194572330e+01,5.908576443502091990e+00,3.100000000000000000e+01,6.834528533697192643e+02,1.054450241945743301e+02,2.429700000000000000e+06,1.693999999999999950e-01,-4.402186110000403687e+02,1.000000000000000000e+00
2.201940192257909566e-03,5.075626283908773843e-03,5.445769609962066715e-01,-6.878133723468272676e-01,2.000000000000000000e+01,7.469524682336332877e-02,0.000000000000000000e+00,0.000000000000000000e+00,0.000000000000000000e+00,0.000000000000000000e+00,-6.338169303159000378e+01,5.916376834357576442e+00,3.200000000000000000e+01,6.946807189605768826e+02,1.051836891628910138e+02,2.431500000000000000e+06,1.985200000000000020e-01,-6.037883999999426123e+02,1.000000000000000000e+00
2.385515216667252660e-03,5.163541047758001337e-03,5.615076872629480853e-01,-2.627354132673307863e+00,2.000000000000000000e+01,7.523883841450534904e-02,0.000000000000000000e+00,0.000000000000000000e+00,0.000000000000000000e+00,0.000000000000000000e+00,-6.358194178426628440e+01,6.084225371687798756e+00,3.300000000000000000e+01,4.595399542572872065e+02,1.096966269413701554e+02,2.438100000000000000e+06,1.642699999999999994e-01,-4.286033369999667570e+02,1.000000000000000000e+00
2.425334171645593048e-03,4.700661469049502439e-03,1.009910670538876953e+00,-1.291221962500463505e+00,2.000000000000000000e+01,6.683653868489676519e-02,0.000000000000000000e+00,0.000000000000000000e+00,0.000000000000000000e+00,0.000000000000000000e+00,-6.193012347243377747e+01,6.707054166866436518e+00,3.400000000000000000e+01,4.881429718800530395e+02,1.068167148587568960e+02,2.491600000000000000e+06,9.706800000000000150e-02,-7.016304399999994246e+01,1.000000000000000000e+00
2.788165701817431862e-03,4.633865123194257779e-03,7.249847035619251256e-01,-1.108925676676986605e+00,2.000000000000000000e+01,7.423070917516724765e-02,0.000000000000000000e+00,0.000000000000000000e+00,0.000000000000000000e+00,0.000000000000000000e+00,-5.925059431861494375e+01,6.557092499823536258e+00,3.500000000000000000e+01,7.517203794454360377e+02,1.034290867710297590e+02,2.511800000000000000e+06,2.058699999999999974e-01,-4.786978829999872005e+02,1.000000000000000000e+00
2.742465084044298784e-03,4.573376879547112750e-03,9.943191430542993592e-01,-4.034150036263030259e+00,2.000000000000000000e+01,6.910392146340896269e-02,0.000000000000000000e+00,0.000000000000000000e+00,0.000000000000000000e+00,0.000000000000000000e+00,-5.972698017673040738e+01,7.067943370863384089e+00,3.600000000000000000e+01,3.322023039546243695e+02,1.112663715028536586e+02,2.536900000000000000e+06,2.305399999999999949e-01,-3.108513999999913153e+02,1.000000000000000000e+00
2.239117208426589026e-03,4.957838930147354106e-03,5.494152129105868143e-01,-2.645893995142467148e+00,2.000000000000000000e+01,7.555725430077440963e-02,0.000000000000000000e+00,0.000000000000000000e+00,0.000000000000000000e+00,0.000000000000000000e+00,-6.307473633705455285e+01,6.116778831943328498e+00,3.700000000000000000e+01,4.666359280150377913e+02,1.094704477159641698e+02,2.445300000000000000e+06,1.406999999999999917e-01,-3.289076309999783234e+02,1.000000000000000000e+00
3.094133821217018212e-03,2.222573341551550320e-03,9.792197769901247462e-01,1.747601089001022956e-01,2.000000000000000000e+01,6.633482171706941988e-02,0.000000000000000000e+00,0.000000000000000000e+00,0.000000000000000000e+00,0.000000000000000000e+00,-5.702049724174506196e+01,7.598039601315713654e+00,3.800000000000000000e+01,7.773148285770780603e+02,1.007238316214745026e+02,2.603900000000000000e+06,7.919900000000000551e-02,-6.249677999999954636e+01,1.000000000000000000e+00
3.044965448866145813e-03,5.354745580191681321e-03,8.059364814396261512e-01,-2.385368283152898172e+00,2.000000000000000000e+01,7.330458908770517978e-02,0.000000000000000000e+00,0.000000000000000000e+00,0.000000000000000000e+00,0.000000000000000000e+00,-6.418009017122993498e+01,6.657638795628750827e+00,3.900000000000000000e+01,3.641929992984364617e+02,1.109704517856477821e+02,2.462700000000000000e+06,3.041300000000000114e-01,-9.289280000001733697e+02,1.000000000000000000e+00
2.669305067271631263e-03,4.871972724733351912e-03,6.245726381075623612e-01,-1.954969002617764851e+00,2.000000000000000000e+01,7.678048582992785809e-02,0.000000000000000000e+00,0.000000000000000000e+00,0.000000000000000000e+00,0.000000000000000000e+00,-6.717936960061581431e+01,6.284948201533841150e+00,4.000000000000000000e+01,3.218027023342824577e+02,1.131121036312247554e+02,2.410700000000000000e+06,8.688800000000000689e-02,-1.392333549999992499e+02,1.000000000000000000e+00
3.276734561856058103e-03,5.480728871671238477e-03,9.017406088159890531e-01,-2.113865415372120360e+00,2.000000000000000000e+01,7.575339445054293797e-02,0.000000000000000000e+00,0.000000000000000000e+00,0.000000000000000000e+00,0.000000000000000000e+00,-6.200234099302485902e+01,7.387355181225432332e+00,4.100000000000000000e+01,3.667890830750123996e+02,1.099849363902839201e+02,2.530600000000000000e+06,9.179400000000000059e-02,-9.677777999999864278e+01,1.000000000000000000e+00
2.948088386962894637e-03,4.457526195491832641e-03,5.506148527630365663e-01,-4.464474788646835890e+00,2.000000000000000000e+01,7.664407926720617770e-02,0.000000000000000000e+00,0.000000000000000000e+00,0.000000000000000000e+00,0.000000000000000000e+00,-7.072989686655975561e+01,6.201169832945733873e+00,4.200000000000000000e+01,1.995943351423603644e+02,1.200700768673462306e+02,2.365100000000000000e+06,1.251400000000000012e-01,-3.272291099999769699e+02,1.000000000000000000e+00
2.875823512980679644e-03,4.084309644322043145e-03,5.712494617110308592e-01,5.623900880010396230e-01,2.000000000000000000e+01,7.500638619626386061e-02,0.000000000000000000e+00,0.000000000000000000e+00,0.000000000000000000e+00,0.000000000000000000e+00,-5.569218789299113581e+01,6.017995883419722247e+00,4.300000000000000000e+01,1.258897095032112475e+03,9.639945581970566479e+01,2.513200000000000000e+06,2.379799999999999971e-01,-8.452593389999051396e+02,1.000000000000000000e+00
2.122893892566066025e-03,4.658730505512201359e-03,6.217793195810497053e-01,-1.469451178320804852e+00,2.000000000000000000e+01,7.697851107782016644e-02,0.000000000000000000e+00,0.000000000000000000e+00,0.000000000000000000e+00,0.000000000000000000e+00,-6.780035464345198193e+01,6.225935632157884925e+00,4.400000000000000000e+01,2.976980585162979764e+02,1.134455886587759323e+02,2.401400000000000000e+06,7.675200000000000078e-02,-9.348320700000211048e+01,1.000000000000000000e+00
2.360800233424724566e-03,5.030561446092603195e-03,6.791471099817868451e-01,-4.860925624068531903e+00,2.000000000000000000e+01,7.333446856112334211e-02,0.000000000000000000e+00,0.000000000000000000e+00,0.000000000000000000e+00,0.000000000000000000e+00,-7.219477022526869803e+01,5.610038294007754445e+00,4.500000000000000000e+01,2.099908426832105022e+02,1.193128378287166385e+02,2.325100000000000000e+06,3.358200000000000074e-01,-1.203165599999554615e+03,1.000000000000000000e+00
2.626346527445299131e-03,4.354901052564273678e-03,1.099994718557371964e+00,-2.694126674973588820e+00,2.000000000000000000e+01,6.914159538034514441e-02,0.000000000000000000e+00,0.000000000000000000e+00,0.000000000000000000e+00,0.000000000000000000e+00,-6.487402543421606538e+01,6.966180964834031819e+00,4.600000000000000000e+01,2.219006403683179656e+02,1.135155175073200269e+02,2.471700000000000000e+06,2.346199999999999952e-01,-2.875459049999970489e+02,1.000000000000000000e+00
2.911434745720125044e-03,4.767872143430575832e-03,1.172091483231579190e+00,-2.493623251242955252e+00,2.000000000000000000e+01,7.439418275017672944e-02,0.000000000000000000e+00,0.000000000000000000e+00,0.000000000000000000e+00,0.000000000000000000e+00,-6.748376804355336844e+01,6.557663857596947921e+00,4.700000000000000000e+01,2.176121212067232591e+02,1.156485522102548344e+02,2.420300000000000000e+06,1.171299999999999980e-01,-9.024068999999960283e+01,1.000000000000000000e+00
3.654273189689387011e-03,1.638221577518168956e-03,5.303682118895791664e-01,-3.208568909335657970e+00,2.000000000000000000e+01,6.753014973969780066e-02,0.000000000000000000e+00,0.000000000000000000e+00,0.000000000000000000e+00,0.000000000000000000e+00,-7.916248072728490115e+01,6.665049706431707577e+00,4.800000000000000000e+01,1.596736633247166424e+02,1.517486864609870736e+02,2.282300000000000000e+06,4.986600000000000060e-02,-9.147179999999960387e+01,1.000000000000000000e+00
2.736480466934004818e-03,4.335654293666835191e-03,5.073313105253109967e-01,-5.838341526103396184e+00,2.000000000000000000e+01,7.678712795344352915e-02,0.000000000000000000e+00,0.000000000000000000e+00,0.000000000000000000e+00,0.000000000000000000e+00,-6.905516009736459182e+01,6.341901724342331903e+00,4.900000000000000000e+01,2.161005957074850130e+02,1.197019410103775101e+02,2.388400000000000000e+06,1.365899999999999892e-01,-4.017359999999812885e+02,1.000000000000000000e+00
2.901718920135248556e-03,4.821271390760577778e-03,5.279537283189088548e-01,2.094722664472884244e+00,2.000000000000000000e+01,7.574776602174143614e-02,0.000000000000000000e+00,0.000000000000000000e+00,0.000000000000000000e+00,0.000000000000000000e+00,-3.864770176011515446e+01,6.094067399332569579e+00,5.000000000000000000e+01,2.460419330420385904e+03,8.793318506064231599e+01,2.663100000000000000e+06,1.811500000000000055e-01,-4.887918489999731264e+02,1.000000000000000000e+00
3.563326710076159670e-03,3.321507609256044505e-03,5.543404321961036274e-01,-4.772298822934502915e+00,2.000000000000000000e+01,7.378242908802387645e-02,0.000000000000000000e+00,0.000000000000000000e+00,0.000000000000000000e+00,0.000000000000000000e+00,-7.635210491762261142e+01,7.089726943648229529e+00,5.100000000000000000e+01,1.714985539265487660e+02,1.497355884062332052e+02,2.330000000000000000e+06,6.953799999999999981e-01,-2.750831969999611829e+03,1.000000000000000000e+00
2.755315965531749539e-03,4.550351234137000808e-03,5.826051721890113111e-01,-3.639458024134058611e+00,2.000000000000000000e+01,7.608681019489149655e-02,0.000000000000000000e+00,0.000000000000000000e+00,0.000000000000000000e+00,0.000000000000000000e+00,-7.229728068994776891e+01,6.104953931473302120e+00,5.200000000000000000e+01,1.809324903441249432e+02,1.216483618949898329e+02,2.344700000000000000e+06,1.271299999999999930e-01,-3.064467210000052546e+02,1.000000000000000000e+00
3.345407085893326200e-03,3.084815535862238563e-03,7.158395206060065297e-01,-6.149467600358750730e+00,2.000000000000000000e+01,6.577099447658449338e-02,0.000000000000000000e+00,0.000000000000000000e+00,0.000000000000000000e+00,0.000000000000000000e+00,-6.754005190680804560e+01,6.960988865731282615e+00,5.300000000000000000e+01,1.826427426193835117e+02,1.202765419336947872e+02,2.434300000000000000e+06,6.204500000000000293e-02,-7.135999999999967258e+01,1.000000000000000000e+00
3.652480179761876007e-03,3.662949860171804423e-03,5.160242675151763825e-01,-6.826150303529751717e+00,2.000000000000000000e+01,7.444293820204571366e-02,0.000000000000000000e+00,0.000000000000000000e+00,0.000000000000000000e+00,0.000000000000000000e+00,-7.566763449873755576e+01,7.301483242392128759e+00,5.400000000000000000e+01,1.691850320796052642e+02,1.522314061467085082e+02,2.343300000000000000e+06,6.661299999999999999e-01,-2.963151660001097298e+03,1.000000000000000000e+00
3.015167647821788855e-03,4.213193769824733967e-03,5.253002091801231010e-01,2.391285602488411044e+00,2.000000000000000000e+01,7.264867444242220640e-02,0.000000000000000000e+00,0.000000000000000000e+00,0.000000000000000000e+00,0.000000000000000000e+00,-4.389998993475187206e+01,6.446628591059901048e+00,5.500000000000000000e+01,2.642416429000098560e+03,8.743388023543495535e+01,2.652900000000000000e+06,7.288499999999999979e-01,-2.595111000000250442e+03,1.000000000000000000e+00
3.386785084879800033e-03,4.231799932656881910e-03,4.605066469850890298e-01,1.399771876969785112e+00,2.000000000000000000e+01,7.522335713098840526e-02,0.000000000000000000e+00,0.000000000000000000e+00,0.000000000000000000e+00,0.000000000000000000e+00,-4.343025817596405602e+01,6.386589486415196859e+00,5.600000000000000000e+01,2.188187358340292121e+03,8.935934637081507503e+01,2.651500000000000000e+06,4.524699999999999833e-01,-2.538895199998719818e+03,1.000000000000000000e+00
3.352257584827788607e-03,1.701808711479914447e-03,4.775766092512481742e-01,-5.348880470079764748e+00,2.000000000000000000e+01,6.606977703695841864e-02,0.000000000000000000e+00,0.000000000000000000e+00,0.000000000000000000e+00,0.000000000000000000e+00,-9.118778558774008047e+01,6.755797350056104378e+00,5.700000000000000000e+01,1.703958022113375819e+02,1.607327750279976897e+02,2.242600000000000000e+06,4.742500000000000188e-02,-8.766401999999948202e+01,1.000000000000000000e+00
3.087880971687593547e-03,4.379174135501196635e-03,6.132714598686638263e-01,-4.242295179553877915e+00,2.000000000000000000e+01,7.581522876106287778e-02,0.000000000000000000e+00,0.000000000000000000e+00,0.000000000000000000e+00,0.000000000000000000e+00,-7.070135695679128673e+01,6.234963017164387722e+00,5.800000000000000000e+01,2.104928293760219731e+02,1.201657665722677137e+02,2.367200000000000000e+06,1.534800000000000053e-01,-4.071910800000131871e+02,1.000000000000000000e+00
3.559168131317649170e-03,1.858352889291082577e-03,4.253704167324615648e-01,-4.953841068338090459e+00,2.000000000000000000e+01,6.817250697799978609e-02,0.000000000000000000e+00,0.000000000000000000e+00,0.000000000000000000e+00,0.000000000000000000e+00,-7.346315800022415488e+01,6.527682697394290301e+00,5.900000000000000000e+01,1.778790904639610915e+02,1.575670486297367461e+02,2.247400000000000000e+06,3.798800000000000093e-02,-6.278459999999945751e+01,1.000000000000000000e+00
2.789636179060366646e-03,4.280490524486581412e-03,6.647705104115979591e-01,-3.628112337139437926e+00,2.000000000000000000e+01,8.118602744885715372e-02,0.000000000000000000e+00,0.000000000000000000e+00,0.000000000000000000e+00,0.000000000000000000e+00,-6.900588063560715568e+01,6.488403411190668102e+00,6.000000000000000000e+01,1.936639840671599586e+02,1.204578483154413533e+02,2.345000000000000000e+06,1.245499999999999940e-01,-2.452289309999918885e+02,1.000000000000000000e+00
3.294432083481623873e-03,4.627362337997414227e-03,5.355867809592083084e-01,1.778488598292094602e+00,2.000000000000000000e+01,7.908091918751443405e-02,0.000000000000000000e+00,0.000000000000000000e+00,0.000000000000000000e+00,0.000000000000000000e+00,-4.523180855092365249e+01,6.066610605925864874e+00,6.100000000000000000e+01,2.344900723767555519e+03,8.904955757092801605e+01,2.610400000000000000e+06,6.767800000000000205e-02,-1.088117999999977741e+02,1.000000000000000000e+00
3.271251462554073796e-03,4.731975549498338568e-03,5.220135148673418213e-01,2.405351043328234351e+00,2.000000000000000000e+01,6.425327445270473392e-02,0.000000000000000000e+00,0.000000000000000000e+00,0.000000000000000000e+00,0.000000000000000000e+00,-3.267178549543318411e+01,6.289658307880559462e+00,6.200000000000000000e+01,3.610363697441833210e+03,8.616787224125013722e+01,2.711400000000000000e+06,6.642400000000000526e-01,-1.996787980000320431e+03,1.000000000000000000e+00
3.112651933552604711e-03,4.255392875219672112e-03,4.883926221677903912e-01,2.451695468732052241e+00,2.000000000000000000e+01,7.552933129130015577e-02,0.000000000000000000e+00,0.000000000000000000e+00,0.000000000000000000e+00,0.000000000000000000e+00,-4.215313061435562503e+01,5.777266315016031939e+00,6.300000000000000000e+01,3.473650040865864867e+03,8.633995276185922307e+01,2.709900000000000000e+06,6.357399999999999718e-01,-1.706693280000252571e+03,1.000000000000000000e+00
3.228931759447086370e-03,4.600976620662384012e-03,5.679308973635839308e-01,2.440816112018581840e+00,2.000000000000000000e+01,7.269653306097212386e-02,0.000000000000000000e+00,0.000000000000000000e+00,0.000000000000000000e+00,0.000000000000000000e+00,-3.827185388846709202e+01,6.359913496615622108e+00,6.400000000000000000e+01,2.979779072397947857e+03,8.682588986650080187e+01,2.690300000000000000e+06,7.990300000000000180e-01,-3.013209480000860822e+03,1.000000000000000000e+00
2.068060322299590699e-03,5.427182388309987476e-03,5.148675058956129202e-01,2.353648808063055764e+00,2.000000000000000000e+01,7.173047487159633917e-02,0.000000000000000000e+00,0.000000000000000000e+00,0.000000000000000000e+00,0.000000000000000000e+00,-4.237335802325992518e+01,6.405794137615606232e+00,6.500000000000000000e+01,2.946548276975704539e+03,8.713053154126697564e+01,2.662400000000000000e+06,6.505499999999999616e-01,-1.939085289999596171e+03,1.000000000000000000e+00
3.235579418062268543e-03,4.176466025110968198e-03,5.453810824536561297e-01,2.104171613571297783e+00,2.000000000000000000e+01,7.344495918106042076e-02,0.000000000000000000e+00,0.000000000000000000e+00,0.000000000000000000e+00,0.000000000000000000e+00,-3.804578982217692129e+01,6.466112557684631668e+00,6.600000000000000000e+01,2.713919309875261661e+03,8.719914819596790778e+01,2.701700000000000000e+06,7.026700000000000168e-01,-2.894259970001138299e+03,1.000000000000000000e+00
3.145151856698919814e-03,4.157020576342741747e-03,5.960229460114305766e-01,1.694640129564096709e+00,2.000000000000000000e+01,7.374857618759311784e-02,0.000000000000000000e+00,0.000000000000000000e+00,0.000000000000000000e+00,0.000000000000000000e+00,-4.874121799909541153e+01,6.071657211765947970e+00,6.700000000000000000e+01,1.896262994010629200e+03,9.029719260951864612e+01,2.580100000000000000e+06,4.823100000000000165e-01,-2.345571250000488362e+03,1.000000000000000000e+00
2.949116975982987027e-03,4.359847504711974499e-03,6.390218006245224069e-01,-4.142321736658130860e+00,2.000000000000000000e+01,7.708573156360999656e-02,0.000000000000000000e+00,0.000000000000000000e+00,0.000000000000000000e+00,0.000000000000000000e+00,-7.007417097742484202e+01,6.119212139661862615e+00,6.800000000000000000e+01,2.205667996379074225e+02,1.184025305541825333e+02,2.369500000000000000e+06,8.480200000000000238e-02,-1.421418000000012114e+02,1.000000000000000000e+00
3.716458976920571089e-03,2.242473102937422511e-03,1.252871657304319486e+00,-1.120248840020649617e+01,2.000000000000000000e+01,7.180732119365750010e-02,0.000000000000000000e+00,0.000000000000000000e+00,0.000000000000000000e+00,0.000000000000000000e+00,-6.754250577359367469e+01,5.445311956810317433e+00,6.900000000000000000e+01,1.815927188647153230e+02,1.268909292409547049e+02,2.340900000000000000e+06,8.272899999999999698e-02,-5.208379000000024917e+01,1.000000000000000000e+00
3.430414687855303651e-03,3.760791212661139873e-03,5.157232349408497063e-01,1.939310903421093801e+00,2.000000000000000000e+01,7.673345045807888898e-02,0.000000000000000000e+00,0.000000000000000000e+00,0.000000000000000000e+00,0.000000000000000000e+00,-4.629698598391294695e+01,5.643720452275893251e+00,7.000000000000000000e+01,2.036494375611851183e+03,8.954866272544681749e+01,2.566900000000000000e+06,1.650000000000000078e-01,-5.423815199999846755e+02,1.000000000000000000e+00
3.223693383288203824e-03,4.693871286270858215e-03,5.699296216359445166e-01,2.415802988296059439e+00,2.000000000000000000e+01,7.259490444512865792e-02,0.000000000000000000e+00,0.000000000000000000e+00,0.000000000000000000e+00,0.000000000000000000e+00,-3.833650021187492030e+01,6.242759971213947878e+00,7.100000000000000000e+01,3.046020585826502611e+03,8.709188380842296340e+01,2.679100000000000000e+06,8.036900000000000155e-01,-2.993684319998562842e+03,1.000000000000000000e+00
2.782876631791617386e-03,4.476296115507143181e-03,1.000897860166736431e+00,-1.194731074096632817e+00,2.000000000000000000e+01,7.092633306875201216e-02,0.000000000000000000e+00,0.000000000000000000e+00,0.000000000000000000e+00,0.000000000000000000e+00,-6.083678166519420927e+01,7.142940962918056691e+00,7.200000000000000000e+01,6.529077905582654466e+02,1.065083970262894582e+02,2.531400000000000000e+06,7.779599999999999849e-01,-2.292365336999489500e+03,1.000000000000000000e+00
2.560614588057839522e-03,4.926245682019616233e-03,6.225161925696530707e-01,-6.793793196012961610e-01,2.000000000000000000e+01,7.408167443911975458e-02,0.000000000000000000e+00,0.000000000000000000e+00,0.000000000000000000e+00,0.000000000000000000e+00,-6.404916096739127340e+01,6.069566412256914845e+00,7.300000000000000000e+01,6.553191905199045095e+02,1.064923724870217114e+02,2.432800000000000000e+06,2.578199999999999936e-01,-8.669872519998629059e+02,1.000000000000000000e+00
3.766269370304547483e-03,3.911237464755219252e-03,5.665138364363118129e-01,2.437310293082973089e+00,2.000000000000000000e+01,7.330752269576168434e-02,0.000000000000000000e+00,0.000000000000000000e+00,0.000000000000000000e+00,0.000000000000000000e+00,-4.649703519243020367e+01,6.430593598657953436e+00,7.400000000000000000e+01,2.457762250601317646e+03,8.846992752109468938e+01,2.628400000000000000e+06,7.880300000000000082e-01,-3.377886770001549849e+03,1.000000000000000000e+00
3.078997087566269324e-03,4.786443067123138245e-03,5.189272257000098199e-01,2.631236751245578986e+00,2.000000000000000000e+01,6.961020330916639631e-02,0.000000000000000000e+00,0.000000000000000000e+00,0.000000000000000000e+00,0.000000000000000000e+00,-3.528015438937391224e+01,6.491182550138087315e+00,7.500000000000000000e+01,4.581414334132108706e+03,8.665760313562745409e+01,2.728200000000000000e+06,3.400099999999999789e-01,-6.052091099999834114e+02,1.000000000000000000e+00
2.171001446057379929e-03,5.148854444844365788e-03,6.661458170678461466e-01,1.546450634635947452e-01,2.000000000000000000e+01,7.335931804449827287e-02,0.000000000000000000e+00,0.000000000000000000e+00,0.000000000000000000e+00,0.000000000000000000e+00,-5.894665862193848227e+01,5.327995307244102641e+00,7.600000000000000000e+01,1.170507196927096857e+03,9.889503460161769510e+01,2.439200000000000000e+06,2.909399999999999764e-01,-8.606607309999275230e+02,1.000000000000000000e+00
3.032898260660526167e-03,4.852057125865628581e-03,6.989521304585417649e-01,4.938003752905523180e-01,2.000000000000000000e+01,7.462705398862191919e-02,0.000000000000000000e+00,0.000000000000000000e+00,0.000000000000000000e+00,0.000000000000000000e+00,-5.537229523672117182e+01,6.216284757318490506e+00,7.700000000000000000e+01,1.282062444569395211e+03,9.645102839282461105e+01,2.529700000000000000e+06,1.774799999999999989e-01,-4.104659999999929596e+02,1.000000000000000000e+00
2.761196727033096536e-03,4.813373656083673631e-03,6.147776836230494091e-01,-1.181182021990901720e+00,2.000000000000000000e+01,7.633489439565541157e-02,0.000000000000000000e+00,0.000000000000000000e+00,0.000000000000000000e+00,0.000000000000000000e+00,-6.232047445893518045e+01,6.054732139594344531e+00,7.800000000000000000e+01,7.308645192929898258e+02,1.053786676377117004e+02,2.450700000000000000e+06,1.030299999999999966e-01,-1.963984219999926779e+02,1.000000000000000000e+00
2.198188622741454115e-03,5.131415131181312622e-03,5.730101212599311156e-01,-6.533134462561513978e-01,2.000000000000000000e+01,7.379114318505966552e-02,0.000000000000000000e+00,0.000000000000000000e+00,0.000000000000000000e+00,0.000000000000000000e+00,-6.514618455384257345e+01,5.722388722538342520e+00,7.900000000000000000e+01,6.897668817543000159e+02,1.063425569234719603e+02,2.403700000000000000e+06,2.934499999999999886e-01,-1.098785198999701834e+03,1.000000000000000000e+00
2.968795997126198651e-03,3.978460359201570901e-03,4.782444658511107449e-01,1.783362196242000763e+00,2.000000000000000000e+01,7.265016750432008730e-02,0.000000000000000000e+00,0.000000000000000000e+00,0.000000000000000000e+00,0.000000000000000000e+00,-4.450340546281687182e+01,6.621927562459399397e+00,8.000000000000000000e+01,2.567852598407990627e+03,8.818289416232138933e+01,2.663000000000000000e+06,6.602500000000000036e-01,-2.132046081000569757e+03,1.000000000000000000e+00
2.538544559705859134e-03,4.943476524926378873e-03,6.751858285874124954e-01,4.241166411836531092e-01,2.000000000000000000e+01,7.425897122139728246e-02,0.000000000000000000e+00,0.000000000000000000e+00,0.000000000000000000e+00,0.000000000000000000e+00,-5.504870245322597100e+01,5.630465116968004224e+00,8.100000000000000000e+01,1.370496804635511580e+03,9.627079730952154080e+01,2.493100000000000000e+06,1.967500000000000082e-01,-4.487241659999838248e+02,1.000000000000000000e+00
2.773791882698003076e-03,4.807265153696997639e-03,6.309722622262735614e-01,4.368261688867104420e-01,2.000000000000000000e+01,7.523966750079906507e-02,0.000000000000000000e+00,0.000000000000000000e+00,0.000000000000000000e+00,0.000000000000000000e+00,-5.513949180188042476e+01,5.743184482691749082e+00,8.200000000000000000e+01,1.386540062907136644e+03,9.625021793048922802e+01,2.500000000000000000e+06,1.487100000000000088e-01,-3.338058700000037220e+02,1.000000000000000000e+00
2.347026833026377365e-03,4.456112668801050919e-03,6.894906943397176580e-01,5.012489960790291743e-01,2.000000000000000000e+01,7.447827123413043593e-02,0.000000000000000000e+00,0.000000000000000000e+00,0.000000000000000000e+00,0.000000000000000000e+00,-5.578860319556596892e+01,5.539802432042458591e+00,8.300000000000000000e+01,1.314835840687358541e+03,9.638985494233990892e+01,2.480500000000000000e+06,1.656400000000000095e-01,-3.187212420000218458e+02,1.000000000000000000e+00
2.961444824706259155e-03,4.547122977813196527e-03,5.243690328928871658e-01,2.409125793486836642e+00,2.000000000000000000e+01,7.247023672739927314e-02,0.000000000000000000e+00,0.000000000000000000e+00,0.000000000000000000e+00,0.000000000000000000e+00,-4.494929069420422962e+01,6.438336583284962167e+00,8.400000000000000000e+01,2.653896531874897846e+03,8.779574709174495695e+01,2.643300000000000000e+06,7.297500000000000098e-01,-2.572812899999608362e+03,1.000000000000000000e+00
2.606171287096542728e-03,5.116246303471934723e-03,5.191009070221470623e-01,2.390617378677382554e+00,2.000000000000000000e+01,6.786241768039424915e-02,0.000000000000000000e+00,0.000000000000000000e+00,0.000000000000000000e+00,0.000000000000000000e+00,-3.731621254512718622e+01,6.367514305977929112e+00,8.500000000000000000e+01,4.089526351623193477e+03,8.693346097952417040e+01,2.700900000000000000e+06,1.428399999999999948e-01,-2.454861420000074475e+02,1.000000000000000000e+00
2.711690233331629299e-03,4.407580246384280517e-03,5.714035957372196606e-01,-3.889186199754880668e+00,2.000000000000000000e+01,7.611758820335637332e-02,0.000000000000000000e+00,0.000000000000000000e+00,0.000000000000000000e+00,0.000000000000000000e+00,-7.318778033426286811e+01,6.070740103199510074e+00,8.600000000000000000e+01,1.826715576646642205e+02,1.231435000238434867e+02,2.333200000000000000e+06,1.342800000000000105e-01,-3.296887999999906924e+02,1.000000000000000000e+00
2.916840491509134145e-03,4.459634174502746101e-03,5.492898164940828165e-01,-4.346917738121783614e+00,2.000000000000000000e+01,7.636645473244650650e-02,0.000000000000000000e+00,0.000000000000000000e+00,0.000000000000000000e+00,0.000000000000000000e+00,-7.160075536976768262e+01,6.262636558809459686e+00,8.700000000000000000e+01,1.858972400436337011e+02,1.219844460532153221e+02,2.358100000000000000e+06,1.406999999999999917e-01,-3.940853489999998942e+02,1.000000000000000000e+00
2.733140497757122200e-03,5.042911634336391322e-03,5.177801137408076793e-01,2.368382472713907116e+00,2.000000000000000000e+01,6.812133164390682394e-02,0.000000000000000000e+00,0.000000000000000000e+00,0.000000000000000000e+00,0.000000000000000000e+00,-3.772893097356592307e+01,6.327938139518235694e+00,8.800000000000000000e+01,4.103806696429974181e+03,8.701278557406023140e+01,2.694500000000000000e+06,1.558599999999999985e-01,-2.758508000000086895e+02,1.000000000000000000e+00
2.851008117434861676e-03,4.941994239750538767e-03,7.498698513168020607e-01,2.021005388750155340e+00,2.000000000000000000e+01,7.116976806318758841e-02,0.000000000000000000e+00,0.000000000000000000e+00,0.000000000000000000e+00,0.000000000000000000e+00,-4.109978560635418887e+01,6.293539734719622913e+00,8.900000000000000000e+01,2.962655984952345079e+03,8.763114895103777258e+01,2.663800000000000000e+06,9.159199999999999564e-01,-2.421345807000172954e+03,1.000000000000000000e+00
2.421987162717438059e-03,4.745035692187517251e-03,7.500531019542305833e-01,-1.934866833372846928e+00,2.000000000000000000e+01,7.566255177157951706e-02,0.000000000000000000e+00,0.000000000000000000e+00,0.000000000000000000e+00,0.000000000000000000e+00,-6.794256070167448058e+01,5.912269347631008642e+00,9.000000000000000000e+01,3.447396981146519579e+02,1.121345807023579653e+02,2.384900000000000000e+06,9.819300000000000250e-02,-1.194848399999975754e+02,1.000000000000000000e+00
2.774128361868050986e-03,4.687675867527212048e-03,6.366322998873417127e-01,-1.753382297164117753e+00,2.000000000000000000e+01,7.539671102821943194e-02,0.000000000000000000e+00,0.000000000000000000e+00,0.000000000000000000e+00,0.000000000000000000e+00,-6.642646777954979598e+01,6.499080960957583031e+00,9.100000000000000000e+01,3.412011903029582527e+02,1.130173266111779355e+02,2.429200000000000000e+06,1.410299999999999887e-01,-3.218776270000016666e+02,1.000000000000000000e+00
2.765328345349396706e-03,5.303479456488163941e-03,6.577215107597376154e-01,-2.511754579718228797e+00,2.000000000000000000e+01,7.383345769901325517e-02,0.000000000000000000e+00,0.000000000000000000e+00,0.000000000000000000e+00,0.000000000000000000e+00,-6.543814747203877857e+01,6.437327902720770822e+00,9.200000000000000000e+01,3.628340988794104192e+02,1.119333455139719433e+02,2.436800000000000000e+06,2.950400000000000245e-01,-1.059183164000090983e+03,1.000000000000000000e+00
2.515515682104318626e-03,4.845584522592312308e-03,6.838915239731572226e-01,1.972741917444527926e-01,2.000000000000000000e+01,7.368435725781229129e-02,0.000000000000000000e+00,0.000000000000000000e+00,0.000000000000000000e+00,0.000000000000000000e+00,-5.809824006245139572e+01,5.525212103067266511e+00,9.300000000000000000e+01,1.175969750546900741e+03,9.841227829992529053e+01,2.459100000000000000e+06,2.680500000000000105e-01,-7.863369920000835691e+02,1.000000000000000000e+00
3.266019591853267564e-03,4.115730831772947129e-03,6.238035208899666006e-01,5.363481748931828719e-01,2.000000000000000000e+01,7.495846538214961940e-02,0.000000000000000000e+00,0.000000000000000000e+00,0.000000000000000000e+00,0.000000000000000000e+00,-5.760544443393203551e+01,6.089119092919279552e+00,9.400000000000000000e+01,1.190141143126422321e+03,9.800279078160407664e+01,2.499300000000000000e+06,2.289400000000000046e-01,-7.777672799999339759e+02,1.000000000000000000e+00
2.668749014096442537e-03,4.774978852289772646e-03,7.055164048568478563e-01,2.805300585928093282e-01,2.000000000000000000e+01,7.405697399461302899e-02,0.000000000000000000e+00,0.000000000000000000e+00,0.000000000000000000e+00,0.000000000000000000e+00,-5.666733051322492543e+01,5.839286686094378176e+00,9.500000000000000000e+01,1.198050059035255572e+03,9.754603805136899553e+01,2.492400000000000000e+06,2.174000000000000099e-01,-5.268625740000338737e+02,1.000000000000000000e+00
2.903354095486274621e-03,5.533344833407538230e-03,9.163815271822750574e-01,1.004945112644040517e+00,2.000000000000000000e+01,7.310618600329531203e-02,0.000000000000000000e+00,0.000000000000000000e+00,0.000000000000000000e+00,0.000000000000000000e+00,-5.615092444764632518e+01,6.688363374471808065e+00,9.600000000000000000e+01,1.225981642911991003e+03,9.704300145927624044e+01,2.552700000000000000e+06,2.581700000000000106e-01,-4.738679990000370594e+02,1.000000000000000000e+00
3.294432083481623873e-03,4.627362337997414227e-03,5.355867809592083084e-01,1.778488598292094602e+00,2.000000000000000000e+01,7.908091918751443405e-02,0.000000000000000000e+00,0.000000000000000000e+00,0.000000000000000000e+00,0.000000000000000000e+00,-4.523180855092365249e+01,6.066610605925864874e+00,9.700000000000000000e+01,2.060727252879080424e+03,8.988659621163282054e+01,2.579900000000000000e+06,4.386800000000000144e-01,-2.032795429999194994e+03,1.000000000000000000e+00
2.789562056042708873e-03,4.905148916907404837e-03,7.240828559213923210e-01,-3.634043915639171285e+00,2.000000000000000000e+01,7.725892145951104850e-02,0.000000000000000000e+00,0.000000000000000000e+00,0.000000000000000000e+00,0.000000000000000000e+00,-5.695571087517777897e+01,7.200632127405150129e+00,9.800000000000000000e+01,4.406037406422558433e+02,1.107438422880423730e+02,2.559500000000000000e+06,6.656499999999999639e-01,-1.966511309999249534e+03,1.000000000000000000e+00
1.897534496813284071e-03,4.655758090538506672e-03,6.217989151189031727e-01,-1.807906920962152331e+00,2.000000000000000000e+01,7.372534120546618552e-02,0.000000000000000000e+00,0.000000000000000000e+00,0.000000000000000000e+00,0.000000000000000000e+00,-6.702788893048767704e+01,5.912432987093653836e+00,9.900000000000000000e+01,3.898186417156903190e+02,1.108114224112398603e+02,2.393800000000000000e+06,2.551999999999999824e-01,-7.039719090000523920e+02,1.000000000000000000e+00
3.217045724673021651e-03,5.118381881822274028e-03,5.924794365458723178e-01,2.752447486743343497e+00,2.000000000000000000e+01,7.184647832504036102e-02,0.000000000000000000e+00,0.000000000000000000e+00,0.000000000000000000e+00,0.000000000000000000e+00,-3.856256427816508392e+01,6.136560910144938319e+00,1.000000000000000000e+02,3.515739092570676803e+03,8.719571228240388905e+01,2.668300000000000000e+06,8.228199999999999958e-01,-2.706699660000166659e+03,1.000000000000000000e+00
3.087929198850424516e-03,4.227271737042240934e-03,7.604789873862805027e-01,2.882944198953063974e+00,2.000000000000000000e+01,6.845537869186751889e-02,0.000000000000000000e+00,0.000000000000000000e+00,0.000000000000000000e+00,0.000000000000000000e+00,-4.114396037490354274e+01,6.224045383273299592e+00,1.010000000000000000e+02,3.210721521065760953e+03,8.734919999487497932e+01,2.658100000000000000e+06,1.944599999999999940e-01,-2.784256500000080337e+02,1.000000000000000000e+00
2.784530635253477764e-03,4.376805971982735723e-03,5.635790026366047645e-01,9.728033240215594457e-01,2.000000000000000000e+01,7.386848262914232077e-02,0.000000000000000000e+00,0.000000000000000000e+00,0.000000000000000000e+00,0.000000000000000000e+00,-5.104630768702264021e+01,6.253662199129959021e+00,1.020000000000000000e+02,1.593163439341773483e+03,9.281510711459603158e+01,2.573200000000000000e+06,4.198700000000000210e-01,-2.001665146000518689e+03,1.000000000000000000e+00
3.168576969553328019e-03,6.403103014018129806e-03,8.318037511561695574e-01,9.730771995622354842e-01,2.000000000000000000e+01,7.970010677703713575e-02,0.000000000000000000e+00,0.000000000000000000e+00,0.000000000000000000e+00,0.000000000000000000e+00,-4.699719630708563045e+01,6.794769933053115274e+00,1.030000000000000000e+02,1.553887832465574320e+03,9.328790287966097594e+01,2.574300000000000000e+06,4.343799999999999883e-01,-1.129052119999962088e+03,1.000000000000000000e+00
2.596746160219871695e-03,5.206590511110697692e-03,9.007208350523945306e-01,9.794077764860332769e-01,2.000000000000000000e+01,7.304876526069087328e-02,0.000000000000000000e+00,0.000000000000000000e+00,0.000000000000000000e+00,0.000000000000000000e+00,-5.267449980961923472e+01,6.190552280927127171e+00,1.040000000000000000e+02,1.485659186116000683e+03,9.365694620465350795e+01,2.553200000000000000e+06,2.692899999999999738e-01,-4.650379240000384016e+02,1.000000000000000000e+00
3.385645509529406141e-03,4.818657332648348599e-03,5.554162681991062778e-01,2.682777756153771342e+00,2.000000000000000000e+01,6.932100421858305994e-02,0.000000000000000000e+00,0.000000000000000000e+00,0.000000000000000000e+00,0.000000000000000000e+00,-4.186931571687336628e+01,6.314115461522030515e+00,1.050000000000000000e+02,4.074739474137154048e+03,8.714151211197119551e+01,2.662700000000000000e+06,3.092400000000000149e-01,-5.307147400000475272e+02,1.000000000000000000e+00
3.073091174881628293e-03,3.456749180691310284e-03,6.266261912004844614e-01,-3.873457685158509189e+00,2.000000000000000000e+01,6.688728297302563852e-02,0.000000000000000000e+00,0.000000000000000000e+00,0.000000000000000000e+00,0.000000000000000000e+00,-7.162331771977132178e+01,6.182520012092451722e+00,1.060000000000000000e+02,2.057652522949352658e+02,1.211164233097533014e+02,2.355900000000000000e+06,7.569099999999999440e-02,-1.102146799999990066e+02,1.000000000000000000e+00
2.333886628922548449e-03,5.378532626460845109e-03,6.067061582926295271e-01,-3.194778167384380474e+00,2.000000000000000000e+01,7.468247696889977749e-02,0.000000000000000000e+00,0.000000000000000000e+00,0.000000000000000000e+00,0.000000000000000000e+00,-6.886489972142103966e+01,5.589377780876807478e+00,1.070000000000000000e+02,2.918054771534784209e+02,1.137575566873455131e+02,2.359500000000000000e+06,1.784399999999999875e-01,-4.510066000000447275e+02,1.000000000000000000e+00
2.736982328400857940e-03,4.629048904871912833e-03,8.083332528188764687e-01,-3.680299861417175133e+00,2.000000000000000000e+01,7.415051328049927781e-02,0.000000000000000000e+00,0.000000000000000000e+00,0.000000000000000000e+00,0.000000000000000000e+00,-6.490370713527846647e+01,6.750616261137888152e+00,1.080000000000000000e+02,2.287047646588837324e+02,1.137650909103253838e+02,2.458500000000000000e+06,1.762299999999999978e-01,-3.367410029999969083e+02,1.000000000000000000e+00
3.149495943184643654e-03,4.445613399127256588e-03,5.115593621521942191e-01,1.826705288662549220e+00,2.000000000000000000e+01,7.397611737973344703e-02,0.000000000000000000e+00,0.000000000000000000e+00,0.000000000000000000e+00,0.000000000000000000e+00,-4.052956047954898366e+01,6.172786065516691068e+00,1.090000000000000000e+02,2.497851555557096617e+03,8.841583958056655490e+01,2.656400000000000000e+06,5.657600000000000406e-01,-2.633592329999048161e+03,1.000000000000000000e+00
2.775635849549124012e-03,4.947377437582630919e-03,6.980055878096675936e-01,4.857604305612823747e-01,2.000000000000000000e+01,7.456005338435753305e-02,0.000000000000000000e+00,0.000000000000000000e+00,0.000000000000000000e+00,0.000000000000000000e+00,-5.870627446094374591e+01,6.300476956933092509e+00,1.100000000000000000e+02,1.043536574337144657e+03,9.955469554810302668e+01,2.501600000000000000e+06,1.671100000000000085e-01,-3.596757710000233033e+02,1.000000000000000000e+00
2.174057634414985462e-03,4.985045444721921196e-03,5.368915255599525649e-01,-4.043320506415130078e-01,2.000000000000000000e+01,7.630861384077623766e-02,0.000000000000000000e+00,0.000000000000000000e+00,0.000000000000000000e+00,0.000000000000000000e+00,-5.676918545833431295e+01,6.293332252821327799e+00,1.110000000000000000e+02,1.028546004896713384e+03,9.963351043399725881e+01,2.521300000000000000e+06,1.087400000000000033e-01,-2.026177319999985400e+02,1.000000000000000000e+00
2.568132785562964818e-03,5.270478999371592740e-03,7.216122423081168247e-01,-1.200365331481867415e-02,2.000000000000000000e+01,7.277323714810920996e-02,0.000000000000000000e+00,0.000000000000000000e+00,0.000000000000000000e+00,0.000000000000000000e+00,-5.895093701644701412e+01,6.192646524051136581e+00,1.120000000000000000e+02,1.006722509963199286e+03,1.003736084358156120e+02,2.492200000000000000e+06,4.351200000000000068e-01,-1.656531199999547425e+03,1.000000000000000000e+00
3.299201152331840588e-03,4.446345623734216171e-03,5.159042473174836330e-01,-5.455089179709169400e+00,2.000000000000000000e+01,7.706576566298231623e-02,0.000000000000000000e+00,0.000000000000000000e+00,0.000000000000000000e+00,0.000000000000000000e+00,-7.262985812791598050e+01,6.432280846331059010e+00,1.130000000000000000e+02,1.893007646429281294e+02,1.261582313596276350e+02,2.351400000000000000e+06,1.383000000000000063e-01,-4.560455900000240490e+02,1.000000000000000000e+00
3.495557121211393184e-03,4.583769348542686591e-03,6.664351510216089958e-01,-3.991766968389070858e+00,2.000000000000000000e+01,7.709646650616533425e-02,0.000000000000000000e+00,0.000000000000000000e+00,0.000000000000000000e+00,0.000000000000000000e+00,-7.730627057165190763e+01,6.140557560584509744e+00,1.140000000000000000e+02,1.967469152642493952e+02,1.225221784472202842e+02,2.350200000000000000e+06,1.049500000000000016e-01,-2.365903999999926839e+02,1.000000000000000000e+00
2.959667119512337987e-03,4.233040546964406473e-03,5.650763187196040649e-01,-3.958437554454179441e+00,2.000000000000000000e+01,7.184991285704117603e-02,0.000000000000000000e+00,0.000000000000000000e+00,0.000000000000000000e+00,0.000000000000000000e+00,-7.015119758727207966e+01,6.433495146002282894e+00,1.150000000000000000e+02,2.153574908056882578e+02,1.204765286787662433e+02,2.383500000000000000e+06,6.006299999999999972e-01,-1.721344481999554773e+03,1.000000000000000000e+00
3.288630446490178015e-03,4.551291886646494783e-03,5.268499292171944237e-01,1.395789960537430208e+00,2.000000000000000000e+01,7.398664064970109089e-02,0.000000000000000000e+00,0.000000000000000000e+00,0.000000000000000000e+00,0.000000000000000000e+00,-4.580828402938515609e+01,6.147114294695556147e+00,1.160000000000000000e+02,2.171541042424520128e+03,8.997479423502464613e+01,2.611600000000000000e+06,5.473799999999999777e-01,-2.703366169999186695e+03,1.000000000000000000e+00
3.256820260428412023e-03,4.486621312876156072e-03,6.566421443084559106e-01,2.802355783881198548e+00,2.000000000000000000e+01,6.886261933048415385e-02,0.000000000000000000e+00,0.000000000000000000e+00,0.000000000000000000e+00,0.000000000000000000e+00,-4.148160057132751177e+01,6.280260920951292292e+00,1.170000000000000000e+02,3.658725040804615219e+03,8.721103662871713880e+01,2.661700000000000000e+06,2.539799999999999836e-01,-3.888977400000193825e+02,1.000000000000000000e+00
3.216754447951418634e-03,4.559307756814433461e-03,6.592531112769308699e-01,2.763366171225636769e+00,2.000000000000000000e+01,6.891376357996642499e-02,0.000000000000000000e+00,0.000000000000000000e+00,0.000000000000000000e+00,0.000000000000000000e+00,-4.153167552044939725e+01,6.257899923844037815e+00,1.180000000000000000e+02,3.685339876390484733e+03,8.722575032497232428e+01,2.659400000000000000e+06,2.646499999999999964e-01,-4.040426400000216631e+02,1.000000000000000000e+00
3.214913712718512478e-03,4.531686325797416003e-03,5.860541355461577062e-01,1.847000700488489411e+00,2.000000000000000000e+01,7.381229210901149584e-02,0.000000000000000000e+00,0.000000000000000000e+00,0.000000000000000000e+00,0.000000000000000000e+00,-4.992168593021811773e+01,6.047082033962356107e+00,1.190000000000000000e+02,1.871501756468086342e+03,9.065970348508841425e+01,2.567700000000000000e+06,4.584099999999999842e-01,-2.303726319999742373e+03,1.000000000000000000e+00
2.700734341698119226e-03,4.839451643073178731e-03,6.286284341571537482e-01,1.186536684756501758e+00,2.000000000000000000e+01,8.438897512518024613e-02,0.000000000000000000e+00,0.000000000000000000e+00,0.000000000000000000e+00,0.000000000000000000e+00,-4.789770545584416084e+01,5.910704241353976762e+00,1.200000000000000000e+02,1.861906903158922205e+03,9.101049392055917053e+01,2.567800000000000000e+06,2.638499999999999734e-01,-8.760710460000703961e+02,1.000000000000000000e+00
2.681892084575486328e-03,4.051321964375537849e-03,6.144244342714509921e-01,1.874700453805213662e+00,2.000000000000000000e+01,7.541792749155454278e-02,0.000000000000000000e+00,0.000000000000000000e+00,0.000000000000000000e+00,0.000000000000000000e+00,-5.019841970932404251e+01,5.362384486653092530e+00,1.210000000000000000e+02,1.848172329393724340e+03,9.111517093994929439e+01,2.514300000000000000e+06,1.471999999999999975e-01,-3.230022000000116122e+02,1.000000000000000000e+00
3.254173728212967319e-03,6.497135543414035361e-03,1.129349924153109974e+00,3.937655995180859847e-01,2.000000000000000000e+01,7.158213660415128909e-02,0.000000000000000000e+00,0.000000000000000000e+00,0.000000000000000000e+00,0.000000000000000000e+00,-4.732077003292131678e+01,8.294508500635499715e+00,1.220000000000000000e+02,1.637656957388305500e+03,9.197051511593649309e+01,2.769200000000000000e+06,1.441500000000000004e+00,-2.726501919999243455e+03,1.000000000000000000e+00
2.946177386127049949e-03,4.671024259766793328e-03,5.950395933119987379e-01,-1.758077403778897319e+00,2.000000000000000000e+01,7.465823221172637747e-02,0.000000000000000000e+00,0.000000000000000000e+00,0.000000000000000000e+00,0.000000000000000000e+00,-6.173939634876866478e+01,6.623014490123109610e+00,1.230000000000000000e+02,6.301656017233116245e+02,1.071168744779261317e+02,2.488200000000000000e+06,2.634900000000000020e-01,-9.934893999999170546e+02,1.000000000000000000e+00
2.685461827535192813e-03,4.896169000584255429e-03,6.422837175297989587e-01,-1.479556617484646397e+00,2.000000000000000000e+01,7.469312090032698137e-02,0.000000000000000000e+00,0.000000000000000000e+00,0.000000000000000000e+00,0.000000000000000000e+00,-6.452999092995587205e+01,6.184088972282137497e+00,1.240000000000000000e+02,5.197869976126523852e+02,1.085828824637679730e+02,2.433700000000000000e+06,1.855499999999999927e-01,-4.858059999999986189e+02,1.000000000000000000e+00
2.605770080911614089e-03,4.711112829862164168e-03,6.360694923586116545e-01,-1.177218514352423639e+00,2.000000000000000000e+01,7.603942470652255703e-02,0.000000000000000000e+00,0.000000000000000000e+00,0.000000000000000000e+00,0.000000000000000000e+00,-6.413888394852504860e+01,6.277713228783809996e+00,1.250000000000000000e+02,5.482229535188457703e+02,1.080020235179511161e+02,2.443400000000000000e+06,1.056700000000000000e-01,-1.882407890000048667e+02,1.000000000000000000e+00
2.359085836327971201e-03,5.424390361797751768e-03,7.728840334881185159e-01,-1.095719081436454106e-01,2.000000000000000000e+01,7.436280401968348164e-02,0.000000000000000000e+00,0.000000000000000000e+00,0.000000000000000000e+00,0.000000000000000000e+00,-6.310293711404548844e+01,6.699997121570776315e+00,1.260000000000000000e+02,5.815354682273761000e+02,1.075382086822416596e+02,2.477700000000000000e+06,1.411900000000000099e-01,-2.134885949999995489e+02,1.000000000000000000e+00
2.703876456968962259e-03,4.865586650097479191e-03,7.086610870546199425e-01,-8.511310283571041913e-01,2.000000000000000000e+01,7.456122327321625110e-02,0.000000000000000000e+00,0.000000000000000000e+00,0.000000000000000000e+00,0.000000000000000000e+00,-6.447161881881913814e+01,6.183272052610382374e+00,1.270000000000000000e+02,5.743606377307611410e+02,1.077205574067773028e+02,2.434600000000000000e+06,1.622699999999999976e-01,-3.479133800000117276e+02,1.000000000000000000e+00
2.234790451629926986e-03,4.512047569319282622e-03,5.606182974207146730e-01,-3.095998312836404143e+00,2.000000000000000000e+01,8.362207581614450325e-02,0.000000000000000000e+00,0.000000000000000000e+00,0.000000000000000000e+00,0.000000000000000000e+00,-6.740522902559638396e+01,6.957957477110260136e+00,1.280000000000000000e+02,2.111674025013923313e+02,1.206880016103976345e+02,2.393800000000000000e+06,6.549199999999999466e-02,-9.755042500000146788e+01,1.000000000000000000e+00
2.609510682701396932e-03,5.068089996992391003e-03,6.875220838464276563e-01,8.671573851436547020e-01,2.000000000000000000e+01,7.340949360789565670e-02,0.000000000000000000e+00,0.000000000000000000e+00,0.000000000000000000e+00,0.000000000000000000e+00,-5.751840125354638644e+01,5.386514733514893294e+00,1.290000000000000000e+02,1.365576015982938770e+03,9.639102163727542916e+01,2.455000000000000000e+06,3.147099999999999898e-01,-1.044347999999771218e+03,1.000000000000000000e+00
2.671064269969905709e-03,5.066265906054646592e-03,7.403730913287358550e-01,-8.618562626109141922e-01,2.000000000000000000e+01,7.410637990338728165e-02,0.000000000000000000e+00,0.000000000000000000e+00,0.000000000000000000e+00,0.000000000000000000e+00,-5.733213159595271691e+01,6.607263526564175038e+00,1.300000000000000000e+02,8.709022449833148585e+02,1.015247889361998830e+02,2.535600000000000000e+06,1.941599999999999993e-01,-4.029633580000318034e+02,1.000000000000000000e+00
1.694203342512967669e-03,6.079158115934785514e-03,6.486468099067512760e-01,-9.331902829997990034e-02,2.000000000000000000e+01,7.340215685512843646e-02,0.000000000000000000e+00,0.000000000000000000e+00,0.000000000000000000e+00,0.000000000000000000e+00,-5.774729749347770280e+01,6.001327781698027053e+00,1.310000000000000000e+02,1.101394925879733137e+03,9.935956684190855981e+01,2.492500000000000000e+06,2.327799999999999869e-01,-4.811553069999507102e+02,1.000000000000000000e+00
2.284116576930915899e-03,4.690579094750714495e-03,1.277727265944586410e+00,-3.479959705116993374e-01,2.000000000000000000e+01,6.323446562141205041e-02,0.000000000000000000e+00,0.000000000000000000e+00,0.000000000000000000e+00,0.000000000000000000e+00,-5.790593341883150202e+01,7.598966714522281229e+00,1.320000000000000000e+02,7.782162185056374710e+02,1.024507578454026486e+02,2.634200000000000000e+06,2.645799999999999819e-01,-1.851883739999962302e+02,1.000000000000000000e+00
2.215943688669047736e-03,4.902610810082025719e-03,6.233264737168673353e-01,-6.448936066089670793e-03,2.000000000000000000e+01,7.420533894005165720e-02,0.000000000000000000e+00,0.000000000000000000e+00,0.000000000000000000e+00,0.000000000000000000e+00,-5.823937066907727456e+01,5.377411173877796990e+00,1.330000000000000000e+02,1.166858919770166494e+03,9.908942462807728191e+01,2.448600000000000000e+06,2.076399999999999912e-01,-5.257853060000186360e+02,1.000000000000000000e+00
2.870926432847529727e-03,4.057788482476201025e-03,7.892070960399000246e-01,-4.160875444118162569e+00,2.000000000000000000e+01,7.626610516109752491e-02,0.000000000000000000e+00,0.000000000000000000e+00,0.000000000000000000e+00,0.000000000000000000e+00,-7.317525919343864871e+01,5.723780448505309870e+00,1.340000000000000000e+02,2.205106574903404635e+02,1.202365909353932096e+02,2.320300000000000000e+06,8.901699999999999890e-02,-1.065140999999997717e+02,1.000000000000000000e+00
3.004146187792347718e-03,5.004235684951739531e-03,6.382956375808828131e-01,1.125253873171977670e+00,2.000000000000000000e+01,7.410019510958271161e-02,0.000000000000000000e+00,0.000000000000000000e+00,0.000000000000000000e+00,0.000000000000000000e+00,-5.266944062157386952e+01,5.755884033024925017e+00,1.350000000000000000e+02,1.584700448628959975e+03,9.332288201254601745e+01,2.522100000000000000e+06,2.823100000000000054e-01,-9.655535899999181311e+02,1.000000000000000000e+00
3.218091150369713389e-03,4.542523317973634969e-03,6.251209767203829148e-01,1.820502282478382527e+00,2.000000000000000000e+01,7.201939107604249379e-02,0.000000000000000000e+00,0.000000000000000000e+00,0.000000000000000000e+00,0.000000000000000000e+00,-4.733701448368169906e+01,6.159807805194951413e+00,1.360000000000000000e+02,2.459042250741374119e+03,8.946061648539910038e+01,2.600500000000000000e+06,7.955999999999999739e-01,-2.757268079999260863e+03,1.000000000000000000e+00
2.574100466271453912e-03,5.855762249790685131e-03,6.956057060194414943e-01,-1.657087030442980780e+00,2.000000000000000000e+01,7.417685871420431898e-02,0.000000000000000000e+00,0.000000000000000000e+00,0.000000000000000000e+00,0.000000000000000000e+00,-6.120915627623701027e+01,6.001882584278739330e+00,1.370000000000000000e+02,7.135147539649620967e+02,1.057548499949791534e+02,2.458600000000000000e+06,1.849500000000000033e-01,-4.138991999999850577e+02,1.000000000000000000e+00
2.691585859152054866e-03,4.445173203753904553e-03,7.528818921060396185e-01,-1.168928774340469268e+00,2.000000000000000000e+01,6.954912574576296858e-02,0.000000000000000000e+00,0.000000000000000000e+00,0.000000000000000000e+00,0.000000000000000000e+00,-6.014353601373149161e+01,7.243332896994241210e+00,1.380000000000000000e+02,7.009930917157685144e+02,1.058052566595151802e+02,2.546400000000000000e+06,3.244299999999999962e-01,-5.128240949999594704e+02,1.000000000000000000e+00
2.581969820361354299e-03,4.717484636919873700e-03,6.503881211355904135e-01,1.226553383060147384e+00,2.000000000000000000e+01,7.434718066162057659e-02,0.000000000000000000e+00,0.000000000000000000e+00,0.000000000000000000e+00,0.000000000000000000e+00,-5.528025314624697728e+01,5.468174974993390336e+00,1.390000000000000000e+02,1.496347487283543160e+03,9.443525130225187070e+01,2.479800000000000000e+06,2.032499999999999862e-01,-5.108076450000119166e+02,1.000000000000000000e+00
2.090252717183385938e-03,4.149436472247228572e-03,6.941915282561640366e-01,1.654858228493411243e+00,2.000000000000000000e+01,7.394123337798540196e-02,0.000000000000000000e+00,0.000000000000000000e+00,0.000000000000000000e+00,0.000000000000000000e+00,-5.671551961121519980e+01,4.837951736167191541e+00,1.400000000000000000e+02,1.550271924262470748e+03,9.439963839454750882e+01,2.426300000000000000e+06,1.967099999999999960e-01,-3.892295289999686361e+02,1.000000000000000000e+00
3.908552150228457311e-03,3.333134359327943018e-03,5.348017361773972356e-01,2.446762587912192366e+00,2.000000000000000000e+01,7.338843629822514036e-02,0.000000000000000000e+00,0.000000000000000000e+00,0.000000000000000000e+00,0.000000000000000000e+00,-4.647592260569618361e+01,6.479171036729256983e+00,1.410000000000000000e+02,2.618014361909531999e+03,8.842559594141610546e+01,2.632900000000000000e+06,7.736899999999999888e-01,-2.935268100001242601e+03,1.000000000000000000e+00
2.760933414097819540e-03,5.083458116692718756e-03,6.086843900505061189e-01,-2.731293413900043099e+00,2.000000000000000000e+01,7.811072369066190957e-02,0.000000000000000000e+00,0.000000000000000000e+00,0.000000000000000000e+00,0.000000000000000000e+00,-6.673846201576702697e+01,6.036534125077878343e+00,1.420000000000000000e+02,3.471021595644496642e+02,1.123557862576479494e+02,2.403500000000000000e+06,6.510299999999999421e-02,-8.825964700000115215e+01,1.000000000000000000e+00
2.841270654396446660e-03,5.032985240397302128e-03,6.372204545330129033e-01,-2.673100186279159018e+00,2.000000000000000000e+01,7.779712547088321606e-02,0.000000000000000000e+00,0.000000000000000000e+00,0.000000000000000000e+00,0.000000000000000000e+00,-6.697690116103413516e+01,6.029449130368934817e+00,1.430000000000000000e+02,3.470537936567835686e+02,1.125203901682451999e+02,2.400600000000000000e+06,6.756700000000000206e-02,-9.081729999999856773e+01,1.000000000000000000e+00
2.711788968626404478e-03,3.646475545229932100e-03,5.548651245815691135e-01,6.354611026135249530e-01,2.000000000000000000e+01,7.627664513271287250e-02,0.000000000000000000e+00,0.000000000000000000e+00,0.000000000000000000e+00,0.000000000000000000e+00,-5.810273045776561673e+01,5.640916747895730943e+00,1.440000000000000000e+02,1.256090374497691300e+03,9.754569369082292951e+01,2.466300000000000000e+06,1.354200000000000126e-01,-3.338471999999898117e+02,1.000000000000000000e+00
3.224527499199638693e-03,4.542743306843885498e-03,6.483139982641551446e-01,1.785924921314465452e+00,2.000000000000000000e+01,7.240030746618555946e-02,0.000000000000000000e+00,0.000000000000000000e+00,0.000000000000000000e+00,0.000000000000000000e+00,-4.842508219430061445e+01,6.174836289480355234e+00,1.450000000000000000e+02,2.209921429769688075e+03,8.994406654774276433e+01,2.591500000000000000e+06,7.900700000000000500e-01,-3.037519999998139156e+03,1.000000000000000000e+00
2.787963127682984918e-03,4.858116842999564249e-03,6.822809372660032512e-01,6.262846133833017692e-01,2.000000000000000000e+01,7.366145980343385968e-02,0.000000000000000000e+00,0.000000000000000000e+00,0.000000000000000000e+00,0.000000000000000000e+00,-5.876679573229807829e+01,5.564091004104048110e+00,1.460000000000000000e+02,1.219167114664869587e+03,9.793821680526477280e+01,2.455100000000000000e+06,3.001300000000000079e-01,-1.015757690000017305e+03,1.000000000000000000e+00
4.248184526400931860e-03,4.204675208743170918e-03,4.599904003419168497e-01,1.443485317000759771e+00,2.000000000000000000e+01,6.778872479369321691e-02,0.000000000000000000e+00,0.000000000000000000e+00,0.000000000000000000e+00,0.000000000000000000e+00,-4.838984088104238879e+01,7.443407816838992552e+00,1.470000000000000000e+02,2.299088915456384711e+03,8.981953244518346935e+01,2.681800000000000000e+06,4.715400000000000147e-02,-1.067744900000000001e+02,1.000000000000000000e+00
1.907311108980801672e-03,4.836181215383303367e-03,6.382178408720009521e-01,-8.204361638865160788e-01,2.000000000000000000e+01,7.737029138314754917e-02,0.000000000000000000e+00,0.000000000000000000e+00,0.000000000000000000e+00,0.000000000000000000e+00,-6.768842468967037007e+01,5.816734525329992245e+00,1.480000000000000000e+02,4.567842032298215145e+02,1.102011010521191423e+02,2.383900000000000000e+06,6.685900000000000176e-02,-6.229566000000023251e+01,1.000000000000000000e+00
2.182161221374871295e-03,3.917986127689073762e-03,7.321405973220250774e-01,1.628697313593754359e+00,2.000000000000000000e+01,7.769338732411897042e-02,0.000000000000000000e+00,0.000000000000000000e+00,0.000000000000000000e+00,0.000000000000000000e+00,-5.859806597017192331e+01,4.693400610673749362e+00,1.490000000000000000e+02,1.450199200323454306e+03,9.478342598666441177e+01,2.436000000000000000e+06,3.130200000000000204e-01,-9.023476200000148992e+02,1.000000000000000000e+00
2.963121230411526648e-03,4.757470820898057617e-03,6.636461572046705726e-01,8.907631747230796426e-01,2.000000000000000000e+01,7.443412636254850834e-02,0.000000000000000000e+00,0.000000000000000000e+00,0.000000000000000000e+00,0.000000000000000000e+00,-5.515372476356357367e+01,5.662525133547123168e+00,1.500000000000000000e+02,1.434699394339004357e+03,9.511473680646759021e+01,2.494200000000000000e+06,2.159200000000000008e-01,-6.003058259999797883e+02,1.000000000000000000e+00
2.702510256048821450e-03,3.082346540954839214e-03,5.287054908241072271e-01,-4.255019433839917653e+00,2.000000000000000000e+01,7.366241233645917652e-02,0.000000000000000000e+00,0.000000000000000000e+00,0.000000000000000000e+00,0.000000000000000000e+00,-7.911319462970337213e+01,6.626661076738836975e+00,1.510000000000000000e+02,1.941392541101021152e+02,1.510064297674129534e+02,2.281400000000000000e+06,6.079499999999999904e-01,-2.336022699999169618e+03,1.000000000000000000e+00
2.243983344383949051e-03,4.419617568903286275e-03,7.312606647535501159e-01,-2.223922963166173439e+00,2.000000000000000000e+01,7.454691734282303806e-02,0.000000000000000000e+00,0.000000000000000000e+00,0.000000000000000000e+00,0.000000000000000000e+00,-7.008521334206845665e+01,5.613750928849322364e+00,1.520000000000000000e+02,3.135366801688714986e+02,1.135978629740547774e+02,2.348800000000000000e+06,1.463399999999999979e-01,-2.505800000000019168e+02,1.000000000000000000e+00
3.085986149490704301e-03,3.907164307485303141e-03,7.274421867995246593e-01,-4.326474358859417002e+00,2.000000000000000000e+01,6.787799664311972014e-02,0.000000000000000000e+00,0.000000000000000000e+00,0.000000000000000000e+00,0.000000000000000000e+00,-6.392117679832071531e+01,6.602577668266105704e+00,1.530000000000000000e+02,2.977011886129032519e+02,1.136984264524465402e+02,2.461700000000000000e+06,1.143699999999999994e-01,-1.642833899999998835e+02,1.000000000000000000e+00
2.738568979194977090e-03,4.942163962996813653e-03,6.016329733090992615e-01,-3.301262683515944651e+00,2.000000000000000000e+01,7.682916793424048041e-02,0.000000000000000000e+00,0.000000000000000000e+00,0.000000000000000000e+00,0.000000000000000000e+00,-6.734910962023964487e+01,5.979681350413205365e+00,1.540000000000000000e+02,2.994718180927413869e+02,1.136980307436847681e+02,2.393400000000000000e+06,8.942400000000000349e-02,-1.643399999999969623e+02,1.000000000000000000e+00
2.504916374442398355e-03,4.455963659892493364e-03,6.850596392725820660e-01,1.268039116384241938e-01,2.000000000000000000e+01,7.458472086790178535e-02,0.000000000000000000e+00,0.000000000000000000e+00,0.000000000000000000e+00,0.000000000000000000e+00,-6.028143154723127140e+01,5.739518018210293171e+00,1.550000000000000000e+02,1.008814984956046487e+03,1.003884696113043731e+02,2.452100000000000000e+06,1.652800000000000102e-01,-3.451889999999971224e+02,1.000000000000000000e+00
2.689016968445710580e-03,4.805525821688869451e-03,6.511222167547074946e-01,-7.146600904742183014e-01,2.000000000000000000e+01,7.486164861278271632e-02,0.000000000000000000e+00,0.000000000000000000e+00,0.000000000000000000e+00,0.000000000000000000e+00,-6.133456232169680789e+01,6.173210070411173866e+00,1.560000000000000000e+02,7.738154206544138560e+02,1.038646935099140620e+02,2.467000000000000000e+06,1.640800000000000036e-01,-3.830018090000270945e+02,1.000000000000000000e+00
3.348518486854484659e-03,3.540011242117828850e-03,7.495083973423749546e-01,-1.671263848047993994e+00,2.000000000000000000e+01,6.770852912808544843e-02,0.000000000000000000e+00,0.000000000000000000e+00,0.000000000000000000e+00,0.000000000000000000e+00,-5.722787124327224717e+01,7.537651300225597595e+00,1.570000000000000000e+02,7.646330296361001047e+02,1.039545849788036662e+02,2.598300000000000000e+06,1.044000000000000067e-01,-1.507004999999994936e+02,1.000000000000000000e+00
2.335720820988560452e-03,4.666751208965666184e-03,7.085997173239577673e-01,2.000207307311108185e-01,2.000000000000000000e+01,7.330469609971898559e-02,0.000000000000000000e+00,0.000000000000000000e+00,0.000000000000000000e+00,0.000000000000000000e+00,-6.020157009033823670e+01,5.371445614806338753e+00,1.580000000000000000e+02,1.086857238728196762e+03,9.952352776091741760e+01,2.430600000000000000e+06,3.046599999999999864e-01,-9.203100730002097407e+02,1.000000000000000000e+00
2.824735130351279343e-03,5.051039338483297170e-03,6.697782094356024007e-01,1.589639138981457034e+00,2.000000000000000000e+01,7.148920050666968118e-02,0.000000000000000000e+00,0.000000000000000000e+00,0.000000000000000000e+00,0.000000000000000000e+00,-4.685486859263895809e+01,6.388195096345590684e+00,1.590000000000000000e+02,2.441422759308786681e+03,8.952502155630516256e+01,2.623600000000000000e+06,8.100500000000000478e-01,-2.470000410000601278e+03,1.000000000000000000e+00
3.421156601197258493e-03,4.412160734899342809e-03,5.868291953174510356e-01,1.264710809464516972e+00,2.000000000000000000e+01,7.576577996452375785e-02,0.000000000000000000e+00,0.000000000000000000e+00,0.000000000000000000e+00,0.000000000000000000e+00,-5.109420035418050077e+01,5.764086356581939796e+00,1.600000000000000000e+02,1.734010573232539627e+03,9.224646216949730615e+01,2.536800000000000000e+06,1.721199999999999952e-01,-5.064072299999878624e+02,1.000000000000000000e+00
3.358048886012106327e-03,4.273938582081266563e-03,5.508949704332318786e-01,1.140710747576340500e+00,2.000000000000000000e+01,7.539902646874074854e-02,0.000000000000000000e+00,0.000000000000000000e+00,0.000000000000000000e+00,0.000000000000000000e+00,-5.083772558125066610e+01,5.824630559247903960e+00,1.610000000000000000e+02,1.668757837317725034e+03,9.248301694785830307e+01,2.543500000000000000e+06,2.468200000000000116e-01,-9.816260999999028627e+02,1.000000000000000000e+00
3.153238645140399483e-03,4.509580123610297357e-03,5.285010735198997223e-01,-4.922206327013738836e+00,2.000000000000000000e+01,7.689294579629629700e-02,0.000000000000000000e+00,0.000000000000000000e+00,0.000000000000000000e+00,0.000000000000000000e+00,-6.914287190206458433e+01,6.393066288555683485e+00,1.620000000000000000e+02,2.219582628907241713e+02,1.191634843708467457e+02,2.391000000000000000e+06,1.323799999999999977e-01,-3.916026000000136378e+02,1.000000000000000000e+00
2.771470166878559419e-03,4.239050431777404912e-03,7.762944270638689748e-01,-3.102270721527838226e+00,2.000000000000000000e+01,7.669354108252898761e-02,0.000000000000000000e+00,0.000000000000000000e+00,0.000000000000000000e+00,0.000000000000000000e+00,-7.223229048916225281e+01,5.797111338454210561e+00,1.630000000000000000e+02,2.228167698732669351e+02,1.185708223791416032e+02,2.334500000000000000e+06,7.751700000000000257e-02,-8.220662999999969145e+01,1.000000000000000000e+00
2.209837641177241595e-03,5.718725363423046021e-03,5.305509376944921307e-01,-4.035060517813630732e+00,2.000000000000000000e+01,7.494847981206928522e-02,0.000000000000000000e+00,0.000000000000000000e+00,0.000000000000000000e+00,0.000000000000000000e+00,-7.225791078070484730e+01,5.634558209039202126e+00,1.640000000000000000e+02,2.235524250846499967e+02,1.184182819459919216e+02,2.326500000000000000e+06,1.833599999999999952e-01,-5.533865040000146109e+02,1.000000000000000000e+00
3.570596743393249402e-03,4.559536100813716200e-03,6.369979906040150741e-01,1.906279055155504665e+00,2.000000000000000000e+01,7.453746298917784951e-02,0.000000000000000000e+00,0.000000000000000000e+00,0.000000000000000000e+00,0.000000000000000000e+00,-5.160837323188262360e+01,5.602616683291961053e+00,1.650000000000000000e+02,1.807416131595679417e+03,9.160629196611895964e+01,2.520000000000000000e+06,2.762200000000000211e-01,-1.033775550000068733e+03,1.000000000000000000e+00
1.966782277263803749e-03,4.340285511512897293e-03,6.777457510012400155e-01,4.511074326243428856e-01,2.000000000000000000e+01,7.366103097303250413e-02,0.000000000000000000e+00,0.000000000000000000e+00,0.000000000000000000e+00,0.000000000000000000e+00,-6.154087552663845884e+01,5.234722108860776935e+00,1.660000000000000000e+02,1.038563202190630136e+03,9.968817249638432543e+01,2.410900000000000000e+06,2.289899999999999991e-01,-5.324696069999962447e+02,1.000000000000000000e+00
3.036074012150153864e-03,4.943110902987397220e-03,6.793220369814150228e-01,-2.221641288718563256e-01,2.000000000000000000e+01,7.513472937191301160e-02,0.000000000000000000e+00,0.000000000000000000e+00,0.000000000000000000e+00,0.000000000000000000e+00,-5.832690709578197641e+01,6.218764898582504586e+00,1.670000000000000000e+02,1.031871349154254176e+03,1.002722291693367538e+02,2.500800000000000000e+06,1.478399999999999992e-01,-3.249531999999912841e+02,1.000000000000000000e+00
2.452020388325434376e-03,5.019062028714474724e-03,6.857789256695793201e-01,-1.771633673301807654e+00,2.000000000000000000e+01,7.447757411050459631e-02,0.000000000000000000e+00,0.000000000000000000e+00,0.000000000000000000e+00,0.000000000000000000e+00,-6.485460923342731121e+01,5.523708241909291772e+00,1.680000000000000000e+02,6.161411291767452667e+02,1.077138677971739895e+02,2.396100000000000000e+06,1.648999999999999910e-01,-3.521874970000351937e+02,1.000000000000000000e+00
2.871586712197702479e-03,4.981397964732304715e-03,6.460435290669024333e-01,1.128475864091353476e+00,2.000000000000000000e+01,7.416132084455975826e-02,0.000000000000000000e+00,0.000000000000000000e+00,0.000000000000000000e+00,0.000000000000000000e+00,-5.302077184314919123e+01,5.644250139196985927e+00,1.690000000000000000e+02,1.585026940981839061e+03,9.349793048188641365e+01,2.511300000000000000e+06,2.511200000000000099e-01,-7.723738439998750209e+02,1.000000000000000000e+00
2.380762524209661599e-03,3.485641590157976567e-03,5.505181315931925168e-01,-1.657901709067325091e-01,2.000000000000000000e+01,7.206258612015029041e-02,0.000000000000000000e+00,0.000000000000000000e+00,0.000000000000000000e+00,0.000000000000000000e+00,-6.013695289793577103e+01,6.047139665652169427e+00,1.700000000000000000e+02,1.004551716949174875e+03,1.007095951816555583e+02,2.454100000000000000e+06,1.743599999999999872e-01,-5.273583209999493420e+02,1.000000000000000000e+00
3.319939254205088452e-03,4.562290822429947157e-03,9.882029857050940169e-01,-4.805474088067309246e+00,2.000000000000000000e+01,7.304158242094810349e-02,0.000000000000000000e+00,0.000000000000000000e+00,0.000000000000000000e+00,0.000000000000000000e+00,-6.260101966310017474e+01,7.209612554241322968e+00,1.710000000000000000e+02,2.623421905150835300e+02,1.139255330010574738e+02,2.509700000000000000e+06,3.137400000000000189e-01,-7.562081100000266360e+02,1.000000000000000000e+00
2.240755062447715058e-03,4.566502335316989514e-03,6.529089519496473759e-01,-2.581891430975449708e+00,2.000000000000000000e+01,6.504352227719385759e-02,0.000000000000000000e+00,0.000000000000000000e+00,0.000000000000000000e+00,0.000000000000000000e+00,-6.948135036033451684e+01,5.749175292233394075e+00,1.720000000000000000e+02,2.619625491251588869e+02,1.140032937785025666e+02,2.361000000000000000e+06,6.322099999999999942e-02,-5.931180000000063757e+01,1.000000000000000000e+00
2.798921519024577011e-03,4.955786510697762076e-03,6.707586001526422148e-01,-3.201829240265028798e+00,2.000000000000000000e+01,7.439735509832914873e-02,0.000000000000000000e+00,0.000000000000000000e+00,0.000000000000000000e+00,0.000000000000000000e+00,-6.711676371056091739e+01,6.422022667385515859e+00,1.730000000000000000e+02,2.479831407934711649e+02,1.148607939280706773e+02,2.416800000000000000e+06,2.134199999999999986e-01,-6.111150000000396858e+02,1.000000000000000000e+00
2.342123965698878277e-03,4.834681010194104636e-03,7.463151147678882547e-01,-2.073072127974745715e+00,2.000000000000000000e+01,7.599232763128030421e-02,0.000000000000000000e+00,0.000000000000000000e+00,0.000000000000000000e+00,0.000000000000000000e+00,-6.967120145129878495e+01,5.963732995348649979e+00,1.740000000000000000e+02,2.458290254107201349e+02,1.151122110004114063e+02,2.368600000000000000e+06,8.891599999999999504e-02,-9.805215199999871345e+01,1.000000000000000000e+00
3.016020926735689389e-03,4.106885246005271932e-03,5.025121264158372014e-01,1.852523598897878321e+00,2.000000000000000000e+01,7.545397224825951821e-02,0.000000000000000000e+00,0.000000000000000000e+00,0.000000000000000000e+00,0.000000000000000000e+00,-4.857040346571364609e+01,5.124448861524702359e+00,1.750000000000000000e+02,1.978144769629231178e+03,9.095954600595052852e+01,2.508500000000000000e+06,2.620399999999999952e-01,-1.139105430000162414e+03,1.000000000000000000e+00
3.521552789672859063e-03,4.086509191138430058e-03,5.897372503158451185e-01,1.842535997263152092e+00,2.000000000000000000e+01,7.402452979603199590e-02,0.000000000000000000e+00,0.000000000000000000e+00,0.000000000000000000e+00,0.000000000000000000e+00,-5.045252683862648269e+01,5.955320708321422352e+00,1.760000000000000000e+02,1.929077814726382940e+03,9.097160837980037229e+01,2.556000000000000000e+06,4.842799999999999883e-01,-2.607336600000246108e+03,1.000000000000000000e+00
2.724959297611426277e-03,4.880903529094133761e-03,6.802706358312782253e-01,4.457514702694105324e-01,2.000000000000000000e+01,7.353643329325440514e-02,0.000000000000000000e+00,0.000000000000000000e+00,0.000000000000000000e+00,0.000000000000000000e+00,-6.056325091171761699e+01,5.370895965192955757e+00,1.770000000000000000e+02,1.167093275646355323e+03,9.923936066350179885e+01,2.427100000000000000e+06,3.133699999999999819e-01,-1.126329200000260926e+03,1.000000000000000000e+00
2.834468398204805645e-03,4.869386734494746127e-03,7.650243462835571995e-01,-3.234110937511544548e-01,2.000000000000000000e+01,7.541687895055960988e-02,0.000000000000000000e+00,0.000000000000000000e+00,0.000000000000000000e+00,0.000000000000000000e+00,-6.383904726331215329e+01,6.605108845956085162e+00,1.780000000000000000e+02,5.654902228759940499e+02,1.083955705905972593e+02,2.464400000000000000e+06,1.091300000000000048e-01,-1.567207529999935502e+02,1.000000000000000000e+00
2.439745016950211308e-03,4.697460609415130862e-03,8.783958978400041584e-01,-1.153923321342807728e+00,2.000000000000000000e+01,7.169061374485927174e-02,0.000000000000000000e+00,0.000000000000000000e+00,0.000000000000000000e+00,0.000000000000000000e+00,-6.260788837793452899e+01,6.862156529483368850e+00,1.790000000000000000e+02,5.680914612350339894e+02,1.081358671524208575e+02,2.493400000000000000e+06,6.865200000000000191e-01,-2.327262462000198866e+03,1.000000000000000000e+00
3.078997087566269324e-03,4.786443067123138245e-03,5.189272257000098199e-01,2.631236751245578986e+00,2.000000000000000000e+01,6.961020330916639631e-02,0.000000000000000000e+00,0.000000000000000000e+00,0.000000000000000000e+00,0.000000000000000000e+00,-3.528015438937391224e+01,6.491182550138087315e+00,1.800000000000000000e+02,3.837814222564630654e+03,8.803977184869252426e+01,2.723700000000000000e+06,4.673800000000000177e-02,-7.741129999999888867e+01,1.000000000000000000e+00
2.848769654777492336e-03,5.004813690101056478e-03,6.243408933927865334e-01,8.946402789216982843e-01,2.000000000000000000e+01,7.386872766515455158e-02,0.000000000000000000e+00,0.000000000000000000e+00,0.000000000000000000e+00,0.000000000000000000e+00,-5.365812101715825122e+01,5.481910747560316821e+00,1.810000000000000000e+02,1.568632278346921794e+03,9.438676402144037070e+01,2.494500000000000000e+06,3.201999999999999846e-01,-1.225169267000017044e+03,1.000000000000000000e+00
3.026445753409411250e-03,4.717891767157152139e-03,6.558805600694128657e-01,9.481938101937097407e-01,2.000000000000000000e+01,7.408012031307922851e-02,0.000000000000000000e+00,0.000000000000000000e+00,0.000000000000000000e+00,0.000000000000000000e+00,-5.444235958809622389e+01,5.502048581961433982e+00,1.820000000000000000e+02,1.509375005300744306e+03,9.459284070183237247e+01,2.489400000000000000e+06,2.780900000000000039e-01,-9.602824000002143521e+02,1.000000000000000000e+00
2.865971481484799223e-03,4.703300590016765148e-03,7.102101398049007752e-01,9.528869895853290251e-01,2.000000000000000000e+01,7.389495715676444587e-02,0.000000000000000000e+00,0.000000000000000000e+00,0.000000000000000000e+00,0.000000000000000000e+00,-5.450922624414224060e+01,5.430124556398501667e+00,1.830000000000000000e+02,1.504520460590602170e+03,9.461719811324563523e+01,2.483700000000000000e+06,2.500999999999999890e-01,-6.954802400000675107e+02,1.000000000000000000e+00
2.943998855972606351e-03,4.673204457226803540e-03,5.572135763954733090e-01,1.380502852271722869e+00,2.000000000000000000e+01,7.469333131740586718e-02,0.000000000000000000e+00,0.000000000000000000e+00,0.000000000000000000e+00,0.000000000000000000e+00,-4.865701137384871799e+01,5.436834590973802506e+00,1.840000000000000000e+02,1.861608823415362167e+03,9.151487810775840614e+01,2.531900000000000000e+06,2.801899999999999946e-01,-1.085939778000059732e+03,1.000000000000000000e+00
2.723711655447431761e-03,5.093361549648147552e-03,5.509081448163499761e-01,1.504511933041168925e+00,2.000000000000000000e+01,7.417254015998824002e-02,0.000000000000000000e+00,0.000000000000000000e+00,0.000000000000000000e+00,0.000000000000000000e+00,-5.725356943439334145e+01,6.124528567062919038e+00,1.850000000000000000e+02,1.312891250354089834e+03,9.678911546851263381e+01,2.504200000000000000e+06,3.118600000000000261e-01,-1.337302399999616455e+03,1.000000000000000000e+00
2.536388002144233239e-03,4.512724274337151162e-03,6.867847547834834421e-01,-5.726066240397442719e-01,2.000000000000000000e+01,7.412933763552624622e-02,0.000000000000000000e+00,0.000000000000000000e+00,0.000000000000000000e+00,0.000000000000000000e+00,-5.707333871943566095e+01,6.294652448114838705e+00,1.860000000000000000e+02,9.706169424970827322e+02,1.014475108869161204e+02,2.482600000000000000e+06,1.422400000000000053e-01,-2.973802479999843058e+02,1.000000000000000000e+00
2.380709343481527893e-03,5.026248673173469746e-03,7.108958730623997635e-01,1.294674748765975991e-01,2.000000000000000000e+01,7.429182045040844118e-02,0.000000000000000000e+00,0.000000000000000000e+00,0.000000000000000000e+00,0.000000000000000000e+00,-6.437963749999903484e+01,5.864229991717051504e+00,1.870000000000000000e+02,7.510189454614234137e+02,1.052234578580260944e+02,2.418700000000000000e+06,1.623699999999999866e-01,-3.160393939999821100e+02,1.000000000000000000e+00
2.999666782110681131e-03,4.751978487691636659e-03,6.684414226273720505e-01,7.665320335526921713e-01,2.000000000000000000e+01,7.442100211668210841e-02,0.000000000000000000e+00,0.000000000000000000e+00,0.000000000000000000e+00,0.000000000000000000e+00,-5.454139191669879949e+01,5.659515312201338411e+00,1.880000000000000000e+02,1.450950614233869146e+03,9.509346282218321278e+01,2.499300000000000000e+06,2.187800000000000022e-01,-6.097999999999479996e+02,1.000000000000000000e+00
2.577831606190200513e-03,5.266111898131364821e-03,6.538982102119447193e-01,9.712018553388022113e-01,2.000000000000000000e+01,7.352940912510905203e-02,0.000000000000000000e+00,0.000000000000000000e+00,0.000000000000000000e+00,0.000000000000000000e+00,-5.532666905608460439e+01,5.498606093138178608e+00,1.890000000000000000e+02,1.484552829540720950e+03,9.499307839062238656e+01,2.481400000000000000e+06,3.116099999999999981e-01,-1.054311977000046909e+03,1.000000000000000000e+00
3.146220407404941299e-03,4.288866285153135165e-03,7.132650108419000823e-01,8.715881849530426884e-01,2.000000000000000000e+01,8.333915209474955510e-02,0.000000000000000000e+00,0.000000000000000000e+00,0.000000000000000000e+00,0.000000000000000000e+00,-5.852835337033736351e+01,5.656460772837335504e+00,1.900000000000000000e+02,1.445632333405797453e+03,9.544739818940094267e+01,2.483500000000000000e+06,2.301400000000000112e-01,-7.054603670000836928e+02,1.000000000000000000e+00
2.365914009657294707e-03,5.357023758574445266e-03,6.067222822828597373e-01,-2.945416299934687565e+00,2.000000000000000000e+01,7.460640698627417355e-02,0.000000000000000000e+00,0.000000000000000000e+00,0.000000000000000000e+00,0.000000000000000000e+00,-6.742675173374425412e+01,5.617601618570306599e+00,1.910000000000000000e+02,3.630670626327298010e+02,1.123302102292175562e+02,2.375400000000000000e+06,1.878599999999999992e-01,-4.961522969999826955e+02,1.000000000000000000e+00
2.797029757641822031e-03,5.173917271124206518e-03,6.723841977175586404e-01,3.914060931190372905e-01,2.000000000000000000e+01,7.418815012121229846e-02,0.000000000000000000e+00,0.000000000000000000e+00,0.000000000000000000e+00,0.000000000000000000e+00,-5.993503189288862387e+01,6.561482154653891286e+00,1.920000000000000000e+02,8.800164522382243604e+02,1.018657679736680848e+02,2.504200000000000000e+06,2.205199999999999938e-01,-5.900716569999584635e+02,1.000000000000000000e+00
2.758788447082170629e-03,4.989553937735414363e-03,6.387842207645291204e-01,-1.103656313195338523e+00,2.000000000000000000e+01,7.539535962481636044e-02,0.000000000000000000e+00,0.000000000000000000e+00,0.000000000000000000e+00,0.000000000000000000e+00,-5.709045304710753044e+01,6.663893652422037128e+00,1.930000000000000000e+02,8.746858423120611405e+02,1.020064922859938719e+02,2.542200000000000000e+06,1.398899999999999866e-01,-2.932827630000127783e+02,1.000000000000000000e+00
1.759631800930833156e-03,4.654067127641308560e-03,6.373704618525859456e-01,-6.533344788811062953e-01,2.000000000000000000e+01,7.444493852553418778e-02,0.000000000000000000e+00,0.000000000000000000e+00,0.000000000000000000e+00,0.000000000000000000e+00,-5.981761858310331093e+01,5.635145380917614411e+00,1.940000000000000000e+02,8.775928149551853039e+02,1.019188952725834412e+02,2.450500000000000000e+06,1.560300000000000020e-01,-2.649401720000120122e+02,1.000000000000000000e+00
2.754485264407970004e-03,5.008956528820137158e-03,6.362067799732131768e-01,-1.025875669402664059e+00,2.000000000000000000e+01,7.603610199468292807e-02,0.000000000000000000e+00,0.000000000000000000e+00,0.000000000000000000e+00,0.000000000000000000e+00,-5.711882726246359709e+01,6.661267042046032039e+00,1.950000000000000000e+02,9.035829705824322673e+02,1.018306176313022746e+02,2.541700000000000000e+06,1.106300000000000061e-01,-1.980125999999965529e+02,1.000000000000000000e+00
2.439971924016223325e-03,5.137216774592712025e-03,6.326626146588510968e-01,4.676804098575210178e-01,2.000000000000000000e+01,7.416514792010703294e-02,0.000000000000000000e+00,0.000000000000000000e+00,0.000000000000000000e+00,0.000000000000000000e+00,-5.687451876865214473e+01,5.578241336405213247e+00,1.960000000000000000e+02,1.294532990891844975e+03,9.702994842944347909e+01,2.473200000000000000e+06,2.186299999999999910e-01,-5.853536010000575516e+02,1.000000000000000000e+00
3.405717704523007587e-03,3.739894682727765499e-03,6.004616582496096200e-01,1.730239353082662301e+00,2.000000000000000000e+01,7.378652560171658492e-02,0.000000000000000000e+00,0.000000000000000000e+00,0.000000000000000000e+00,0.000000000000000000e+00,-4.971775778360425591e+01,5.946867675842051781e+00,1.970000000000000000e+02,2.005860319357809431e+03,9.074681066309224775e+01,2.562300000000000000e+06,5.479399999999999826e-01,-2.735505349999694317e+03,1.000000000000000000e+00
2.615844308353208400e-03,4.538996827748694243e-03,7.153211370226122412e-01,1.926488465963908769e+00,2.000000000000000000e+01,7.216219599717321742e-02,0.000000000000000000e+00,0.000000000000000000e+00,0.000000000000000000e+00,0.000000000000000000e+00,-5.030639818498858062e+01,5.800610880877413500e+00,1.980000000000000000e+02,1.991729062584725398e+03,9.086775929037138155e+01,2.546000000000000000e+06,6.638399999999999856e-01,-2.393552799999461058e+03,1.000000000000000000e+00
2.844638742607708860e-03,4.961284369416673300e-03,6.439661661323503594e-01,1.127255474739583541e+00,2.000000000000000000e+01,7.414925567752589375e-02,0.000000000000000000e+00,0.000000000000000000e+00,0.000000000000000000e+00,0.000000000000000000e+00,-5.281218988655086832e+01,5.626412566903089996e+00,1.990000000000000000e+02,1.598798915945245199e+03,9.340958785318245816e+01,2.511900000000000000e+06,2.522699999999999942e-01,-7.790530949999605355e+02,1.000000000000000000e+00
