3.530649821281766406e-03,4.419560158512094404e-03,5.548514391185398464e-01,2.901936824243301238e+00,2.000000000000000000e+01,7.799509024153000736e-02,0.000000000000000000e+00,0.000000000000000000e+00,0.000000000000000000e+00,0.000000000000000000e+00,-3.817962984867480003e+01,7.640614339790142928e+00,0.000000000000000000e+00,2.693009291975879023e+03,8.453823649302506738e+01,2.806700000000000000e+06,9.811200000000000476e-02,-1.638383999999948628e+02,1.000000000000000000e+00
3.712751311057541949e-03,4.646376799540496115e-03,5.621296657309331479e-01,2.701418827722359417e+00,2.000000000000000000e+01,7.699100992221172279e-02,0.000000000000000000e+00,0.000000000000000000e+00,0.000000000000000000e+00,0.000000000000000000e+00,-3.815765898901458542e+01,7.591466906895375288e+00,1.000000000000000000e+00,2.587303619412492480e+03,8.455090138294292501e+01,2.802600000000000000e+06,1.363600000000000090e-01,-2.859086999999963155e+02,1.000000000000000000e+00
2.552207359767671730e-03,6.513898768388619830e-04,4.472582395403784661e-01,-2.331363500310269643e+01,2.000000000000000000e+01,8.147267051779286118e-02,0.000000000000000000e+00,0.000000000000000000e+00,0.000000000000000000e+00,0.000000000000000000e+00,-9.271593111401628562e+01,6.163242482818364287e+00,2.000000000000000000e+00,8.178778969025033518e+01,2.879723871665251522e+02,2.064700000000000000e+06,7.280200000000000560e-02,-9.672117899999999224e+01,1.000000000000000000e+00
2.712742175147112283e-03,4.023097803629986993e-03,4.849062549969636038e-01,1.994315313760252284e+00,2.000000000000000000e+01,7.280158432649005973e-02,0.000000000000000000e+00,0.000000000000000000e+00,0.000000000000000000e+00,0.000000000000000000e+00,-4.422568476149891126e+01,6.579433395609086688e+00,3.000000000000000000e+00,2.468355825578449185e+03,8.773546178167521248e+01,2.661500000000000000e+06,6.756600000000000383e-01,-2.309568386998694223e+03,1.000000000000000000e+00
3.282730892286919895e-03,4.042004843824151261e-03,4.880269378899068089e-01,2.654712549771253816e+00,2.000000000000000000e+01,7.807004447967172411e-02,0.000000000000000000e+00,0.000000000000000000e+00,0.000000000000000000e+00,0.000000000000000000e+00,-4.225860170011908679e+01,6.000540159804912399e+00,4.000000000000000000e+00,2.430065865890804616e+03,8.774250925712944138e+01,2.627500000000000000e+06,1.039999999999999952e-01,-2.419497299999963786e+02,1.000000000000000000e+00
3.112651933552604711e-03,4.255392875219672112e-03,4.883926221677903912e-01,2.451695468732052241e+00,2.000000000000000000e+01,7.552933129130015577e-02,0.000000000000000000e+00,0.000000000000000000e+00,0.000000000000000000e+00,0.000000000000000000e+00,-4.215313061435562503e+01,5.777266315016031939e+00,5.000000000000000000e+00,2.234749811722134382e+03,8.813395501397100418e+01,2.609000000000000000e+06,2.820799999999999974e-01,-1.208401649999711935e+03,1.000000000000000000e+00
3.405590205498621164e-03,3.695333037868146417e-03,5.270117060422063737e-01,1.878675803489421536e+00,2.000000000000000000e+01,7.717154227517578069e-02,0.000000000000000000e+00,0.000000000000000000e+00,0.000000000000000000e+00,0.000000000000000000e+00,-4.627050565043560937e+01,5.956953693597069943e+00,6.000000000000000000e+00,2.026637692056513743e+03,8.923185986845523132e+01,2.592100000000000000e+06,1.319899999999999962e-01,-3.538730099999731351e+02,1.000000000000000000e+00
3.230670721349487677e-03,3.986255183883409547e-03,4.702379691091497227e-01,1.885543765890361989e+00,2.000000000000000000e+01,7.509057218326303795e-02,0.000000000000000000e+00,0.000000000000000000e+00,0.000000000000000000e+00,0.000000000000000000e+00,-4.357163373476903701e+01,6.241160009182091351e+00,7.000000000000000000e+00,2.208561711456429293e+03,8.826542885218789536e+01,2.638100000000000000e+06,4.397400000000000198e-01,-2.403325500000086777e+03,1.000000000000000000e+00
3.421504224081230693e-03,3.994132007997087432e-03,7.542228004298500155e-01,1.055799180139289639e+00,2.000000000000000000e+01,7.257822102061034508e-02,0.000000000000000000e+00,0.000000000000000000e+00,0.000000000000000000e+00,0.000000000000000000e+00,-4.685495886164480339e+01,7.731191582649374894e+00,8.000000000000000000e+00,1.769374718480143656e+03,9.001225000409883137e+01,2.729900000000000000e+06,8.181000000000000494e-01,-3.019432899999931124e+03,1.000000000000000000e+00
2.757601724803086622e-03,9.685592928417456659e-04,4.065870295862282213e-01,-3.003890708148532873e+00,2.000000000000000000e+01,7.279895175571943211e-02,0.000000000000000000e+00,0.000000000000000000e+00,0.000000000000000000e+00,0.000000000000000000e+00,-9.601651190650946432e+01,5.816460056084020280e+00,9.000000000000000000e+00,1.363513344864150270e+02,1.940875768278790474e+02,2.074500000000000000e+06,2.353500000000000036e-01,-3.473228739999879622e+02,1.000000000000000000e+00
2.387968981758457378e-03,3.703465338776052752e-03,3.609738968861672115e-01,-2.198272911687199738e+01,2.000000000000000000e+01,7.595544362247277914e-02,0.000000000000000000e+00,0.000000000000000000e+00,0.000000000000000000e+00,0.000000000000000000e+00,-7.182753335181840271e+01,8.515748209891308207e+00,1.000000000000000000e+01,1.566539459299646069e+02,1.890478926735861478e+02,2.407100000000000000e+06,3.991100000000000203e-01,-1.598447600000513376e+03,1.000000000000000000e+00
2.515515682104318626e-03,4.845584522592312308e-03,6.838915239731572226e-01,1.972741917444527926e-01,2.000000000000000000e+01,7.368435725781229129e-02,0.000000000000000000e+00,0.000000000000000000e+00,0.000000000000000000e+00,0.000000000000000000e+00,-5.809824006245139572e+01,5.525212103067266511e+00,1.100000000000000000e+01,1.175969750546900741e+03,9.841227829992529053e+01,2.459100000000000000e+06,2.680500000000000105e-01,-7.863369920000835691e+02,1.000000000000000000e+00
2.339264954411954603e-03,4.327516053571204765e-03,4.821191068130933899e-01,1.196294683345586307e+00,2.000000000000000000e+01,7.644922208893710491e-02,0.000000000000000000e+00,0.000000000000000000e+00,0.000000000000000000e+00,0.000000000000000000e+00,-4.766485191392019516e+01,6.587481897775231410e+00,1.200000000000000000e+01,1.633753713218660778e+03,9.063207696834683702e+01,2.630600000000000000e+06,1.370699999999999974e-01,-3.260579940000155261e+02,1.000000000000000000e+00
3.446147354105456861e-03,5.077379309938518347e-03,8.234103386757214427e-01,7.619951213179936289e-01,2.000000000000000000e+01,7.272519254275475187e-02,0.000000000000000000e+00,0.000000000000000000e+00,0.000000000000000000e+00,0.000000000000000000e+00,-4.682154337233237129e+01,7.358883738439004674e+00,1.300000000000000000e+01,1.632714417454829118e+03,9.119738489680939608e+01,2.699700000000000000e+06,6.200599999999999445e-01,-2.043307560000547937e+03,1.000000000000000000e+00
2.742465084044298784e-03,4.573376879547112750e-03,9.943191430542993592e-01,-4.034150036263030259e+00,2.000000000000000000e+01,6.910392146340896269e-02,0.000000000000000000e+00,0.000000000000000000e+00,0.000000000000000000e+00,0.000000000000000000e+00,-5.972698017673040738e+01,7.067943370863384089e+00,1.400000000000000000e+01,3.322023039546243695e+02,1.112663715028536586e+02,2.536900000000000000e+06,2.305399999999999949e-01,-3.108513999999913153e+02,1.000000000000000000e+00
2.669305067271631263e-03,4.871972724733351912e-03,6.245726381075623612e-01,-1.954969002617764851e+00,2.000000000000000000e+01,7.678048582992785809e-02,0.000000000000000000e+00,0.000000000000000000e+00,0.000000000000000000e+00,0.000000000000000000e+00,-6.717936960061581431e+01,6.284948201533841150e+00,1.500000000000000000e+01,3.218027023342824577e+02,1.131121036312247554e+02,2.410700000000000000e+06,8.688800000000000689e-02,-1.392333549999992499e+02,1.000000000000000000e+00
2.668749014096442537e-03,4.774978852289772646e-03,7.055164048568478563e-01,2.805300585928093282e-01,2.000000000000000000e+01,7.405697399461302899e-02,0.000000000000000000e+00,0.000000000000000000e+00,0.000000000000000000e+00,0.000000000000000000e+00,-5.666733051322492543e+01,5.839286686094378176e+00,1.600000000000000000e+01,1.198050059035255572e+03,9.754603805136899553e+01,2.492400000000000000e+06,2.174000000000000099e-01,-5.268625740000338737e+02,1.000000000000000000e+00
2.336095596955156586e-03,5.209176205395547182e-03,6.915974783245121271e-01,1.108119923013605734e-01,2.000000000000000000e+01,7.299285831206098196e-02,0.000000000000000000e+00,0.000000000000000000e+00,0.000000000000000000e+00,0.000000000000000000e+00,-5.768420691047911220e+01,5.946641199230755959e+00,1.700000000000000000e+01,1.105712470318132318e+03,9.874318424172385278e+01,2.489400000000000000e+06,3.717699999999999894e-01,-1.270711573000321550e+03,1.000000000000000000e+00
2.903354095486274621e-03,5.533344833407538230e-03,9.163815271822750574e-01,1.004945112644040517e+00,2.000000000000000000e+01,7.310618600329531203e-02,0.000000000000000000e+00,0.000000000000000000e+00,0.000000000000000000e+00,0.000000000000000000e+00,-5.615092444764632518e+01,6.688363374471808065e+00,1.800000000000000000e+01,1.225981642911991003e+03,9.704300145927624044e+01,2.552700000000000000e+06,2.581700000000000106e-01,-4.738679990000370594e+02,1.000000000000000000e+00
2.631953884694687978e-03,5.220581616154745461e-03,6.858942215478609494e-01,7.698003285814836172e-02,2.000000000000000000e+01,7.340393064564154635e-02,0.000000000000000000e+00,0.000000000000000000e+00,0.000000000000000000e+00,0.000000000000000000e+00,-5.832905438900901629e+01,5.947434575416055580e+00,1.900000000000000000e+01,1.078926752027911562e+03,9.928243257177425107e+01,2.483100000000000000e+06,3.251800000000000246e-01,-1.110524313999926790e+03,1.000000000000000000e+00
3.276734561856058103e-03,5.480728871671238477e-03,9.017406088159890531e-01,-2.113865415372120360e+00,2.000000000000000000e+01,7.575339445054293797e-02,0.000000000000000000e+00,0.000000000000000000e+00,0.000000000000000000e+00,0.000000000000000000e+00,-6.200234099302485902e+01,7.387355181225432332e+00,2.000000000000000000e+01,3.667890830750123996e+02,1.099849363902839201e+02,2.530600000000000000e+06,9.179400000000000059e-02,-9.677777999999864278e+01,1.000000000000000000e+00
2.946177386127049949e-03,4.671024259766793328e-03,5.950395933119987379e-01,-1.758077403778897319e+00,2.000000000000000000e+01,7.465823221172637747e-02,0.000000000000000000e+00,0.000000000000000000e+00,0.000000000000000000e+00,0.000000000000000000e+00,-6.173939634876866478e+01,6.623014490123109610e+00,2.100000000000000000e+01,6.301656017233116245e+02,1.071168744779261317e+02,2.488200000000000000e+06,2.634900000000000020e-01,-9.934893999999170546e+02,1.000000000000000000e+00
2.747680285176481562e-03,5.439981504550567108e-03,9.228206173568794801e-01,1.069216051525463840e+00,2.000000000000000000e+01,7.247460472144581778e-02,0.000000000000000000e+00,0.000000000000000000e+00,0.000000000000000000e+00,0.000000000000000000e+00,-5.136178983451727476e+01,6.941907955875564085e+00,2.200000000000000000e+01,1.403178380735307655e+03,9.278477473119716024e+01,2.620100000000000000e+06,4.850300000000000167e-01,-1.072544400000113001e+03,1.000000000000000000e+00
1.552923643260292579e-03,2.291544289633293437e-03,2.493294972603846693e-01,9.677263343748940372e+00,2.000000000000000000e+01,8.084293666279226964e-02,0.000000000000000000e+00,0.000000000000000000e+00,0.000000000000000000e+00,0.000000000000000000e+00,-7.295243227459394575e+01,7.652327452027611443e+00,2.300000000000000000e+01,1.576559069406708602e+02,1.473049557402966627e+02,2.382400000000000000e+06,5.585099999999999787e-02,-1.471735809999971991e+02,1.000000000000000000e+00
1.913773159040568599e-03,4.544223957203202130e-03,5.695921003342180322e-01,1.338154578031744979e+00,2.000000000000000000e+01,7.416118464982000835e-02,0.000000000000000000e+00,0.000000000000000000e+00,0.000000000000000000e+00,0.000000000000000000e+00,-5.608887337838819320e+01,5.390146994597156294e+00,2.400000000000000000e+01,1.391499042089688601e+03,9.471012233862074936e+01,2.467500000000000000e+06,2.195400000000000129e-01,-5.811542000000014241e+02,1.000000000000000000e+00
2.191614084967712268e-03,4.500950791845868479e-03,5.026217014321161525e-01,1.634372094643814499e-01,2.000000000000000000e+01,7.496833471962327522e-02,0.000000000000000000e+00,0.000000000000000000e+00,0.000000000000000000e+00,0.000000000000000000e+00,-5.825760790845455261e+01,6.236641401196765244e+00,2.500000000000000000e+01,9.744362849699914477e+02,9.949405157408419598e+01,2.502200000000000000e+06,2.217600000000000127e-01,-7.474754100000784547e+02,1.000000000000000000e+00
2.560614588057839522e-03,4.926245682019616233e-03,6.225161925696530707e-01,-6.793793196012961610e-01,2.000000000000000000e+01,7.408167443911975458e-02,0.000000000000000000e+00,0.000000000000000000e+00,0.000000000000000000e+00,0.000000000000000000e+00,-6.404916096739127340e+01,6.069566412256914845e+00,2.600000000000000000e+01,6.553191905199045095e+02,1.064923724870217114e+02,2.432800000000000000e+06,2.578199999999999936e-01,-8.669872519998629059e+02,1.000000000000000000e+00
2.773791882698003076e-03,4.807265153696997639e-03,6.309722622262735614e-01,4.368261688867104420e-01,2.000000000000000000e+01,7.523966750079906507e-02,0.000000000000000000e+00,0.000000000000000000e+00,0.000000000000000000e+00,0.000000000000000000e+00,-5.513949180188042476e+01,5.743184482691749082e+00,2.700000000000000000e+01,1.386540062907136644e+03,9.625021793048922802e+01,2.500000000000000000e+06,1.487100000000000088e-01,-3.338058700000037220e+02,1.000000000000000000e+00
2.863430337162370647e-03,4.648214093904069755e-03,5.920284649637430618e-01,-1.634036843830245500e+00,2.000000000000000000e+01,7.447743168800682878e-02,0.000000000000000000e+00,0.000000000000000000e+00,0.000000000000000000e+00,0.000000000000000000e+00,-6.120487628886522202e+01,6.369288146840282216e+00,2.800000000000000000e+01,7.256819878089931990e+02,1.059928298156570889e+02,2.479200000000000000e+06,2.843700000000000117e-01,-1.123628142000015941e+03,1.000000000000000000e+00
2.208641092019133535e-03,4.871355550417535291e-03,7.177819931884211746e-01,-7.629673812450556980e-01,2.000000000000000000e+01,6.675852598384976466e-02,0.000000000000000000e+00,0.000000000000000000e+00,0.000000000000000000e+00,0.000000000000000000e+00,-6.534460457768244623e+01,5.547025741057589165e+00,2.900000000000000000e+01,7.157143071714424423e+02,1.064730923156015763e+02,2.348500000000000000e+06,2.202300000000000091e-01,-4.849963999999750399e+02,1.000000000000000000e+00
3.094133821217018212e-03,2.222573341551550320e-03,9.792197769901247462e-01,1.747601089001022956e-01,2.000000000000000000e+01,6.633482171706941988e-02,0.000000000000000000e+00,0.000000000000000000e+00,0.000000000000000000e+00,0.000000000000000000e+00,-5.702049724174506196e+01,7.598039601315713654e+00,3.000000000000000000e+01,7.773148285770780603e+02,1.007238316214745026e+02,2.603900000000000000e+06,7.919900000000000551e-02,-6.249677999999954636e+01,1.000000000000000000e+00
3.895496294520297935e-03,2.065271888540854209e-03,5.386982904885306844e-01,-3.375813735360615020e+00,2.000000000000000000e+01,6.796885446657262297e-02,0.000000000000000000e+00,0.000000000000000000e+00,0.000000000000000000e+00,0.000000000000000000e+00,-7.764130909418776127e+01,6.914535634996302527e+00,3.100000000000000000e+01,1.680548677039227243e+02,1.419474645549660181e+02,2.349900000000000000e+06,5.435399999999999954e-02,-1.031665799999992856e+02,1.000000000000000000e+00
2.788165701817431862e-03,4.633865123194257779e-03,7.249847035619251256e-01,-1.108925676676986605e+00,2.000000000000000000e+01,7.423070917516724765e-02,0.000000000000000000e+00,0.000000000000000000e+00,0.000000000000000000e+00,0.000000000000000000e+00,-5.925059431861494375e+01,6.557092499823536258e+00,3.200000000000000000e+01,7.517203794454360377e+02,1.034290867710297590e+02,2.511800000000000000e+06,2.058699999999999974e-01,-4.786978829999872005e+02,1.000000000000000000e+00
2.536388002144233239e-03,4.512724274337151162e-03,6.867847547834834421e-01,-5.726066240397442719e-01,2.000000000000000000e+01,7.412933763552624622e-02,0.000000000000000000e+00,0.000000000000000000e+00,0.000000000000000000e+00,0.000000000000000000e+00,-5.707333871943566095e+01,6.294652448114838705e+00,3.300000000000000000e+01,9.455436720848891810e+02,1.003965542957156032e+02,2.517900000000000000e+06,2.234700000000000020e-01,-5.577487339999902360e+02,1.000000000000000000e+00
2.685461827535192813e-03,4.896169000584255429e-03,6.422837175297989587e-01,-1.479556617484646397e+00,2.000000000000000000e+01,7.469312090032698137e-02,0.000000000000000000e+00,0.000000000000000000e+00,0.000000000000000000e+00,0.000000000000000000e+00,-6.452999092995587205e+01,6.184088972282137497e+00,3.400000000000000000e+01,5.197869976126523852e+02,1.085828824637679730e+02,2.433700000000000000e+06,1.855499999999999927e-01,-4.858059999999986189e+02,1.000000000000000000e+00
2.605770080911614089e-03,4.711112829862164168e-03,6.360694923586116545e-01,-1.177218514352423639e+00,2.000000000000000000e+01,7.603942470652255703e-02,0.000000000000000000e+00,0.000000000000000000e+00,0.000000000000000000e+00,0.000000000000000000e+00,-6.413888394852504860e+01,6.277713228783809996e+00,3.500000000000000000e+01,5.482229535188457703e+02,1.080020235179511161e+02,2.443400000000000000e+06,1.056700000000000000e-01,-1.882407890000048667e+02,1.000000000000000000e+00
2.777269816104927305e-03,4.715822434598078601e-03,5.986229259727073870e-01,-5.324334978803844542e+00,2.000000000000000000e+01,7.504923297846546881e-02,0.000000000000000000e+00,0.000000000000000000e+00,0.000000000000000000e+00,0.000000000000000000e+00,-6.921699435624358898e+01,6.583982834802289297e+00,3.600000000000000000e+01,1.787591359569889846e+02,1.206194692101463914e+02,2.398000000000000000e+06,2.030599999999999905e-01,-6.468581960000690287e+02,1.000000000000000000e+00
2.752275091424835791e-03,4.654193114604320003e-03,6.166298958183697998e-01,-3.368134800313696164e+00,2.000000000000000000e+01,7.629704505043435891e-02,0.000000000000000000e+00,0.000000000000000000e+00,0.000000000000000000e+00,0.000000000000000000e+00,-7.116082049517238772e+01,6.191196473967535141e+00,3.700000000000000000e+01,1.813613471835557505e+02,1.201670282496333186e+02,2.361200000000000000e+06,1.065200000000000036e-01,-2.163981469999916953e+02,1.000000000000000000e+00
2.359085836327971201e-03,5.424390361797751768e-03,7.728840334881185159e-01,-1.095719081436454106e-01,2.000000000000000000e+01,7.436280401968348164e-02,0.000000000000000000e+00,0.000000000000000000e+00,0.000000000000000000e+00,0.000000000000000000e+00,-6.310293711404548844e+01,6.699997121570776315e+00,3.800000000000000000e+01,5.815354682273761000e+02,1.075382086822416596e+02,2.477700000000000000e+06,1.411900000000000099e-01,-2.134885949999995489e+02,1.000000000000000000e+00
3.032898260660526167e-03,4.852057125865628581e-03,6.989521304585417649e-01,4.938003752905523180e-01,2.000000000000000000e+01,7.462705398862191919e-02,0.000000000000000000e+00,0.000000000000000000e+00,0.000000000000000000e+00,0.000000000000000000e+00,-5.537229523672117182e+01,6.216284757318490506e+00,3.900000000000000000e+01,1.282062444569395211e+03,9.645102839282461105e+01,2.529700000000000000e+06,1.774799999999999989e-01,-4.104659999999929596e+02,1.000000000000000000e+00
2.347026833026377365e-03,4.456112668801050919e-03,6.894906943397176580e-01,5.012489960790291743e-01,2.000000000000000000e+01,7.447827123413043593e-02,0.000000000000000000e+00,0.000000000000000000e+00,0.000000000000000000e+00,0.000000000000000000e+00,-5.578860319556596892e+01,5.539802432042458591e+00,4.000000000000000000e+01,1.314835840687358541e+03,9.638985494233990892e+01,2.480500000000000000e+06,1.656400000000000095e-01,-3.187212420000218458e+02,1.000000000000000000e+00
2.360800233424724566e-03,5.030561446092603195e-03,6.791471099817868451e-01,-4.860925624068531903e+00,2.000000000000000000e+01,7.333446856112334211e-02,0.000000000000000000e+00,0.000000000000000000e+00,0.000000000000000000e+00,0.000000000000000000e+00,-7.219477022526869803e+01,5.610038294007754445e+00,4.100000000000000000e+01,2.099908426832105022e+02,1.193128378287166385e+02,2.325100000000000000e+06,3.358200000000000074e-01,-1.203165599999554615e+03,1.000000000000000000e+00
2.626346527445299131e-03,4.354901052564273678e-03,1.099994718557371964e+00,-2.694126674973588820e+00,2.000000000000000000e+01,6.914159538034514441e-02,0.000000000000000000e+00,0.000000000000000000e+00,0.000000000000000000e+00,0.000000000000000000e+00,-6.487402543421606538e+01,6.966180964834031819e+00,4.200000000000000000e+01,2.219006403683179656e+02,1.135155175073200269e+02,2.471700000000000000e+06,2.346199999999999952e-01,-2.875459049999970489e+02,1.000000000000000000e+00
2.911434745720125044e-03,4.767872143430575832e-03,1.172091483231579190e+00,-2.493623251242955252e+00,2.000000000000000000e+01,7.439418275017672944e-02,0.000000000000000000e+00,0.000000000000000000e+00,0.000000000000000000e+00,0.000000000000000000e+00,-6.748376804355336844e+01,6.557663857596947921e+00,4.300000000000000000e+01,2.176121212067232591e+02,1.156485522102548344e+02,2.420300000000000000e+06,1.171299999999999980e-01,-9.024068999999960283e+01,1.000000000000000000e+00
3.654273189689387011e-03,1.638221577518168956e-03,5.303682118895791664e-01,-3.208568909335657970e+00,2.000000000000000000e+01,6.753014973969780066e-02,0.000000000000000000e+00,0.000000000000000000e+00,0.000000000000000000e+00,0.000000000000000000e+00,-7.916248072728490115e+01,6.665049706431707577e+00,4.400000000000000000e+01,1.596736633247166424e+02,1.517486864609870736e+02,2.282300000000000000e+06,4.986600000000000060e-02,-9.147179999999960387e+01,1.000000000000000000e+00
3.563326710076159670e-03,3.321507609256044505e-03,5.543404321961036274e-01,-4.772298822934502915e+00,2.000000000000000000e+01,7.378242908802387645e-02,0.000000000000000000e+00,0.000000000000000000e+00,0.000000000000000000e+00,0.000000000000000000e+00,-7.635210491762261142e+01,7.089726943648229529e+00,4.500000000000000000e+01,1.714985539265487660e+02,1.497355884062332052e+02,2.330000000000000000e+06,6.953799999999999981e-01,-2.750831969999611829e+03,1.000000000000000000e+00
3.652480179761876007e-03,3.662949860171804423e-03,5.160242675151763825e-01,-6.826150303529751717e+00,2.000000000000000000e+01,7.444293820204571366e-02,0.000000000000000000e+00,0.000000000000000000e+00,0.000000000000000000e+00,0.000000000000000000e+00,-7.566763449873755576e+01,7.301483242392128759e+00,4.600000000000000000e+01,1.691850320796052642e+02,1.522314061467085082e+02,2.343300000000000000e+06,6.661299999999999999e-01,-2.963151660001097298e+03,1.000000000000000000e+00
3.463100487022054402e-03,1.772794302147561807e-03,4.977247841853258969e-01,-5.078499108364111336e+00,2.000000000000000000e+01,6.191969590195656875e-02,0.000000000000000000e+00,0.000000000000000000e+00,0.000000000000000000e+00,0.000000000000000000e+00,-8.900948375995362483e+01,6.272394688312595612e+00,4.700000000000000000e+01,1.703958022113375819e+02,1.607327750279976897e+02,2.242600000000000000e+06,4.742500000000000188e-02,-8.766401999999948202e+01,1.000000000000000000e+00
2.901718920135248556e-03,4.821271390760577778e-03,5.279537283189088548e-01,2.094722664472884244e+00,2.000000000000000000e+01,7.574776602174143614e-02,0.000000000000000000e+00,0.000000000000000000e+00,0.000000000000000000e+00,0.000000000000000000e+00,-3.864770176011515446e+01,6.094067399332569579e+00,4.800000000000000000e+01,2.460419330420385904e+03,8.793318506064231599e+01,2.663100000000000000e+06,1.811500000000000055e-01,-4.887918489999731264e+02,1.000000000000000000e+00
3.559168131317649170e-03,1.858352889291082577e-03,4.253704167324615648e-01,-4.953841068338090459e+00,2.000000000000000000e+01,6.817250697799978609e-02,0.000000000000000000e+00,0.000000000000000000e+00,0.000000000000000000e+00,0.000000000000000000e+00,-7.346315800022415488e+01,6.527682697394290301e+00,4.900000000000000000e+01,1.778790904639610915e+02,1.575670486297367461e+02,2.247400000000000000e+06,3.798800000000000093e-02,-6.278459999999945751e+01,1.000000000000000000e+00
2.648906014391770244e-03,4.811708391934982343e-03,6.140682616874192368e-01,-7.527597415580264961e-01,2.000000000000000000e+01,7.401397694403835659e-02,0.000000000000000000e+00,0.000000000000000000e+00,0.000000000000000000e+00,0.000000000000000000e+00,-6.428745013168469313e+01,5.868242165331508886e+00,5.000000000000000000e+01,7.278175813267222338e+02,1.061032078831643304e+02,2.419500000000000000e+06,2.920699999999999963e-01,-1.121056799999844998e+03,1.000000000000000000e+00
3.087880971687593547e-03,4.379174135501196635e-03,6.132714598686638263e-01,-4.242295179553877915e+00,2.000000000000000000e+01,7.581522876106287778e-02,0.000000000000000000e+00,0.000000000000000000e+00,0.000000000000000000e+00,0.000000000000000000e+00,-7.070135695679128673e+01,6.234963017164387722e+00,5.100000000000000000e+01,2.104928293760219731e+02,1.201657665722677137e+02,2.367200000000000000e+06,1.534800000000000053e-01,-4.071910800000131871e+02,1.000000000000000000e+00
2.736480466934004818e-03,4.335654293666835191e-03,5.073313105253109967e-01,-5.838341526103396184e+00,2.000000000000000000e+01,7.678712795344352915e-02,0.000000000000000000e+00,0.000000000000000000e+00,0.000000000000000000e+00,0.000000000000000000e+00,-6.905516009736459182e+01,6.341901724342331903e+00,5.200000000000000000e+01,2.161005957074850130e+02,1.197019410103775101e+02,2.388400000000000000e+06,1.365899999999999892e-01,-4.017359999999812885e+02,1.000000000000000000e+00
1.694203342512967669e-03,6.079158115934785514e-03,6.486468099067512760e-01,-9.331902829997990034e-02,2.000000000000000000e+01,7.340215685512843646e-02,0.000000000000000000e+00,0.000000000000000000e+00,0.000000000000000000e+00,0.000000000000000000e+00,-5.774729749347770280e+01,6.001327781698027053e+00,5.300000000000000000e+01,1.101394925879733137e+03,9.935956684190855981e+01,2.492500000000000000e+06,2.327799999999999869e-01,-4.811553069999507102e+02,1.000000000000000000e+00
3.271251462554073796e-03,4.731975549498338568e-03,5.220135148673418213e-01,2.405351043328234351e+00,2.000000000000000000e+01,6.425327445270473392e-02,0.000000000000000000e+00,0.000000000000000000e+00,0.000000000000000000e+00,0.000000000000000000e+00,-3.267178549543318411e+01,6.289658307880559462e+00,5.400000000000000000e+01,3.610363697441833210e+03,8.616787224125013722e+01,2.711400000000000000e+06,6.642400000000000526e-01,-1.996787980000320431e+03,1.000000000000000000e+00
3.112651933552604711e-03,4.255392875219672112e-03,4.883926221677903912e-01,2.451695468732052241e+00,2.000000000000000000e+01,7.552933129130015577e-02,0.000000000000000000e+00,0.000000000000000000e+00,0.000000000000000000e+00,0.000000000000000000e+00,-4.215313061435562503e+01,5.777266315016031939e+00,5.500000000000000000e+01,3.473650040865864867e+03,8.633995276185922307e+01,2.709900000000000000e+06,6.357399999999999718e-01,-1.706693280000252571e+03,1.000000000000000000e+00
2.068060322299590699e-03,5.427182388309987476e-03,5.148675058956129202e-01,2.353648808063055764e+00,2.000000000000000000e+01,7.173047487159633917e-02,0.000000000000000000e+00,0.000000000000000000e+00,0.000000000000000000e+00,0.000000000000000000e+00,-4.237335802325992518e+01,6.405794137615606232e+00,5.600000000000000000e+01,2.946548276975704539e+03,8.713053154126697564e+01,2.662400000000000000e+06,6.505499999999999616e-01,-1.939085289999596171e+03,1.000000000000000000e+00
3.235579418062268543e-03,4.176466025110968198e-03,5.453810824536561297e-01,2.104171613571297783e+00,2.000000000000000000e+01,7.344495918106042076e-02,0.000000000000000000e+00,0.000000000000000000e+00,0.000000000000000000e+00,0.000000000000000000e+00,-3.804578982217692129e+01,6.466112557684631668e+00,5.700000000000000000e+01,2.713919309875261661e+03,8.719914819596790778e+01,2.701700000000000000e+06,7.026700000000000168e-01,-2.894259970001138299e+03,1.000000000000000000e+00
2.789562056042708873e-03,4.905148916907404837e-03,7.240828559213923210e-01,-3.634043915639171285e+00,2.000000000000000000e+01,7.725892145951104850e-02,0.000000000000000000e+00,0.000000000000000000e+00,0.000000000000000000e+00,0.000000000000000000e+00,-5.695571087517777897e+01,7.200632127405150129e+00,5.800000000000000000e+01,5.288243953097512531e+02,1.098711860063722270e+02,2.578200000000000000e+06,7.288000000000000034e-02,-7.737600000000045952e+01,1.000000000000000000e+00
2.755315965531749539e-03,4.550351234137000808e-03,5.826051721890113111e-01,-3.639458024134058611e+00,2.000000000000000000e+01,7.608681019489149655e-02,0.000000000000000000e+00,0.000000000000000000e+00,0.000000000000000000e+00,0.000000000000000000e+00,-7.229728068994776891e+01,6.104953931473302120e+00,5.900000000000000000e+01,1.809324903441249432e+02,1.216483618949898329e+02,2.344700000000000000e+06,1.271299999999999930e-01,-3.064467210000052546e+02,1.000000000000000000e+00
3.142057145826097908e-03,4.772418639770585960e-03,6.131020951059571455e-01,-1.124878271512919969e+00,2.000000000000000000e+01,7.579474594815360788e-02,0.000000000000000000e+00,0.000000000000000000e+00,0.000000000000000000e+00,0.000000000000000000e+00,-6.423448044617778407e+01,6.001283650578136175e+00,6.000000000000000000e+01,6.805819581609503075e+02,1.070405962576404590e+02,2.427600000000000000e+06,1.374499999999999889e-01,-3.519975300000131710e+02,1.000000000000000000e+00
2.310452192481857875e-03,4.516131543425390242e-03,7.730879418671297021e-01,-6.891135729372315222e-01,2.000000000000000000e+01,7.337268813046737836e-02,0.000000000000000000e+00,0.000000000000000000e+00,0.000000000000000000e+00,0.000000000000000000e+00,-6.744032602230623752e+01,5.192348307465550761e+00,6.100000000000000000e+01,6.964511242828582454e+02,1.065505610766243194e+02,2.355600000000000000e+06,2.510200000000000209e-01,-6.032950000000849968e+02,1.000000000000000000e+00
2.899201757517360593e-03,5.064574483648638138e-03,8.365502004724658658e-01,-9.008720930165958762e-01,2.000000000000000000e+01,7.294374482522980596e-02,0.000000000000000000e+00,0.000000000000000000e+00,0.000000000000000000e+00,0.000000000000000000e+00,-6.609794902310626696e+01,5.498928101208914399e+00,6.200000000000000000e+01,6.951013148026971749e+02,1.068119812614797866e+02,2.383100000000000000e+06,3.481000000000000205e-01,-1.126160981999935302e+03,1.000000000000000000e+00
3.345407085893326200e-03,3.084815535862238563e-03,7.158395206060065297e-01,-6.149467600358750730e+00,2.000000000000000000e+01,6.577099447658449338e-02,0.000000000000000000e+00,0.000000000000000000e+00,0.000000000000000000e+00,0.000000000000000000e+00,-6.754005190680804560e+01,6.960988865731282615e+00,6.300000000000000000e+01,1.826427426193835117e+02,1.202765419336947872e+02,2.434300000000000000e+06,6.204500000000000293e-02,-7.135999999999967258e+01,1.000000000000000000e+00
2.609510682701396932e-03,5.068089996992391003e-03,6.875220838464276563e-01,8.671573851436547020e-01,2.000000000000000000e+01,7.340949360789565670e-02,0.000000000000000000e+00,0.000000000000000000e+00,0.000000000000000000e+00,0.000000000000000000e+00,-5.751840125354638644e+01,5.386514733514893294e+00,6.400000000000000000e+01,1.365576015982938770e+03,9.639102163727542916e+01,2.455000000000000000e+06,3.147099999999999898e-01,-1.044347999999771218e+03,1.000000000000000000e+00
2.452020388325434376e-03,5.019062028714474724e-03,6.857789256695793201e-01,-1.771633673301807654e+00,2.000000000000000000e+01,7.447757411050459631e-02,0.000000000000000000e+00,0.000000000000000000e+00,0.000000000000000000e+00,0.000000000000000000e+00,-6.485460923342731121e+01,5.523708241909291772e+00,6.500000000000000000e+01,6.161411291767452667e+02,1.077138677971739895e+02,2.396100000000000000e+06,1.648999999999999910e-01,-3.521874970000351937e+02,1.000000000000000000e+00
2.619976635898705209e-03,4.354624926978183097e-03,5.799886984156235048e-01,-1.649580924941961069e+00,2.000000000000000000e+01,7.876903136484036949e-02,0.000000000000000000e+00,0.000000000000000000e+00,0.000000000000000000e+00,0.000000000000000000e+00,-6.366315203796298761e+01,6.138710881034080025e+00,6.600000000000000000e+01,6.131443389025056376e+02,1.077713660305967522e+02,2.441700000000000000e+06,5.838499999999999940e-02,-7.528104599999905133e+01,1.000000000000000000e+00
3.430414687855303651e-03,3.760791212661139873e-03,5.157232349408497063e-01,1.939310903421093801e+00,2.000000000000000000e+01,7.673345045807888898e-02,0.000000000000000000e+00,0.000000000000000000e+00,0.000000000000000000e+00,0.000000000000000000e+00,-4.629698598391294695e+01,5.643720452275893251e+00,6.700000000000000000e+01,2.036494375611851183e+03,8.954866272544681749e+01,2.566900000000000000e+06,1.650000000000000078e-01,-5.423815199999846755e+02,1.000000000000000000e+00
3.386785084879800033e-03,4.231799932656881910e-03,4.605066469850890298e-01,1.399771876969785112e+00,2.000000000000000000e+01,7.522335713098840526e-02,0.000000000000000000e+00,0.000000000000000000e+00,0.000000000000000000e+00,0.000000000000000000e+00,-4.343025817596405602e+01,6.386589486415196859e+00,6.800000000000000000e+01,2.188187358340292121e+03,8.935934637081507503e+01,2.651500000000000000e+06,4.524699999999999833e-01,-2.538895199998719818e+03,1.000000000000000000e+00
2.174057634414985462e-03,4.985045444721921196e-03,5.368915255599525649e-01,-4.043320506415130078e-01,2.000000000000000000e+01,7.630861384077623766e-02,0.000000000000000000e+00,0.000000000000000000e+00,0.000000000000000000e+00,0.000000000000000000e+00,-5.676918545833431295e+01,6.293332252821327799e+00,6.900000000000000000e+01,1.028546004896713384e+03,9.963351043399725881e+01,2.521300000000000000e+06,1.087400000000000033e-01,-2.026177319999985400e+02,1.000000000000000000e+00
2.215943688669047736e-03,4.902610810082025719e-03,6.233264737168673353e-01,-6.448936066089670793e-03,2.000000000000000000e+01,7.420533894005165720e-02,0.000000000000000000e+00,0.000000000000000000e+00,0.000000000000000000e+00,0.000000000000000000e+00,-5.823937066907727456e+01,5.377411173877796990e+00,7.000000000000000000e+01,1.166858919770166494e+03,9.908942462807728191e+01,2.448600000000000000e+06,2.076399999999999912e-01,-5.257853060000186360e+02,1.000000000000000000e+00
2.171001446057379929e-03,5.148854444844365788e-03,6.661458170678461466e-01,1.546450634635947452e-01,2.000000000000000000e+01,7.335931804449827287e-02,0.000000000000000000e+00,0.000000000000000000e+00,0.000000000000000000e+00,0.000000000000000000e+00,-5.894665862193848227e+01,5.327995307244102641e+00,7.100000000000000000e+01,1.170507196927096857e+03,9.889503460161769510e+01,2.439200000000000000e+06,2.909399999999999764e-01,-8.606607309999275230e+02,1.000000000000000000e+00
2.834468398204805645e-03,4.869386734494746127e-03,7.650243462835571995e-01,-3.234110937511544548e-01,2.000000000000000000e+01,7.541687895055960988e-02,0.000000000000000000e+00,0.000000000000000000e+00,0.000000000000000000e+00,0.000000000000000000e+00,-6.383904726331215329e+01,6.605108845956085162e+00,7.200000000000000000e+01,5.654902228759940499e+02,1.083955705905972593e+02,2.464400000000000000e+06,1.091300000000000048e-01,-1.567207529999935502e+02,1.000000000000000000e+00
3.217045724673021651e-03,5.118381881822274028e-03,5.924794365458723178e-01,2.752447486743343497e+00,2.000000000000000000e+01,7.184647832504036102e-02,0.000000000000000000e+00,0.000000000000000000e+00,0.000000000000000000e+00,0.000000000000000000e+00,-3.856256427816508392e+01,6.136560910144938319e+00,7.300000000000000000e+01,3.515739092570676803e+03,8.719571228240388905e+01,2.668300000000000000e+06,8.228199999999999958e-01,-2.706699660000166659e+03,1.000000000000000000e+00
2.787963127682984918e-03,4.858116842999564249e-03,6.822809372660032512e-01,6.262846133833017692e-01,2.000000000000000000e+01,7.366145980343385968e-02,0.000000000000000000e+00,0.000000000000000000e+00,0.000000000000000000e+00,0.000000000000000000e+00,-5.876679573229807829e+01,5.564091004104048110e+00,7.400000000000000000e+01,1.219167114664869587e+03,9.793821680526477280e+01,2.455100000000000000e+06,3.001300000000000079e-01,-1.015757690000017305e+03,1.000000000000000000e+00
3.348518486854484659e-03,3.540011242117828850e-03,7.495083973423749546e-01,-1.671263848047993994e+00,2.000000000000000000e+01,6.770852912808544843e-02,0.000000000000000000e+00,0.000000000000000000e+00,0.000000000000000000e+00,0.000000000000000000e+00,-5.722787124327224717e+01,7.537651300225597595e+00,7.500000000000000000e+01,7.646330296361001047e+02,1.039545849788036662e+02,2.598300000000000000e+06,1.044000000000000067e-01,-1.507004999999994936e+02,1.000000000000000000e+00
2.689016968445710580e-03,4.805525821688869451e-03,6.511222167547074946e-01,-7.146600904742183014e-01,2.000000000000000000e+01,7.486164861278271632e-02,0.000000000000000000e+00,0.000000000000000000e+00,0.000000000000000000e+00,0.000000000000000000e+00,-6.133456232169680789e+01,6.173210070411173866e+00,7.600000000000000000e+01,7.738154206544138560e+02,1.038646935099140620e+02,2.467000000000000000e+06,1.640800000000000036e-01,-3.830018090000270945e+02,1.000000000000000000e+00
3.385645509529406141e-03,4.818657332648348599e-03,5.554162681991062778e-01,2.682777756153771342e+00,2.000000000000000000e+01,6.932100421858305994e-02,0.000000000000000000e+00,0.000000000000000000e+00,0.000000000000000000e+00,0.000000000000000000e+00,-4.186931571687336628e+01,6.314115461522030515e+00,7.700000000000000000e+01,4.074739474137154048e+03,8.714151211197119551e+01,2.662700000000000000e+06,3.092400000000000149e-01,-5.307147400000475272e+02,1.000000000000000000e+00
2.723711655447431761e-03,5.093361549648147552e-03,5.509081448163499761e-01,1.504511933041168925e+00,2.000000000000000000e+01,7.417254015998824002e-02,0.000000000000000000e+00,0.000000000000000000e+00,0.000000000000000000e+00,0.000000000000000000e+00,-5.725356943439334145e+01,6.124528567062919038e+00,7.800000000000000000e+01,1.312891250354089834e+03,9.678911546851263381e+01,2.504200000000000000e+06,3.118600000000000261e-01,-1.337302399999616455e+03,1.000000000000000000e+00
2.439971924016223325e-03,5.137216774592712025e-03,6.326626146588510968e-01,4.676804098575210178e-01,2.000000000000000000e+01,7.416514792010703294e-02,0.000000000000000000e+00,0.000000000000000000e+00,0.000000000000000000e+00,0.000000000000000000e+00,-5.687451876865214473e+01,5.578241336405213247e+00,7.900000000000000000e+01,1.294532990891844975e+03,9.702994842944347909e+01,2.473200000000000000e+06,2.186299999999999910e-01,-5.853536010000575516e+02,1.000000000000000000e+00
2.711788968626404478e-03,3.646475545229932100e-03,5.548651245815691135e-01,6.354611026135249530e-01,2.000000000000000000e+01,7.627664513271287250e-02,0.000000000000000000e+00,0.000000000000000000e+00,0.000000000000000000e+00,0.000000000000000000e+00,-5.810273045776561673e+01,5.640916747895730943e+00,8.000000000000000000e+01,1.256090374497691300e+03,9.754569369082292951e+01,2.466300000000000000e+06,1.354200000000000126e-01,-3.338471999999898117e+02,1.000000000000000000e+00
3.101239879336881514e-03,3.860141731451261198e-03,5.862204252948073346e-01,5.102725809702681747e-01,2.000000000000000000e+01,7.434877109102361326e-02,0.000000000000000000e+00,0.000000000000000000e+00,0.000000000000000000e+00,0.000000000000000000e+00,-5.648882834686879306e+01,6.410859889772387632e+00,8.100000000000000000e+01,1.269499198738797759e+03,9.753528209765453028e+01,2.531500000000000000e+06,3.729999999999999982e-01,-1.826961380000412419e+03,1.000000000000000000e+00
3.087929198850424516e-03,4.227271737042240934e-03,7.604789873862805027e-01,2.882944198953063974e+00,2.000000000000000000e+01,6.845537869186751889e-02,0.000000000000000000e+00,0.000000000000000000e+00,0.000000000000000000e+00,0.000000000000000000e+00,-4.114396037490354274e+01,6.224045383273299592e+00,8.200000000000000000e+01,3.210721521065760953e+03,8.734919999487497932e+01,2.658100000000000000e+06,1.944599999999999940e-01,-2.784256500000080337e+02,1.000000000000000000e+00
2.617650899841218043e-03,4.904117441538940331e-03,6.321466464357592407e-01,3.378157777203431578e-01,2.000000000000000000e+01,7.443903611258725905e-02,0.000000000000000000e+00,0.000000000000000000e+00,0.000000000000000000e+00,0.000000000000000000e+00,-6.517218155161350523e+01,5.869407155828163525e+00,8.300000000000000000e+01,7.420286590227899524e+02,1.062142846088904662e+02,2.410700000000000000e+06,2.012299999999999922e-01,-5.656646939999274082e+02,1.000000000000000000e+00
3.319939254205088452e-03,4.562290822429947157e-03,9.882029857050940169e-01,-4.805474088067309246e+00,2.000000000000000000e+01,7.304158242094810349e-02,0.000000000000000000e+00,0.000000000000000000e+00,0.000000000000000000e+00,0.000000000000000000e+00,-6.260101966310017474e+01,7.209612554241322968e+00,8.400000000000000000e+01,2.623421905150835300e+02,1.139255330010574738e+02,2.509700000000000000e+06,3.137400000000000189e-01,-7.562081100000266360e+02,1.000000000000000000e+00
2.580962611664888457e-03,4.707542983713918806e-03,6.105793024342948128e-01,-2.097149313331572174e+00,2.000000000000000000e+01,7.529268680834400040e-02,0.000000000000000000e+00,0.000000000000000000e+00,0.000000000000000000e+00,0.000000000000000000e+00,-6.663207843153679732e+01,5.970243981827524138e+00,8.500000000000000000e+01,4.271886781237102468e+02,1.110543729080360720e+02,2.400800000000000000e+06,1.494399999999999895e-01,-3.569509169999738560e+02,1.000000000000000000e+00
2.673126298568966053e-03,4.859791458224614960e-03,6.842935078043543839e-01,-1.882562906894477806e+00,2.000000000000000000e+01,7.791153633773514886e-02,0.000000000000000000e+00,0.000000000000000000e+00,0.000000000000000000e+00,0.000000000000000000e+00,-6.676552386048020082e+01,5.800750093477731184e+00,8.600000000000000000e+01,4.723003263440338060e+02,1.101535184876804294e+02,2.392300000000000000e+06,6.264400000000000523e-02,-6.682499999999939178e+01,1.000000000000000000e+00
2.789562056042708873e-03,4.905148916907404837e-03,7.240828559213923210e-01,-3.634043915639171285e+00,2.000000000000000000e+01,7.725892145951104850e-02,0.000000000000000000e+00,0.000000000000000000e+00,0.000000000000000000e+00,0.000000000000000000e+00,-5.695571087517777897e+01,7.200632127405150129e+00,8.700000000000000000e+01,4.406037406422558433e+02,1.107438422880423730e+02,2.559500000000000000e+06,6.656499999999999639e-01,-1.966511309999249534e+03,1.000000000000000000e+00
2.870311032591028790e-03,4.959245380715006542e-03,7.949641658959253343e-01,-3.404104080806555355e-01,2.000000000000000000e+01,7.498747157668381180e-02,0.000000000000000000e+00,0.000000000000000000e+00,0.000000000000000000e+00,0.000000000000000000e+00,-6.397254015166659968e+01,6.875860786645691114e+00,8.800000000000000000e+01,4.846840926045292690e+02,1.100896068472605123e+02,2.478000000000000000e+06,1.218400000000000039e-01,-1.839676409999958366e+02,1.000000000000000000e+00
1.907311108980801672e-03,4.836181215383303367e-03,6.382178408720009521e-01,-8.204361638865160788e-01,2.000000000000000000e+01,7.737029138314754917e-02,0.000000000000000000e+00,0.000000000000000000e+00,0.000000000000000000e+00,0.000000000000000000e+00,-6.768842468967037007e+01,5.816734525329992245e+00,8.900000000000000000e+01,4.567842032298215145e+02,1.102011010521191423e+02,2.383900000000000000e+06,6.685900000000000176e-02,-6.229566000000023251e+01,1.000000000000000000e+00
2.596746160219871695e-03,5.206590511110697692e-03,9.007208350523945306e-01,9.794077764860332769e-01,2.000000000000000000e+01,7.304876526069087328e-02,0.000000000000000000e+00,0.000000000000000000e+00,0.000000000000000000e+00,0.000000000000000000e+00,-5.267449980961923472e+01,6.190552280927127171e+00,9.000000000000000000e+01,1.485659186116000683e+03,9.365694620465350795e+01,2.553200000000000000e+06,2.692899999999999738e-01,-4.650379240000384016e+02,1.000000000000000000e+00
3.046559137238162140e-03,5.975017639946575768e-03,8.840736098940131793e-01,9.850362760122814976e-01,2.000000000000000000e+01,7.264003596899451520e-02,0.000000000000000000e+00,0.000000000000000000e+00,0.000000000000000000e+00,0.000000000000000000e+00,-5.201942276122293407e+01,6.404169116132172768e+00,9.100000000000000000e+01,1.553887832465574320e+03,9.328790287966097594e+01,2.574300000000000000e+06,4.343799999999999883e-01,-1.129052119999962088e+03,1.000000000000000000e+00
2.797029757641822031e-03,5.173917271124206518e-03,6.723841977175586404e-01,3.914060931190372905e-01,2.000000000000000000e+01,7.418815012121229846e-02,0.000000000000000000e+00,0.000000000000000000e+00,0.000000000000000000e+00,0.000000000000000000e+00,-5.993503189288862387e+01,6.561482154653891286e+00,9.200000000000000000e+01,8.800164522382243604e+02,1.018657679736680848e+02,2.504200000000000000e+06,2.205199999999999938e-01,-5.900716569999584635e+02,1.000000000000000000e+00
2.284116576930915899e-03,4.690579094750714495e-03,1.277727265944586410e+00,-3.479959705116993374e-01,2.000000000000000000e+01,6.323446562141205041e-02,0.000000000000000000e+00,0.000000000000000000e+00,0.000000000000000000e+00,0.000000000000000000e+00,-5.790593341883150202e+01,7.598966714522281229e+00,9.300000000000000000e+01,7.782162185056374710e+02,1.024507578454026486e+02,2.634200000000000000e+06,2.645799999999999819e-01,-1.851883739999962302e+02,1.000000000000000000e+00
2.311221154660081205e-03,4.904386236593249494e-03,5.981221914368827219e-01,-5.174126860106749159e-01,2.000000000000000000e+01,7.592438685405189513e-02,0.000000000000000000e+00,0.000000000000000000e+00,0.000000000000000000e+00,0.000000000000000000e+00,-6.006294251244501936e+01,5.900890766433617429e+00,9.400000000000000000e+01,9.283838872832010338e+02,1.018573969961582009e+02,2.464000000000000000e+06,1.098999999999999977e-01,-1.958949189999946725e+02,1.000000000000000000e+00
2.724959297611426277e-03,4.880903529094133761e-03,6.802706358312782253e-01,4.457514702694105324e-01,2.000000000000000000e+01,7.353643329325440514e-02,0.000000000000000000e+00,0.000000000000000000e+00,0.000000000000000000e+00,0.000000000000000000e+00,-6.056325091171761699e+01,5.370895965192955757e+00,9.500000000000000000e+01,1.167093275646355323e+03,9.923936066350179885e+01,2.427100000000000000e+06,3.133699999999999819e-01,-1.126329200000260926e+03,1.000000000000000000e+00
2.951332383112025698e-03,4.281352688240001869e-03,7.132937530330969444e-01,-3.817041524953338261e+00,2.000000000000000000e+01,7.551587415930754998e-02,0.000000000000000000e+00,0.000000000000000000e+00,0.000000000000000000e+00,0.000000000000000000e+00,-7.196813944281191766e+01,6.026850369617590353e+00,9.600000000000000000e+01,1.936639840671599586e+02,1.204578483154413533e+02,2.345000000000000000e+06,1.245499999999999940e-01,-2.452289309999918885e+02,1.000000000000000000e+00
2.599050608625265955e-03,5.567453998336712763e-03,5.810174948512012438e-01,-3.632987159493666907e-01,2.000000000000000000e+01,7.923258087352885726e-02,0.000000000000000000e+00,0.000000000000000000e+00,0.000000000000000000e+00,0.000000000000000000e+00,-5.691836959244185579e+01,5.681191951914640548e+00,9.700000000000000000e+01,1.091832769322426884e+03,9.962055136715702020e+01,2.510000000000000000e+06,1.543400000000000050e-01,-3.720083309999593553e+02,1.000000000000000000e+00
3.036074012150153864e-03,4.943110902987397220e-03,6.793220369814150228e-01,-2.221641288718563256e-01,2.000000000000000000e+01,7.513472937191301160e-02,0.000000000000000000e+00,0.000000000000000000e+00,0.000000000000000000e+00,0.000000000000000000e+00,-5.832690709578197641e+01,6.218764898582504586e+00,9.800000000000000000e+01,1.031871349154254176e+03,1.002722291693367538e+02,2.500800000000000000e+06,1.478399999999999992e-01,-3.249531999999912841e+02,1.000000000000000000e+00
1.918905542311805318e-03,4.853391641412714910e-03,6.655339716631349933e-01,6.279386500948410665e-01,2.000000000000000000e+01,7.406194616407697773e-02,0.000000000000000000e+00,0.000000000000000000e+00,0.000000000000000000e+00,0.000000000000000000e+00,-6.188706203255996030e+01,5.362477456533275344e+00,9.900000000000000000e+01,1.061810613379700271e+03,1.000554678390421657e+02,2.414900000000000000e+06,1.738200000000000023e-01,-3.264875680000055240e+02,1.000000000000000000e+00
2.717943096180908732e-03,4.912937431279368154e-03,6.447168951876882659e-01,-1.219901462145540627e+00,2.000000000000000000e+01,7.691306147616691624e-02,0.000000000000000000e+00,0.000000000000000000e+00,0.000000000000000000e+00,0.000000000000000000e+00,-6.606480572136871388e+01,5.889968801021621125e+00,1.000000000000000000e+02,5.579219478797615466e+02,1.088529654271148530e+02,2.403500000000000000e+06,8.278199999999999448e-02,-1.205885999999974985e+02,1.000000000000000000e+00
1.932783680660642416e-03,5.315386369915423015e-03,7.833877372961305374e-01,-4.077532864291442960e-02,2.000000000000000000e+01,7.446893222955217051e-02,0.000000000000000000e+00,0.000000000000000000e+00,0.000000000000000000e+00,0.000000000000000000e+00,-6.607125373695113524e+01,6.075038837730174279e+00,1.010000000000000000e+02,5.575123167799275734e+02,1.089537762624444923e+02,2.412900000000000000e+06,1.237899999999999973e-01,-1.426546619999999450e+02,1.000000000000000000e+00
3.093539114341817883e-03,4.738765040940765352e-03,5.949877461872835616e-01,1.659933270052068144e+00,2.000000000000000000e+01,7.374871612091762896e-02,0.000000000000000000e+00,0.000000000000000000e+00,0.000000000000000000e+00,0.000000000000000000e+00,-4.607061834034625747e+01,5.787929193727130439e+00,1.020000000000000000e+02,2.060727252879080424e+03,8.988659621163282054e+01,2.579900000000000000e+06,4.386800000000000144e-01,-2.032795429999194994e+03,1.000000000000000000e+00
3.766269370304547483e-03,3.911237464755219252e-03,5.665138364363118129e-01,2.437310293082973089e+00,2.000000000000000000e+01,7.330752269576168434e-02,0.000000000000000000e+00,0.000000000000000000e+00,0.000000000000000000e+00,0.000000000000000000e+00,-4.649703519243020367e+01,6.430593598657953436e+00,1.030000000000000000e+02,2.457762250601317646e+03,8.846992752109468938e+01,2.628400000000000000e+06,7.880300000000000082e-01,-3.377886770001549849e+03,1.000000000000000000e+00
2.314376717768916718e-03,3.823452932030120370e-03,5.066887651885374488e-01,-1.563683402105590092e-01,2.000000000000000000e+01,7.576597379010241440e-02,0.000000000000000000e+00,0.000000000000000000e+00,0.000000000000000000e+00,0.000000000000000000e+00,-5.997939753255221262e+01,5.723835435601951183e+00,1.040000000000000000e+02,1.004551716949174875e+03,1.007095951816555583e+02,2.454100000000000000e+06,1.743599999999999872e-01,-5.273583209999493420e+02,1.000000000000000000e+00
2.827079247555992769e-03,5.075035332727829973e-03,7.309726816265746940e-01,2.211881661605267224e-01,2.000000000000000000e+01,7.371026423295161389e-02,0.000000000000000000e+00,0.000000000000000000e+00,0.000000000000000000e+00,0.000000000000000000e+00,-6.296281183724328656e+01,6.874355897319787800e+00,1.050000000000000000e+02,5.838087964788686577e+02,1.080602082287169736e+02,2.488400000000000000e+06,2.498700000000000088e-01,-6.960991710000379271e+02,1.000000000000000000e+00
2.968795997126198651e-03,3.978460359201570901e-03,4.782444658511107449e-01,1.783362196242000763e+00,2.000000000000000000e+01,7.265016750432008730e-02,0.000000000000000000e+00,0.000000000000000000e+00,0.000000000000000000e+00,0.000000000000000000e+00,-4.450340546281687182e+01,6.621927562459399397e+00,1.060000000000000000e+02,2.567852598407990627e+03,8.818289416232138933e+01,2.663000000000000000e+06,6.602500000000000036e-01,-2.132046081000569757e+03,1.000000000000000000e+00
2.554659263075443297e-03,4.826557540192184803e-03,6.204863503913926603e-01,-8.154685164827009114e-01,2.000000000000000000e+01,7.411094934505313425e-02,0.000000000000000000e+00,0.000000000000000000e+00,0.000000000000000000e+00,0.000000000000000000e+00,-6.505144892987624416e+01,5.478611169081711196e+00,1.070000000000000000e+02,7.678625038907014186e+02,1.056327312729903127e+02,2.391800000000000000e+06,2.569699999999999762e-01,-8.802009450001393134e+02,1.000000000000000000e+00
2.733753527869228588e-03,4.447984654011966424e-03,5.673380166971014882e-01,-9.888390814710216192e-01,2.000000000000000000e+01,7.537555182163777068e-02,0.000000000000000000e+00,0.000000000000000000e+00,0.000000000000000000e+00,0.000000000000000000e+00,-6.323737052390468705e+01,5.820830705561353291e+00,1.080000000000000000e+02,7.737654261178777233e+02,1.052876985549725646e+02,2.427900000000000000e+06,1.807100000000000095e-01,-5.497142559999737159e+02,1.000000000000000000e+00
2.823703349217136001e-03,4.820941586168974932e-03,6.417084989025410025e-01,3.335922939855864300e-01,2.000000000000000000e+01,7.530824627079631128e-02,0.000000000000000000e+00,0.000000000000000000e+00,0.000000000000000000e+00,0.000000000000000000e+00,-5.532738694933886592e+01,5.864001388197232600e+00,1.090000000000000000e+02,1.342699397214565352e+03,9.664766828887397310e+01,2.506500000000000000e+06,1.426199999999999968e-01,-3.098858360000187417e+02,1.000000000000000000e+00
2.575115145608312516e-03,4.267465581029026775e-03,6.769594664518779892e-01,-2.761364126899072069e+00,2.000000000000000000e+01,7.429925402866911777e-02,0.000000000000000000e+00,0.000000000000000000e+00,0.000000000000000000e+00,0.000000000000000000e+00,-6.663467941227349911e+01,6.294687719062828535e+00,1.100000000000000000e+02,3.609307938619463698e+02,1.132456645569020850e+02,2.416200000000000000e+06,2.216500000000000137e-01,-6.120751229999743828e+02,1.000000000000000000e+00
3.030402085392402099e-03,4.500550149276694167e-03,5.900506126741096313e-01,-2.983417252531980424e+00,2.000000000000000000e+01,7.585239929185966234e-02,0.000000000000000000e+00,0.000000000000000000e+00,0.000000000000000000e+00,0.000000000000000000e+00,-6.240537667950045631e+01,6.359457266528332653e+00,1.110000000000000000e+02,5.564815391036374876e+02,1.099579864780594107e+02,2.465700000000000000e+06,1.552099999999999869e-01,-4.260180000000242444e+02,1.000000000000000000e+00
2.512846803547154600e-03,4.851196184259830811e-03,6.878643498178954596e-01,1.273550984985051815e-01,2.000000000000000000e+01,7.383319247361083693e-02,0.000000000000000000e+00,0.000000000000000000e+00,0.000000000000000000e+00,0.000000000000000000e+00,-5.956484764923340691e+01,5.486690118432084873e+00,1.120000000000000000e+02,1.109878305183177645e+03,9.945707810572052665e+01,2.443300000000000000e+06,2.383200000000000041e-01,-6.526286969998944869e+02,1.000000000000000000e+00
3.019766553544098696e-03,4.808103830788305541e-03,6.591138068943492856e-01,3.115690292817475116e-01,2.000000000000000000e+01,7.404970792024986870e-02,0.000000000000000000e+00,0.000000000000000000e+00,0.000000000000000000e+00,0.000000000000000000e+00,-5.984299703013226690e+01,5.495292559582805936e+00,1.130000000000000000e+02,1.175269678959420162e+03,9.918718767765165012e+01,2.441200000000000000e+06,2.764900000000000135e-01,-9.880760499998715432e+02,1.000000000000000000e+00
3.916006178994447390e-03,5.342618378240952814e-03,1.111081109531867117e+00,-5.126041582464892166e+00,2.000000000000000000e+01,6.814187442247186810e-02,0.000000000000000000e+00,0.000000000000000000e+00,0.000000000000000000e+00,0.000000000000000000e+00,-6.827539451497619893e+01,7.589450158198522978e+00,1.140000000000000000e+02,2.626426246595595444e+02,1.145988883145929407e+02,2.492400000000000000e+06,7.637199999999999545e-01,-2.454342000000161988e+03,1.000000000000000000e+00
3.004146187792347718e-03,5.004235684951739531e-03,6.382956375808828131e-01,1.125253873171977670e+00,2.000000000000000000e+01,7.410019510958271161e-02,0.000000000000000000e+00,0.000000000000000000e+00,0.000000000000000000e+00,0.000000000000000000e+00,-5.266944062157386952e+01,5.755884033024925017e+00,1.150000000000000000e+02,1.584700448628959975e+03,9.332288201254601745e+01,2.522100000000000000e+06,2.823100000000000054e-01,-9.655535899999181311e+02,1.000000000000000000e+00
3.716458976920571089e-03,2.242473102937422511e-03,1.252871657304319486e+00,-1.120248840020649617e+01,2.000000000000000000e+01,7.180732119365750010e-02,0.000000000000000000e+00,0.000000000000000000e+00,0.000000000000000000e+00,0.000000000000000000e+00,-6.754250577359367469e+01,5.445311956810317433e+00,1.160000000000000000e+02,1.815927188647153230e+02,1.268909292409547049e+02,2.340900000000000000e+06,8.272899999999999698e-02,-5.208379000000024917e+01,1.000000000000000000e+00
3.231612967564237091e-03,4.029349975577342646e-03,5.512567267817699568e-01,-4.057948099515462204e+00,2.000000000000000000e+01,6.792968874114493905e-02,0.000000000000000000e+00,0.000000000000000000e+00,0.000000000000000000e+00,0.000000000000000000e+00,-6.674418343062261272e+01,6.701456994956275004e+00,1.170000000000000000e+02,2.462404901967701392e+02,1.163948339503962472e+02,2.435600000000000000e+06,1.113100000000000062e-01,-1.818482399999940924e+02,1.000000000000000000e+00
3.370936558033429519e-03,4.234108641487965494e-03,8.142906968660226230e-01,-5.274290651600554547e+00,2.000000000000000000e+01,7.611723536715836458e-02,0.000000000000000000e+00,0.000000000000000000e+00,0.000000000000000000e+00,0.000000000000000000e+00,-6.567175802597330403e+01,6.941970775216036671e+00,1.180000000000000000e+02,2.289134368439224829e+02,1.170188669328326654e+02,2.457500000000000000e+06,9.399899999999999922e-02,-1.301244599999995160e+02,1.000000000000000000e+00
3.153238645140399483e-03,4.509580123610297357e-03,5.285010735198997223e-01,-4.922206327013738836e+00,2.000000000000000000e+01,7.689294579629629700e-02,0.000000000000000000e+00,0.000000000000000000e+00,0.000000000000000000e+00,0.000000000000000000e+00,-6.914287190206458433e+01,6.393066288555683485e+00,1.190000000000000000e+02,2.219582628907241713e+02,1.191634843708467457e+02,2.391000000000000000e+06,1.323799999999999977e-01,-3.916026000000136378e+02,1.000000000000000000e+00
2.771470166878559419e-03,4.239050431777404912e-03,7.762944270638689748e-01,-3.102270721527838226e+00,2.000000000000000000e+01,7.669354108252898761e-02,0.000000000000000000e+00,0.000000000000000000e+00,0.000000000000000000e+00,0.000000000000000000e+00,-7.223229048916225281e+01,5.797111338454210561e+00,1.200000000000000000e+02,2.228167698732669351e+02,1.185708223791416032e+02,2.334500000000000000e+06,7.751700000000000257e-02,-8.220662999999969145e+01,1.000000000000000000e+00
2.209837641177241595e-03,5.718725363423046021e-03,5.305509376944921307e-01,-4.035060517813630732e+00,2.000000000000000000e+01,7.494847981206928522e-02,0.000000000000000000e+00,0.000000000000000000e+00,0.000000000000000000e+00,0.000000000000000000e+00,-7.225791078070484730e+01,5.634558209039202126e+00,1.210000000000000000e+02,2.235524250846499967e+02,1.184182819459919216e+02,2.326500000000000000e+06,1.833599999999999952e-01,-5.533865040000146109e+02,1.000000000000000000e+00
3.026445753409411250e-03,4.717891767157152139e-03,6.558805600694128657e-01,9.481938101937097407e-01,2.000000000000000000e+01,7.408012031307922851e-02,0.000000000000000000e+00,0.000000000000000000e+00,0.000000000000000000e+00,0.000000000000000000e+00,-5.444235958809622389e+01,5.502048581961433982e+00,1.220000000000000000e+02,1.509375005300744306e+03,9.459284070183237247e+01,2.489400000000000000e+06,2.780900000000000039e-01,-9.602824000002143521e+02,1.000000000000000000e+00
2.392191269128958377e-03,4.949913207775978076e-03,6.950895892280275490e-01,-2.489838468797329618e-01,2.000000000000000000e+01,7.431766549005276723e-02,0.000000000000000000e+00,0.000000000000000000e+00,0.000000000000000000e+00,0.000000000000000000e+00,-5.808674344837975667e+01,5.719423762456500526e+00,1.230000000000000000e+02,1.084909034664629871e+03,9.974618658516422443e+01,2.471500000000000000e+06,1.723899999999999877e-01,-3.464398849999844856e+02,1.000000000000000000e+00
2.090252717183385938e-03,4.149436472247228572e-03,6.941915282561640366e-01,1.654858228493411243e+00,2.000000000000000000e+01,7.394123337798540196e-02,0.000000000000000000e+00,0.000000000000000000e+00,0.000000000000000000e+00,0.000000000000000000e+00,-5.671551961121519980e+01,4.837951736167191541e+00,1.240000000000000000e+02,1.550271924262470748e+03,9.439963839454750882e+01,2.426300000000000000e+06,1.967099999999999960e-01,-3.892295289999686361e+02,1.000000000000000000e+00
3.254173728212967319e-03,6.497135543414035361e-03,1.129349924153109974e+00,3.937655995180859847e-01,2.000000000000000000e+01,7.158213660415128909e-02,0.000000000000000000e+00,0.000000000000000000e+00,0.000000000000000000e+00,0.000000000000000000e+00,-4.732077003292131678e+01,8.294508500635499715e+00,1.250000000000000000e+02,1.637656957388305500e+03,9.197051511593649309e+01,2.769200000000000000e+06,1.441500000000000004e+00,-2.726501919999243455e+03,1.000000000000000000e+00
3.276640318688750671e-03,5.462752295477013055e-03,7.435135626546045540e-01,-2.947458164818963056e+00,2.000000000000000000e+01,7.289450781659068124e-02,0.000000000000000000e+00,0.000000000000000000e+00,0.000000000000000000e+00,0.000000000000000000e+00,-5.794828716781243116e+01,7.339434165741126392e+00,1.260000000000000000e+02,6.669966815455024971e+02,1.075429243398442196e+02,2.575200000000000000e+06,5.384299999999999642e-01,-2.400656939999756105e+03,1.000000000000000000e+00
2.588312162976296252e-03,4.862623775206688717e-03,7.571774559626843759e-01,-1.792778683091152958e-01,2.000000000000000000e+01,7.291964511729959186e-02,0.000000000000000000e+00,0.000000000000000000e+00,0.000000000000000000e+00,0.000000000000000000e+00,-6.144004312475343710e+01,5.659633194104491061e+00,1.270000000000000000e+02,9.554905306548305362e+02,1.017527800977188548e+02,2.436100000000000000e+06,3.737300000000000066e-01,-1.330150873000105776e+03,1.000000000000000000e+00
2.536388002144233239e-03,4.512724274337151162e-03,6.867847547834834421e-01,-5.726066240397442719e-01,2.000000000000000000e+01,7.412933763552624622e-02,0.000000000000000000e+00,0.000000000000000000e+00,0.000000000000000000e+00,0.000000000000000000e+00,-5.707333871943566095e+01,6.294652448114838705e+00,1.280000000000000000e+02,9.706169424970827322e+02,1.014475108869161204e+02,2.482600000000000000e+06,1.422400000000000053e-01,-2.973802479999843058e+02,1.000000000000000000e+00
1.908448387974198647e-03,4.794337732085827801e-03,6.645110253939152667e-01,-1.881538711563934818e-01,2.000000000000000000e+01,7.329963862055588475e-02,0.000000000000000000e+00,0.000000000000000000e+00,0.000000000000000000e+00,0.000000000000000000e+00,-6.803070467811193112e+01,5.493481789884435251e+00,1.290000000000000000e+02,5.932249265357731929e+02,1.082258095598454020e+02,2.364000000000000000e+06,2.778100000000000014e-01,-7.709592000000426424e+02,1.000000000000000000e+00
2.182161221374871295e-03,3.917986127689073762e-03,7.321405973220250774e-01,1.628697313593754359e+00,2.000000000000000000e+01,7.769338732411897042e-02,0.000000000000000000e+00,0.000000000000000000e+00,0.000000000000000000e+00,0.000000000000000000e+00,-5.859806597017192331e+01,4.693400610673749362e+00,1.300000000000000000e+02,1.450199200323454306e+03,9.478342598666441177e+01,2.436000000000000000e+06,3.130200000000000204e-01,-9.023476200000148992e+02,1.000000000000000000e+00
2.938635311930947423e-03,4.806697669974335958e-03,6.371809242042246746e-01,7.800561903370738515e-01,2.000000000000000000e+01,7.443937892580484994e-02,0.000000000000000000e+00,0.000000000000000000e+00,0.000000000000000000e+00,0.000000000000000000e+00,-5.535300259823590352e+01,5.531726386016787345e+00,1.310000000000000000e+02,1.445632333405797453e+03,9.544739818940094267e+01,2.483500000000000000e+06,2.301400000000000112e-01,-7.054603670000836928e+02,1.000000000000000000e+00
2.989950843618439762e-03,5.199504531666596790e-03,6.238297189321132530e-01,1.796144806273019645e+00,2.000000000000000000e+01,7.344351946859484226e-02,0.000000000000000000e+00,0.000000000000000000e+00,0.000000000000000000e+00,0.000000000000000000e+00,-4.946424158102993829e+01,5.470207251030428708e+00,1.320000000000000000e+02,2.014970788079265731e+03,9.086424414105999858e+01,2.527700000000000000e+06,4.230200000000000071e-01,-1.833175131000586362e+03,1.000000000000000000e+00
3.016020926735689389e-03,4.106885246005271932e-03,5.025121264158372014e-01,1.852523598897878321e+00,2.000000000000000000e+01,7.545397224825951821e-02,0.000000000000000000e+00,0.000000000000000000e+00,0.000000000000000000e+00,0.000000000000000000e+00,-4.857040346571364609e+01,5.124448861524702359e+00,1.330000000000000000e+02,1.978144769629231178e+03,9.095954600595052852e+01,2.508500000000000000e+06,2.620399999999999952e-01,-1.139105430000162414e+03,1.000000000000000000e+00
2.615844308353208400e-03,4.538996827748694243e-03,7.153211370226122412e-01,1.926488465963908769e+00,2.000000000000000000e+01,7.216219599717321742e-02,0.000000000000000000e+00,0.000000000000000000e+00,0.000000000000000000e+00,0.000000000000000000e+00,-5.030639818498858062e+01,5.800610880877413500e+00,1.340000000000000000e+02,1.991729062584725398e+03,9.086775929037138155e+01,2.546000000000000000e+06,6.638399999999999856e-01,-2.393552799999461058e+03,1.000000000000000000e+00
2.700734341698119226e-03,4.839451643073178731e-03,6.286284341571537482e-01,1.186536684756501758e+00,2.000000000000000000e+01,8.438897512518024613e-02,0.000000000000000000e+00,0.000000000000000000e+00,0.000000000000000000e+00,0.000000000000000000e+00,-4.789770545584416084e+01,5.910704241353976762e+00,1.350000000000000000e+02,1.861906903158922205e+03,9.101049392055917053e+01,2.567800000000000000e+06,2.638499999999999734e-01,-8.760710460000703961e+02,1.000000000000000000e+00
2.264617753309821659e-03,4.898404291374860303e-03,6.491597358097097592e-01,-2.694092526824690692e-01,2.000000000000000000e+01,7.376338807207037662e-02,0.000000000000000000e+00,0.000000000000000000e+00,0.000000000000000000e+00,0.000000000000000000e+00,-6.350263539458479300e+01,5.449921840845918020e+00,1.360000000000000000e+02,8.598669174695996844e+02,1.031118151090133921e+02,2.405000000000000000e+06,2.497499999999999998e-01,-7.303115000001406543e+02,1.000000000000000000e+00
2.969933445736150368e-03,4.782727496621884747e-03,6.689018324425904938e-01,-1.039241871065823775e+00,2.000000000000000000e+01,6.755996625977686576e-02,0.000000000000000000e+00,0.000000000000000000e+00,0.000000000000000000e+00,0.000000000000000000e+00,-6.447288964295103142e+01,6.644127080988435630e+00,1.370000000000000000e+02,5.334198971705227450e+02,1.100670644720009648e+02,2.461600000000000000e+06,1.099099999999999938e-01,-1.695869999999938784e+02,1.000000000000000000e+00
3.271251462554073796e-03,4.731975549498338568e-03,5.220135148673418213e-01,2.405351043328234351e+00,2.000000000000000000e+01,6.425327445270473392e-02,0.000000000000000000e+00,0.000000000000000000e+00,0.000000000000000000e+00,0.000000000000000000e+00,-3.267178549543318411e+01,6.289658307880559462e+00,1.380000000000000000e+02,3.837814222564630654e+03,8.803977184869252426e+01,2.723700000000000000e+06,4.673800000000000177e-02,-7.741129999999888867e+01,1.000000000000000000e+00
3.202727941307524813e-03,4.417091474705066648e-03,7.778175016951125453e-01,-9.138699941931798243e-01,2.000000000000000000e+01,7.419765567283556629e-02,0.000000000000000000e+00,0.000000000000000000e+00,0.000000000000000000e+00,0.000000000000000000e+00,-6.306534995090807172e+01,5.907269849983521226e+00,1.390000000000000000e+02,7.761274377693021052e+02,1.052108467317476652e+02,2.434200000000000000e+06,2.038300000000000112e-01,-4.986159000000075707e+02,1.000000000000000000e+00
2.559964457576070860e-03,5.048684165063798898e-03,7.757546076034863569e-01,-1.949829819324706559e-01,2.000000000000000000e+01,7.244112321065562798e-02,0.000000000000000000e+00,0.000000000000000000e+00,0.000000000000000000e+00,0.000000000000000000e+00,-6.534728308673103925e+01,5.777097014511742401e+00,1.400000000000000000e+02,7.640561895651313762e+02,1.063177193800889313e+02,2.404300000000000000e+06,4.742899999999999894e-01,-1.908131212998974661e+03,1.000000000000000000e+00
2.868382120113968734e-03,3.868770206604337045e-03,6.176082355149972170e-01,-2.287116963863440766e+00,2.000000000000000000e+01,6.848381782182422217e-02,0.000000000000000000e+00,0.000000000000000000e+00,0.000000000000000000e+00,0.000000000000000000e+00,-6.571109995995149688e+01,6.494276636942371006e+00,1.410000000000000000e+02,3.934384727064800700e+02,1.122811929594788865e+02,2.438100000000000000e+06,1.448200000000000043e-01,-2.307783999999956279e+02,1.000000000000000000e+00
2.920408456645100844e-03,3.954794253517465025e-03,6.525738830287681758e-01,-2.254873655600094118e+00,2.000000000000000000e+01,6.871653501391131180e-02,0.000000000000000000e+00,0.000000000000000000e+00,0.000000000000000000e+00,0.000000000000000000e+00,-6.592156136506176267e+01,6.422004268585729925e+00,1.420000000000000000e+02,3.998921135550329495e+02,1.122493652558720214e+02,2.432200000000000000e+06,1.677700000000000025e-01,-2.642590950000005137e+02,1.000000000000000000e+00
2.728853751336226142e-03,4.867673162553884728e-03,6.800532610082670182e-01,4.577731571674188427e-01,2.000000000000000000e+01,7.349597146663514047e-02,0.000000000000000000e+00,0.000000000000000000e+00,0.000000000000000000e+00,0.000000000000000000e+00,-6.017448471000879806e+01,5.328825233499712155e+00,1.430000000000000000e+02,1.205907431874733902e+03,9.886473013113412378e+01,2.428100000000000000e+06,3.226299999999999724e-01,-1.183298736000085000e+03,1.000000000000000000e+00
3.016312079611828140e-03,4.622875135631856688e-03,5.831714425600249552e-01,-2.137395383889906242e-01,2.000000000000000000e+01,7.506440407910945634e-02,0.000000000000000000e+00,0.000000000000000000e+00,0.000000000000000000e+00,0.000000000000000000e+00,-5.377329906860025233e+01,6.121094732579530628e+00,1.440000000000000000e+02,1.269412456873971450e+03,9.782861828325357578e+01,2.538800000000000000e+06,2.228300000000000003e-01,-7.374880799999917826e+02,1.000000000000000000e+00
2.603083249247065654e-03,4.873978195168359936e-03,5.925713769033512657e-01,9.745734768259279868e-01,2.000000000000000000e+01,7.382800267274408634e-02,0.000000000000000000e+00,0.000000000000000000e+00,0.000000000000000000e+00,0.000000000000000000e+00,-5.844325435405073677e+01,5.562211903541639302e+00,1.450000000000000000e+02,1.306789207818752175e+03,9.715058437796049873e+01,2.457800000000000000e+06,3.195399999999999907e-01,-1.310962603000287800e+03,1.000000000000000000e+00
2.758152496143321565e-03,4.910395408153227920e-03,6.509584601498784595e-01,1.090413538915056435e+00,2.000000000000000000e+01,7.438466968539997337e-02,0.000000000000000000e+00,0.000000000000000000e+00,0.000000000000000000e+00,0.000000000000000000e+00,-5.271782223202571060e+01,5.547806883358113339e+00,1.460000000000000000e+02,1.621780261422024978e+03,9.348872989528616984e+01,2.507000000000000000e+06,2.121500000000000052e-01,-5.560107839999461703e+02,1.000000000000000000e+00
2.712079267013063621e-03,4.938446649197238483e-03,6.517140576183699796e-01,1.130477465658959346e+00,2.000000000000000000e+01,7.421038141250294040e-02,0.000000000000000000e+00,0.000000000000000000e+00,0.000000000000000000e+00,0.000000000000000000e+00,-5.316352110812619003e+01,5.514778673075150905e+00,1.470000000000000000e+02,1.601853077062949296e+03,9.358468687374922013e+01,2.501200000000000000e+06,2.271199999999999886e-01,-6.207768000000102120e+02,1.000000000000000000e+00
3.107693470255750053e-03,3.693419583956656337e-03,4.992823800214425400e-01,-4.644473882064442449e+00,2.000000000000000000e+01,6.623403572647397486e-02,0.000000000000000000e+00,0.000000000000000000e+00,0.000000000000000000e+00,0.000000000000000000e+00,-6.819133621241002174e+01,6.378927373823844782e+00,1.480000000000000000e+02,2.351076136507120680e+02,1.176093940259317066e+02,2.402200000000000000e+06,5.442000000000000309e-02,-9.800559999999794059e+01,1.000000000000000000e+00
2.831327447755673486e-03,4.264330332466198872e-03,7.129804794259884115e-01,-3.967163632704678200e+00,2.000000000000000000e+01,7.718594717330763688e-02,0.000000000000000000e+00,0.000000000000000000e+00,0.000000000000000000e+00,0.000000000000000000e+00,-7.154250841602214450e+01,5.800963505249484342e+00,1.490000000000000000e+02,2.308638184236662596e+02,1.183725477709290601e+02,2.341000000000000000e+06,7.390199999999999547e-02,-8.936554900000002988e+01,1.000000000000000000e+00
2.489962997402601561e-03,5.016831021612244354e-03,6.828775028809971337e-01,-2.105133949505436419e+00,2.000000000000000000e+01,7.434040414310466582e-02,0.000000000000000000e+00,0.000000000000000000e+00,0.000000000000000000e+00,0.000000000000000000e+00,-6.403374067446043227e+01,5.572421190407911951e+00,1.500000000000000000e+02,6.104861541954937820e+02,1.083436343629507661e+02,2.406700000000000000e+06,1.856299999999999895e-01,-4.258730000000250584e+02,1.000000000000000000e+00
3.016964135733705109e-03,4.041574473930311696e-03,8.130045040540738732e-01,-4.770798192967117046e+00,2.000000000000000000e+01,6.730903028108241315e-02,0.000000000000000000e+00,0.000000000000000000e+00,0.000000000000000000e+00,0.000000000000000000e+00,-5.983063078535261070e+01,6.772583091801023691e+00,1.510000000000000000e+02,2.867905352462955761e+02,1.150608923467799514e+02,2.478700000000000000e+06,7.316699999999999593e-02,-7.828860000000072716e+01,1.000000000000000000e+00
2.432910141784078335e-03,4.977852787343564102e-03,6.775295325441056393e-01,6.840877330140923140e-01,2.000000000000000000e+01,7.501518871207812911e-02,0.000000000000000000e+00,0.000000000000000000e+00,0.000000000000000000e+00,0.000000000000000000e+00,-5.669369104883676869e+01,5.412877013505243085e+00,1.520000000000000000e+02,1.437986164486183725e+03,9.635700397880761159e+01,2.464400000000000000e+06,1.325000000000000067e-01,-2.282965000000081091e+02,1.000000000000000000e+00
2.711690233331629299e-03,4.407580246384280517e-03,5.714035957372196606e-01,-3.889186199754880668e+00,2.000000000000000000e+01,7.611758820335637332e-02,0.000000000000000000e+00,0.000000000000000000e+00,0.000000000000000000e+00,0.000000000000000000e+00,-7.318778033426286811e+01,6.070740103199510074e+00,1.530000000000000000e+02,1.826715576646642205e+02,1.231435000238434867e+02,2.333200000000000000e+06,1.342800000000000105e-01,-3.296887999999906924e+02,1.000000000000000000e+00
1.978490732025422333e-03,4.610635867251779152e-03,6.532199623861918436e-01,-8.412116654390126014e-01,2.000000000000000000e+01,8.147634357576612196e-02,0.000000000000000000e+00,0.000000000000000000e+00,0.000000000000000000e+00,0.000000000000000000e+00,-5.394275097529025231e+01,6.059917640186927912e+00,1.540000000000000000e+02,9.424957063927292893e+02,1.021080227084419079e+02,2.451900000000000000e+06,1.896799999999999875e-01,-4.026549109999525626e+02,1.000000000000000000e+00
3.908552150228457311e-03,3.333134359327943018e-03,5.348017361773972356e-01,2.446762587912192366e+00,2.000000000000000000e+01,7.338843629822514036e-02,0.000000000000000000e+00,0.000000000000000000e+00,0.000000000000000000e+00,0.000000000000000000e+00,-4.647592260569618361e+01,6.479171036729256983e+00,1.550000000000000000e+02,2.618014361909531999e+03,8.842559594141610546e+01,2.632900000000000000e+06,7.736899999999999888e-01,-2.935268100001242601e+03,1.000000000000000000e+00
2.848769654777492336e-03,5.004813690101056478e-03,6.243408933927865334e-01,8.946402789216982843e-01,2.000000000000000000e+01,7.386872766515455158e-02,0.000000000000000000e+00,0.000000000000000000e+00,0.000000000000000000e+00,0.000000000000000000e+00,-5.365812101715825122e+01,5.481910747560316821e+00,1.560000000000000000e+02,1.568632278346921794e+03,9.438676402144037070e+01,2.494500000000000000e+06,3.201999999999999846e-01,-1.225169267000017044e+03,1.000000000000000000e+00
3.054070455647074200e-03,4.851309202939159231e-03,5.952311652274844267e-01,1.151255224185619541e+00,2.000000000000000000e+01,7.377764165210515257e-02,0.000000000000000000e+00,0.000000000000000000e+00,0.000000000000000000e+00,0.000000000000000000e+00,-5.137395450141845288e+01,5.619801938189469936e+00,1.570000000000000000e+02,1.764754601143009268e+03,9.277896646428614247e+01,2.523700000000000000e+06,4.050699999999999856e-01,-1.935116200000325989e+03,1.000000000000000000e+00
2.577831606190200513e-03,5.266111898131364821e-03,6.538982102119447193e-01,9.712018553388022113e-01,2.000000000000000000e+01,7.352940912510905203e-02,0.000000000000000000e+00,0.000000000000000000e+00,0.000000000000000000e+00,0.000000000000000000e+00,-5.532666905608460439e+01,5.498606093138178608e+00,1.580000000000000000e+02,1.484552829540720950e+03,9.499307839062238656e+01,2.481400000000000000e+06,3.116099999999999981e-01,-1.054311977000046909e+03,1.000000000000000000e+00
2.171709125744208414e-03,5.028167151077682535e-03,6.391312469020813403e-01,-6.342115013384916899e-01,2.000000000000000000e+01,7.466216422634373850e-02,0.000000000000000000e+00,0.000000000000000000e+00,0.000000000000000000e+00,0.000000000000000000e+00,-6.276752081710137077e+01,5.412452893342078575e+00,1.590000000000000000e+02,8.659205805751312255e+02,1.033610508765222988e+02,2.410100000000000000e+06,1.522000000000000020e-01,-3.063244000000112237e+02,1.000000000000000000e+00
2.569395272916628458e-03,5.349690505450316845e-03,7.753060514263290237e-01,-1.905640318382151310e-01,2.000000000000000000e+01,7.227155717231800724e-02,0.000000000000000000e+00,0.000000000000000000e+00,0.000000000000000000e+00,0.000000000000000000e+00,-6.468811744795172558e+01,6.132043025508219003e+00,1.600000000000000000e+02,7.043877524452497028e+02,1.072310649354158016e+02,2.429700000000000000e+06,5.192999999999999838e-01,-2.107856295000039609e+03,1.000000000000000000e+00
2.411011219233574233e-03,5.749685843575628660e-03,7.999790373924799969e-01,-7.913774929695188698e-01,2.000000000000000000e+01,7.133786700104609302e-02,0.000000000000000000e+00,0.000000000000000000e+00,0.000000000000000000e+00,0.000000000000000000e+00,-6.341203928053510452e+01,6.466284281550603197e+00,1.610000000000000000e+02,7.019412777434351938e+02,1.073968453006911261e+02,2.462900000000000000e+06,7.235399999999999610e-01,-2.382318980999121322e+03,1.000000000000000000e+00
3.190345914012756353e-03,4.230890224510332372e-03,4.760524863281895280e-01,-2.015663877925402581e+00,2.000000000000000000e+01,7.724099319310293033e-02,0.000000000000000000e+00,0.000000000000000000e+00,0.000000000000000000e+00,0.000000000000000000e+00,-6.307438426009419885e+01,6.787307145390016672e+00,1.620000000000000000e+02,5.778088518987310636e+02,1.094870225702590290e+02,2.482300000000000000e+06,1.438800000000000079e-01,-5.125106000000596396e+02,1.000000000000000000e+00
2.142088699649755557e-03,5.310622693456030531e-03,4.991757801431894181e-01,-9.178339246785663930e-01,2.000000000000000000e+01,7.381068640546450954e-02,0.000000000000000000e+00,0.000000000000000000e+00,0.000000000000000000e+00,0.000000000000000000e+00,-6.686772710109070772e+01,5.924062511426051003e+00,1.630000000000000000e+02,5.755063163493737193e+02,1.097429088356473130e+02,2.396100000000000000e+06,3.404499999999999749e-01,-1.589149800000243431e+03,1.000000000000000000e+00
2.611212703041780082e-03,4.904927960050002068e-03,5.885603175622680094e-01,1.006598296231882683e+00,2.000000000000000000e+01,7.377351832644417351e-02,0.000000000000000000e+00,0.000000000000000000e+00,0.000000000000000000e+00,0.000000000000000000e+00,-5.812433033644779812e+01,5.211294730689200350e+00,1.640000000000000000e+02,1.444977736074534732e+03,9.637158003772115933e+01,2.438700000000000000e+06,3.354699999999999904e-01,-1.416636141000449243e+03,1.000000000000000000e+00
2.870926432847529727e-03,4.057788482476201025e-03,7.892070960399000246e-01,-4.160875444118162569e+00,2.000000000000000000e+01,7.626610516109752491e-02,0.000000000000000000e+00,0.000000000000000000e+00,0.000000000000000000e+00,0.000000000000000000e+00,-7.317525919343864871e+01,5.723780448505309870e+00,1.650000000000000000e+02,2.205106574903404635e+02,1.202365909353932096e+02,2.320300000000000000e+06,8.901699999999999890e-02,-1.065140999999997717e+02,1.000000000000000000e+00
2.527801501675419615e-03,4.871673109837241708e-03,5.352982277953743928e-01,-1.375000592206368388e+00,2.000000000000000000e+01,7.513475078646288108e-02,0.000000000000000000e+00,0.000000000000000000e+00,0.000000000000000000e+00,0.000000000000000000e+00,-6.644459202896187833e+01,5.408720721934402675e+00,1.660000000000000000e+02,6.772605821859167463e+02,1.077251729698138263e+02,2.375100000000000000e+06,2.002299999999999913e-01,-6.802032240000595493e+02,1.000000000000000000e+00
3.218091150369713389e-03,4.542523317973634969e-03,6.251209767203829148e-01,1.820502282478382527e+00,2.000000000000000000e+01,7.201939107604249379e-02,0.000000000000000000e+00,0.000000000000000000e+00,0.000000000000000000e+00,0.000000000000000000e+00,-4.733701448368169906e+01,6.159807805194951413e+00,1.670000000000000000e+02,2.459042250741374119e+03,8.946061648539910038e+01,2.600500000000000000e+06,7.955999999999999739e-01,-2.757268079999260863e+03,1.000000000000000000e+00
4.143666288385496749e-03,4.056066085699664044e-03,4.897064188765570814e-01,1.469623388119220886e+00,2.000000000000000000e+01,6.568820077804755908e-02,0.000000000000000000e+00,0.000000000000000000e+00,0.000000000000000000e+00,0.000000000000000000e+00,-4.810180101162659128e+01,7.266357055684441235e+00,1.680000000000000000e+02,2.299088915456384711e+03,8.981953244518346935e+01,2.681800000000000000e+06,4.715400000000000147e-02,-1.067744900000000001e+02,1.000000000000000000e+00
2.721483495797490972e-03,4.374524731745399811e-03,5.303789374999646755e-01,-4.117914971896679432e+00,2.000000000000000000e+01,7.638929795432219949e-02,0.000000000000000000e+00,0.000000000000000000e+00,0.000000000000000000e+00,0.000000000000000000e+00,-6.905905132463593077e+01,6.248819759385012773e+00,1.690000000000000000e+02,2.429748201142961079e+02,1.176338812945074181e+02,2.385900000000000000e+06,1.412200000000000122e-01,-3.982636999999634213e+02,1.000000000000000000e+00
3.053469730543970431e-03,4.472176912862788414e-03,5.333428569053557666e-01,-4.379890016359250460e+00,2.000000000000000000e+01,7.700434872184587498e-02,0.000000000000000000e+00,0.000000000000000000e+00,0.000000000000000000e+00,0.000000000000000000e+00,-6.824823098970163926e+01,6.441654233597542856e+00,1.700000000000000000e+02,2.379140563717950272e+02,1.176605777038644760e+02,2.403900000000000000e+06,1.192799999999999971e-01,-3.197613399999900139e+02,1.000000000000000000e+00
3.159164326965223889e-03,3.708075029767365569e-03,6.510710280223126478e-01,-3.994938139170689517e+00,2.000000000000000000e+01,6.832416046477665650e-02,0.000000000000000000e+00,0.000000000000000000e+00,0.000000000000000000e+00,0.000000000000000000e+00,-6.927821717539512747e+01,6.290825171110431491e+00,1.710000000000000000e+02,2.370341710509135851e+02,1.180406570366495203e+02,2.386500000000000000e+06,1.311700000000000088e-01,-2.034395999999917422e+02,1.000000000000000000e+00
2.943998855972606351e-03,4.673204457226803540e-03,5.572135763954733090e-01,1.380502852271722869e+00,2.000000000000000000e+01,7.469333131740586718e-02,0.000000000000000000e+00,0.000000000000000000e+00,0.000000000000000000e+00,0.000000000000000000e+00,-4.865701137384871799e+01,5.436834590973802506e+00,1.720000000000000000e+02,1.861608823415362167e+03,9.151487810775840614e+01,2.531900000000000000e+06,2.801899999999999946e-01,-1.085939778000059732e+03,1.000000000000000000e+00
3.570596743393249402e-03,4.559536100813716200e-03,6.369979906040150741e-01,1.906279055155504665e+00,2.000000000000000000e+01,7.453746298917784951e-02,0.000000000000000000e+00,0.000000000000000000e+00,0.000000000000000000e+00,0.000000000000000000e+00,-5.160837323188262360e+01,5.602616683291961053e+00,1.730000000000000000e+02,1.807416131595679417e+03,9.160629196611895964e+01,2.520000000000000000e+06,2.762200000000000211e-01,-1.033775550000068733e+03,1.000000000000000000e+00
2.090885976716566792e-03,4.718813519054346900e-03,6.383248161311768643e-01,-5.180309372115311506e-01,2.000000000000000000e+01,7.473358773342121675e-02,0.000000000000000000e+00,0.000000000000000000e+00,0.000000000000000000e+00,0.000000000000000000e+00,-6.375374281942190180e+01,5.346673136276708149e+00,1.740000000000000000e+02,8.327004961724077248e+02,1.036024286627429944e+02,2.397500000000000000e+06,1.476300000000000112e-01,-2.850033000000050265e+02,1.000000000000000000e+00
1.668957352336494608e-03,4.710175111182779602e-03,6.211956101725156776e-01,-3.532158538724248231e-01,2.000000000000000000e+01,6.744032525372511966e-02,0.000000000000000000e+00,0.000000000000000000e+00,0.000000000000000000e+00,0.000000000000000000e+00,-6.880680119971725617e+01,5.270747014499433725e+00,1.750000000000000000e+02,7.892603017754663597e+02,1.038635562110855659e+02,2.385100000000000000e+06,1.959400000000000031e-01,-4.788038850000385764e+02,1.000000000000000000e+00
3.299201152331840588e-03,4.446345623734216171e-03,5.159042473174836330e-01,-5.455089179709169400e+00,2.000000000000000000e+01,7.706576566298231623e-02,0.000000000000000000e+00,0.000000000000000000e+00,0.000000000000000000e+00,0.000000000000000000e+00,-7.262985812791598050e+01,6.432280846331059010e+00,1.760000000000000000e+02,1.893007646429281294e+02,1.261582313596276350e+02,2.351400000000000000e+06,1.383000000000000063e-01,-4.560455900000240490e+02,1.000000000000000000e+00
3.031064170086059800e-03,3.690771771498594419e-03,6.267880732929849152e-01,-2.703349725358711098e+00,2.000000000000000000e+01,6.796249084948115249e-02,0.000000000000000000e+00,0.000000000000000000e+00,0.000000000000000000e+00,0.000000000000000000e+00,-6.523901618462268459e+01,6.374733183760261213e+00,1.770000000000000000e+02,4.365403933789115172e+02,1.117787528138271824e+02,2.436700000000000000e+06,1.118900000000000033e-01,-1.743777800000075047e+02,1.000000000000000000e+00
1.769457153290815909e-03,4.556943863872489967e-03,5.865439881680215573e-01,1.391423837677006503e+00,2.000000000000000000e+01,6.906983131342177284e-02,0.000000000000000000e+00,0.000000000000000000e+00,0.000000000000000000e+00,0.000000000000000000e+00,-6.381097810705075091e+01,4.969596364274155853e+00,1.780000000000000000e+02,1.484092099644824430e+03,9.578362357941665550e+01,2.409500000000000000e+06,2.235699999999999910e-01,-5.310031999999808932e+02,1.000000000000000000e+00
3.010570895620596089e-03,4.546513487800537233e-03,7.518316533315186900e-01,6.560936461969336664e-01,2.000000000000000000e+01,7.331004169968868833e-02,0.000000000000000000e+00,0.000000000000000000e+00,0.000000000000000000e+00,0.000000000000000000e+00,-5.624945596251733093e+01,5.144922299243404495e+00,1.790000000000000000e+02,1.463580352815925153e+03,9.620880206861079387e+01,2.450300000000000000e+06,3.534700000000000064e-01,-1.263357190000170704e+03,1.000000000000000000e+00
3.216362366255902730e-03,4.589208990231165297e-03,6.164718944853855298e-01,-4.395699703872923969e+00,2.000000000000000000e+01,7.671445171134083640e-02,0.000000000000000000e+00,0.000000000000000000e+00,0.000000000000000000e+00,0.000000000000000000e+00,-7.210290889580406315e+01,6.210656561946061416e+00,1.800000000000000000e+02,1.967469152642493952e+02,1.225221784472202842e+02,2.350200000000000000e+06,1.049500000000000016e-01,-2.365903999999926839e+02,1.000000000000000000e+00
2.299840701460093614e-03,4.500827278198506545e-03,6.537183860917854528e-01,-3.983732921312266861e-01,2.000000000000000000e+01,7.362252124993300118e-02,0.000000000000000000e+00,0.000000000000000000e+00,0.000000000000000000e+00,0.000000000000000000e+00,-6.695308691323343453e+01,5.761589588702802800e+00,1.810000000000000000e+02,6.104813525215161008e+02,1.084899554934456063e+02,2.387400000000000000e+06,2.872899999999999898e-01,-9.544274830002731278e+02,1.000000000000000000e+00
3.224527499199638693e-03,4.542743306843885498e-03,6.483139982641551446e-01,1.785924921314465452e+00,2.000000000000000000e+01,7.240030746618555946e-02,0.000000000000000000e+00,0.000000000000000000e+00,0.000000000000000000e+00,0.000000000000000000e+00,-4.842508219430061445e+01,6.174836289480355234e+00,1.820000000000000000e+02,2.209921429769688075e+03,8.994406654774276433e+01,2.591500000000000000e+06,7.900700000000000500e-01,-3.037519999998139156e+03,1.000000000000000000e+00
2.950699101879734887e-03,4.109653120694980490e-03,6.056764008368811236e-01,4.163759161493551519e-01,2.000000000000000000e+01,7.580957525297876698e-02,0.000000000000000000e+00,0.000000000000000000e+00,0.000000000000000000e+00,0.000000000000000000e+00,-5.922094311188652682e+01,5.518359771333013697e+00,1.830000000000000000e+02,1.235530886736435605e+03,9.858207797510263504e+01,2.448900000000000000e+06,1.393899999999999861e-01,-3.414318570000137925e+02,1.000000000000000000e+00
2.981606038633068893e-03,3.225393001675095836e-03,5.993996156602147130e-01,-3.738229666088433323e+00,2.000000000000000000e+01,6.573084953848955247e-02,0.000000000000000000e+00,0.000000000000000000e+00,0.000000000000000000e+00,0.000000000000000000e+00,-7.243390999091027993e+01,5.898330685282871855e+00,1.840000000000000000e+02,3.211964380551929139e+02,1.156284652118132641e+02,2.379100000000000000e+06,1.157699999999999979e-01,-1.773927999999980898e+02,1.000000000000000000e+00
2.233545974164103526e-03,5.159937072118698891e-03,5.888681601825344059e-01,-2.082504517847159065e+00,2.000000000000000000e+01,7.700998575179002215e-02,0.000000000000000000e+00,0.000000000000000000e+00,0.000000000000000000e+00,0.000000000000000000e+00,-6.381338276649603358e+01,5.589278350346599922e+00,1.850000000000000000e+02,6.210192622417542907e+02,1.081767064976928197e+02,2.410100000000000000e+06,8.025200000000000389e-02,-1.120728350000015467e+02,1.000000000000000000e+00
2.796521077677996577e-03,4.732947796691642714e-03,6.834980363200235942e-01,1.457524794574257543e-01,2.000000000000000000e+01,7.360661509846846973e-02,0.000000000000000000e+00,0.000000000000000000e+00,0.000000000000000000e+00,0.000000000000000000e+00,-6.080714425615320806e+01,5.564132359335690836e+00,1.860000000000000000e+02,1.069423264441209540e+03,1.004267940442329348e+02,2.436200000000000000e+06,3.153799999999999937e-01,-1.150588452999905485e+03,1.000000000000000000e+00
3.208608743816115418e-03,4.126563216166892305e-03,5.007261751466679511e-01,4.991425018853529738e-01,2.000000000000000000e+01,7.662734344408665688e-02,0.000000000000000000e+00,0.000000000000000000e+00,0.000000000000000000e+00,0.000000000000000000e+00,-5.032355270354855037e+01,5.986100232537882704e+00,1.870000000000000000e+02,1.590361716411100588e+03,9.433266407681841770e+01,2.560400000000000000e+06,1.671100000000000085e-01,-5.637318999999971538e+02,1.000000000000000000e+00
3.257972797130791968e-03,4.804496317024444137e-03,7.299914328182250944e-01,5.439361642766893379e-01,2.000000000000000000e+01,7.657983995512004927e-02,0.000000000000000000e+00,0.000000000000000000e+00,0.000000000000000000e+00,0.000000000000000000e+00,-5.636487060038962937e+01,6.060290476830839879e+00,1.880000000000000000e+02,1.370154695465533678e+03,9.694631645144848164e+01,2.510300000000000000e+06,8.636599999999999833e-02,-1.207631999999971697e+02,1.000000000000000000e+00
2.620433907589717927e-03,5.719435207690548931e-03,6.975169235845065652e-01,-6.197723061738354966e-01,2.000000000000000000e+01,7.228537398136872238e-02,0.000000000000000000e+00,0.000000000000000000e+00,0.000000000000000000e+00,0.000000000000000000e+00,-6.427527473944837766e+01,6.174773955846752926e+00,1.890000000000000000e+02,7.233881753816247056e+02,1.071474271060880454e+02,2.436500000000000000e+06,5.566699999999999982e-01,-2.337380412000068645e+03,1.000000000000000000e+00
3.039319068000982844e-03,4.924700701806063521e-03,6.437975395438081394e-01,-1.182297164189092253e+00,2.000000000000000000e+01,7.197559917542063757e-02,0.000000000000000000e+00,0.000000000000000000e+00,0.000000000000000000e+00,0.000000000000000000e+00,-6.221033478437267661e+01,6.499174878000362199e+00,1.900000000000000000e+02,5.722385435421923603e+02,1.099474163966094977e+02,2.454500000000000000e+06,1.524199999999999999e-01,-2.558438999999947896e+02,1.000000000000000000e+00
2.587620521390556708e-03,4.784885518085596132e-03,6.339655707804167095e-01,-1.923670259711889985e+00,2.000000000000000000e+01,7.408181520285933574e-02,0.000000000000000000e+00,0.000000000000000000e+00,0.000000000000000000e+00,0.000000000000000000e+00,-6.507624820404522836e+01,5.802783771307127303e+00,1.910000000000000000e+02,5.851608166233326074e+02,1.086808332988079542e+02,2.408000000000000000e+06,2.665399999999999991e-01,-9.071837719998480907e+02,1.000000000000000000e+00
3.211491468625654253e-03,4.649567507027560845e-03,5.869686669243133759e-01,-2.263097169525652319e+00,2.000000000000000000e+01,7.758707800275758959e-02,0.000000000000000000e+00,0.000000000000000000e+00,0.000000000000000000e+00,0.000000000000000000e+00,-6.550893771828194190e+01,6.230460714439688630e+00,1.920000000000000000e+02,4.817763041466776031e+02,1.109559187899190107e+02,2.425900000000000000e+06,8.275699999999999723e-02,-1.622574800000006690e+02,1.000000000000000000e+00
2.602422630111934920e-03,4.876516984573545099e-03,6.765634925834578262e-01,1.004169801246253879e+00,2.000000000000000000e+01,7.331007491563912293e-02,0.000000000000000000e+00,0.000000000000000000e+00,0.000000000000000000e+00,0.000000000000000000e+00,-5.500771979046372451e+01,5.328771347322792451e+00,1.930000000000000000e+02,1.520426017500218677e+03,9.473956116060109878e+01,2.472500000000000000e+06,3.514300000000000201e-01,-1.267516062000084503e+03,1.000000000000000000e+00
2.395000749811353191e-03,4.903268149296995462e-03,6.393057320435239221e-01,-4.701905720383952048e-01,2.000000000000000000e+01,7.570792251475626233e-02,0.000000000000000000e+00,0.000000000000000000e+00,0.000000000000000000e+00,0.000000000000000000e+00,-5.916307911256465957e+01,5.801543494691015823e+00,1.940000000000000000e+02,1.017437728981960277e+03,1.010024506658412093e+02,2.466700000000000000e+06,1.113100000000000062e-01,-1.859310570000046710e+02,1.000000000000000000e+00
2.887935544421762341e-03,4.218739024229655604e-03,7.004637359111802741e-01,-4.847249486294301413e+00,2.000000000000000000e+01,7.035590493850457650e-02,0.000000000000000000e+00,0.000000000000000000e+00,0.000000000000000000e+00,0.000000000000000000e+00,-6.568917864713714039e+01,6.440180894142865320e+00,1.950000000000000000e+02,2.645545591874674187e+02,1.157226496408518557e+02,2.433600000000000000e+06,4.647200000000000220e-01,-8.779550400000839545e+02,1.000000000000000000e+00
2.757538089885042468e-03,4.566972107981505553e-03,6.540366406787465614e-01,-2.532965418655982237e+00,2.000000000000000000e+01,7.501886695607848377e-02,0.000000000000000000e+00,0.000000000000000000e+00,0.000000000000000000e+00,0.000000000000000000e+00,-6.621741480792528023e+01,5.909402785013391224e+00,1.960000000000000000e+02,4.578472584083110632e+02,1.111630049324128464e+02,2.402000000000000000e+06,1.632399999999999962e-01,-3.918184459999790192e+02,1.000000000000000000e+00
2.234790451629926986e-03,4.512047569319282622e-03,5.606182974207146730e-01,-3.095998312836404143e+00,2.000000000000000000e+01,8.362207581614450325e-02,0.000000000000000000e+00,0.000000000000000000e+00,0.000000000000000000e+00,0.000000000000000000e+00,-6.740522902559638396e+01,6.957957477110260136e+00,1.970000000000000000e+02,2.111674025013923313e+02,1.206880016103976345e+02,2.393800000000000000e+06,6.549199999999999466e-02,-9.755042500000146788e+01,1.000000000000000000e+00
3.179003312588940099e-03,4.364113733773279311e-03,6.498118424771521795e-01,-2.743673009634525761e-01,2.000000000000000000e+01,7.498383017954236840e-02,0.000000000000000000e+00,0.000000000000000000e+00,0.000000000000000000e+00,0.000000000000000000e+00,-6.269962678107648202e+01,5.697582846865440587e+00,1.980000000000000000e+02,9.385853950786046198e+02,1.030965995879076331e+02,2.426300000000000000e+06,1.923999999999999877e-01,-5.664096500000397327e+02,1.000000000000000000e+00
1.903148929296350281e-03,5.746855246159955632e-03,5.805439626735701131e-01,-1.155333155919095578e+00,2.000000000000000000e+01,7.440679476095757305e-02,0.000000000000000000e+00,0.000000000000000000e+00,0.000000000000000000e+00,0.000000000000000000e+00,-5.759762679668490648e+01,5.952184444246114481e+00,1.990000000000000000e+02,9.405681488220641313e+02,1.026389860902747984e+02,2.491100000000000000e+06,1.796200000000000019e-01,-3.907472800000297752e+02,1.000000000000000000e+00
