3.712751311057541949e-03,4.646376799540496115e-03,5.621296657309331479e-01,2.701418827722359417e+00,2.000000000000000000e+01,7.699100992221172279e-02,0.000000000000000000e+00,0.000000000000000000e+00,0.000000000000000000e+00,0.000000000000000000e+00,-3.815765898901458542e+01,7.591466906895375288e+00,0.000000000000000000e+00,2.587303619412492480e+03,8.455090138294292501e+01,2.802600000000000000e+06,1.363600000000000090e-01,-2.859086999999963155e+02,1.000000000000000000e+00
4.143666288385496749e-03,4.056066085699664044e-03,4.897064188765570814e-01,1.469623388119220886e+00,2.000000000000000000e+01,6.568820077804755908e-02,0.000000000000000000e+00,0.000000000000000000e+00,0.000000000000000000e+00,0.000000000000000000e+00,-4.810180101162659128e+01,7.266357055684441235e+00,1.000000000000000000e+00,2.299088915456384711e+03,8.981953244518346935e+01,2.681800000000000000e+06,4.715400000000000147e-02,-1.067744900000000001e+02,1.000000000000000000e+00
3.530649821281766406e-03,4.419560158512094404e-03,5.548514391185398464e-01,2.901936824243301238e+00,2.000000000000000000e+01,7.799509024153000736e-02,0.000000000000000000e+00,0.000000000000000000e+00,0.000000000000000000e+00,0.000000000000000000e+00,-3.817962984867480003e+01,7.640614339790142928e+00,2.000000000000000000e+00,2.693009291975879023e+03,8.453823649302506738e+01,2.806700000000000000e+06,9.811200000000000476e-02,-1.638383999999948628e+02,1.000000000000000000e+00
2.552207359767671730e-03,6.513898768388619830e-04,4.472582395403784661e-01,-2.331363500310269643e+01,2.000000000000000000e+01,8.147267051779286118e-02,0.000000000000000000e+00,0.000000000000000000e+00,0.000000000000000000e+00,0.000000000000000000e+00,-9.271593111401628562e+01,6.163242482818364287e+00,3.000000000000000000e+00,8.178778969025033518e+01,2.879723871665251522e+02,2.064700000000000000e+06,7.280200000000000560e-02,-9.672117899999999224e+01,1.000000000000000000e+00
4.203043211448195815e-03,4.577859835647910339e-03,6.863554080579260530e-01,3.131803281214899926e+00,2.000000000000000000e+01,7.441812652270587969e-02,0.000000000000000000e+00,0.000000000000000000e+00,0.000000000000000000e+00,0.000000000000000000e+00,-4.838974671154210938e+01,6.020260772571770502e+00,4.000000000000000000e+00,2.113246563857627280e+03,9.090360366319235652e+01,2.577500000000000000e+06,2.959100000000000064e-01,-1.070924399999932575e+03,1.000000000000000000e+00
3.790891637250852139e-03,5.011858566033660159e-03,5.899042794029556447e-01,2.082466497843332931e+00,2.000000000000000000e+01,7.390680871896765369e-02,0.000000000000000000e+00,0.000000000000000000e+00,0.000000000000000000e+00,0.000000000000000000e+00,-5.087009466625781329e+01,5.654109208320543090e+00,5.000000000000000000e+00,2.065005854011849806e+03,9.111735997972330381e+01,2.529600000000000000e+06,4.693599999999999994e-01,-2.685362499999598640e+03,1.000000000000000000e+00
3.254173728212967319e-03,6.497135543414035361e-03,1.129349924153109974e+00,3.937655995180859847e-01,2.000000000000000000e+01,7.158213660415128909e-02,0.000000000000000000e+00,0.000000000000000000e+00,0.000000000000000000e+00,0.000000000000000000e+00,-4.732077003292131678e+01,8.294508500635499715e+00,6.000000000000000000e+00,1.637656957388305500e+03,9.197051511593649309e+01,2.769200000000000000e+06,1.441500000000000004e+00,-2.726501919999243455e+03,1.000000000000000000e+00
2.757601724803086622e-03,9.685592928417456659e-04,4.065870295862282213e-01,-3.003890708148532873e+00,2.000000000000000000e+01,7.279895175571943211e-02,0.000000000000000000e+00,0.000000000000000000e+00,0.000000000000000000e+00,0.000000000000000000e+00,-9.601651190650946432e+01,5.816460056084020280e+00,7.000000000000000000e+00,1.363513344864150270e+02,1.940875768278790474e+02,2.074500000000000000e+06,2.353500000000000036e-01,-3.473228739999879622e+02,1.000000000000000000e+00
2.652943512183248993e-03,6.208496875250466701e-03,7.476542272101538433e-01,7.733266603466606437e-01,2.000000000000000000e+01,7.226071956571010479e-02,0.000000000000000000e+00,0.000000000000000000e+00,0.000000000000000000e+00,0.000000000000000000e+00,-5.408434280522773463e+01,6.069494119072759375e+00,8.000000000000000000e+00,1.587582866251637370e+03,9.491341863241950705e+01,2.531400000000000000e+06,5.742399999999999727e-01,-2.132119630001011046e+03,1.000000000000000000e+00
2.009421648678195310e-03,4.080512690601249479e-03,4.691663011083109236e-01,7.522648297273271112e-01,2.000000000000000000e+01,7.354185979928193340e-02,0.000000000000000000e+00,0.000000000000000000e+00,0.000000000000000000e+00,0.000000000000000000e+00,-5.976471236197893688e+01,6.077085950941937931e+00,9.000000000000000000e+00,1.173194759343035685e+03,9.986531180029973598e+01,2.477400000000000000e+06,4.499900000000000011e-01,-1.806769659999848727e+03,1.000000000000000000e+00
2.304741090300384265e-03,4.622104791882269102e-03,4.961885890593054627e-01,4.310705395525600281e-01,2.000000000000000000e+01,7.528969040113059341e-02,0.000000000000000000e+00,0.000000000000000000e+00,0.000000000000000000e+00,0.000000000000000000e+00,-6.168256377896666720e+01,4.971768091063996309e+00,1.000000000000000000e+01,1.211635545769656801e+03,9.933194282675171394e+01,2.394900000000000000e+06,1.928700000000000137e-01,-6.496230150000330923e+02,1.000000000000000000e+00
3.016312079611828140e-03,4.622875135631856688e-03,5.831714425600249552e-01,-2.137395383889906242e-01,2.000000000000000000e+01,7.506440407910945634e-02,0.000000000000000000e+00,0.000000000000000000e+00,0.000000000000000000e+00,0.000000000000000000e+00,-5.377329906860025233e+01,6.121094732579530628e+00,1.100000000000000000e+01,1.269412456873971450e+03,9.782861828325357578e+01,2.538800000000000000e+06,2.228300000000000003e-01,-7.374880799999917826e+02,1.000000000000000000e+00
3.010570895620596089e-03,4.546513487800537233e-03,7.518316533315186900e-01,6.560936461969336664e-01,2.000000000000000000e+01,7.331004169968868833e-02,0.000000000000000000e+00,0.000000000000000000e+00,0.000000000000000000e+00,0.000000000000000000e+00,-5.624945596251733093e+01,5.144922299243404495e+00,1.200000000000000000e+01,1.463580352815925153e+03,9.620880206861079387e+01,2.450300000000000000e+06,3.534700000000000064e-01,-1.263357190000170704e+03,1.000000000000000000e+00
1.552923643260292579e-03,2.291544289633293437e-03,2.493294972603846693e-01,9.677263343748940372e+00,2.000000000000000000e+01,8.084293666279226964e-02,0.000000000000000000e+00,0.000000000000000000e+00,0.000000000000000000e+00,0.000000000000000000e+00,-7.295243227459394575e+01,7.652327452027611443e+00,1.300000000000000000e+01,1.576559069406708602e+02,1.473049557402966627e+02,2.382400000000000000e+06,5.585099999999999787e-02,-1.471735809999971991e+02,1.000000000000000000e+00
2.411011219233574233e-03,5.749685843575628660e-03,7.999790373924799969e-01,-7.913774929695188698e-01,2.000000000000000000e+01,7.133786700104609302e-02,0.000000000000000000e+00,0.000000000000000000e+00,0.000000000000000000e+00,0.000000000000000000e+00,-6.341203928053510452e+01,6.466284281550603197e+00,1.400000000000000000e+01,7.019412777434351938e+02,1.073968453006911261e+02,2.462900000000000000e+06,7.235399999999999610e-01,-2.382318980999121322e+03,1.000000000000000000e+00
2.620433907589717927e-03,5.719435207690548931e-03,6.975169235845065652e-01,-6.197723061738354966e-01,2.000000000000000000e+01,7.228537398136872238e-02,0.000000000000000000e+00,0.000000000000000000e+00,0.000000000000000000e+00,0.000000000000000000e+00,-6.427527473944837766e+01,6.174773955846752926e+00,1.500000000000000000e+01,7.233881753816247056e+02,1.071474271060880454e+02,2.436500000000000000e+06,5.566699999999999982e-01,-2.337380412000068645e+03,1.000000000000000000e+00
3.094133821217018212e-03,2.222573341551550320e-03,9.792197769901247462e-01,1.747601089001022956e-01,2.000000000000000000e+01,6.633482171706941988e-02,0.000000000000000000e+00,0.000000000000000000e+00,0.000000000000000000e+00,0.000000000000000000e+00,-5.702049724174506196e+01,7.598039601315713654e+00,1.600000000000000000e+01,7.773148285770780603e+02,1.007238316214745026e+02,2.603900000000000000e+06,7.919900000000000551e-02,-6.249677999999954636e+01,1.000000000000000000e+00
3.348518486854484659e-03,3.540011242117828850e-03,7.495083973423749546e-01,-1.671263848047993994e+00,2.000000000000000000e+01,6.770852912808544843e-02,0.000000000000000000e+00,0.000000000000000000e+00,0.000000000000000000e+00,0.000000000000000000e+00,-5.722787124327224717e+01,7.537651300225597595e+00,1.700000000000000000e+01,7.646330296361001047e+02,1.039545849788036662e+02,2.598300000000000000e+06,1.044000000000000067e-01,-1.507004999999994936e+02,1.000000000000000000e+00
3.895496294520297935e-03,2.065271888540854209e-03,5.386982904885306844e-01,-3.375813735360615020e+00,2.000000000000000000e+01,6.796885446657262297e-02,0.000000000000000000e+00,0.000000000000000000e+00,0.000000000000000000e+00,0.000000000000000000e+00,-7.764130909418776127e+01,6.914535634996302527e+00,1.800000000000000000e+01,1.680548677039227243e+02,1.419474645549660181e+02,2.349900000000000000e+06,5.435399999999999954e-02,-1.031665799999992856e+02,1.000000000000000000e+00
3.660137405349401553e-03,3.836042579400306823e-03,7.278694687207403202e-01,-2.561245462543108253e+00,2.000000000000000000e+01,6.913992194837950689e-02,0.000000000000000000e+00,0.000000000000000000e+00,0.000000000000000000e+00,0.000000000000000000e+00,-6.114588803286644492e+01,6.945920108890391020e+00,1.900000000000000000e+01,6.230970482981365421e+02,1.085961063186225743e+02,2.515000000000000000e+06,2.075500000000000123e-01,-3.402580000000140217e+02,1.000000000000000000e+00
2.142088699649755557e-03,5.310622693456030531e-03,4.991757801431894181e-01,-9.178339246785663930e-01,2.000000000000000000e+01,7.381068640546450954e-02,0.000000000000000000e+00,0.000000000000000000e+00,0.000000000000000000e+00,0.000000000000000000e+00,-6.686772710109070772e+01,5.924062511426051003e+00,2.000000000000000000e+01,5.755063163493737193e+02,1.097429088356473130e+02,2.396100000000000000e+06,3.404499999999999749e-01,-1.589149800000243431e+03,1.000000000000000000e+00
3.345407085893326200e-03,3.084815535862238563e-03,7.158395206060065297e-01,-6.149467600358750730e+00,2.000000000000000000e+01,6.577099447658449338e-02,0.000000000000000000e+00,0.000000000000000000e+00,0.000000000000000000e+00,0.000000000000000000e+00,-6.754005190680804560e+01,6.960988865731282615e+00,2.100000000000000000e+01,1.826427426193835117e+02,1.202765419336947872e+02,2.434300000000000000e+06,6.204500000000000293e-02,-7.135999999999967258e+01,1.000000000000000000e+00
3.716458976920571089e-03,2.242473102937422511e-03,1.252871657304319486e+00,-1.120248840020649617e+01,2.000000000000000000e+01,7.180732119365750010e-02,0.000000000000000000e+00,0.000000000000000000e+00,0.000000000000000000e+00,0.000000000000000000e+00,-6.754250577359367469e+01,5.445311956810317433e+00,2.200000000000000000e+01,1.815927188647153230e+02,1.268909292409547049e+02,2.340900000000000000e+06,8.272899999999999698e-02,-5.208379000000024917e+01,1.000000000000000000e+00
1.907311108980801672e-03,4.836181215383303367e-03,6.382178408720009521e-01,-8.204361638865160788e-01,2.000000000000000000e+01,7.737029138314754917e-02,0.000000000000000000e+00,0.000000000000000000e+00,0.000000000000000000e+00,0.000000000000000000e+00,-6.768842468967037007e+01,5.816734525329992245e+00,2.300000000000000000e+01,4.567842032298215145e+02,1.102011010521191423e+02,2.383900000000000000e+06,6.685900000000000176e-02,-6.229566000000023251e+01,1.000000000000000000e+00
3.040398288159737103e-03,4.504611185653885873e-03,7.028001549290490146e-01,-3.695918094136069865e+00,2.000000000000000000e+01,7.132555866412806922e-02,0.000000000000000000e+00,0.000000000000000000e+00,0.000000000000000000e+00,0.000000000000000000e+00,-6.058066762967732188e+01,7.587550247123445502e+00,2.400000000000000000e+01,4.406037406422558433e+02,1.107438422880423730e+02,2.559500000000000000e+06,6.656499999999999639e-01,-1.966511309999249534e+03,1.000000000000000000e+00
2.742465084044298784e-03,4.573376879547112750e-03,9.943191430542993592e-01,-4.034150036263030259e+00,2.000000000000000000e+01,6.910392146340896269e-02,0.000000000000000000e+00,0.000000000000000000e+00,0.000000000000000000e+00,0.000000000000000000e+00,-5.972698017673040738e+01,7.067943370863384089e+00,2.500000000000000000e+01,3.322023039546243695e+02,1.112663715028536586e+02,2.536900000000000000e+06,2.305399999999999949e-01,-3.108513999999913153e+02,1.000000000000000000e+00
2.626346527445299131e-03,4.354901052564273678e-03,1.099994718557371964e+00,-2.694126674973588820e+00,2.000000000000000000e+01,6.914159538034514441e-02,0.000000000000000000e+00,0.000000000000000000e+00,0.000000000000000000e+00,0.000000000000000000e+00,-6.487402543421606538e+01,6.966180964834031819e+00,2.600000000000000000e+01,2.219006403683179656e+02,1.135155175073200269e+02,2.471700000000000000e+06,2.346199999999999952e-01,-2.875459049999970489e+02,1.000000000000000000e+00
2.911434745720125044e-03,4.767872143430575832e-03,1.172091483231579190e+00,-2.493623251242955252e+00,2.000000000000000000e+01,7.439418275017672944e-02,0.000000000000000000e+00,0.000000000000000000e+00,0.000000000000000000e+00,0.000000000000000000e+00,-6.748376804355336844e+01,6.557663857596947921e+00,2.700000000000000000e+01,2.176121212067232591e+02,1.156485522102548344e+02,2.420300000000000000e+06,1.171299999999999980e-01,-9.024068999999960283e+01,1.000000000000000000e+00
2.360800233424724566e-03,5.030561446092603195e-03,6.791471099817868451e-01,-4.860925624068531903e+00,2.000000000000000000e+01,7.333446856112334211e-02,0.000000000000000000e+00,0.000000000000000000e+00,0.000000000000000000e+00,0.000000000000000000e+00,-7.219477022526869803e+01,5.610038294007754445e+00,2.800000000000000000e+01,2.099908426832105022e+02,1.193128378287166385e+02,2.325100000000000000e+06,3.358200000000000074e-01,-1.203165599999554615e+03,1.000000000000000000e+00
3.654273189689387011e-03,1.638221577518168956e-03,5.303682118895791664e-01,-3.208568909335657970e+00,2.000000000000000000e+01,6.753014973969780066e-02,0.000000000000000000e+00,0.000000000000000000e+00,0.000000000000000000e+00,0.000000000000000000e+00,-7.916248072728490115e+01,6.665049706431707577e+00,2.900000000000000000e+01,1.596736633247166424e+02,1.517486864609870736e+02,2.282300000000000000e+06,4.986600000000000060e-02,-9.147179999999960387e+01,1.000000000000000000e+00
2.573205868399549602e-03,6.361847267492390552e-03,6.554827699869207880e-01,1.909220861905761568e+00,2.000000000000000000e+01,7.309964047215242178e-02,0.000000000000000000e+00,0.000000000000000000e+00,0.000000000000000000e+00,0.000000000000000000e+00,-5.619735839102214925e+01,6.008114233945022420e+00,3.000000000000000000e+01,1.605975668570923972e+03,9.544359824343676735e+01,2.506000000000000000e+06,3.574499999999999900e-01,-1.244736470999766425e+03,1.000000000000000000e+00
3.149839080847081831e-03,3.914739061501276707e-03,5.346576952531244542e-01,1.836302402990157567e+00,2.000000000000000000e+01,7.443681534546138512e-02,0.000000000000000000e+00,0.000000000000000000e+00,0.000000000000000000e+00,0.000000000000000000e+00,-4.672766499931147166e+01,4.950926868497413480e+00,3.100000000000000000e+01,2.269094122273973426e+03,9.105440112829238331e+01,2.508100000000000000e+06,4.173700000000000188e-01,-2.275664999999854899e+03,1.000000000000000000e+00
3.280139081271266251e-03,3.773502870969646858e-03,5.965202946897658620e-01,-5.950106859524983971e-02,2.000000000000000000e+01,7.688486861997340105e-02,0.000000000000000000e+00,0.000000000000000000e+00,0.000000000000000000e+00,0.000000000000000000e+00,-5.398207370951299566e+01,5.643651458948545141e+00,3.200000000000000000e+01,1.478425173269999050e+03,9.782128074206818269e+01,2.503500000000000000e+06,1.127900000000000014e-01,-2.547388999999938619e+02,1.000000000000000000e+00
3.724629440017286630e-03,1.751854350477952821e-03,5.169281549200100967e-01,-4.819006642465113011e+00,2.000000000000000000e+01,6.737320083306497231e-02,0.000000000000000000e+00,0.000000000000000000e+00,0.000000000000000000e+00,0.000000000000000000e+00,-8.194424718786680728e+01,6.516821144977544833e+00,3.300000000000000000e+01,1.703958022113375819e+02,1.607327750279976897e+02,2.242600000000000000e+06,4.742500000000000188e-02,-8.766401999999948202e+01,1.000000000000000000e+00
1.368673532343888093e-03,5.614449712158018843e-03,7.245274431635062573e-01,2.065603722080443794e-01,2.000000000000000000e+01,7.477303688406344850e-02,0.000000000000000000e+00,0.000000000000000000e+00,0.000000000000000000e+00,0.000000000000000000e+00,-5.952505194177452097e+01,5.012649925811919260e+00,3.400000000000000000e+01,1.369046995560622008e+03,9.887858097669527524e+01,2.415700000000000000e+06,1.090600000000000042e-01,-9.058150499999786120e+01,1.000000000000000000e+00
2.726512048523280392e-03,4.566681416621774792e-03,6.443926648065264606e-01,-3.374667821628436482e-01,2.000000000000000000e+01,7.272626161820602841e-02,0.000000000000000000e+00,0.000000000000000000e+00,0.000000000000000000e+00,0.000000000000000000e+00,-5.450871639349780651e+01,6.095801510895796582e+00,3.500000000000000000e+01,1.406652564357754045e+03,9.844587390921461179e+01,2.530200000000000000e+06,5.935300000000000020e-01,-2.433211200000874669e+03,1.000000000000000000e+00
3.063456895123973199e-03,3.736608019000020511e-03,3.882785062750443994e-01,-1.850103089902761511e+00,2.000000000000000000e+01,6.651818191762032262e-02,0.000000000000000000e+00,0.000000000000000000e+00,0.000000000000000000e+00,0.000000000000000000e+00,-6.580763022421581354e+01,6.089900065609961111e+00,3.600000000000000000e+01,6.212368753528872958e+02,1.101705517014067510e+02,2.417500000000000000e+06,5.059299999999999908e-02,-1.101659000000002635e+02,1.000000000000000000e+00
3.051389877340224613e-03,4.922794319515612187e-03,8.205291199253967882e-01,-2.442002630251092210e+00,2.000000000000000000e+01,7.276737096781785152e-02,0.000000000000000000e+00,0.000000000000000000e+00,0.000000000000000000e+00,0.000000000000000000e+00,-6.484291936287947067e+01,5.605016586597843187e+00,3.700000000000000000e+01,6.798173570049373211e+02,1.096322923702527277e+02,2.400300000000000000e+06,4.522200000000000109e-01,-1.825006499999794642e+03,1.000000000000000000e+00
3.105423566983331763e-03,4.934479487987808444e-03,5.497416681823460438e-01,1.727053722845945050e+00,2.000000000000000000e+01,7.500160058486890491e-02,0.000000000000000000e+00,0.000000000000000000e+00,0.000000000000000000e+00,0.000000000000000000e+00,-5.158847389162323083e+01,4.933775021797128346e+00,3.800000000000000000e+01,1.978544768892356842e+03,9.219358063492774136e+01,2.471700000000000000e+06,2.350399999999999989e-01,-8.949644999998147341e+02,1.000000000000000000e+00
2.795821355469234326e-03,4.746238659612279573e-03,5.111116499796241053e-01,1.438262686857695760e+00,2.000000000000000000e+01,7.484894210403615633e-02,0.000000000000000000e+00,0.000000000000000000e+00,0.000000000000000000e+00,0.000000000000000000e+00,-5.324856099263989506e+01,4.876850657584064663e+00,3.900000000000000000e+01,1.829422144975334731e+03,9.321254049979577871e+01,2.455400000000000000e+06,2.744900000000000118e-01,-1.216073599999858743e+03,1.000000000000000000e+00
2.821722280082240852e-03,4.615959305239056461e-03,7.295040074742621394e-01,1.176534452064640357e+00,2.000000000000000000e+01,7.254897913418718869e-02,0.000000000000000000e+00,0.000000000000000000e+00,0.000000000000000000e+00,0.000000000000000000e+00,-5.748093230314391633e+01,5.150696127452102147e+00,4.000000000000000000e+01,1.625907111949585897e+03,9.560810755660327231e+01,2.440500000000000000e+06,5.392799999999999816e-01,-2.328252316999737559e+03,1.000000000000000000e+00
3.699808658139572964e-03,4.728365807016196923e-03,5.659081171845505853e-01,2.099952640137883186e+00,2.000000000000000000e+01,7.374665158535087528e-02,0.000000000000000000e+00,0.000000000000000000e+00,0.000000000000000000e+00,0.000000000000000000e+00,-5.160379535055175637e+01,5.586631222610753511e+00,4.100000000000000000e+01,2.161069665308984895e+03,9.152984526281494482e+01,2.518900000000000000e+06,5.640899999999999803e-01,-3.021831659999287240e+03,1.000000000000000000e+00
3.235579418062268543e-03,4.176466025110968198e-03,5.453810824536561297e-01,2.104171613571297783e+00,2.000000000000000000e+01,7.344495918106042076e-02,0.000000000000000000e+00,0.000000000000000000e+00,0.000000000000000000e+00,0.000000000000000000e+00,-3.804578982217692129e+01,6.466112557684631668e+00,4.200000000000000000e+01,2.713919309875261661e+03,8.719914819596790778e+01,2.701700000000000000e+06,7.026700000000000168e-01,-2.894259970001138299e+03,1.000000000000000000e+00
3.187262460918029606e-03,4.726363358834580891e-03,4.900408868439514176e-01,1.706645357983409994e+00,2.000000000000000000e+01,7.479889904533602862e-02,0.000000000000000000e+00,0.000000000000000000e+00,0.000000000000000000e+00,0.000000000000000000e+00,-5.259417323298400504e+01,4.921940118560998556e+00,4.300000000000000000e+01,2.026850273316187668e+03,9.255321285608708592e+01,2.463500000000000000e+06,3.592699999999999783e-01,-2.107072050000987929e+03,1.000000000000000000e+00
2.687931556042276633e-03,5.085061302607596194e-03,8.533795211436046024e-01,1.233027186084120208e+00,2.000000000000000000e+01,7.209170017805241470e-02,0.000000000000000000e+00,0.000000000000000000e+00,0.000000000000000000e+00,0.000000000000000000e+00,-5.394718528393077861e+01,4.647149562143761514e+00,4.400000000000000000e+01,1.926827510493420959e+03,9.418986847261074047e+01,2.434400000000000000e+06,5.749300000000000521e-01,-2.149414400000055593e+03,1.000000000000000000e+00
2.739907119029599304e-03,4.205299629948772849e-03,6.607046405069709749e-01,-6.308990873882214245e-01,2.000000000000000000e+01,7.532723834565019372e-02,0.000000000000000000e+00,0.000000000000000000e+00,0.000000000000000000e+00,0.000000000000000000e+00,-5.876265156477643359e+01,5.999999464759971701e+00,4.500000000000000000e+01,9.706169424970827322e+02,1.014475108869161204e+02,2.482600000000000000e+06,1.422400000000000053e-01,-2.973802479999843058e+02,1.000000000000000000e+00
1.677512012199049423e-03,5.018382983992602728e-03,4.724974823702813298e-01,-6.918033996451072865e-01,2.000000000000000000e+01,7.433283593392317479e-02,0.000000000000000000e+00,0.000000000000000000e+00,0.000000000000000000e+00,0.000000000000000000e+00,-5.503963081941613211e+01,5.687300526200579576e+00,4.600000000000000000e+01,1.113431168148520555e+03,1.007559453826835920e+02,2.497000000000000000e+06,2.491599999999999926e-01,-8.330101689998022039e+02,1.000000000000000000e+00
2.241954727462722001e-03,5.196118464481111129e-03,1.379286163178144120e+00,-3.425844053382043342e-01,2.000000000000000000e+01,6.899122800686961765e-02,0.000000000000000000e+00,0.000000000000000000e+00,0.000000000000000000e+00,0.000000000000000000e+00,-5.720773125158564199e+01,8.050936510341232477e+00,4.700000000000000000e+01,7.782162185056374710e+02,1.024507578454026486e+02,2.634200000000000000e+06,2.645799999999999819e-01,-1.851883739999962302e+02,1.000000000000000000e+00
3.140406734115797332e-03,2.726525909359191722e-03,6.191752805468456744e-01,1.981456108144191708e+00,2.000000000000000000e+01,7.488871522872070363e-02,0.000000000000000000e+00,0.000000000000000000e+00,0.000000000000000000e+00,0.000000000000000000e+00,-5.808101324128206500e+01,4.648856549898069623e+00,4.800000000000000000e+01,1.815461493505522640e+03,9.492930709051269389e+01,2.403800000000000000e+06,2.953799999999999759e-01,-1.234268640000284904e+03,1.000000000000000000e+00
3.088051080406336614e-03,4.975538844370453601e-03,4.747099554856091252e-01,6.797777654576004913e-01,2.000000000000000000e+01,7.440172255686174074e-02,0.000000000000000000e+00,0.000000000000000000e+00,0.000000000000000000e+00,0.000000000000000000e+00,-5.914458509533819353e+01,6.234079376099161074e+00,4.900000000000000000e+01,1.282022842603077152e+03,9.969072340503019802e+01,2.492900000000000000e+06,4.445899999999999852e-01,-2.482774529999516744e+03,1.000000000000000000e+00
3.613888630189646123e-03,3.968069388072931712e-03,7.247750795315055505e-01,-3.582457053116172574e-01,2.000000000000000000e+01,6.866072302017829643e-02,0.000000000000000000e+00,0.000000000000000000e+00,0.000000000000000000e+00,0.000000000000000000e+00,-5.747570604352554824e+01,6.419491051924779867e+00,5.000000000000000000e+01,1.258663225182310043e+03,1.000938136864539700e+02,2.524100000000000000e+06,1.621499999999999886e-01,-2.762377100000130667e+02,1.000000000000000000e+00
3.049882388395221220e-03,4.807199296603375388e-03,7.717318688760195222e-01,-2.160508747209739955e+00,2.000000000000000000e+01,7.273259788924252289e-02,0.000000000000000000e+00,0.000000000000000000e+00,0.000000000000000000e+00,0.000000000000000000e+00,-6.547143118907209214e+01,5.764237391968542568e+00,5.100000000000000000e+01,7.119572332340397907e+02,1.095079039336707041e+02,2.402500000000000000e+06,4.871099999999999874e-01,-2.327836320001379590e+03,1.000000000000000000e+00
2.524666822914117988e-03,5.585746864285067934e-03,3.508709619282405212e-01,2.794022958136205048e+00,2.000000000000000000e+01,7.150947456153772253e-02,0.000000000000000000e+00,0.000000000000000000e+00,0.000000000000000000e+00,0.000000000000000000e+00,-3.736966484147347956e+01,6.095291526494771794e+00,5.200000000000000000e+01,4.646568507693611537e+03,8.733895869162135739e+01,2.675000000000000000e+06,4.139100000000000001e-01,-1.227154860000065582e+03,1.000000000000000000e+00
3.087929198850424516e-03,4.227271737042240934e-03,7.604789873862805027e-01,2.882944198953063974e+00,2.000000000000000000e+01,6.845537869186751889e-02,0.000000000000000000e+00,0.000000000000000000e+00,0.000000000000000000e+00,0.000000000000000000e+00,-4.114396037490354274e+01,6.224045383273299592e+00,5.300000000000000000e+01,3.210721521065760953e+03,8.734919999487497932e+01,2.658100000000000000e+06,1.944599999999999940e-01,-2.784256500000080337e+02,1.000000000000000000e+00
3.435406077901104194e-03,4.083022376514676595e-03,4.404511581142269705e-01,2.415170974054650532e+00,2.000000000000000000e+01,6.768033535537880396e-02,0.000000000000000000e+00,0.000000000000000000e+00,0.000000000000000000e+00,0.000000000000000000e+00,-4.511602868377883624e+01,6.712494707188957577e+00,5.400000000000000000e+01,3.027184983183663917e+03,8.759413180307538482e+01,2.667000000000000000e+06,8.936299999999999799e-02,-1.948789999999919758e+02,1.000000000000000000e+00
1.943971316377507809e-03,6.607773373205117796e-03,3.595759179399844463e-01,-4.721469968241847059e-01,2.000000000000000000e+01,7.197265472739777792e-02,0.000000000000000000e+00,0.000000000000000000e+00,0.000000000000000000e+00,0.000000000000000000e+00,-5.612374431599351965e+01,6.398560834026065791e+00,5.500000000000000000e+01,1.501953118136456851e+03,9.790212951082926907e+01,2.585800000000000000e+06,3.968999999999999750e-01,-1.649168884999735837e+03,1.000000000000000000e+00
2.874486302753037799e-03,3.698290388718545110e-03,4.419337171416392041e-01,1.124233312124318651e+00,2.000000000000000000e+01,7.480097488969089659e-02,0.000000000000000000e+00,0.000000000000000000e+00,0.000000000000000000e+00,0.000000000000000000e+00,-5.879619739849325555e+01,6.206057715555070686e+00,5.600000000000000000e+01,1.450449365634378410e+03,9.888448012366323780e+01,2.494900000000000000e+06,4.994299999999999851e-01,-2.460623000000127831e+03,1.000000000000000000e+00
2.341554155244612336e-03,3.651373751070947915e-03,6.548749681209442564e-01,2.133747002287516903e+00,2.000000000000000000e+01,7.318444218664936496e-02,0.000000000000000000e+00,0.000000000000000000e+00,0.000000000000000000e+00,0.000000000000000000e+00,-6.280959573207789504e+01,4.749375994994465167e+00,5.700000000000000000e+01,1.464819545044352708e+03,9.866477940517953016e+01,2.372300000000000000e+06,3.887800000000000145e-01,-1.562198737000570191e+03,1.000000000000000000e+00
2.243719831280719529e-03,4.090744236108328526e-03,5.565882843037507355e-01,1.161612966245170186e+00,2.000000000000000000e+01,7.332274061678019372e-02,0.000000000000000000e+00,0.000000000000000000e+00,0.000000000000000000e+00,0.000000000000000000e+00,-6.028441393259946324e+01,4.247269033612576905e+00,5.800000000000000000e+01,1.868996732540858602e+03,9.512483883736139489e+01,2.417500000000000000e+06,4.348000000000000198e-01,-1.945778799999072817e+03,1.000000000000000000e+00
1.997467716962834320e-03,4.740336409950328400e-03,4.485360099589721927e-01,6.409596581119075820e-01,2.000000000000000000e+01,7.178463865981790648e-02,0.000000000000000000e+00,0.000000000000000000e+00,0.000000000000000000e+00,0.000000000000000000e+00,-5.011682438348419311e+01,6.097766671648566117e+00,5.900000000000000000e+01,2.039678759865919801e+03,9.365109682583245387e+01,2.572500000000000000e+06,5.058500000000000218e-01,-1.505146437000400965e+03,1.000000000000000000e+00
3.319939254205088452e-03,4.562290822429947157e-03,9.882029857050940169e-01,-4.805474088067309246e+00,2.000000000000000000e+01,7.304158242094810349e-02,0.000000000000000000e+00,0.000000000000000000e+00,0.000000000000000000e+00,0.000000000000000000e+00,-6.260101966310017474e+01,7.209612554241322968e+00,6.000000000000000000e+01,2.623421905150835300e+02,1.139255330010574738e+02,2.509700000000000000e+06,3.137400000000000189e-01,-7.562081100000266360e+02,1.000000000000000000e+00
3.520610372830372883e-03,4.246158461144291033e-03,4.672146338280329103e-01,6.482358406468555767e-01,2.000000000000000000e+01,7.766399344211558087e-02,0.000000000000000000e+00,0.000000000000000000e+00,0.000000000000000000e+00,0.000000000000000000e+00,-5.462744598915610794e+01,5.034308623862419729e+00,6.100000000000000000e+01,1.746846168918578087e+03,9.582334882791136010e+01,2.456500000000000000e+06,1.304800000000000126e-01,-4.460059999999832598e+02,1.000000000000000000e+00
1.779291474101772717e-03,5.093105301885986376e-03,7.867542152169798575e-01,-7.038777959658286676e-01,2.000000000000000000e+01,7.542546494256308076e-02,0.000000000000000000e+00,0.000000000000000000e+00,0.000000000000000000e+00,0.000000000000000000e+00,-6.014111858705337710e+01,5.369592827006330005e+00,6.200000000000000000e+01,9.939550739065315383e+02,1.022268343225768064e+02,2.432000000000000000e+06,9.263200000000000600e-02,-7.507380000000119935e+01,1.000000000000000000e+00
4.143666288385496749e-03,4.056066085699664044e-03,4.897064188765570814e-01,1.469623388119220886e+00,2.000000000000000000e+01,6.568820077804755908e-02,0.000000000000000000e+00,0.000000000000000000e+00,0.000000000000000000e+00,0.000000000000000000e+00,-4.810180101162659128e+01,7.266357055684441235e+00,6.300000000000000000e+01,2.814360951557126555e+03,9.007035506209453501e+01,2.639100000000000000e+06,4.632800000000000251e-01,-9.862140000001140834e+02,1.000000000000000000e+00
1.907311108980801672e-03,4.836181215383303367e-03,6.382178408720009521e-01,-8.204361638865160788e-01,2.000000000000000000e+01,7.737029138314754917e-02,0.000000000000000000e+00,0.000000000000000000e+00,0.000000000000000000e+00,0.000000000000000000e+00,-6.768842468967037007e+01,5.816734525329992245e+00,6.400000000000000000e+01,8.885116903961134085e+02,1.035687446540457017e+02,2.413400000000000000e+06,1.177099999999999952e-01,-2.066004710000137266e+02,1.000000000000000000e+00
3.717236513903574274e-03,5.067607456596508880e-03,6.274767738725572919e-01,3.602838000417764697e+00,2.000000000000000000e+01,7.109982240452812630e-02,0.000000000000000000e+00,0.000000000000000000e+00,0.000000000000000000e+00,0.000000000000000000e+00,-3.610972938242763064e+01,6.801547305622667849e+00,6.500000000000000000e+01,4.379331391586373684e+03,8.761843762491891141e+01,2.748900000000000000e+06,8.467700000000000227e-01,-2.135044799999908719e+03,1.000000000000000000e+00
3.129184923900569029e-03,4.163098644505110364e-03,7.549578430061482104e-01,3.229980871764519534e+00,2.000000000000000000e+01,6.895385536135856253e-02,0.000000000000000000e+00,0.000000000000000000e+00,0.000000000000000000e+00,0.000000000000000000e+00,-4.155731262498906631e+01,6.114695577269744220e+00,6.600000000000000000e+01,3.467287280554038716e+03,8.842844384772804744e+01,2.645700000000000000e+06,2.807000000000000051e-01,-3.899777000000152611e+02,1.000000000000000000e+00
3.717283660083000457e-03,4.931396538588019018e-03,5.220344450780735057e-01,3.743753961892109849e+00,2.000000000000000000e+01,7.113670148479053768e-02,0.000000000000000000e+00,0.000000000000000000e+00,0.000000000000000000e+00,0.000000000000000000e+00,-4.015210625745129391e+01,6.869723080991493092e+00,6.700000000000000000e+01,4.293251645815647862e+03,8.851437606713595585e+01,2.723400000000000000e+06,6.482200000000000184e-01,-1.620983699999728515e+03,1.000000000000000000e+00
3.321022300342122997e-03,5.650624420021420347e-03,6.210898238650517378e-01,2.909117752519596145e+00,2.000000000000000000e+01,7.173214875977586280e-02,0.000000000000000000e+00,0.000000000000000000e+00,0.000000000000000000e+00,0.000000000000000000e+00,-3.952021325930812168e+01,5.541842033659770905e+00,6.800000000000000000e+01,3.789814953934912410e+03,8.877355413018047159e+01,2.607600000000000000e+06,8.479600000000000470e-01,-2.913291900000454461e+03,1.000000000000000000e+00
2.175731760542497662e-03,4.766378506543262131e-03,4.112439785229077827e-01,6.670354685878285839e-01,2.000000000000000000e+01,7.185130779060253103e-02,0.000000000000000000e+00,0.000000000000000000e+00,0.000000000000000000e+00,0.000000000000000000e+00,-5.469418442676885661e+01,5.937789702257351365e+00,6.900000000000000000e+01,1.882018161452961749e+03,9.549336579199878372e+01,2.519400000000000000e+06,4.693599999999999994e-01,-1.394011727000319070e+03,1.000000000000000000e+00
2.453203583126123064e-03,4.152646244183669233e-03,4.909803501902534340e-01,-3.946144342434219521e+00,2.000000000000000000e+01,7.617985378598354784e-02,0.000000000000000000e+00,0.000000000000000000e+00,0.000000000000000000e+00,0.000000000000000000e+00,-7.881406507482481061e+01,5.617184416389648050e+00,7.000000000000000000e+01,1.907446499411084346e+02,1.291538035413642547e+02,2.257400000000000000e+06,1.697700000000000042e-01,-5.564244350000419672e+02,1.000000000000000000e+00
2.688058130318062879e-03,3.894592507714479939e-03,5.484199949031571819e-01,-9.447667206602212708e-01,2.000000000000000000e+01,7.565373253264517928e-02,0.000000000000000000e+00,0.000000000000000000e+00,0.000000000000000000e+00,0.000000000000000000e+00,-8.618783799598658391e+01,5.215324919828219663e+00,7.100000000000000000e+01,1.904674948807756323e+02,1.388189127669505751e+02,2.175100000000000000e+06,1.891799999999999871e-01,-5.845503999999364169e+02,1.000000000000000000e+00
2.334923527107093250e-03,5.139478017801072524e-03,5.253828020602169246e-01,2.339679156288061890e+00,2.000000000000000000e+01,7.337675342150959401e-02,0.000000000000000000e+00,0.000000000000000000e+00,0.000000000000000000e+00,0.000000000000000000e+00,-4.548665415361212183e+01,4.544642529896534278e+00,7.200000000000000000e+01,2.599940229125199494e+03,9.132077534748363234e+01,2.483300000000000000e+06,4.176699999999999857e-01,-1.843708103999691502e+03,1.000000000000000000e+00
2.805867709959471070e-03,4.368723566618902543e-03,5.121691239295411702e-01,2.467041544754085547e-01,2.000000000000000000e+01,7.616613702443413014e-02,0.000000000000000000e+00,0.000000000000000000e+00,0.000000000000000000e+00,0.000000000000000000e+00,-6.295211740621905960e+01,4.622855333932005983e+00,7.300000000000000000e+01,1.324512411016117312e+03,1.000908504449007381e+02,2.365300000000000000e+06,1.529699999999999949e-01,-4.873069299999755231e+02,1.000000000000000000e+00
1.933088081321751106e-03,5.742472030856497246e-03,8.433370422587009863e-01,2.028890956502451548e+00,2.000000000000000000e+01,7.578853205420812977e-02,0.000000000000000000e+00,0.000000000000000000e+00,0.000000000000000000e+00,0.000000000000000000e+00,-6.743646440191166391e+01,4.796262828321748550e+00,7.400000000000000000e+01,1.506081439764260267e+03,9.863022128367593666e+01,2.351800000000000000e+06,2.861699999999999799e-01,-6.069556530000654675e+02,1.000000000000000000e+00
2.862805414275033065e-03,4.400582604057491631e-03,7.524759500060151929e-01,1.878309539705916631e+00,2.000000000000000000e+01,6.926812834596735025e-02,0.000000000000000000e+00,0.000000000000000000e+00,0.000000000000000000e+00,0.000000000000000000e+00,-4.735239238503393722e+01,5.474732528806902643e+00,7.500000000000000000e+01,2.903284957121806656e+03,9.012968282910681239e+01,2.548700000000000000e+06,3.126900000000000235e-01,-4.664765039999695091e+02,1.000000000000000000e+00
3.597750541513940713e-03,3.684493125175144178e-03,5.645639886979173516e-01,2.352818435508827744e+00,2.000000000000000000e+01,7.062934931162932750e-02,0.000000000000000000e+00,0.000000000000000000e+00,0.000000000000000000e+00,0.000000000000000000e+00,-4.923038896392441188e+01,5.941157901014165965e+00,7.600000000000000000e+01,2.892246645215517219e+03,9.014939486019200388e+01,2.569300000000000000e+06,4.583900000000000197e-01,-9.091893300000053841e+02,1.000000000000000000e+00
1.422671351682439382e-03,5.247686487293415358e-03,6.839887385946484821e-01,1.317599860886915719e+00,2.000000000000000000e+01,7.585733103768754759e-02,0.000000000000000000e+00,0.000000000000000000e+00,0.000000000000000000e+00,0.000000000000000000e+00,-6.407212797090895151e+01,4.609755750104456595e+00,7.700000000000000000e+01,1.711619013022741001e+03,9.675336852771171436e+01,2.373100000000000000e+06,4.374000000000000110e-01,-1.252777454999687279e+03,1.000000000000000000e+00
1.584173109746676725e-03,5.573589691003428409e-03,6.908466466457022781e-01,9.528528633774736578e-01,2.000000000000000000e+01,7.134318206681980468e-02,0.000000000000000000e+00,0.000000000000000000e+00,0.000000000000000000e+00,0.000000000000000000e+00,-5.153545835235920691e+01,5.290260662701456340e+00,7.800000000000000000e+01,2.077539464626382141e+03,9.375065113098936820e+01,2.499700000000000000e+06,6.155000000000000471e-01,-1.561296000000193771e+03,1.000000000000000000e+00
2.089909662312991814e-03,4.711479603146469589e-03,6.706168052232521770e-01,-2.554613454714147025e+00,2.000000000000000000e+01,7.649785878065767930e-02,0.000000000000000000e+00,0.000000000000000000e+00,0.000000000000000000e+00,0.000000000000000000e+00,-6.062407001232553228e+01,5.471004181917315634e+00,7.900000000000000000e+01,7.103099847377404785e+02,1.099158572943265426e+02,2.433000000000000000e+06,8.250100000000000489e-02,-9.161210499999714330e+01,1.000000000000000000e+00
2.455987231593551381e-03,4.635800383754464654e-03,5.170255249509074780e-01,2.785173775180611599e-01,2.000000000000000000e+01,7.417623911916951251e-02,0.000000000000000000e+00,0.000000000000000000e+00,0.000000000000000000e+00,0.000000000000000000e+00,-6.414289781954128955e+01,5.045226332843839145e+00,8.000000000000000000e+01,1.169048070755634399e+03,1.015357605367803160e+02,2.377800000000000000e+06,3.280299999999999883e-01,-1.600499850000499464e+03,1.000000000000000000e+00
1.344360124888724535e-03,5.481605448855795051e-03,5.689473259588742060e-01,2.037682241882799450e-01,2.000000000000000000e+01,6.736719302720937941e-02,0.000000000000000000e+00,0.000000000000000000e+00,0.000000000000000000e+00,0.000000000000000000e+00,-7.127253432029236535e+01,5.123869699058556826e+00,8.100000000000000000e+01,1.052377297752819459e+03,1.022377132269363926e+02,2.354800000000000000e+06,1.400299999999999878e-01,-2.556674759999818320e+02,1.000000000000000000e+00
2.252099994658774210e-03,5.573699922448337001e-03,2.203909081353152000e-01,2.689247961994047031e+00,2.000000000000000000e+01,7.716917888747415466e-02,0.000000000000000000e+00,0.000000000000000000e+00,0.000000000000000000e+00,0.000000000000000000e+00,-3.928883608544153105e+01,5.034929434792813296e+00,8.200000000000000000e+01,3.287198830395049299e+03,9.000233516724593130e+01,2.563600000000000000e+06,3.431400000000000006e-01,-1.966455131999473224e+03,1.000000000000000000e+00
1.197555933923556432e-03,5.805240916087301209e-03,5.111411553946354491e-01,2.590609276126047966e-01,2.000000000000000000e+01,7.236061429490937835e-02,0.000000000000000000e+00,0.000000000000000000e+00,0.000000000000000000e+00,0.000000000000000000e+00,-4.479517345031027986e+01,6.159645578135513944e+00,8.300000000000000000e+01,1.975621262010164855e+03,9.552920845116919679e+01,2.621800000000000000e+06,4.269800000000000262e-01,-1.096400448000328424e+03,1.000000000000000000e+00
2.243719831280719529e-03,4.090744236108328526e-03,5.565882843037507355e-01,1.161612966245170186e+00,2.000000000000000000e+01,7.332274061678019372e-02,0.000000000000000000e+00,0.000000000000000000e+00,0.000000000000000000e+00,0.000000000000000000e+00,-6.028441393259946324e+01,4.247269033612576905e+00,8.400000000000000000e+01,1.768859584450181273e+03,9.658067359988230294e+01,2.363800000000000000e+06,4.224100000000000077e-01,-1.866110399999155561e+03,1.000000000000000000e+00
2.844200594370193975e-03,4.484120551209176686e-03,7.585015906233367744e-01,1.729451287299100137e+00,2.000000000000000000e+01,6.885973766092040593e-02,0.000000000000000000e+00,0.000000000000000000e+00,0.000000000000000000e+00,0.000000000000000000e+00,-4.375074035558684926e+01,5.452738252321243095e+00,8.500000000000000000e+01,3.052980648802717496e+03,9.012758152415837287e+01,2.573000000000000000e+06,2.384100000000000108e-01,-3.422280000000096152e+02,1.000000000000000000e+00
3.336911639141215344e-03,4.552533027164041082e-03,4.812302456746149759e-01,6.875237865976202567e-01,2.000000000000000000e+01,8.177377885567650717e-02,0.000000000000000000e+00,0.000000000000000000e+00,0.000000000000000000e+00,0.000000000000000000e+00,-5.585241319727272469e+01,5.082574136698759126e+00,8.600000000000000000e+01,1.839901318462482095e+03,9.599888310338147335e+01,2.450900000000000000e+06,4.264500000000000235e-02,-6.529201000000044530e+01,1.000000000000000000e+00
3.248459170261169295e-03,5.742481831624664766e-03,5.960158677118820858e-01,2.804127062376166268e+00,2.000000000000000000e+01,7.182183510125103587e-02,0.000000000000000000e+00,0.000000000000000000e+00,0.000000000000000000e+00,0.000000000000000000e+00,-4.174619525705585232e+01,5.069488729283680328e+00,8.700000000000000000e+01,3.760528210725776262e+03,8.992150049946376100e+01,2.551400000000000000e+06,7.936299999999999466e-01,-2.870562510001255305e+03,1.000000000000000000e+00
3.602102076686340693e-03,3.733829118813120074e-03,4.687464821223675249e-01,-9.431282595633296850e+00,2.000000000000000000e+01,7.439935456219114174e-02,0.000000000000000000e+00,0.000000000000000000e+00,0.000000000000000000e+00,0.000000000000000000e+00,-7.412549683319750216e+01,7.525552170039785160e+00,8.800000000000000000e+01,1.886245708815288822e+02,1.510331803603368996e+02,2.364400000000000000e+06,6.634400000000000297e-01,-2.478680999999030973e+03,1.000000000000000000e+00
2.573315088929896063e-03,3.926440632638559386e-03,6.649539016256680313e-01,1.408058156218928936e+00,2.000000000000000000e+01,7.095452012533103037e-02,0.000000000000000000e+00,0.000000000000000000e+00,0.000000000000000000e+00,0.000000000000000000e+00,-5.625731052938053267e+01,5.006921019429278807e+00,8.900000000000000000e+01,2.086313146476530619e+03,9.445996506017071681e+01,2.443100000000000000e+06,5.626499999999999835e-01,-1.526481065999437533e+03,1.000000000000000000e+00
2.742597762066444934e-03,5.371746949650590096e-03,8.734668615553646820e-01,5.072563961697782453e-01,2.000000000000000000e+01,7.211115047001373513e-02,0.000000000000000000e+00,0.000000000000000000e+00,0.000000000000000000e+00,0.000000000000000000e+00,-5.399334989304314547e+01,4.747597604744797195e+00,9.000000000000000000e+01,1.780071426575238320e+03,9.675102987838492652e+01,2.441100000000000000e+06,5.740899999999999892e-01,-2.081655111000113266e+03,1.000000000000000000e+00
2.094535942056727565e-03,4.601025894174077570e-03,6.093077250790448485e-01,-2.646704989261421836e+00,2.000000000000000000e+01,7.039926892688684601e-02,0.000000000000000000e+00,0.000000000000000000e+00,0.000000000000000000e+00,0.000000000000000000e+00,-6.518169275286808784e+01,5.486700165061839662e+00,9.100000000000000000e+01,6.301394412071761053e+02,1.104862055859506142e+02,2.392600000000000000e+06,4.095400000000000151e-01,-9.122983120001514408e+02,1.000000000000000000e+00
3.740415038794147121e-03,3.998093555461803596e-03,8.349896469515025732e-01,-9.733150391941629564e-01,2.000000000000000000e+01,6.928164068906693396e-02,0.000000000000000000e+00,0.000000000000000000e+00,0.000000000000000000e+00,0.000000000000000000e+00,-5.883096250182038034e+01,7.407673703486778116e+00,9.200000000000000000e+01,8.367066944266646260e+02,1.042081223859807011e+02,2.572500000000000000e+06,2.466599999999999904e-01,-4.064241999999777590e+02,1.000000000000000000e+00
2.461258376264778905e-03,4.755265469288887971e-03,7.835120586605991422e-01,-9.628758384512130508e-01,2.000000000000000000e+01,7.407126564480362441e-02,0.000000000000000000e+00,0.000000000000000000e+00,0.000000000000000000e+00,0.000000000000000000e+00,-6.315190903183018634e+01,5.463434628352073830e+00,9.300000000000000000e+01,7.980549466395882519e+02,1.045075958360117880e+02,2.409400000000000000e+06,1.705899999999999916e-01,-3.073776510000024018e+02,1.000000000000000000e+00
3.322803599665680001e-03,4.685043875328599380e-03,9.628547991603555456e-01,-1.832830112508075038e+00,2.000000000000000000e+01,7.293635495461284202e-02,0.000000000000000000e+00,0.000000000000000000e+00,0.000000000000000000e+00,0.000000000000000000e+00,-6.094909603610226867e+01,5.747099255098310877e+00,9.400000000000000000e+01,7.930706397998014836e+02,1.061546067200936392e+02,2.445700000000000000e+06,3.329599999999999782e-01,-8.996739399998696172e+02,1.000000000000000000e+00
3.247900358729504180e-03,3.726127893702700471e-03,6.930188852600591698e-01,1.005552618033613843e-01,2.000000000000000000e+01,6.761475069041683605e-02,0.000000000000000000e+00,0.000000000000000000e+00,0.000000000000000000e+00,0.000000000000000000e+00,-5.237909880104808025e+01,5.561050415902076161e+00,9.500000000000000000e+01,1.757552750172807464e+03,9.701231692832443798e+01,2.513000000000000000e+06,1.017600000000000032e-01,-1.567749599999981172e+02,1.000000000000000000e+00
1.422671351682439382e-03,5.247686487293415358e-03,6.839887385946484821e-01,1.317599860886915719e+00,2.000000000000000000e+01,7.585733103768754759e-02,0.000000000000000000e+00,0.000000000000000000e+00,0.000000000000000000e+00,0.000000000000000000e+00,-6.407212797090895151e+01,4.609755750104456595e+00,9.600000000000000000e+01,1.469486589800736965e+03,9.894138688248509084e+01,2.355800000000000000e+06,8.219200000000000117e-02,-6.218466299999905544e+01,1.000000000000000000e+00
3.118854577414519741e-03,2.633747261876749537e-03,4.233360488981056102e-01,1.299528926289482023e+00,2.000000000000000000e+01,7.467232753966773773e-02,0.000000000000000000e+00,0.000000000000000000e+00,0.000000000000000000e+00,0.000000000000000000e+00,-5.039370330064745929e+01,5.548017658167689881e+00,9.700000000000000000e+01,2.464527824812887047e+03,9.205220757427116496e+01,2.527500000000000000e+06,6.494699999999999918e-01,-2.386215470000459391e+03,1.000000000000000000e+00
4.468709929937474644e-03,2.775753357649182566e-03,9.929084504777130338e-01,3.005015635590022605e+00,2.000000000000000000e+01,6.482747023553855903e-02,0.000000000000000000e+00,0.000000000000000000e+00,0.000000000000000000e+00,0.000000000000000000e+00,-1.025098283059021327e+02,4.668341903044981755e+00,9.800000000000000000e+01,1.829573578122652862e+02,1.612543553932083000e+02,2.021700000000000000e+06,6.263299999999999423e-02,-5.348022999999980698e+01,1.000000000000000000e+00
3.556631039573322252e-03,2.693177809219189645e-03,4.981849687859463138e-01,-4.031189836899043755e+00,2.000000000000000000e+01,6.852789064357123205e-02,0.000000000000000000e+00,0.000000000000000000e+00,0.000000000000000000e+00,0.000000000000000000e+00,-7.204381784227389574e+01,6.494950748944674501e+00,9.900000000000000000e+01,1.954755978635117515e+02,1.371069810395489696e+02,2.329200000000000000e+06,5.926599999999999646e-01,-1.271973099999893748e+03,1.000000000000000000e+00
2.581279175488333626e-03,2.419419595089538320e-03,4.010728632122310122e-01,-5.714605698976086501e+00,2.000000000000000000e+01,7.185761006373372894e-02,0.000000000000000000e+00,0.000000000000000000e+00,0.000000000000000000e+00,0.000000000000000000e+00,-7.571555827983128495e+01,6.426298411810215327e+00,1.000000000000000000e+02,1.963378478792805311e+02,1.344770806700702224e+02,2.315400000000000000e+06,3.481199999999999850e-01,-5.044114789999418917e+02,1.000000000000000000e+00
2.903540619850563699e-03,5.077771786566041487e-03,3.192497815976958475e-01,-2.937331898877823644e+00,2.000000000000000000e+01,7.819721265127267673e-02,0.000000000000000000e+00,0.000000000000000000e+00,0.000000000000000000e+00,0.000000000000000000e+00,-7.888931406410149805e+01,5.704615291303488434e+00,1.010000000000000000e+02,2.051983790706145783e+02,1.307376310128902617e+02,2.259800000000000000e+06,1.776200000000000001e-01,-1.046214400000266096e+03,1.000000000000000000e+00
2.315229492550612521e-03,5.168990526778077799e-03,5.917042041946691810e-01,-3.058027178755788444e+00,2.000000000000000000e+01,7.262938020942466544e-02,0.000000000000000000e+00,0.000000000000000000e+00,0.000000000000000000e+00,0.000000000000000000e+00,-6.525952175754029838e+01,5.910209291721357339e+00,1.020000000000000000e+02,5.426874156401221398e+02,1.115043928594771216e+02,2.411800000000000000e+06,5.375799999999999468e-01,-2.141924419000080889e+03,1.000000000000000000e+00
3.286602142396445343e-03,3.403602565691590288e-03,6.910732349081756265e-01,-3.546300775173649278e+00,2.000000000000000000e+01,6.904729134992404482e-02,0.000000000000000000e+00,0.000000000000000000e+00,0.000000000000000000e+00,0.000000000000000000e+00,-6.266038728339547959e+01,6.920154560862426862e+00,1.030000000000000000e+02,4.730314658005415254e+02,1.116652216162092373e+02,2.494500000000000000e+06,1.850799999999999945e-01,-2.844437199999988479e+02,1.000000000000000000e+00
3.072335667888235426e-03,3.790575149053700393e-03,3.791365505088895582e-01,-2.067481876542910157e+00,2.000000000000000000e+01,6.660895451206584605e-02,0.000000000000000000e+00,0.000000000000000000e+00,0.000000000000000000e+00,0.000000000000000000e+00,-6.672134037148209984e+01,6.324204231811243915e+00,1.040000000000000000e+02,4.621610426569691867e+02,1.127775765301879289e+02,2.419200000000000000e+06,5.315000000000000280e-02,-1.134591999999973524e+02,1.000000000000000000e+00
3.717372828373725121e-03,5.584536169197294384e-03,4.169980366566718999e-01,3.339172128375757165e+00,2.000000000000000000e+01,7.198041648181269236e-02,0.000000000000000000e+00,0.000000000000000000e+00,0.000000000000000000e+00,0.000000000000000000e+00,-2.694738852480170266e+01,6.391468670208588776e+00,1.050000000000000000e+02,5.882758051070299189e+03,8.992022354571369647e+01,2.768300000000000000e+06,6.053699999999999637e-01,-1.857632699999664965e+03,1.000000000000000000e+00
3.345183027965950573e-03,2.173630462506971704e-03,7.354661675556333211e-01,2.555291928361170584e+00,2.000000000000000000e+01,7.257871059098822131e-02,0.000000000000000000e+00,0.000000000000000000e+00,0.000000000000000000e+00,0.000000000000000000e+00,-5.065567816007647650e+01,4.982160375783041495e+00,1.060000000000000000e+02,2.607777656230325647e+03,9.163171957962377689e+01,2.482500000000000000e+06,8.042399999999999549e-01,-2.904574999999337706e+03,1.000000000000000000e+00
2.158369538729057284e-03,1.992504716356279827e-03,6.251635003272549840e-01,-5.336936818853467379e+00,2.000000000000000000e+01,8.009749049099050555e-02,0.000000000000000000e+00,0.000000000000000000e+00,0.000000000000000000e+00,0.000000000000000000e+00,-8.982681946261490680e+01,5.497769536134024193e+00,1.070000000000000000e+02,1.897373556931549672e+02,1.924244937095284911e+02,2.097400000000000000e+06,6.295600000000000085e-01,-1.727135777999342054e+03,1.000000000000000000e+00
1.803362602732714193e-03,5.588083882127076879e-03,8.234144126236512262e-01,2.282475170221207605e+00,2.000000000000000000e+01,7.341817808603710860e-02,0.000000000000000000e+00,0.000000000000000000e+00,0.000000000000000000e+00,0.000000000000000000e+00,-5.941424244250070785e+01,4.644073780102770499e+00,1.080000000000000000e+02,1.952078167141821041e+03,9.595422185716735441e+01,2.392500000000000000e+06,1.741099999999999870e-01,-2.173817000000092605e+02,1.000000000000000000e+00
2.252099994658774210e-03,5.573699922448337001e-03,2.203909081353152000e-01,2.689247961994047031e+00,2.000000000000000000e+01,7.716917888747415466e-02,0.000000000000000000e+00,0.000000000000000000e+00,0.000000000000000000e+00,0.000000000000000000e+00,-3.928883608544153105e+01,5.034929434792813296e+00,1.090000000000000000e+02,4.394032527601679249e+03,9.001142633781422830e+01,2.570500000000000000e+06,3.906700000000000172e-01,-1.481039999999495876e+03,1.000000000000000000e+00
3.690268779030471229e-03,5.381282128665284409e-03,1.068027652912674208e+00,-5.032577365301658112e+00,2.000000000000000000e+01,7.079202211297463965e-02,0.000000000000000000e+00,0.000000000000000000e+00,0.000000000000000000e+00,0.000000000000000000e+00,-6.320596234472958486e+01,6.999496854373387755e+00,1.100000000000000000e+02,2.626426246595595444e+02,1.145988883145929407e+02,2.492400000000000000e+06,7.637199999999999545e-01,-2.454342000000161988e+03,1.000000000000000000e+00
4.098863879709476604e-03,4.803100517333560790e-03,9.250362424054011656e-01,-5.405986331304899473e-01,2.000000000000000000e+01,7.160803767243029139e-02,0.000000000000000000e+00,0.000000000000000000e+00,0.000000000000000000e+00,0.000000000000000000e+00,-5.645352850512832532e+01,6.338916391925908833e+00,1.110000000000000000e+02,1.428640968069425753e+03,9.995647345526548122e+01,2.528700000000000000e+06,1.019600000000000062e+00,-3.803642570001021795e+03,1.000000000000000000e+00
3.155660994817035409e-03,3.684357034303081292e-03,4.576498156693123986e-01,1.359252149882972605e+00,2.000000000000000000e+01,7.289136601507363589e-02,0.000000000000000000e+00,0.000000000000000000e+00,0.000000000000000000e+00,0.000000000000000000e+00,-3.799681920473316410e+01,6.406846155558127975e+00,1.120000000000000000e+02,3.031401392149221920e+03,9.020601063162624200e+01,2.698000000000000000e+06,6.459000000000000297e-01,-1.964189200000762867e+03,1.000000000000000000e+00
3.292254261598363298e-03,5.720740681794345139e-03,3.153378465088816363e-01,2.293732380183171937e+00,2.000000000000000000e+01,7.002128887695155401e-02,0.000000000000000000e+00,0.000000000000000000e+00,0.000000000000000000e+00,0.000000000000000000e+00,-4.368207021707212334e+01,5.003247793972438906e+00,1.130000000000000000e+02,5.298854618882239265e+03,9.005045376631113641e+01,2.537900000000000000e+06,2.162999999999999923e-01,-5.715835699999695407e+02,1.000000000000000000e+00
3.023951941671055351e-03,4.237046310215193332e-03,5.378159384853253844e-01,-2.170432941850111153e+00,2.000000000000000000e+01,7.555780662491713706e-02,0.000000000000000000e+00,0.000000000000000000e+00,0.000000000000000000e+00,0.000000000000000000e+00,-6.715722814268724505e+01,5.647320677081449247e+00,1.140000000000000000e+02,6.784299080588154993e+02,1.106127805215045896e+02,2.379400000000000000e+06,2.278100000000000125e-01,-9.178848000000349430e+02,1.000000000000000000e+00
2.148288986137601199e-03,4.504879428962525918e-03,5.938480467185361933e-01,1.145246148390700380e+00,2.000000000000000000e+01,7.146584333293243274e-02,0.000000000000000000e+00,0.000000000000000000e+00,0.000000000000000000e+00,0.000000000000000000e+00,-5.803657862664601907e+01,4.643162024314756664e+00,1.150000000000000000e+02,2.015266330460064182e+03,9.572775525214636616e+01,2.405400000000000000e+06,5.829299999999999482e-01,-1.841551999999155669e+03,1.000000000000000000e+00
2.209837641177241595e-03,5.718725363423046021e-03,5.305509376944921307e-01,-4.035060517813630732e+00,2.000000000000000000e+01,7.494847981206928522e-02,0.000000000000000000e+00,0.000000000000000000e+00,0.000000000000000000e+00,0.000000000000000000e+00,-7.225791078070484730e+01,5.634558209039202126e+00,1.160000000000000000e+02,2.235524250846499967e+02,1.184182819459919216e+02,2.326500000000000000e+06,1.833599999999999952e-01,-5.533865040000146109e+02,1.000000000000000000e+00
3.370936558033429519e-03,4.234108641487965494e-03,8.142906968660226230e-01,-5.274290651600554547e+00,2.000000000000000000e+01,7.611723536715836458e-02,0.000000000000000000e+00,0.000000000000000000e+00,0.000000000000000000e+00,0.000000000000000000e+00,-6.567175802597330403e+01,6.941970775216036671e+00,1.170000000000000000e+02,2.289134368439224829e+02,1.170188669328326654e+02,2.457500000000000000e+06,9.399899999999999922e-02,-1.301244599999995160e+02,1.000000000000000000e+00
3.231612967564237091e-03,4.029349975577342646e-03,5.512567267817699568e-01,-4.057948099515462204e+00,2.000000000000000000e+01,6.792968874114493905e-02,0.000000000000000000e+00,0.000000000000000000e+00,0.000000000000000000e+00,0.000000000000000000e+00,-6.674418343062261272e+01,6.701456994956275004e+00,1.180000000000000000e+02,2.462404901967701392e+02,1.163948339503962472e+02,2.435600000000000000e+06,1.113100000000000062e-01,-1.818482399999940924e+02,1.000000000000000000e+00
2.865908399314671950e-03,3.514120711074950575e-03,5.674474511227978191e-01,1.576548425210511306e+00,2.000000000000000000e+01,6.966331272872045011e-02,0.000000000000000000e+00,0.000000000000000000e+00,0.000000000000000000e+00,0.000000000000000000e+00,-5.320757761365221938e+01,5.296503487766155871e+00,1.190000000000000000e+02,2.363891524881911664e+03,9.278088482422107575e+01,2.488100000000000000e+06,2.780500000000000194e-01,-4.640037810000274021e+02,1.000000000000000000e+00
3.287657083942228855e-03,5.162364537401947610e-03,4.694569885295802325e-01,1.050615856766316414e+00,2.000000000000000000e+01,7.323533378161264928e-02,0.000000000000000000e+00,0.000000000000000000e+00,0.000000000000000000e+00,0.000000000000000000e+00,-5.408414330526746028e+01,5.220479658359525210e+00,1.200000000000000000e+02,2.255405189537560545e+03,9.426149369503335151e+01,2.473900000000000000e+06,6.778899999999999926e-01,-2.905715200001277481e+03,1.000000000000000000e+00
3.187715993301696357e-03,5.812173201112175863e-03,3.256992890147129005e-01,2.349611767159136555e+00,2.000000000000000000e+01,6.320746728964059258e-02,0.000000000000000000e+00,0.000000000000000000e+00,0.000000000000000000e+00,0.000000000000000000e+00,-3.801880913136696449e+01,5.106831059177210363e+00,1.210000000000000000e+02,5.029615848741300397e+03,9.011672024305690343e+01,2.580300000000000000e+06,3.370999999999999691e-02,-8.575988999999884754e+01,1.000000000000000000e+00
3.282168820703565242e-03,3.706651729414751299e-03,5.265442049502013777e-01,-5.503386317517055204e+00,2.000000000000000000e+01,7.288190677282785357e-02,0.000000000000000000e+00,0.000000000000000000e+00,0.000000000000000000e+00,0.000000000000000000e+00,-7.205312484513449078e+01,6.657472850152094779e+00,1.220000000000000000e+02,2.160601737081009048e+02,1.272209002491462115e+02,2.368100000000000000e+06,6.619099999999999984e-01,-1.979593000000159236e+03,1.000000000000000000e+00
1.523472464115599358e-03,5.505810345262863309e-03,6.387561770511854808e-01,1.544181551641308658e+00,2.000000000000000000e+01,7.236939509327934561e-02,0.000000000000000000e+00,0.000000000000000000e+00,0.000000000000000000e+00,0.000000000000000000e+00,-6.584346804084420057e+01,6.359351849644172994e+00,1.230000000000000000e+02,6.299145846160271276e+02,1.110530687840178672e+02,2.427500000000000000e+06,3.792099999999999915e-01,-1.133931712000320886e+03,1.000000000000000000e+00
2.756907246219855116e-03,5.161403648441387562e-03,5.537202440264600289e-01,1.811191407822570820e+00,2.000000000000000000e+01,7.221759533792272701e-02,0.000000000000000000e+00,0.000000000000000000e+00,0.000000000000000000e+00,0.000000000000000000e+00,-4.062356729403988709e+01,5.273170288763609825e+00,1.240000000000000000e+02,3.104610481843350499e+03,9.056513576460707782e+01,2.577100000000000000e+06,7.267000000000000126e-01,-2.577427399999720819e+03,1.000000000000000000e+00
3.207039231507083539e-03,4.908800599706550534e-03,7.280538925308819298e-01,1.502255590221550197e+00,2.000000000000000000e+01,7.097473936116764637e-02,0.000000000000000000e+00,0.000000000000000000e+00,0.000000000000000000e+00,0.000000000000000000e+00,-5.771630685580539932e+01,5.868531536990674091e+00,1.250000000000000000e+02,1.908142645693209715e+03,9.669537801176345226e+01,2.487100000000000000e+06,6.959999999999999520e-01,-2.090108800000414703e+03,1.000000000000000000e+00
3.270758189719634879e-03,4.029055372938111085e-03,5.967359852270514020e-01,1.014881568059218697e+00,2.000000000000000000e+01,7.835394737230763629e-02,0.000000000000000000e+00,0.000000000000000000e+00,0.000000000000000000e+00,0.000000000000000000e+00,-4.519316704423076203e+01,5.045924304469808774e+00,1.260000000000000000e+02,2.275940869269507857e+03,9.404762377002654716e+01,2.527300000000000000e+06,7.011399999999999577e-02,-1.101202999999980392e+02,1.000000000000000000e+00
2.739013311209346699e-03,4.445579857447666539e-03,6.772581766843920326e-01,-2.719534550766954162e+00,2.000000000000000000e+01,6.885247798851933110e-02,0.000000000000000000e+00,0.000000000000000000e+00,0.000000000000000000e+00,0.000000000000000000e+00,-7.163843947606946472e+01,5.106691530625845132e+00,1.270000000000000000e+02,4.419780550092806379e+02,1.137006776489705118e+02,2.314000000000000000e+06,1.880300000000000027e-01,-3.034811999999994896e+02,1.000000000000000000e+00
2.758485505523784916e-03,4.576992680159510524e-03,4.522105284485737897e-01,-4.145360074538375628e-01,2.000000000000000000e+01,7.623723986564159838e-02,0.000000000000000000e+00,0.000000000000000000e+00,0.000000000000000000e+00,0.000000000000000000e+00,-6.575566477204472449e+01,4.824077039411609036e+00,1.280000000000000000e+02,1.078752263194628995e+03,1.035563134674917478e+02,2.352700000000000000e+06,1.895300000000000040e-01,-7.941172539998983666e+02,1.000000000000000000e+00
3.198598113560895476e-03,4.977137848707792814e-03,5.087161309744343551e-01,-6.691234675781312369e-01,2.000000000000000000e+01,7.509673788240407710e-02,0.000000000000000000e+00,0.000000000000000000e+00,0.000000000000000000e+00,0.000000000000000000e+00,-6.345400062157946763e+01,5.402441102341853707e+00,1.290000000000000000e+02,1.045205684325809216e+03,1.038949992878039694e+02,2.403000000000000000e+06,2.934200000000000141e-01,-1.548054340000225466e+03,1.000000000000000000e+00
2.103707561728929663e-03,4.210692380877074925e-03,6.735375411870063722e-01,1.381167270284636261e+00,2.000000000000000000e+01,6.988269061486776512e-02,0.000000000000000000e+00,0.000000000000000000e+00,0.000000000000000000e+00,0.000000000000000000e+00,-5.799789364712512452e+01,4.707347836182466772e+00,1.300000000000000000e+02,2.131755403581868904e+03,9.524567895066894607e+01,2.411200000000000000e+06,3.687400000000000122e-01,-7.055379800000044952e+02,1.000000000000000000e+00
2.264588559088562443e-03,4.270397944826764131e-03,6.921213164705366516e-01,-1.180093321405771611e+00,2.000000000000000000e+01,7.418666870460995100e-02,0.000000000000000000e+00,0.000000000000000000e+00,0.000000000000000000e+00,0.000000000000000000e+00,-6.445783205178327080e+01,4.930702548126796536e+00,1.310000000000000000e+02,8.652009803346994659e+02,1.054915066808958954e+02,2.369000000000000000e+06,1.935699999999999921e-01,-4.246874999999824922e+02,1.000000000000000000e+00
2.966415468958325322e-03,4.641372787347310992e-03,7.750717190459543993e-01,-1.493692494041878316e+00,2.000000000000000000e+01,6.723364523578591323e-02,0.000000000000000000e+00,0.000000000000000000e+00,0.000000000000000000e+00,0.000000000000000000e+00,-6.476838520374106167e+01,4.723871180876273002e+00,1.320000000000000000e+02,8.738506088458257182e+02,1.054372222144463933e+02,2.435500000000000000e+06,2.729500000000000259e-01,-7.882506629999136294e+02,1.000000000000000000e+00
3.241755421993675924e-03,4.039875139813289481e-03,5.344893949981563974e-01,1.101257694495626716e+00,2.000000000000000000e+01,7.917022754673563867e-02,0.000000000000000000e+00,0.000000000000000000e+00,0.000000000000000000e+00,0.000000000000000000e+00,-4.510918349533426408e+01,5.021480992978113456e+00,1.330000000000000000e+02,2.325280415594377246e+03,9.367759508051322825e+01,2.525900000000000000e+06,6.538199999999999568e-02,-1.110959599999984704e+02,1.000000000000000000e+00
2.910112079639062994e-03,5.520282194545698615e-03,3.884618206611264446e-01,1.693047380686070635e+00,2.000000000000000000e+01,7.445400436653809573e-02,0.000000000000000000e+00,0.000000000000000000e+00,0.000000000000000000e+00,0.000000000000000000e+00,-5.965588308165138187e+01,5.169479334544371696e+00,1.340000000000000000e+02,1.891661707844288458e+03,9.684321418877139820e+01,2.423500000000000000e+06,5.092999999999999750e-01,-2.587959999999854972e+03,1.000000000000000000e+00
3.533488593574358929e-03,2.819458603713678388e-03,6.242922208230330394e-01,-6.847924143378447681e-01,2.000000000000000000e+01,7.164598267471411486e-02,0.000000000000000000e+00,0.000000000000000000e+00,0.000000000000000000e+00,0.000000000000000000e+00,-7.928050685724542745e+01,6.166064921910946239e+00,1.350000000000000000e+02,2.027203722166461262e+02,1.414200713990111922e+02,2.270600000000000000e+06,6.038000000000000034e-01,-1.318199609999741369e+03,1.000000000000000000e+00
2.036351859477014779e-03,5.624924257100961944e-03,6.181029110648788016e-01,1.646141641364237129e+00,2.000000000000000000e+01,7.127830630838136172e-02,0.000000000000000000e+00,0.000000000000000000e+00,0.000000000000000000e+00,0.000000000000000000e+00,-4.961718710771428675e+01,4.937505500386903279e+00,1.360000000000000000e+02,2.720498087464571654e+03,9.187571679968667127e+01,2.488000000000000000e+06,6.459700000000000442e-01,-1.920025297000918954e+03,1.000000000000000000e+00
3.087713597779436370e-03,5.493395408298525073e-03,7.988589822663757500e-01,-3.924816398908039794e-01,2.000000000000000000e+01,7.016366661514089609e-02,0.000000000000000000e+00,0.000000000000000000e+00,0.000000000000000000e+00,0.000000000000000000e+00,-5.867727884457644905e+01,6.889711704932880210e+00,1.370000000000000000e+02,1.231152842549274055e+03,1.020281461315174170e+02,2.544300000000000000e+06,5.597299999999999498e-01,-1.150448609999877362e+03,1.000000000000000000e+00
3.108265806425920211e-03,4.232284041930520907e-03,7.240861121963975133e-01,1.924497237709655861e+00,2.000000000000000000e+01,6.959400591997046137e-02,0.000000000000000000e+00,0.000000000000000000e+00,0.000000000000000000e+00,0.000000000000000000e+00,-4.333859541331909782e+01,5.032738285891282359e+00,1.380000000000000000e+02,3.398332360017866904e+03,9.058350130824852897e+01,2.540900000000000000e+06,3.729000000000000092e-01,-5.950783999999524667e+02,1.000000000000000000e+00
2.732917491701677276e-03,4.908755056881412664e-03,4.088487014059542513e-01,2.526739102360680445e+00,2.000000000000000000e+01,7.252177403772229469e-02,0.000000000000000000e+00,0.000000000000000000e+00,0.000000000000000000e+00,0.000000000000000000e+00,-4.709881969961362813e+01,4.866870657652261123e+00,1.390000000000000000e+02,3.342002949758798877e+03,9.074600620174321364e+01,2.499800000000000000e+06,5.584099999999999620e-01,-1.964844800000338410e+03,1.000000000000000000e+00
2.478815123402196112e-03,4.501206760362751712e-03,7.056856578393624346e-01,2.342398610482379961e+00,2.000000000000000000e+01,6.877741603583202579e-02,0.000000000000000000e+00,0.000000000000000000e+00,0.000000000000000000e+00,0.000000000000000000e+00,-4.124505431175204961e+01,4.924831155733448540e+00,1.400000000000000000e+02,3.569057035404161070e+03,9.027454825518617554e+01,2.544300000000000000e+06,2.297599999999999920e-01,-3.307798990000184176e+02,1.000000000000000000e+00
2.073615138545582565e-03,4.071466426988793429e-03,5.328827728258009877e-01,-2.415995151791111351e+00,2.000000000000000000e+01,7.323380736823684178e-02,0.000000000000000000e+00,0.000000000000000000e+00,0.000000000000000000e+00,0.000000000000000000e+00,-6.577873586759901059e+01,6.346401689520261513e+00,1.410000000000000000e+02,5.597997315248221639e+02,1.119012479450339725e+02,2.428500000000000000e+06,4.702799999999999758e-01,-1.874886960000325416e+03,1.000000000000000000e+00
3.256331941756572361e-03,3.257079520729037978e-03,6.044351106738536927e-01,-3.466958936357039445e+00,2.000000000000000000e+01,6.905863499666778371e-02,0.000000000000000000e+00,0.000000000000000000e+00,0.000000000000000000e+00,0.000000000000000000e+00,-6.378173174863880490e+01,6.517465409083346373e+00,1.420000000000000000e+02,5.573252863267044859e+02,1.119944633825514728e+02,2.459800000000000000e+06,1.687700000000000033e-01,-2.649217299999933743e+02,1.000000000000000000e+00
3.895496294520297935e-03,2.065271888540854209e-03,5.386982904885306844e-01,-3.375813735360615020e+00,2.000000000000000000e+01,6.796885446657262297e-02,0.000000000000000000e+00,0.000000000000000000e+00,0.000000000000000000e+00,0.000000000000000000e+00,-7.764130909418776127e+01,6.914535634996302527e+00,1.430000000000000000e+02,1.960144888372957155e+02,1.511082208890055654e+02,2.309600000000000000e+06,6.115400000000000003e-02,-1.182751300000013117e+02,1.000000000000000000e+00
3.175627268707600752e-03,6.627761446090257857e-03,8.810308022378183779e-01,-3.167219075689977181e+00,2.000000000000000000e+01,6.891564252536730439e-02,0.000000000000000000e+00,0.000000000000000000e+00,0.000000000000000000e+00,0.000000000000000000e+00,-6.373149164689601776e+01,7.205971022682815530e+00,1.440000000000000000e+02,5.139463318090216717e+02,1.130487812451177234e+02,2.500500000000000000e+06,2.424199999999999966e-01,-3.772148100000206341e+02,1.000000000000000000e+00
3.081299536493524536e-03,3.616823180701653640e-03,6.129658430726760976e-01,-3.409082192791339061e+00,2.000000000000000000e+01,6.919722969169198046e-02,0.000000000000000000e+00,0.000000000000000000e+00,0.000000000000000000e+00,0.000000000000000000e+00,-6.628425929492362911e+01,5.837954880542550740e+00,1.450000000000000000e+02,5.303809480216538077e+02,1.129458253611692982e+02,2.398100000000000000e+06,2.102400000000000102e-01,-3.144674000000045453e+02,1.000000000000000000e+00
3.016964135733705109e-03,4.041574473930311696e-03,8.130045040540738732e-01,-4.770798192967117046e+00,2.000000000000000000e+01,6.730903028108241315e-02,0.000000000000000000e+00,0.000000000000000000e+00,0.000000000000000000e+00,0.000000000000000000e+00,-5.983063078535261070e+01,6.772583091801023691e+00,1.460000000000000000e+02,3.514207943829994178e+02,1.142127960222039178e+02,2.516600000000000000e+06,9.633200000000000096e-02,-1.191754500000016890e+02,1.000000000000000000e+00
3.477278368558039869e-03,4.139751740251423201e-03,5.566118469843485128e-01,-3.958313224028134680e+00,2.000000000000000000e+01,6.924492115526267866e-02,0.000000000000000000e+00,0.000000000000000000e+00,0.000000000000000000e+00,0.000000000000000000e+00,-6.620173100941005373e+01,6.136693985050613698e+00,1.470000000000000000e+02,3.999303981982539540e+02,1.142111966431346985e+02,2.413900000000000000e+06,2.247500000000000053e-01,-3.401665000000073178e+02,1.000000000000000000e+00
2.483625097292838004e-03,4.701139352499935503e-03,6.111758932546501599e-01,2.259778830495336344e+00,2.000000000000000000e+01,7.035955831714468811e-02,0.000000000000000000e+00,0.000000000000000000e+00,0.000000000000000000e+00,0.000000000000000000e+00,-4.335705980953113681e+01,4.898590240686667485e+00,1.480000000000000000e+02,3.586310707858950991e+03,9.034847780195653399e+01,2.528900000000000000e+06,4.969700000000000228e-01,-1.116392400000316229e+03,1.000000000000000000e+00
3.179499237585826574e-03,4.451062766695726425e-03,3.802884060119954279e-01,7.223677366499287045e-01,2.000000000000000000e+01,7.349765056976473310e-02,0.000000000000000000e+00,0.000000000000000000e+00,0.000000000000000000e+00,0.000000000000000000e+00,-4.767646142911854668e+01,5.815858845416090439e+00,1.490000000000000000e+02,2.569586721545570526e+03,9.341847957053842322e+01,2.571300000000000000e+06,6.066899999999999515e-01,-2.062812020000579651e+03,1.000000000000000000e+00
3.325975262164345900e-03,5.003104270426840181e-03,3.329983726280728584e-01,1.930901133592599184e+00,2.000000000000000000e+01,7.223237496903933685e-02,0.000000000000000000e+00,0.000000000000000000e+00,0.000000000000000000e+00,0.000000000000000000e+00,-4.806994613843340858e+01,5.240919393501698664e+00,1.500000000000000000e+02,3.710456290064604673e+03,9.054933144457676519e+01,2.524800000000000000e+06,4.208899999999999864e-01,-1.211698229999906744e+03,1.000000000000000000e+00
2.829210173516357937e-03,3.307787396116397896e-03,5.424967396164368516e-01,-5.204707192327199472e+00,2.000000000000000000e+01,7.601621847948727972e-02,0.000000000000000000e+00,0.000000000000000000e+00,0.000000000000000000e+00,0.000000000000000000e+00,-8.133487697121583437e+01,6.024839675984499543e+00,1.510000000000000000e+02,1.981911224078156408e+02,1.445265073703583312e+02,2.238200000000000000e+06,2.241200000000000137e-01,-7.854246999998981664e+02,1.000000000000000000e+00
1.556980566111580699e-03,3.566956990701975784e-03,3.246196516248616160e-01,-2.856803903332812666e+01,2.000000000000000000e+01,6.904824809027949872e-02,0.000000000000000000e+00,0.000000000000000000e+00,0.000000000000000000e+00,0.000000000000000000e+00,-6.510442387173236511e+01,8.892724751177119913e+00,1.520000000000000000e+02,1.987388264169697436e+02,1.438701790559026108e+02,2.510000000000000000e+06,8.298099999999999921e-02,-1.114292999999974825e+02,1.000000000000000000e+00
3.016964135733705109e-03,4.041574473930311696e-03,8.130045040540738732e-01,-4.770798192967117046e+00,2.000000000000000000e+01,6.730903028108241315e-02,0.000000000000000000e+00,0.000000000000000000e+00,0.000000000000000000e+00,0.000000000000000000e+00,-5.983063078535261070e+01,6.772583091801023691e+00,1.530000000000000000e+02,2.867905352462955761e+02,1.150608923467799514e+02,2.478700000000000000e+06,7.316699999999999593e-02,-7.828860000000072716e+01,1.000000000000000000e+00
2.254823956696528839e-03,4.634648726957769048e-03,3.711694869588755830e-01,2.870945718192223772e-01,2.000000000000000000e+01,7.528159416801398496e-02,0.000000000000000000e+00,0.000000000000000000e+00,0.000000000000000000e+00,0.000000000000000000e+00,-6.344744026261692227e+01,4.975338565086240727e+00,1.540000000000000000e+02,1.323317589972690257e+03,1.008182153057194199e+02,2.380400000000000000e+06,3.393200000000000105e-01,-1.818515230999574896e+03,1.000000000000000000e+00
3.236190429835540758e-03,4.532305189992036354e-03,6.172518394269308484e-01,5.667394661830837954e-01,2.000000000000000000e+01,7.483395777912292546e-02,0.000000000000000000e+00,0.000000000000000000e+00,0.000000000000000000e+00,0.000000000000000000e+00,-7.261198006088899604e+01,4.204385774777986917e+00,1.550000000000000000e+02,1.306422498888784958e+03,1.012011383309485097e+02,2.331800000000000000e+06,3.206100000000000061e-01,-1.319280899999713029e+03,1.000000000000000000e+00
2.241584185563021137e-03,5.593674607901210141e-03,5.740454089422022399e-01,-3.606466816587191815e+00,2.000000000000000000e+01,7.499669883883486321e-02,0.000000000000000000e+00,0.000000000000000000e+00,0.000000000000000000e+00,0.000000000000000000e+00,-6.418501252935931234e+01,5.461379613180785242e+00,1.560000000000000000e+02,4.472363482780603476e+02,1.138934581975161393e+02,2.398300000000000000e+06,1.621599999999999986e-01,-3.895831290000436411e+02,1.000000000000000000e+00
3.252279570079115271e-03,5.097929185858199666e-03,3.549905679529377633e-01,1.932120700275360647e+00,2.000000000000000000e+01,7.188254017612707991e-02,0.000000000000000000e+00,0.000000000000000000e+00,0.000000000000000000e+00,0.000000000000000000e+00,-4.434761060028915836e+01,5.127807082874934252e+00,1.570000000000000000e+02,4.079278734888148392e+03,9.031343173698239468e+01,2.541900000000000000e+06,4.227699999999999791e-01,-1.199120800000157260e+03,1.000000000000000000e+00
2.338988743178994651e-03,4.803853652347745556e-03,6.530580457677434003e-01,-4.857868301917029008e+00,2.000000000000000000e+01,7.406610807782770811e-02,0.000000000000000000e+00,0.000000000000000000e+00,0.000000000000000000e+00,0.000000000000000000e+00,-8.091958331166227936e+01,4.695740273403146148e+00,1.580000000000000000e+02,2.206747680225170143e+02,1.228238319252401851e+02,2.213400000000000000e+06,2.414499999999999980e-01,-6.801061409999036869e+02,1.000000000000000000e+00
3.628780570497356674e-03,1.909951523456850141e-03,3.273980928857667116e-01,4.707202509975632054e-01,2.000000000000000000e+01,7.608180267713508804e-02,0.000000000000000000e+00,0.000000000000000000e+00,0.000000000000000000e+00,0.000000000000000000e+00,-4.365095819425755508e+01,7.640434491615701873e+00,1.590000000000000000e+02,2.821080151847392244e+03,9.182837622097969188e+01,2.757000000000000000e+06,6.487600000000000033e-01,-1.913624429999621952e+03,1.000000000000000000e+00
2.691267707173565157e-03,3.918948291007993967e-03,6.503341276943129801e-01,1.707334205916003489e-01,2.000000000000000000e+01,6.843495965851449647e-02,0.000000000000000000e+00,0.000000000000000000e+00,0.000000000000000000e+00,0.000000000000000000e+00,-6.066962929301928398e+01,5.006188423426349843e+00,1.600000000000000000e+02,1.505890419372922679e+03,9.950564268878591179e+01,2.407100000000000000e+06,1.482199999999999906e-01,-2.356418999999832806e+02,1.000000000000000000e+00
3.336911639141215344e-03,4.552533027164041082e-03,4.812302456746149759e-01,6.875237865976202567e-01,2.000000000000000000e+01,8.177377885567650717e-02,0.000000000000000000e+00,0.000000000000000000e+00,0.000000000000000000e+00,0.000000000000000000e+00,-5.585241319727272469e+01,5.082574136698759126e+00,1.610000000000000000e+02,2.196090813783480826e+03,9.526398460628499265e+01,2.480000000000000000e+06,6.691599999999999770e-01,-2.944006609998605654e+03,1.000000000000000000e+00
2.569220583424640728e-03,5.032675293688549517e-03,4.803856502653383043e-01,6.657360963201699455e-01,2.000000000000000000e+01,7.451534613497645676e-02,0.000000000000000000e+00,0.000000000000000000e+00,0.000000000000000000e+00,0.000000000000000000e+00,-6.716439601760966127e+01,4.667361329954377247e+00,1.620000000000000000e+02,1.250429809373301850e+03,1.021360684271434138e+02,2.333000000000000000e+06,3.113000000000000211e-01,-1.625828138000030322e+03,1.000000000000000000e+00
3.288285731526271582e-03,3.620653505635309383e-03,5.974020768663935721e-01,-1.316857854145586648e-01,2.000000000000000000e+01,7.831096065129679318e-02,0.000000000000000000e+00,0.000000000000000000e+00,0.000000000000000000e+00,0.000000000000000000e+00,-6.297931951837409059e+01,5.578322201008131032e+00,1.630000000000000000e+02,1.116768888815526907e+03,1.028274171191434050e+02,2.417400000000000000e+06,7.075599999999999945e-02,-1.238479999999987484e+02,1.000000000000000000e+00
2.775976048292615444e-03,4.906471218392877490e-03,5.281585597885041228e-01,-3.236356936002978024e+00,2.000000000000000000e+01,7.570247371667762626e-02,0.000000000000000000e+00,0.000000000000000000e+00,0.000000000000000000e+00,0.000000000000000000e+00,-6.022107456378216739e+01,5.953362718222448891e+00,1.640000000000000000e+02,6.728558131550896633e+02,1.112043364628132593e+02,2.464500000000000000e+06,1.837499999999999967e-01,-6.126609930000147415e+02,1.000000000000000000e+00
2.659885176440109772e-03,3.903681548841811400e-03,5.450916436181811875e-01,7.826103658655063633e-01,2.000000000000000000e+01,7.058974880191593027e-02,0.000000000000000000e+00,0.000000000000000000e+00,0.000000000000000000e+00,0.000000000000000000e+00,-5.832995733676979455e+01,4.983459958778997390e+00,1.650000000000000000e+02,2.022751230680519711e+03,9.674473338557795898e+01,2.425900000000000000e+06,4.133800000000000252e-01,-8.847193260001434965e+02,1.000000000000000000e+00
2.828751739802545621e-03,4.449510721771703439e-03,6.259568978995788679e-01,-2.285434980657941928e+00,2.000000000000000000e+01,7.504229855739689981e-02,0.000000000000000000e+00,0.000000000000000000e+00,0.000000000000000000e+00,0.000000000000000000e+00,-6.317735936140903874e+01,5.345004863217690527e+00,1.660000000000000000e+02,7.872512841663256040e+02,1.089563856022147945e+02,2.402200000000000000e+06,1.893299999999999983e-01,-5.317577000000163707e+02,1.000000000000000000e+00
2.923698896856876273e-03,5.097232639704352142e-03,5.211009070508375585e-01,1.806400576849257034e+00,2.000000000000000000e+01,7.198931089138851935e-02,0.000000000000000000e+00,0.000000000000000000e+00,0.000000000000000000e+00,0.000000000000000000e+00,-4.321570135912509159e+01,5.019888232518831650e+00,1.670000000000000000e+02,3.293678718138504792e+03,9.097067444487663579e+01,2.538700000000000000e+06,6.662099999999999689e-01,-2.289304895999700420e+03,1.000000000000000000e+00
2.089057215769787521e-03,5.596345901982683821e-03,8.563496335262658077e-01,1.912497317279004960e+00,2.000000000000000000e+01,7.362181893889446771e-02,0.000000000000000000e+00,0.000000000000000000e+00,0.000000000000000000e+00,0.000000000000000000e+00,-6.346577259213125899e+01,4.782017114289520698e+00,1.680000000000000000e+02,1.603118488906408174e+03,9.912300496590783894e+01,2.368600000000000000e+06,1.599099999999999966e-01,-2.057655149999871469e+02,1.000000000000000000e+00
3.852702218167145757e-03,5.364418039984187973e-03,9.225391816939656486e-01,-3.464791550066652626e-01,2.000000000000000000e+01,7.144773571396728640e-02,0.000000000000000000e+00,0.000000000000000000e+00,0.000000000000000000e+00,0.000000000000000000e+00,-4.830274113396333036e+01,6.491894473412450850e+00,1.690000000000000000e+02,1.962755849829840827e+03,9.749626467761677873e+01,2.619000000000000000e+06,1.123799999999999910e+00,-3.606185969998795827e+03,1.000000000000000000e+00
2.645780108037139484e-03,4.578381242997126184e-03,6.249046339065995603e-01,6.813715917341678363e-01,2.000000000000000000e+01,7.426196513493452112e-02,0.000000000000000000e+00,0.000000000000000000e+00,0.000000000000000000e+00,0.000000000000000000e+00,-6.605396595564489814e+01,5.376046934790565501e+00,1.700000000000000000e+02,9.118855169652385939e+02,1.045277410981943120e+02,2.377100000000000000e+06,2.332400000000000029e-01,-7.645176000000992644e+02,1.000000000000000000e+00
3.401171858719334931e-03,5.703584545743793296e-03,3.353501378347867878e-01,2.585308436349345040e+00,2.000000000000000000e+01,6.759553768503755167e-02,0.000000000000000000e+00,0.000000000000000000e+00,0.000000000000000000e+00,0.000000000000000000e+00,-3.849060004425538750e+01,4.969176827834210997e+00,1.710000000000000000e+02,5.866474713567341496e+03,9.028527326771875039e+01,2.566300000000000000e+06,9.264500000000000512e-02,-2.496407400000035750e+02,1.000000000000000000e+00
2.624428330216108628e-03,4.003712628669250755e-03,5.286778808763508142e-01,1.536254780710703871e+00,2.000000000000000000e+01,6.987680197953215211e-02,0.000000000000000000e+00,0.000000000000000000e+00,0.000000000000000000e+00,0.000000000000000000e+00,-4.635217336377572650e+01,5.146593171626007823e+00,1.720000000000000000e+02,3.030413865729160079e+03,9.138796103927158754e+01,2.529500000000000000e+06,3.153400000000000092e-01,-5.779819360000151391e+02,1.000000000000000000e+00
3.270289009557445555e-03,2.871333748064038450e-03,7.348738192230827027e-01,-4.491521242786993717e+00,2.000000000000000000e+01,6.918316870788673856e-02,0.000000000000000000e+00,0.000000000000000000e+00,0.000000000000000000e+00,0.000000000000000000e+00,-6.297366316971125855e+01,6.854382257905363929e+00,1.730000000000000000e+02,5.180671042810838571e+02,1.135135595350260758e+02,2.485500000000000000e+06,1.761500000000000010e-01,-2.734810000000022114e+02,1.000000000000000000e+00
2.768847536558810031e-03,4.912817543475961161e-03,4.171880996824380849e-01,-2.032166386302675321e+00,2.000000000000000000e+01,7.370977035547224276e-02,0.000000000000000000e+00,0.000000000000000000e+00,0.000000000000000000e+00,0.000000000000000000e+00,-6.511130731202635502e+01,6.547602288834308837e+00,1.740000000000000000e+02,6.242939997680467741e+02,1.114072868106900387e+02,2.447300000000000000e+06,6.027000000000000135e-01,-2.443827099999500660e+03,1.000000000000000000e+00
4.133104000925393734e-03,4.890491889028777961e-03,9.161732752274622804e-01,-1.672187930965886249e+00,2.000000000000000000e+01,7.314955562962011104e-02,0.000000000000000000e+00,0.000000000000000000e+00,0.000000000000000000e+00,0.000000000000000000e+00,-5.557090449391692744e+01,6.314637431003394141e+00,1.750000000000000000e+02,1.041390807103339966e+03,1.040631347262952460e+02,2.534200000000000000e+06,4.037399999999999878e-01,-1.408836019999996779e+03,1.000000000000000000e+00
3.369135959808510980e-03,4.675423243264512432e-03,3.394919207522094640e-01,6.971537119474237043e-01,2.000000000000000000e+01,7.315945544272720036e-02,0.000000000000000000e+00,0.000000000000000000e+00,0.000000000000000000e+00,0.000000000000000000e+00,-5.110062324692044200e+01,5.991415426797276567e+00,1.760000000000000000e+02,2.531983714711519497e+03,9.381566285284208107e+01,2.556800000000000000e+06,5.219700000000000450e-01,-1.559285499999695503e+03,1.000000000000000000e+00
3.443414578982180885e-03,5.107662961436353934e-03,3.899620771046910517e-01,1.128228913569119696e+00,2.000000000000000000e+01,7.107467723720037323e-02,0.000000000000000000e+00,0.000000000000000000e+00,0.000000000000000000e+00,0.000000000000000000e+00,-7.165856598153050072e+01,5.257984017839421931e+00,1.770000000000000000e+02,1.691942349977742424e+03,9.885107317749013589e+01,2.404700000000000000e+06,4.942799999999999971e-01,-2.666311560001298403e+03,1.000000000000000000e+00
2.508549439757617149e-03,4.707030030410820631e-03,7.801224304399976273e-01,-1.366895812141923683e+00,2.000000000000000000e+01,7.380522785087077764e-02,0.000000000000000000e+00,0.000000000000000000e+00,0.000000000000000000e+00,0.000000000000000000e+00,-7.777569036499589572e+01,4.268033730128451886e+00,1.780000000000000000e+02,6.166866940000015802e+02,1.117732984445536317e+02,2.231500000000000000e+06,1.996900000000000064e-01,-4.123106900000420865e+02,1.000000000000000000e+00
2.634154298739555325e-03,4.587704034877112223e-03,6.168667970248223886e-01,-9.372592110042101687e-01,2.000000000000000000e+01,6.825210759483676948e-02,0.000000000000000000e+00,0.000000000000000000e+00,0.000000000000000000e+00,0.000000000000000000e+00,-7.266436911283290101e+01,5.092183682883742790e+00,1.790000000000000000e+02,6.073789020358099151e+02,1.118972650720332211e+02,2.305100000000000000e+06,1.441500000000000004e-01,-2.315285999999893249e+02,1.000000000000000000e+00
3.287657083942228855e-03,5.162364537401947610e-03,4.694569885295802325e-01,1.050615856766316414e+00,2.000000000000000000e+01,7.323533378161264928e-02,0.000000000000000000e+00,0.000000000000000000e+00,0.000000000000000000e+00,0.000000000000000000e+00,-5.408414330526746028e+01,5.220479658359525210e+00,1.800000000000000000e+02,2.505727600795770741e+03,9.413432523781635552e+01,2.472600000000000000e+06,6.727199999999999847e-01,-2.730118739999348691e+03,1.000000000000000000e+00
2.309585880326988239e-03,4.899187067576676186e-03,5.712290821793065687e-01,1.282646043482239984e+00,2.000000000000000000e+01,7.117189219770969633e-02,0.000000000000000000e+00,0.000000000000000000e+00,0.000000000000000000e+00,0.000000000000000000e+00,-5.510849360295136279e+01,4.627514968686906371e+00,1.810000000000000000e+02,2.446868469450591419e+03,9.435252533237672878e+01,2.426600000000000000e+06,5.476400000000000157e-01,-1.665125000000357431e+03,1.000000000000000000e+00
3.187715993301696357e-03,5.812173201112175863e-03,3.256992890147129005e-01,2.349611767159136555e+00,2.000000000000000000e+01,6.320746728964059258e-02,0.000000000000000000e+00,0.000000000000000000e+00,0.000000000000000000e+00,0.000000000000000000e+00,-3.801880913136696449e+01,5.106831059177210363e+00,1.820000000000000000e+02,5.580806275813570210e+03,9.071126496393725347e+01,2.550700000000000000e+06,2.691299999999999804e-01,-6.751208100000353625e+02,1.000000000000000000e+00
2.364560309670200866e-03,4.422086127138444289e-03,5.378716731539782137e-01,1.953041987416237468e+00,2.000000000000000000e+01,7.339149975222353239e-02,0.000000000000000000e+00,0.000000000000000000e+00,0.000000000000000000e+00,0.000000000000000000e+00,-6.553894250488316686e+01,4.113640882107058694e+00,1.830000000000000000e+02,1.786771249576416494e+03,9.857604935601317209e+01,2.318500000000000000e+06,4.156699999999999839e-01,-1.951747414000613844e+03,1.000000000000000000e+00
1.852614756880295891e-03,4.983491321231161078e-03,6.798357291727274987e-01,-2.059123327693974659e+00,2.000000000000000000e+01,7.645717218952345628e-02,0.000000000000000000e+00,0.000000000000000000e+00,0.000000000000000000e+00,0.000000000000000000e+00,-5.894571116186250492e+01,5.467213093842589799e+00,1.840000000000000000e+02,8.247954290331432503e+02,1.077942534546243110e+02,2.448500000000000000e+06,7.921599999999999475e-02,-7.461453600000059794e+01,1.000000000000000000e+00
2.221076199571443352e-03,3.930818654538698401e-03,4.555861910077299015e-01,-2.460612686925767623e+00,2.000000000000000000e+01,7.272933612990317709e-02,0.000000000000000000e+00,0.000000000000000000e+00,0.000000000000000000e+00,0.000000000000000000e+00,-6.561510167405153027e+01,5.844405981091080449e+00,1.850000000000000000e+02,7.490304019134381406e+02,1.103716917580944425e+02,2.405400000000000000e+06,5.463099999999999623e-01,-1.737554509999161382e+03,1.000000000000000000e+00
2.990495613503023255e-03,3.219577060771200948e-03,4.276857938568943696e-01,-3.692436324640304135e-01,2.000000000000000000e+01,6.439279271322889686e-02,0.000000000000000000e+00,0.000000000000000000e+00,0.000000000000000000e+00,0.000000000000000000e+00,-6.222218140957951960e+01,5.256622982222912022e+00,1.860000000000000000e+02,1.269906780063864971e+03,1.019893742821580958e+02,2.407300000000000000e+06,3.779899999999999927e-02,-6.498288399999982801e+01,1.000000000000000000e+00
3.487427261521416477e-03,4.406083712987858732e-03,8.495521787442970041e-01,-3.404491873538767255e+00,2.000000000000000000e+01,7.236310465628041644e-02,0.000000000000000000e+00,0.000000000000000000e+00,0.000000000000000000e+00,0.000000000000000000e+00,-7.739962814764700738e+01,6.212998390946272487e+00,1.870000000000000000e+02,2.136250264159309040e+02,1.358036899959426762e+02,2.291000000000000000e+06,6.572299999999999809e-01,-3.086487650000878602e+03,1.000000000000000000e+00
3.268968862709701988e-03,4.282218577961328931e-03,5.711612804229417861e-01,1.967099592133490837e+00,2.000000000000000000e+01,7.187702493060076081e-02,0.000000000000000000e+00,0.000000000000000000e+00,0.000000000000000000e+00,0.000000000000000000e+00,-5.764894848741896993e+01,4.654815563373494669e+00,1.880000000000000000e+02,2.506267553188099555e+03,9.468654949809817367e+01,2.409000000000000000e+06,6.565199999999999925e-01,-2.224731519999867942e+03,1.000000000000000000e+00
3.602102076686340693e-03,3.733829118813120074e-03,4.687464821223675249e-01,-9.431282595633296850e+00,2.000000000000000000e+01,7.439935456219114174e-02,0.000000000000000000e+00,0.000000000000000000e+00,0.000000000000000000e+00,0.000000000000000000e+00,-7.412549683319750216e+01,7.525552170039785160e+00,1.890000000000000000e+02,2.040356079565176231e+02,1.512571654958633189e+02,2.367600000000000000e+06,6.824200000000000266e-01,-2.387231740000202080e+03,1.000000000000000000e+00
3.523385358011958592e-03,4.641366866231716633e-03,5.479839491852881439e-01,-5.005305053024120543e-01,2.000000000000000000e+01,7.517616517149486310e-02,0.000000000000000000e+00,0.000000000000000000e+00,0.000000000000000000e+00,0.000000000000000000e+00,-6.452781223082757833e+01,5.446961500959233149e+00,1.900000000000000000e+02,1.023464933254447374e+03,1.044309086349600619e+02,2.395100000000000000e+06,2.846000000000000196e-01,-1.418789260000145305e+03,1.000000000000000000e+00
2.294729506318952603e-03,5.230356473602170743e-03,8.814843201909443593e-01,2.268428017607332592e+00,2.000000000000000000e+01,7.247684467590057023e-02,0.000000000000000000e+00,0.000000000000000000e+00,0.000000000000000000e+00,0.000000000000000000e+00,-5.112822814362941415e+01,3.556181940909913131e+00,1.910000000000000000e+02,2.537241373024155109e+03,9.481609380245001262e+01,2.374000000000000000e+06,3.543899999999999828e-01,-8.131949999998748808e+02,1.000000000000000000e+00
3.107035788885988831e-03,4.085844132111876928e-03,7.039429950308655481e-01,2.040293576697616906e+00,2.000000000000000000e+01,6.972400922627765285e-02,0.000000000000000000e+00,0.000000000000000000e+00,0.000000000000000000e+00,0.000000000000000000e+00,-3.985612557179654658e+01,4.895009797826598508e+00,1.920000000000000000e+02,3.659188556644753589e+03,9.107288844007003092e+01,2.550600000000000000e+06,3.934099999999999819e-01,-6.435839799999706656e+02,1.000000000000000000e+00
2.765981569154326788e-03,3.459180548535322700e-03,5.845010524015437081e-01,-3.773932746642957525e+00,2.000000000000000000e+01,6.814706061507386226e-02,0.000000000000000000e+00,0.000000000000000000e+00,0.000000000000000000e+00,0.000000000000000000e+00,-6.866998066338722140e+01,5.971550477844878912e+00,1.930000000000000000e+02,3.211964380551929139e+02,1.156284652118132641e+02,2.379100000000000000e+06,1.157699999999999979e-01,-1.773927999999980898e+02,1.000000000000000000e+00
4.203043211448195815e-03,4.577859835647910339e-03,6.863554080579260530e-01,3.131803281214899926e+00,2.000000000000000000e+01,7.441812652270587969e-02,0.000000000000000000e+00,0.000000000000000000e+00,0.000000000000000000e+00,0.000000000000000000e+00,-4.838974671154210938e+01,6.020260772571770502e+00,1.940000000000000000e+02,3.302762569190615977e+03,9.122946686940922234e+01,2.618600000000000000e+06,6.060400000000000231e-01,-1.259987980000106518e+03,1.000000000000000000e+00
2.462473443556890615e-03,5.226443557302569431e-03,5.339379029955426681e-01,2.496672204194250178e+00,2.000000000000000000e+01,7.198384770725660409e-02,0.000000000000000000e+00,0.000000000000000000e+00,0.000000000000000000e+00,0.000000000000000000e+00,-5.121528823646779927e+01,4.764482152282643490e+00,1.950000000000000000e+02,2.832581927926686603e+03,9.200881979698147006e+01,2.462700000000000000e+06,6.425300000000000455e-01,-2.292705778999273662e+03,1.000000000000000000e+00
2.762459842381947712e-03,5.950871535957199567e-03,6.756328052372018167e-01,2.992703512456706960e+00,2.000000000000000000e+01,7.025452251899895473e-02,0.000000000000000000e+00,0.000000000000000000e+00,0.000000000000000000e+00,0.000000000000000000e+00,-3.239165083265253031e+01,5.232524221627057770e+00,1.960000000000000000e+02,5.357920058718363180e+03,9.096231799485427416e+01,2.623900000000000000e+06,6.978499999999999703e-01,-1.430260845000368363e+03,1.000000000000000000e+00
2.210969901335646873e-03,5.379003280530474107e-03,8.388119566034870633e-01,1.505079700708377155e+00,2.000000000000000000e+01,7.288907499817104396e-02,0.000000000000000000e+00,0.000000000000000000e+00,0.000000000000000000e+00,0.000000000000000000e+00,-6.796467533268477723e+01,4.677588942578172038e+00,1.970000000000000000e+02,1.201002493284387128e+03,1.027138912305476168e+02,2.326200000000000000e+06,2.577800000000000091e-01,-5.347671999999295167e+02,1.000000000000000000e+00
2.578420675879154397e-03,4.648238169809396428e-03,9.267387277787073607e-01,-6.337891042661069063e-01,2.000000000000000000e+01,7.262928326885195740e-02,0.000000000000000000e+00,0.000000000000000000e+00,0.000000000000000000e+00,0.000000000000000000e+00,-5.362151518541166695e+01,5.174885074153697140e+00,1.980000000000000000e+02,1.289440524127413482e+03,1.018852893423525074e+02,2.473900000000000000e+06,3.827800000000000091e-01,-9.309981219999551740e+02,1.000000000000000000e+00
2.849844481077981086e-03,5.144598281776632635e-03,6.353979117788435271e-01,2.340336226547594656e+00,2.000000000000000000e+01,7.222153982419739215e-02,0.000000000000000000e+00,0.000000000000000000e+00,0.000000000000000000e+00,0.000000000000000000e+00,-4.901793875286712421e+01,4.399828962023718759e+00,1.990000000000000000e+02,2.854079750751634947e+03,9.202650048559863194e+01,2.449800000000000000e+06,6.738399999999999945e-01,-2.671304999999739721e+03,1.000000000000000000e+00
