3.530649821281766406e-03,4.419560158512094404e-03,5.548514391185398464e-01,2.901936824243301238e+00,2.000000000000000000e+01,7.799509024153000736e-02,0.000000000000000000e+00,0.000000000000000000e+00,0.000000000000000000e+00,0.000000000000000000e+00,-3.817962984867480003e+01,7.640614339790142928e+00,0.000000000000000000e+00,2.693009291975879023e+03,8.453823649302506738e+01,2.806700000000000000e+06,9.811200000000000476e-02,-1.638383999999948628e+02,1.000000000000000000e+00
3.712751311057541949e-03,4.646376799540496115e-03,5.621296657309331479e-01,2.701418827722359417e+00,2.000000000000000000e+01,7.699100992221172279e-02,0.000000000000000000e+00,0.000000000000000000e+00,0.000000000000000000e+00,0.000000000000000000e+00,-3.815765898901458542e+01,7.591466906895375288e+00,1.000000000000000000e+00,2.587303619412492480e+03,8.455090138294292501e+01,2.802600000000000000e+06,1.363600000000000090e-01,-2.859086999999963155e+02,1.000000000000000000e+00
3.189045984010869909e-03,4.371668146103400640e-03,5.880081820862539388e-01,2.208879504693375129e+00,2.000000000000000000e+01,7.303474481995887724e-02,0.000000000000000000e+00,0.000000000000000000e+00,0.000000000000000000e+00,0.000000000000000000e+00,-4.020840493439186503e+01,7.118022894239743437e+00,2.000000000000000000e+00,2.504702361675499560e+03,8.590112930144736936e+01,2.742300000000000000e+06,7.433100000000000263e-01,-2.868080299998920964e+03,1.000000000000000000e+00
2.429151875902489481e-03,7.103440778126002362e-04,4.757628496285286057e-01,-2.210494905062913773e+01,2.000000000000000000e+01,7.417924535225270399e-02,0.000000000000000000e+00,0.000000000000000000e+00,0.000000000000000000e+00,0.000000000000000000e+00,-9.865448618903117506e+01,6.500098909165416217e+00,3.000000000000000000e+00,8.178778969025033518e+01,2.879723871665251522e+02,2.064700000000000000e+06,7.280200000000000560e-02,-9.672117899999999224e+01,1.000000000000000000e+00
2.881060392862008507e-03,4.885576476989771447e-03,5.253476467130846483e-01,2.218828955977270034e+00,2.000000000000000000e+01,7.488045014043748226e-02,0.000000000000000000e+00,0.000000000000000000e+00,0.000000000000000000e+00,0.000000000000000000e+00,-3.824572406645896194e+01,6.905448806595517297e+00,4.000000000000000000e+00,2.298815712775637166e+03,8.613136509695358711e+01,2.739400000000000000e+06,2.991500000000000270e-01,-1.005369476999928338e+03,1.000000000000000000e+00
2.456060770313578476e-03,5.086548694874094660e-03,5.522519228911866307e-01,2.096218392018484256e+00,2.000000000000000000e+01,7.383709826152329292e-02,0.000000000000000000e+00,0.000000000000000000e+00,0.000000000000000000e+00,0.000000000000000000e+00,-4.542323921165687040e+01,7.576240580172219907e+00,5.000000000000000000e+00,1.815329964485709070e+03,8.727577921736966005e+01,2.730900000000000000e+06,3.940199999999999814e-01,-1.325917932000204928e+03,1.000000000000000000e+00
2.801994569559685365e-03,4.372292692926061861e-03,6.627964002951773903e-01,1.225274454221655596e+00,2.000000000000000000e+01,7.348838129849571965e-02,0.000000000000000000e+00,0.000000000000000000e+00,0.000000000000000000e+00,0.000000000000000000e+00,-4.306789385028328354e+01,7.460274747539236806e+00,6.000000000000000000e+00,1.751059304401548388e+03,8.860407792260824067e+01,2.745700000000000000e+06,4.632299999999999751e-01,-1.503739999999658721e+03,1.000000000000000000e+00
2.948980529872653484e-03,4.151962136853813365e-03,5.328755042216789528e-01,2.093045194892905414e+00,2.000000000000000000e+01,7.464343884160155873e-02,0.000000000000000000e+00,0.000000000000000000e+00,0.000000000000000000e+00,0.000000000000000000e+00,-4.274353774223113334e+01,7.228723678876188607e+00,7.000000000000000000e+00,1.922991860584408414e+03,8.643975962627490617e+01,2.728500000000000000e+06,3.790399999999999880e-01,-1.561888699999602295e+03,1.000000000000000000e+00
2.721039625332125240e-03,4.239672044115660662e-03,6.331355454908546010e-01,1.060115432656468348e+00,2.000000000000000000e+01,7.387973059860654390e-02,0.000000000000000000e+00,0.000000000000000000e+00,0.000000000000000000e+00,0.000000000000000000e+00,-4.705189850825162523e+01,7.882832487570958335e+00,8.000000000000000000e+00,1.436789049179101539e+03,9.001510044667000443e+01,2.739200000000000000e+06,3.817099999999999937e-01,-1.222454599999883612e+03,1.000000000000000000e+00
2.542931132138338910e-03,3.665789008161101162e-03,5.518496989938167507e-01,1.379152120054051966e+00,2.000000000000000000e+01,7.713094947182290440e-02,0.000000000000000000e+00,0.000000000000000000e+00,0.000000000000000000e+00,0.000000000000000000e+00,-4.754734858486563809e+01,7.339220118581054386e+00,9.000000000000000000e+00,1.543479489649208972e+03,8.962851627473388305e+01,2.691200000000000000e+06,1.036399999999999960e-01,-1.768239619999991703e+02,1.000000000000000000e+00
2.866381263207097053e-03,4.481610046935657204e-03,5.547734987144927743e-01,1.376669846853818546e+00,2.000000000000000000e+01,7.515914775331909714e-02,0.000000000000000000e+00,0.000000000000000000e+00,0.000000000000000000e+00,0.000000000000000000e+00,-5.112708009545931986e+01,7.736363541169254177e+00,1.000000000000000000e+01,1.295773561900649838e+03,9.242708858872956057e+01,2.681800000000000000e+06,2.356900000000000106e-01,-7.054156720000692076e+02,1.000000000000000000e+00
2.787681876025368752e-03,4.234131608016253150e-03,6.107338547045887411e-01,1.242001183515295093e+00,2.000000000000000000e+01,7.423242057065573829e-02,0.000000000000000000e+00,0.000000000000000000e+00,0.000000000000000000e+00,0.000000000000000000e+00,-4.537812716269831270e+01,7.743016386926012018e+00,1.100000000000000000e+01,1.557375467287036145e+03,8.880482616581835487e+01,2.745700000000000000e+06,3.454099999999999948e-01,-1.076442939000086426e+03,1.000000000000000000e+00
2.925572835409532765e-03,4.465162694405886909e-03,6.111801625324988496e-01,1.604959994584503891e+00,2.000000000000000000e+01,7.493813589747089221e-02,0.000000000000000000e+00,0.000000000000000000e+00,0.000000000000000000e+00,0.000000000000000000e+00,-4.928933969389237291e+01,7.879669346182699208e+00,1.200000000000000000e+01,1.426553186110533716e+03,9.052156562055115785e+01,2.713700000000000000e+06,2.220999999999999919e-01,-5.533047090000054595e+02,1.000000000000000000e+00
2.364879680081889961e-03,4.491377388096734827e-03,7.272293244986465233e-01,4.676073382475594564e-01,2.000000000000000000e+01,7.627430104481074113e-02,0.000000000000000000e+00,0.000000000000000000e+00,0.000000000000000000e+00,0.000000000000000000e+00,-4.637135673438747574e+01,9.124109447673239615e+00,1.300000000000000000e+01,1.414642466373607476e+03,9.086239262060378508e+01,2.848900000000000000e+06,1.041900000000000048e-01,-9.223461000000028776e+01,1.000000000000000000e+00
2.699104457218252755e-03,4.709458837424219946e-03,7.436944837789439822e-01,8.774862990271338203e-01,2.000000000000000000e+01,7.348332911174111637e-02,0.000000000000000000e+00,0.000000000000000000e+00,0.000000000000000000e+00,0.000000000000000000e+00,-5.066510761480747504e+01,7.701828750958430447e+00,1.400000000000000000e+01,1.242146573501014018e+03,9.279431980861821216e+01,2.684400000000000000e+06,3.291600000000000081e-01,-7.759653750000435366e+02,1.000000000000000000e+00
2.841627776428347612e-03,3.910534125851088463e-03,7.225125365009079648e-01,8.429959963362159137e-01,2.000000000000000000e+01,7.393730522071054190e-02,0.000000000000000000e+00,0.000000000000000000e+00,0.000000000000000000e+00,0.000000000000000000e+00,-5.119067016648362767e+01,7.411477310528368889e+00,1.500000000000000000e+01,1.216061394444344842e+03,9.322985254501182339e+01,2.657400000000000000e+06,2.875400000000000178e-01,-7.428961859999177477e+02,1.000000000000000000e+00
2.621648858623042751e-03,4.714864248662888058e-03,6.692928768304017284e-01,9.233781567358189113e-01,2.000000000000000000e+01,7.411081715276127135e-02,0.000000000000000000e+00,0.000000000000000000e+00,0.000000000000000000e+00,0.000000000000000000e+00,-4.948699624503571926e+01,7.555110028921434129e+00,1.600000000000000000e+01,1.350315171627169548e+03,9.183890672377627595e+01,2.686700000000000000e+06,2.588699999999999890e-01,-5.979033999999384150e+02,1.000000000000000000e+00
2.918571251134411022e-03,4.451568607498356672e-03,6.533128956269850240e-01,6.241767088048941758e-01,2.000000000000000000e+01,7.451839418862049591e-02,0.000000000000000000e+00,0.000000000000000000e+00,0.000000000000000000e+00,0.000000000000000000e+00,-4.809804606338317967e+01,7.878578916707245305e+00,1.700000000000000000e+01,1.361643931455610300e+03,9.180235698813240219e+01,2.727500000000000000e+06,2.546300000000000230e-01,-6.302121000000202002e+02,1.000000000000000000e+00
2.671204609684821232e-03,3.711918952173259758e-03,6.848881668997718331e-01,5.038360119272508944e-03,2.000000000000000000e+01,7.424580653532160401e-02,0.000000000000000000e+00,0.000000000000000000e+00,0.000000000000000000e+00,0.000000000000000000e+00,-4.881165314516915288e+01,8.447682451683197868e+00,1.800000000000000000e+01,1.132387130519476386e+03,9.394003487686354958e+01,2.764000000000000000e+06,2.828700000000000103e-01,-6.761166019999868695e+02,1.000000000000000000e+00
2.808597530781852415e-03,4.585656341805001424e-03,7.442552754538213078e-01,5.004759844812857184e-01,2.000000000000000000e+01,7.333844607407807858e-02,0.000000000000000000e+00,0.000000000000000000e+00,0.000000000000000000e+00,0.000000000000000000e+00,-5.091427387592675302e+01,7.702871771885719809e+00,1.900000000000000000e+01,1.183004220798903589e+03,9.382191610929450576e+01,2.682000000000000000e+06,3.941899999999999848e-01,-1.082772012000041514e+03,1.000000000000000000e+00
2.568053519356121306e-03,4.499940624246819183e-03,7.417182416022205516e-01,-3.231512984529140708e-01,2.000000000000000000e+01,7.365346722983820427e-02,0.000000000000000000e+00,0.000000000000000000e+00,0.000000000000000000e+00,0.000000000000000000e+00,-5.499896478033140568e+01,7.854677989332074617e+00,2.000000000000000000e+01,8.171252652524387941e+02,9.926391598454934240e+01,2.645200000000000000e+06,2.787399999999999878e-01,-6.550968000001154223e+02,1.000000000000000000e+00
2.599522671873813039e-03,4.743893386316352934e-03,7.676970407261625162e-01,-8.741714848316650688e-01,2.000000000000000000e+01,7.338320097315001456e-02,0.000000000000000000e+00,0.000000000000000000e+00,0.000000000000000000e+00,0.000000000000000000e+00,-5.328634725383228243e+01,7.773930911496312213e+00,2.100000000000000000e+01,8.770353749193557178e+02,9.922566331824387476e+01,2.660000000000000000e+06,3.279599999999999738e-01,-7.715096339999258817e+02,1.000000000000000000e+00
2.669235856694446123e-03,3.915462394018673353e-03,7.258168104140649834e-01,-3.672859355002033865e-01,2.000000000000000000e+01,7.687997837425250558e-02,0.000000000000000000e+00,0.000000000000000000e+00,0.000000000000000000e+00,0.000000000000000000e+00,-5.446112431295236433e+01,8.621188105853590855e+00,2.200000000000000000e+01,8.152332968866478495e+02,9.942937470043329995e+01,2.706100000000000000e+06,8.405400000000000371e-02,-8.754352800000084756e+01,1.000000000000000000e+00
2.402347453260275222e-03,4.556501239819805635e-03,6.188265843083191609e-01,2.573127074156505989e-02,2.000000000000000000e+01,7.454049814833448029e-02,0.000000000000000000e+00,0.000000000000000000e+00,0.000000000000000000e+00,0.000000000000000000e+00,-5.061436133842837393e+01,7.880198997749024770e+00,2.300000000000000000e+01,1.106375481769010094e+03,9.498357103113764310e+01,2.699100000000000000e+06,2.263499999999999956e-01,-5.160318150000406376e+02,1.000000000000000000e+00
2.564482010848070578e-03,4.187465356509741457e-03,7.618906523759170213e-01,-4.406260629399334494e-01,2.000000000000000000e+01,7.752594165863965769e-02,0.000000000000000000e+00,0.000000000000000000e+00,0.000000000000000000e+00,0.000000000000000000e+00,-5.425534500401492721e+01,7.970008403278423970e+00,2.400000000000000000e+01,8.943457015304958304e+02,9.882668025148721824e+01,2.663600000000000000e+06,6.940899999999999848e-02,-5.589541800000032623e+01,1.000000000000000000e+00
2.290017950177070799e-03,5.457314590506945860e-03,8.387265812759997496e-01,-1.030858473508465822e+00,2.000000000000000000e+01,6.843449538930902742e-02,0.000000000000000000e+00,0.000000000000000000e+00,0.000000000000000000e+00,0.000000000000000000e+00,-5.986742793414359909e+01,6.925003274636008399e+00,2.500000000000000000e+01,7.022332954209407490e+02,1.016740155855600847e+02,2.609100000000000000e+06,3.754799999999999804e-01,-9.134603999999320649e+02,1.000000000000000000e+00
2.913688077186366021e-03,4.175326969410377530e-03,7.218321983267491637e-01,8.398177541725543316e-01,2.000000000000000000e+01,7.006396569295354759e-02,0.000000000000000000e+00,0.000000000000000000e+00,0.000000000000000000e+00,0.000000000000000000e+00,-5.183668071745479011e+01,6.896849908792764161e+00,2.600000000000000000e+01,1.394506190194380451e+03,9.155936759134984015e+01,2.682300000000000000e+06,4.153700000000000170e-01,-1.266367999999718222e+03,1.000000000000000000e+00
2.667744962526507821e-03,3.934245009073298813e-03,7.268137420242246627e-01,-7.005990879634937940e-01,2.000000000000000000e+01,7.761315682633171398e-02,0.000000000000000000e+00,0.000000000000000000e+00,0.000000000000000000e+00,0.000000000000000000e+00,-5.292044043072986881e+01,8.579970587616898570e+00,2.700000000000000000e+01,8.964211700594446484e+02,9.852668237068397161e+01,2.723400000000000000e+06,7.173100000000000309e-02,-6.501002300000062917e+01,1.000000000000000000e+00
2.539876761986479929e-03,4.644987313218506414e-03,7.530385049695356159e-01,-1.070986050666287603e+00,2.000000000000000000e+01,7.420709983332449133e-02,0.000000000000000000e+00,0.000000000000000000e+00,0.000000000000000000e+00,0.000000000000000000e+00,-5.612940432802537316e+01,7.811547338476806601e+00,2.800000000000000000e+01,6.946513108182474525e+02,1.018569036453543504e+02,2.628700000000000000e+06,1.878599999999999992e-01,-3.390066680000313681e+02,1.000000000000000000e+00
2.740919058071173385e-03,4.421313566565280434e-03,7.698019745866774288e-01,-3.303411673058050946e-01,2.000000000000000000e+01,7.379950757429999675e-02,0.000000000000000000e+00,0.000000000000000000e+00,0.000000000000000000e+00,0.000000000000000000e+00,-5.375155970701102603e+01,7.732377377465305734e+00,2.900000000000000000e+01,9.177376336710600526e+02,9.799268604049670728e+01,2.651500000000000000e+06,2.595999999999999974e-01,-5.524048820000184605e+02,1.000000000000000000e+00
2.174095695875178248e-03,5.448695280654048539e-03,8.448030771577372811e-01,-1.895383746663418023e+00,2.000000000000000000e+01,7.479457933725874863e-02,0.000000000000000000e+00,0.000000000000000000e+00,0.000000000000000000e+00,0.000000000000000000e+00,-5.752887072543400393e+01,8.529308723685915083e+00,3.000000000000000000e+01,4.456758770865154133e+02,1.055854217694661799e+02,2.658700000000000000e+06,1.257199999999999984e-01,-1.137007229999992290e+02,1.000000000000000000e+00
2.545959829537138182e-03,4.724358114412709891e-03,9.302112941059870188e-01,-2.437494043369710095e+00,2.000000000000000000e+01,7.052892640362648513e-02,0.000000000000000000e+00,0.000000000000000000e+00,0.000000000000000000e+00,0.000000000000000000e+00,-6.157718095381888190e+01,8.621215948844294985e+00,3.100000000000000000e+01,4.306448403520395800e+02,1.058537753580016556e+02,2.639900000000000000e+06,9.296899999999999609e-02,-8.472479999999805500e+01,1.000000000000000000e+00
2.625445587942986086e-03,4.600906405809190164e-03,7.179411726779487690e-01,-7.957826990427269154e-01,2.000000000000000000e+01,7.469532379803414668e-02,0.000000000000000000e+00,0.000000000000000000e+00,0.000000000000000000e+00,0.000000000000000000e+00,-5.623731471669815107e+01,7.970993407065457781e+00,3.200000000000000000e+01,7.122222484777339560e+02,1.016633280089633615e+02,2.638100000000000000e+06,1.665500000000000036e-01,-2.950500000000038767e+02,1.000000000000000000e+00
2.605224660736999570e-03,4.913927155272612701e-03,9.429507264291139279e-01,-2.514546722544593216e+00,2.000000000000000000e+01,7.468510481555623581e-02,0.000000000000000000e+00,0.000000000000000000e+00,0.000000000000000000e+00,0.000000000000000000e+00,-5.936592999476756916e+01,8.759168668743201991e+00,3.300000000000000000e+01,2.562340439636377027e+02,1.095482729962820514e+02,2.646800000000000000e+06,1.248599999999999988e-01,-1.177455480000019747e+02,1.000000000000000000e+00
2.466385258732267140e-03,4.498754072448324023e-03,7.585413232369907499e-01,-5.648695490495858618e-01,2.000000000000000000e+01,7.547523401760736217e-02,0.000000000000000000e+00,0.000000000000000000e+00,0.000000000000000000e+00,0.000000000000000000e+00,-4.914063638959962077e+01,8.945420000111258929e+00,3.400000000000000000e+01,1.093573575829615720e+03,9.576857665098600592e+01,2.799400000000000000e+06,1.229299999999999976e-01,-1.304514000000025931e+02,1.000000000000000000e+00
2.651669128659483402e-03,4.824094243853949311e-03,7.633848932729961900e-01,-2.983926902235292111e-01,2.000000000000000000e+01,7.333265193528322456e-02,0.000000000000000000e+00,0.000000000000000000e+00,0.000000000000000000e+00,0.000000000000000000e+00,-5.380280770105458288e+01,7.669750470114342633e+00,3.500000000000000000e+01,9.264023737129572282e+02,9.792003547372029004e+01,2.646300000000000000e+06,3.382499999999999951e-01,-8.364408000000352104e+02,1.000000000000000000e+00
2.683678464067774765e-03,4.532894202235498299e-03,7.462974272716287327e-01,-1.253234840311719500e+00,2.000000000000000000e+01,7.451927971114534477e-02,0.000000000000000000e+00,0.000000000000000000e+00,0.000000000000000000e+00,0.000000000000000000e+00,-5.521831338240463793e+01,8.020123576530785670e+00,3.600000000000000000e+01,7.223161325884650523e+02,1.015553157648064087e+02,2.653900000000000000e+06,1.754799999999999971e-01,-3.127766320000106361e+02,1.000000000000000000e+00
2.662934952130842532e-03,4.845735382441000196e-03,9.151828384156778240e-01,-4.887963616465945682e-01,2.000000000000000000e+01,7.424248046499624942e-02,0.000000000000000000e+00,0.000000000000000000e+00,0.000000000000000000e+00,0.000000000000000000e+00,-5.662625422865782809e+01,7.170075929428784356e+00,3.700000000000000000e+01,7.685519122418510278e+02,9.962481801919075508e+01,2.650500000000000000e+06,3.473700000000000121e-01,-6.535781000000745280e+02,1.000000000000000000e+00
2.733653622792228330e-03,4.624853858583751788e-03,8.055122289533517277e-01,-7.866972165291847841e-01,2.000000000000000000e+01,7.318310363874508395e-02,0.000000000000000000e+00,0.000000000000000000e+00,0.000000000000000000e+00,0.000000000000000000e+00,-5.654434982449438962e+01,7.661859965784401538e+00,3.800000000000000000e+01,7.221412311332103400e+02,1.016301883367220711e+02,2.613200000000000000e+06,3.522100000000000231e-01,-9.197142360001117822e+02,1.000000000000000000e+00
2.575021650238257589e-03,5.010491478771367767e-03,7.405462262898110382e-01,2.543436709379330862e-01,2.000000000000000000e+01,7.135643850726439141e-02,0.000000000000000000e+00,0.000000000000000000e+00,0.000000000000000000e+00,0.000000000000000000e+00,-5.530971435371061773e+01,7.575435058678892553e+00,3.900000000000000000e+01,1.078920542326486611e+03,9.627322906398532609e+01,2.615800000000000000e+06,2.349100000000000077e-01,-4.821635199999752786e+02,1.000000000000000000e+00
2.481458892581294221e-03,4.621821142292694036e-03,9.314001248340670891e-01,-1.084774512210872066e+00,2.000000000000000000e+01,7.350810224849270436e-02,0.000000000000000000e+00,0.000000000000000000e+00,0.000000000000000000e+00,0.000000000000000000e+00,-5.598213595663825259e+01,8.205657457962244550e+00,4.000000000000000000e+01,6.255104615795996779e+02,1.020818933238049055e+02,2.657000000000000000e+06,2.121500000000000052e-01,-2.828340000000210921e+02,1.000000000000000000e+00
2.635641317638662100e-03,4.830439754505871583e-03,8.269904410858901489e-01,-1.048934086054175374e+00,2.000000000000000000e+01,7.296468662987359854e-02,0.000000000000000000e+00,0.000000000000000000e+00,0.000000000000000000e+00,0.000000000000000000e+00,-5.491377465219458998e+01,7.778755085159417604e+00,4.100000000000000000e+01,7.665863533707617989e+02,1.007361747485004173e+02,2.641000000000000000e+06,3.920299999999999896e-01,-9.796291829998551748e+02,1.000000000000000000e+00
2.599377673782533177e-03,4.786385964447501667e-03,7.726333493419084153e-01,-6.446079800480399857e-01,2.000000000000000000e+01,7.338270543177508043e-02,0.000000000000000000e+00,0.000000000000000000e+00,0.000000000000000000e+00,0.000000000000000000e+00,-5.611001865681305389e+01,7.566096295534602056e+00,4.200000000000000000e+01,7.657637691774476707e+02,1.008120256912729218e+02,2.612000000000000000e+06,3.052199999999999913e-01,-7.336082440000861880e+02,1.000000000000000000e+00
2.628495247416566191e-03,4.948534180630674573e-03,8.262786035767499815e-01,-9.729871604392770212e-01,2.000000000000000000e+01,7.308947948868246836e-02,0.000000000000000000e+00,0.000000000000000000e+00,0.000000000000000000e+00,0.000000000000000000e+00,-5.523994561741123732e+01,7.750148295747584903e+00,4.300000000000000000e+01,7.585652243831870010e+02,1.008162380533399869e+02,2.635200000000000000e+06,3.434400000000000230e-01,-7.856843999998360459e+02,1.000000000000000000e+00
2.519472646748456036e-03,4.535947653389897118e-03,9.078143868942545325e-01,-1.286292040047704033e+00,2.000000000000000000e+01,7.420249664804315359e-02,0.000000000000000000e+00,0.000000000000000000e+00,0.000000000000000000e+00,0.000000000000000000e+00,-5.534900792270654080e+01,8.375293316656945208e+00,4.400000000000000000e+01,6.462166383749471379e+02,1.019242782112857384e+02,2.676900000000000000e+06,1.583100000000000063e-01,-1.775902049999963026e+02,1.000000000000000000e+00
2.716767387998243050e-03,4.353534792655921852e-03,7.150894733180586105e-01,-1.969402787924324105e+00,2.000000000000000000e+01,7.150868475473261265e-02,0.000000000000000000e+00,0.000000000000000000e+00,0.000000000000000000e+00,0.000000000000000000e+00,-6.010887024370601495e+01,8.064239795205898176e+00,4.500000000000000000e+01,1.349382137650466689e+02,1.218885188485222670e+02,2.544900000000000000e+06,1.403099999999999903e-01,-2.304873940000088908e+02,1.000000000000000000e+00
2.525081026522088545e-03,4.505022038342373566e-03,9.359797895415401525e-01,-1.717136474860960327e+00,2.000000000000000000e+01,7.533200263158232324e-02,0.000000000000000000e+00,0.000000000000000000e+00,0.000000000000000000e+00,0.000000000000000000e+00,-5.778518015656868556e+01,8.341173902755333103e+00,4.600000000000000000e+01,4.551253972790618718e+02,1.054720309202305799e+02,2.642300000000000000e+06,1.023600000000000065e-01,-8.155782300000065277e+01,1.000000000000000000e+00
2.211243402336457008e-03,4.584307053186353897e-03,8.554150034510159539e-01,-1.993091586254616132e+00,2.000000000000000000e+01,7.347054520790549659e-02,0.000000000000000000e+00,0.000000000000000000e+00,0.000000000000000000e+00,0.000000000000000000e+00,-5.823320966463309389e+01,8.239805805805975325e+00,4.700000000000000000e+01,3.895964042735337216e+02,1.063193541630154044e+02,2.629100000000000000e+06,2.195100000000000107e-01,-3.326080999999880987e+02,1.000000000000000000e+00
2.538116569732922715e-03,4.538187757606325715e-03,9.398391542739918947e-01,-2.487962243599804779e+00,2.000000000000000000e+01,7.494537514563631708e-02,0.000000000000000000e+00,0.000000000000000000e+00,0.000000000000000000e+00,0.000000000000000000e+00,-6.092520228486390010e+01,8.144601988185909747e+00,4.800000000000000000e+01,2.420961454467353349e+02,1.108046609739386099e+02,2.588000000000000000e+06,1.113800000000000068e-01,-1.005893999999987045e+02,1.000000000000000000e+00
2.634842680964763397e-03,4.871733339223125771e-03,7.870650848596532079e-01,-1.076814960280082056e+00,2.000000000000000000e+01,7.235210168861215541e-02,0.000000000000000000e+00,0.000000000000000000e+00,0.000000000000000000e+00,0.000000000000000000e+00,-6.014188236561295042e+01,8.007627192591648679e+00,4.900000000000000000e+01,7.336633122778661118e+02,1.013434275457790363e+02,2.631700000000000000e+06,3.931100000000000150e-01,-9.630296000000411141e+02,1.000000000000000000e+00
2.496963862140671401e-03,4.326945246775979435e-03,9.131874190128449476e-01,-1.739812134408587063e+00,2.000000000000000000e+01,6.780562749117181875e-02,0.000000000000000000e+00,0.000000000000000000e+00,0.000000000000000000e+00,0.000000000000000000e+00,-5.177421219177411871e+01,7.588248871474697843e+00,5.000000000000000000e+01,5.340798183247894713e+02,1.044024672780575713e+02,2.647000000000000000e+06,1.258299999999999974e-01,-1.401734549999987394e+02,1.000000000000000000e+00
2.491681672104844800e-03,4.570771284504607755e-03,9.183374009851978936e-01,-1.338585939695276839e+00,2.000000000000000000e+01,7.578718778000201328e-02,0.000000000000000000e+00,0.000000000000000000e+00,0.000000000000000000e+00,0.000000000000000000e+00,-5.787244247056287350e+01,8.010844585817661567e+00,5.100000000000000000e+01,5.255557324331695099e+02,1.045870530230207152e+02,2.620500000000000000e+06,8.841899999999999760e-02,-6.637053300000044942e+01,1.000000000000000000e+00
2.550699494132807176e-03,4.755578118925383319e-03,7.763828786486822731e-01,-6.178889560679533544e-01,2.000000000000000000e+01,7.327750993401332957e-02,0.000000000000000000e+00,0.000000000000000000e+00,0.000000000000000000e+00,0.000000000000000000e+00,-5.621070381243480085e+01,7.642090959465452471e+00,5.200000000000000000e+01,7.449878792785463020e+02,1.009166077878805510e+02,2.615700000000000000e+06,3.188199999999999923e-01,-7.798376430000687378e+02,1.000000000000000000e+00
2.543316607743354232e-03,4.634684774389330464e-03,7.318866974943103454e-01,4.602287486741640787e-01,2.000000000000000000e+01,7.367436007031613610e-02,0.000000000000000000e+00,0.000000000000000000e+00,0.000000000000000000e+00,0.000000000000000000e+00,-5.331676586789515682e+01,8.098355490577874960e+00,5.300000000000000000e+01,9.708797272058748149e+02,9.631219541210545287e+01,2.682400000000000000e+06,2.863299999999999734e-01,-6.165103909999604639e+02,1.000000000000000000e+00
2.224106908983699941e-03,4.859926150112562661e-03,9.457349156068776130e-01,-1.071814505444745436e+00,2.000000000000000000e+01,8.029538832708069118e-02,0.000000000000000000e+00,0.000000000000000000e+00,0.000000000000000000e+00,0.000000000000000000e+00,-5.182378561053567267e+01,7.517411786369452287e+00,5.400000000000000000e+01,6.103623727957036635e+02,1.025825923193057605e+02,2.660700000000000000e+06,9.871599999999999819e-02,-7.936699999999920863e+01,1.000000000000000000e+00
2.358482610787704121e-03,4.479808786582486699e-03,7.897080838513830248e-01,-6.236262561501673130e-01,2.000000000000000000e+01,7.574378564236854128e-02,0.000000000000000000e+00,0.000000000000000000e+00,0.000000000000000000e+00,0.000000000000000000e+00,-5.173614353892276796e+01,8.542871097408509584e+00,5.500000000000000000e+01,9.384500895424607734e+02,9.745091898919791618e+01,2.735700000000000000e+06,1.044100000000000028e-01,-9.597059999999932245e+01,1.000000000000000000e+00
2.462643533596783115e-03,4.709339661050044451e-03,9.379775459557733175e-01,-2.403976223298705417e+00,2.000000000000000000e+01,7.378960693150934946e-02,0.000000000000000000e+00,0.000000000000000000e+00,0.000000000000000000e+00,0.000000000000000000e+00,-6.062128024133913584e+01,7.810184961903810397e+00,5.600000000000000000e+01,2.945358859278638306e+02,1.093541528864396923e+02,2.571800000000000000e+06,1.698399999999999910e-01,-2.146093999999935420e+02,1.000000000000000000e+00
2.355680640451114638e-03,4.481509808596155151e-03,7.990724110474651809e-01,-1.142431203981346455e+00,2.000000000000000000e+01,7.418622045777142904e-02,0.000000000000000000e+00,0.000000000000000000e+00,0.000000000000000000e+00,0.000000000000000000e+00,-5.757917606248306441e+01,8.447386064137706541e+00,5.700000000000000000e+01,4.955883888574448974e+02,1.046616499533400884e+02,2.651800000000000000e+06,1.753500000000000059e-01,-2.515411989999954585e+02,1.000000000000000000e+00
2.616961000370472430e-03,4.100445227252565161e-03,7.669872085703490772e-01,-5.468225175536399751e-01,2.000000000000000000e+01,7.523865484439304363e-02,0.000000000000000000e+00,0.000000000000000000e+00,0.000000000000000000e+00,0.000000000000000000e+00,-5.195631154444603084e+01,8.333621141674960597e+00,5.800000000000000000e+01,9.625396940948594420e+02,9.736150766551065772e+01,2.717300000000000000e+06,1.327299999999999869e-01,-1.687086220000054766e+02,1.000000000000000000e+00
2.153833602887004605e-03,4.580588633269541861e-03,7.004050889182440454e-01,-2.535939734103275445e+00,2.000000000000000000e+01,8.187066894327277300e-02,0.000000000000000000e+00,0.000000000000000000e+00,0.000000000000000000e+00,0.000000000000000000e+00,-6.069878912327398268e+01,7.838165354851265754e+00,5.900000000000000000e+01,3.075434442112059514e+02,1.086065499795678306e+02,2.622800000000000000e+06,1.031600000000000017e-01,-1.105794160000015012e+02,1.000000000000000000e+00
2.471303868175833522e-03,4.549871804401138184e-03,7.748813236684640726e-01,-1.773669251190605811e+00,2.000000000000000000e+01,7.595453352101944056e-02,0.000000000000000000e+00,0.000000000000000000e+00,0.000000000000000000e+00,0.000000000000000000e+00,-5.851789437637004454e+01,8.740801909375477408e+00,6.000000000000000000e+01,3.710889527858970496e+02,1.073828192201275442e+02,2.658000000000000000e+06,9.781399999999999817e-02,-9.974643700000092394e+01,1.000000000000000000e+00
2.610530939195766092e-03,4.399836016876686531e-03,7.982388079695081906e-01,-2.007072071760271470e+00,2.000000000000000000e+01,7.466677243724281765e-02,0.000000000000000000e+00,0.000000000000000000e+00,0.000000000000000000e+00,0.000000000000000000e+00,-5.597353632274091240e+01,8.575570344335003981e+00,6.100000000000000000e+01,5.400967529948291030e+02,1.040644401529471708e+02,2.681600000000000000e+06,1.532799999999999996e-01,-2.160159059999931515e+02,1.000000000000000000e+00
2.575988528115251159e-03,4.823371826366129080e-03,7.865133557228168870e-01,-1.113352780954148136e+00,2.000000000000000000e+01,7.389023799639352075e-02,0.000000000000000000e+00,0.000000000000000000e+00,0.000000000000000000e+00,0.000000000000000000e+00,-5.525117654302466974e+01,7.846283817256301418e+00,6.200000000000000000e+01,7.391978488931853235e+02,1.011874200322340158e+02,2.641400000000000000e+06,2.110899999999999999e-01,-3.799614749999660717e+02,1.000000000000000000e+00
2.813433115284631400e-03,4.554923646711950269e-03,8.660009055310574633e-01,-2.227291729800461084e+00,2.000000000000000000e+01,6.952490902018231000e-02,0.000000000000000000e+00,0.000000000000000000e+00,0.000000000000000000e+00,0.000000000000000000e+00,-5.792109302044448071e+01,8.701175909003659115e+00,6.300000000000000000e+01,2.992806329747595555e+02,1.088608521741323472e+02,2.627600000000000000e+06,1.490499999999999881e-01,-1.645325009999959320e+02,1.000000000000000000e+00
2.441978734216409489e-03,3.883291645687060763e-03,1.074921807629557913e+00,-2.455757377292501431e+00,2.000000000000000000e+01,7.944907808135318050e-02,0.000000000000000000e+00,0.000000000000000000e+00,0.000000000000000000e+00,0.000000000000000000e+00,-6.653430515942812917e+01,6.608858933313391582e+00,6.400000000000000000e+01,1.410185119985244739e+02,1.194595628591427783e+02,2.465600000000000000e+06,2.059300000000000019e-01,-2.893204859999905239e+02,1.000000000000000000e+00
2.424672140430719682e-03,4.492703026621826939e-03,7.786274540839943636e-01,-1.370889223198916262e+00,2.000000000000000000e+01,7.497210781220609022e-02,0.000000000000000000e+00,0.000000000000000000e+00,0.000000000000000000e+00,0.000000000000000000e+00,-5.646568639446775251e+01,8.178594479066555678e+00,6.500000000000000000e+01,6.004756543750082756e+02,1.031270877752719457e+02,2.649300000000000000e+06,1.299700000000000022e-01,-1.640101569999983155e+02,1.000000000000000000e+00
2.547746278713678911e-03,4.582261865411148792e-03,9.710714862867698693e-01,-2.391511076441768857e+00,2.000000000000000000e+01,7.401199480682134346e-02,0.000000000000000000e+00,0.000000000000000000e+00,0.000000000000000000e+00,0.000000000000000000e+00,-6.050659503964006092e+01,7.880968154428655836e+00,6.600000000000000000e+01,2.968926635550433843e+02,1.093463532332372239e+02,2.577600000000000000e+06,1.518799999999999872e-01,-1.723290569999993238e+02,1.000000000000000000e+00
2.529092490636358943e-03,4.755628679089299142e-03,9.384113696138791649e-01,-2.063315406571490040e+00,2.000000000000000000e+01,6.492717182483002947e-02,0.000000000000000000e+00,0.000000000000000000e+00,0.000000000000000000e+00,0.000000000000000000e+00,-5.353012736933467153e+01,7.554156182150947529e+00,6.700000000000000000e+01,5.411645332930959285e+02,1.039534130310632776e+02,2.640400000000000000e+06,3.326799999999999757e-01,-5.914614030000434468e+02,1.000000000000000000e+00
2.449987179383351747e-03,4.600718637846198771e-03,8.450628488997247167e-01,-2.311462436668822562e+00,2.000000000000000000e+01,7.432629012197271290e-02,0.000000000000000000e+00,0.000000000000000000e+00,0.000000000000000000e+00,0.000000000000000000e+00,-5.820797200165657159e+01,8.369384948825699055e+00,6.800000000000000000e+01,3.772118487470785908e+02,1.069173895363470734e+02,2.637900000000000000e+06,1.520400000000000085e-01,-1.986958109999970645e+02,1.000000000000000000e+00
2.217940518900586837e-03,4.271021952794449086e-03,8.479919211879430874e-01,-2.032382269555809806e+00,2.000000000000000000e+01,6.874341082923157709e-02,0.000000000000000000e+00,0.000000000000000000e+00,0.000000000000000000e+00,0.000000000000000000e+00,-6.330581972956915138e+01,7.797977710659329986e+00,6.900000000000000000e+01,2.255479577775264772e+02,1.118222781981189513e+02,2.570600000000000000e+06,2.400299999999999934e-01,-4.342303069999902618e+02,1.000000000000000000e+00
2.505693054592070257e-03,4.580938759273309700e-03,9.096096572596921170e-01,-2.504018781626323964e+00,2.000000000000000000e+01,7.513777490737642839e-02,0.000000000000000000e+00,0.000000000000000000e+00,0.000000000000000000e+00,0.000000000000000000e+00,-6.120901972250987200e+01,8.143987467048791729e+00,7.000000000000000000e+01,2.269394559772939317e+02,1.113183658846907349e+02,2.583700000000000000e+06,1.066200000000000064e-01,-9.731594500000069559e+01,1.000000000000000000e+00
2.152815719670737697e-03,5.454667701398397545e-03,8.491166591423944254e-01,-2.133137159992406051e+00,2.000000000000000000e+01,7.539989602707597438e-02,0.000000000000000000e+00,0.000000000000000000e+00,0.000000000000000000e+00,0.000000000000000000e+00,-5.887439218838849797e+01,8.345251970984005396e+00,7.100000000000000000e+01,3.554828264184440627e+02,1.075663192066229783e+02,2.628400000000000000e+06,1.004300000000000054e-01,-8.023550600000058353e+01,1.000000000000000000e+00
2.262052177352800921e-03,3.920926318622885813e-03,1.185280574061801095e+00,-3.250799761609224348e+00,2.000000000000000000e+01,7.425628633300560000e-02,0.000000000000000000e+00,0.000000000000000000e+00,0.000000000000000000e+00,0.000000000000000000e+00,-6.203740469353655840e+01,6.713365784648551049e+00,7.200000000000000000e+01,2.273365672272580866e+02,1.108948187421504770e+02,2.494800000000000000e+06,8.566600000000000603e-02,-5.229720000000044422e+01,1.000000000000000000e+00
2.209234513052975128e-03,4.628784572719331532e-03,9.028398681987678254e-01,-2.188466149580491127e+00,2.000000000000000000e+01,7.041868115356460234e-02,0.000000000000000000e+00,0.000000000000000000e+00,0.000000000000000000e+00,0.000000000000000000e+00,-5.516071583855539728e+01,8.110151781204059773e+00,7.300000000000000000e+01,3.639706675173092094e+02,1.074377606246536772e+02,2.569400000000000000e+06,1.008700000000000013e-01,-7.873299999999851195e+01,1.000000000000000000e+00
2.518886696947103456e-03,4.968754411054002174e-03,8.238998646224887645e-01,-2.265781802589044602e+00,2.000000000000000000e+01,7.370232581318778009e-02,0.000000000000000000e+00,0.000000000000000000e+00,0.000000000000000000e+00,0.000000000000000000e+00,-5.960052904197121393e+01,7.924206246557934818e+00,7.400000000000000000e+01,3.550383350200028190e+02,1.079859115665316693e+02,2.591300000000000000e+06,2.095400000000000040e-01,-3.697906679999751987e+02,1.000000000000000000e+00
2.527693048438300807e-03,4.507064094743516713e-03,9.342210285211521859e-01,-1.750449068023579802e+00,2.000000000000000000e+01,7.477728114851733832e-02,0.000000000000000000e+00,0.000000000000000000e+00,0.000000000000000000e+00,0.000000000000000000e+00,-5.736173638185920964e+01,8.306378338375447257e+00,7.500000000000000000e+01,4.810580824284263031e+02,1.049352637410791687e+02,2.645700000000000000e+06,1.217799999999999994e-01,-1.122436439999985538e+02,1.000000000000000000e+00
2.474512401159859563e-03,4.412725250888112523e-03,8.024232058764398934e-01,-1.473258026791865571e+00,2.000000000000000000e+01,7.443958085361368493e-02,0.000000000000000000e+00,0.000000000000000000e+00,0.000000000000000000e+00,0.000000000000000000e+00,-5.642307759157173308e+01,8.255357197338531350e+00,7.600000000000000000e+01,5.752619674498430413e+02,1.033792262155944854e+02,2.654200000000000000e+06,1.612200000000000022e-01,-2.254724999999953354e+02,1.000000000000000000e+00
2.410863038130905620e-03,4.460910570067588843e-03,8.960410298180416788e-01,-2.610541824345681938e+00,2.000000000000000000e+01,7.370277396487549815e-02,0.000000000000000000e+00,0.000000000000000000e+00,0.000000000000000000e+00,0.000000000000000000e+00,-6.434594082691594963e+01,8.008197634012137911e+00,7.700000000000000000e+01,1.447462619327824029e+02,1.177484125038775034e+02,2.532900000000000000e+06,1.829800000000000038e-01,-2.735692680000173027e+02,1.000000000000000000e+00
2.373930350798183694e-03,4.823925369716958178e-03,8.522270134748430870e-01,-1.729864380668725943e+00,2.000000000000000000e+01,7.325566182092616008e-02,0.000000000000000000e+00,0.000000000000000000e+00,0.000000000000000000e+00,0.000000000000000000e+00,-5.810141266270912297e+01,7.933367399177711832e+00,7.800000000000000000e+01,4.688649356371392969e+02,1.053409178287386538e+02,2.611300000000000000e+06,2.648699999999999943e-01,-4.691795570000297175e+02,1.000000000000000000e+00
2.495257637253248291e-03,4.584073265790043761e-03,8.703906861286947461e-01,-2.098910336083815942e+00,2.000000000000000000e+01,7.576039048396437936e-02,0.000000000000000000e+00,0.000000000000000000e+00,0.000000000000000000e+00,0.000000000000000000e+00,-5.952836086632743218e+01,8.087245966601157576e+00,7.900000000000000000e+01,3.541904125667211929e+02,1.080227499724942533e+02,2.603300000000000000e+06,9.266399999999999637e-02,-7.900865000000129612e+01,1.000000000000000000e+00
2.326853999497385719e-03,4.799917208303427357e-03,8.394192985086528225e-01,-1.116249104463863384e+00,2.000000000000000000e+01,7.292154057377914222e-02,0.000000000000000000e+00,0.000000000000000000e+00,0.000000000000000000e+00,0.000000000000000000e+00,-5.695953290335108221e+01,8.265086615408996806e+00,8.000000000000000000e+01,5.476267947128228570e+02,1.034449285558560945e+02,2.648000000000000000e+06,3.547600000000000198e-01,-7.347146240000332682e+02,1.000000000000000000e+00
2.446600849755820560e-03,4.272690215736470350e-03,8.607144150627226153e-01,-1.368856919877929013e+00,2.000000000000000000e+01,7.622028097375620204e-02,0.000000000000000000e+00,0.000000000000000000e+00,0.000000000000000000e+00,0.000000000000000000e+00,-5.637110459716731725e+01,8.350618970128703467e+00,8.100000000000000000e+01,5.779466940772606449e+02,1.031847895582607464e+02,2.662200000000000000e+06,8.368499999999999550e-02,-6.419322899999951915e+01,1.000000000000000000e+00
2.503198601697976915e-03,4.261714556654089790e-03,9.352398207937855368e-01,-2.393833933861475138e+00,2.000000000000000000e+01,7.469861118863060923e-02,0.000000000000000000e+00,0.000000000000000000e+00,0.000000000000000000e+00,0.000000000000000000e+00,-5.911830270254191078e+01,8.262111449920853445e+00,8.200000000000000000e+01,3.388825350666884333e+02,1.080882581400881861e+02,2.619100000000000000e+06,1.243200000000000000e-01,-1.181411279999966979e+02,1.000000000000000000e+00
2.197670710690173036e-03,4.636424383858314159e-03,8.414501192285244180e-01,-2.099897991109803019e+00,2.000000000000000000e+01,7.370446377309511354e-02,0.000000000000000000e+00,0.000000000000000000e+00,0.000000000000000000e+00,0.000000000000000000e+00,-5.928718312370983767e+01,8.300775759849898350e+00,8.300000000000000000e+01,3.166403512066850681e+02,1.080976186642777890e+02,2.619400000000000000e+06,1.975399999999999934e-01,-2.836165569999897684e+02,1.000000000000000000e+00
2.709024982850264697e-03,3.967664365593523423e-03,8.945945415129544775e-01,-2.617431225881566625e+00,2.000000000000000000e+01,7.778425869601575393e-02,0.000000000000000000e+00,0.000000000000000000e+00,0.000000000000000000e+00,0.000000000000000000e+00,-6.344941705649013386e+01,8.273301923182797779e+00,8.400000000000000000e+01,1.480823284047116033e+02,1.159214784804215697e+02,2.563300000000000000e+06,1.330900000000000138e-01,-1.330790680000024508e+02,1.000000000000000000e+00
2.356525623675458439e-03,4.463848387429194924e-03,8.115691490595721147e-01,-2.769547154527234767e+00,2.000000000000000000e+01,6.882456309823095641e-02,0.000000000000000000e+00,0.000000000000000000e+00,0.000000000000000000e+00,0.000000000000000000e+00,-7.188170251503007080e+01,7.482084346141486542e+00,8.500000000000000000e+01,1.777681576386978008e+02,1.136681387377344237e+02,2.543400000000000000e+06,1.706600000000000061e-01,-2.215890000000071325e+02,1.000000000000000000e+00
2.466149038213875586e-03,4.591290711292508007e-03,8.615014231318223192e-01,-2.524841541566172243e+00,2.000000000000000000e+01,7.361171452119272263e-02,0.000000000000000000e+00,0.000000000000000000e+00,0.000000000000000000e+00,0.000000000000000000e+00,-6.276678497566960147e+01,8.039991062746265627e+00,8.600000000000000000e+01,1.752944150331532285e+02,1.141479303584324043e+02,2.556400000000000000e+06,2.055200000000000082e-01,-3.478704000000133192e+02,1.000000000000000000e+00
2.495754461780337261e-03,3.964274155127318379e-03,9.776114415907696253e-01,-3.167019368257682377e+00,2.000000000000000000e+01,6.714719811537933625e-02,0.000000000000000000e+00,0.000000000000000000e+00,0.000000000000000000e+00,0.000000000000000000e+00,-6.032611892424771582e+01,7.481241986194324234e+00,8.700000000000000000e+01,1.980015113673226210e+02,1.126961499107651576e+02,2.519600000000000000e+06,2.501300000000000190e-01,-4.270639999999581278e+02,1.000000000000000000e+00
2.441739179009767575e-03,4.469091117230331034e-03,8.643478327948480588e-01,-2.531350168440199777e+00,2.000000000000000000e+01,7.552403773816386556e-02,0.000000000000000000e+00,0.000000000000000000e+00,0.000000000000000000e+00,0.000000000000000000e+00,-6.202307209543407396e+01,8.132653972217450900e+00,8.800000000000000000e+01,1.979989306237254709e+02,1.129356765216632539e+02,2.572500000000000000e+06,9.772500000000000631e-02,-8.986560000000152115e+01,1.000000000000000000e+00
2.521270507769555937e-03,4.453892400281365439e-03,9.397764195409731292e-01,-2.634807960198199961e+00,2.000000000000000000e+01,7.452442410207091306e-02,0.000000000000000000e+00,0.000000000000000000e+00,0.000000000000000000e+00,0.000000000000000000e+00,-6.414464650748816155e+01,8.092449518388276530e+00,8.900000000000000000e+01,1.974116395109131759e+02,1.130314508826531750e+02,2.562500000000000000e+06,1.074100000000000055e-01,-1.048339150000010420e+02,1.000000000000000000e+00
2.449523404534430151e-03,4.536088051012552441e-03,9.079953504419346899e-01,-2.516929080139004071e+00,2.000000000000000000e+01,7.399093135987164227e-02,0.000000000000000000e+00,0.000000000000000000e+00,0.000000000000000000e+00,0.000000000000000000e+00,-6.410963836528023307e+01,7.773086166962192678e+00,9.000000000000000000e+01,1.578737449728415925e+02,1.158152186822490819e+02,2.523600000000000000e+06,1.563700000000000090e-01,-2.041674999999965507e+02,1.000000000000000000e+00
2.599652634664533207e-03,4.906795629960556196e-03,9.441852524073699460e-01,-2.292759858698294018e+00,2.000000000000000000e+01,7.378001142889285824e-02,0.000000000000000000e+00,0.000000000000000000e+00,0.000000000000000000e+00,0.000000000000000000e+00,-6.186635794086743800e+01,7.987400798506275379e+00,9.100000000000000000e+01,1.957766615457642843e+02,1.131730168425196581e+02,2.538800000000000000e+06,1.999900000000000011e-01,-3.249436500000122123e+02,1.000000000000000000e+00
2.442422792748118535e-03,4.604399633794878030e-03,8.639670210850776133e-01,-2.468838428891681147e+00,2.000000000000000000e+01,7.308766068685582096e-02,0.000000000000000000e+00,0.000000000000000000e+00,0.000000000000000000e+00,0.000000000000000000e+00,-6.338027590653314292e+01,8.126602189810180121e+00,9.200000000000000000e+01,1.572971701911835396e+02,1.159196681214125704e+02,2.552700000000000000e+06,2.890800000000000036e-01,-6.245008000000166248e+02,1.000000000000000000e+00
2.374176384794442381e-03,4.293210286680377782e-03,9.766801355833166776e-01,-2.129429236869913034e+00,2.000000000000000000e+01,6.607111691372476170e-02,0.000000000000000000e+00,0.000000000000000000e+00,0.000000000000000000e+00,0.000000000000000000e+00,-5.816671124898124390e+01,6.957131907547092986e+00,9.300000000000000000e+01,1.651287196167592697e+02,1.144728202106850716e+02,2.578400000000000000e+06,2.113299999999999901e-01,-3.333332309999684071e+02,1.000000000000000000e+00
2.500029602364253929e-03,4.571327217929821787e-03,9.891978541671611058e-01,-2.394648790028273577e+00,2.000000000000000000e+01,7.385890217042989647e-02,0.000000000000000000e+00,0.000000000000000000e+00,0.000000000000000000e+00,0.000000000000000000e+00,-6.193562384731696113e+01,7.918028557312061011e+00,9.400000000000000000e+01,2.141155584998652728e+02,1.118864939956801550e+02,2.561000000000000000e+06,1.571899999999999964e-01,-1.763326280000058546e+02,1.000000000000000000e+00
2.366962142572735968e-03,4.825572110099432370e-03,8.304087277270184586e-01,-2.492965520970655824e+00,2.000000000000000000e+01,7.391112699348856285e-02,0.000000000000000000e+00,0.000000000000000000e+00,0.000000000000000000e+00,0.000000000000000000e+00,-6.252783099847141557e+01,7.737625327221349991e+00,9.500000000000000000e+01,2.075113404092644771e+02,1.123910619749287747e+02,2.542400000000000000e+06,1.757499999999999896e-01,-2.752820999999930223e+02,1.000000000000000000e+00
2.729241239780034241e-03,4.837626024111870739e-03,8.433174950265277525e-01,-2.411698816031668802e+00,2.000000000000000000e+01,8.031075404828083575e-02,0.000000000000000000e+00,0.000000000000000000e+00,0.000000000000000000e+00,0.000000000000000000e+00,-6.620395623814776798e+01,8.414938982154659186e+00,9.600000000000000000e+01,1.594440081644674763e+02,1.152149891878372472e+02,2.576500000000000000e+06,2.286900000000000044e-01,-3.960766170000131297e+02,1.000000000000000000e+00
2.359586235303990157e-03,4.373596490237498594e-03,9.247241550115101738e-01,-2.260571997659206023e+00,2.000000000000000000e+01,7.407967834647730121e-02,0.000000000000000000e+00,0.000000000000000000e+00,0.000000000000000000e+00,0.000000000000000000e+00,-6.340661161504591803e+01,7.903346429734598999e+00,9.700000000000000000e+01,1.640233440110732488e+02,1.148146413938578831e+02,2.540100000000000000e+06,1.480400000000000049e-01,-1.715727269999989915e+02,1.000000000000000000e+00
2.521044857373331682e-03,4.469660315823112753e-03,8.627464938935465177e-01,-2.607914098968004968e+00,2.000000000000000000e+01,7.615496506045667247e-02,0.000000000000000000e+00,0.000000000000000000e+00,0.000000000000000000e+00,0.000000000000000000e+00,-6.215623457533192209e+01,8.165699000665130214e+00,9.800000000000000000e+01,1.924928434094543377e+02,1.133769599449650798e+02,2.572400000000000000e+06,8.287799999999999334e-02,-6.915915899999939143e+01,1.000000000000000000e+00
2.518958782338515112e-03,5.044028821526218460e-03,9.024461513562422876e-01,-2.518114844446460499e+00,2.000000000000000000e+01,7.334984703817137852e-02,0.000000000000000000e+00,0.000000000000000000e+00,0.000000000000000000e+00,0.000000000000000000e+00,-6.212192856587638801e+01,7.886904495156880301e+00,9.900000000000000000e+01,2.096997792588190919e+02,1.122397067936319246e+02,2.556100000000000000e+06,2.219899999999999929e-01,-3.702944699999751492e+02,1.000000000000000000e+00
2.405479462884952454e-03,4.264702173309924994e-03,8.773952197014798227e-01,-2.323095582577685114e+00,2.000000000000000000e+01,8.101731888809809989e-02,0.000000000000000000e+00,0.000000000000000000e+00,0.000000000000000000e+00,0.000000000000000000e+00,-6.273420121523708559e+01,7.570944061741842646e+00,1.000000000000000000e+02,1.910871373204425083e+02,1.134121557681223891e+02,2.546400000000000000e+06,1.513200000000000101e-01,-1.943312400000016282e+02,1.000000000000000000e+00
2.544397359567861922e-03,4.981540874633375721e-03,8.867912097320875819e-01,-2.506493153522317385e+00,2.000000000000000000e+01,7.341904998630340018e-02,0.000000000000000000e+00,0.000000000000000000e+00,0.000000000000000000e+00,0.000000000000000000e+00,-6.220440270530252747e+01,7.967950713906230220e+00,1.010000000000000000e+02,2.024644860202651842e+02,1.126267503305234072e+02,2.560000000000000000e+06,2.191700000000000037e-01,-3.769360000000292530e+02,1.000000000000000000e+00
2.354063474073727746e-03,4.972924303506531633e-03,8.250686435219266590e-01,-2.328147461109676630e+00,2.000000000000000000e+01,7.747505889540470814e-02,0.000000000000000000e+00,0.000000000000000000e+00,0.000000000000000000e+00,0.000000000000000000e+00,-6.556518618939627174e+01,7.113807784424346359e+00,1.020000000000000000e+02,2.034593850257864176e+02,1.125214442701796429e+02,2.544200000000000000e+06,1.865199999999999914e-01,-2.992329249999915532e+02,1.000000000000000000e+00
2.409717285704213782e-03,4.175322388692320925e-03,8.127190771643619804e-01,-2.263147180354352361e+00,2.000000000000000000e+01,7.736764640417881367e-02,0.000000000000000000e+00,0.000000000000000000e+00,0.000000000000000000e+00,0.000000000000000000e+00,-6.283574741127691254e+01,8.166461535650624270e+00,1.030000000000000000e+02,1.900088297695207871e+02,1.136039147497909454e+02,2.587500000000000000e+06,1.839099999999999902e-01,-2.767410960000116802e+02,1.000000000000000000e+00
3.099555949286835269e-03,8.910704107636055211e-04,4.466111724744681877e-01,-2.629527423436754496e+00,2.000000000000000000e+01,7.713963673347444538e-02,0.000000000000000000e+00,0.000000000000000000e+00,0.000000000000000000e+00,0.000000000000000000e+00,-9.432442544119287220e+01,6.751428631626916754e+00,1.040000000000000000e+02,1.363513344864150270e+02,1.940875768278790474e+02,2.074500000000000000e+06,2.353500000000000036e-01,-3.473228739999879622e+02,1.000000000000000000e+00
2.817825332226716120e-03,4.147555490789338675e-03,7.904443460873965543e-01,-1.878406712461990535e+00,2.000000000000000000e+01,7.960134480687842962e-02,0.000000000000000000e+00,0.000000000000000000e+00,0.000000000000000000e+00,0.000000000000000000e+00,-6.864992828213945586e+01,7.698895710298256034e+00,1.050000000000000000e+02,1.410205452985263435e+02,1.216722282285462029e+02,2.535400000000000000e+06,1.391199999999999937e-01,-2.269800000000053330e+02,1.000000000000000000e+00
2.347315722709396660e-03,4.172808478883616862e-03,9.901746430114528597e-01,-2.724701759376798815e+00,2.000000000000000000e+01,7.419973087756612240e-02,0.000000000000000000e+00,0.000000000000000000e+00,0.000000000000000000e+00,0.000000000000000000e+00,-6.488373493377345369e+01,7.825175618106010589e+00,1.060000000000000000e+02,1.467098366312222879e+02,1.180240866745114374e+02,2.516500000000000000e+06,1.357599999999999918e-01,-1.305708769999985179e+02,1.000000000000000000e+00
2.465422389545115882e-03,4.507012883545411658e-03,8.622986462159515364e-01,-2.506477081248756011e+00,2.000000000000000000e+01,7.372609042852087957e-02,0.000000000000000000e+00,0.000000000000000000e+00,0.000000000000000000e+00,0.000000000000000000e+00,-6.290240416944835999e+01,7.995799643166462189e+00,1.070000000000000000e+02,1.756741598197336032e+02,1.141859677520341876e+02,2.552100000000000000e+06,1.924899999999999944e-01,-3.146174429999782092e+02,1.000000000000000000e+00
2.357517779943459589e-03,4.409263828526412479e-03,9.188610551839355711e-01,-2.253681443127848905e+00,2.000000000000000000e+01,7.407569123671417510e-02,0.000000000000000000e+00,0.000000000000000000e+00,0.000000000000000000e+00,0.000000000000000000e+00,-6.342070916088553645e+01,7.827122030274486164e+00,1.080000000000000000e+02,1.699735778166919715e+02,1.144853191376022465e+02,2.535800000000000000e+06,1.483800000000000119e-01,-1.739417999999955100e+02,1.000000000000000000e+00
2.372067861204587950e-03,4.663927225421092386e-03,8.467273539959776496e-01,-2.477831641375527028e+00,2.000000000000000000e+01,7.389596116011623583e-02,0.000000000000000000e+00,0.000000000000000000e+00,0.000000000000000000e+00,0.000000000000000000e+00,-6.254014348732982853e+01,7.731943601751543937e+00,1.090000000000000000e+02,2.083508386901850997e+02,1.123950513247332594e+02,2.541700000000000000e+06,1.742599999999999982e-01,-2.654279190000012250e+02,1.000000000000000000e+00
2.339355855811032277e-03,4.383277466941539781e-03,9.054291839031471945e-01,-2.164606211914890554e+00,2.000000000000000000e+01,7.946241643445399461e-02,0.000000000000000000e+00,0.000000000000000000e+00,0.000000000000000000e+00,0.000000000000000000e+00,-6.141886363288590900e+01,7.882719021979101015e+00,1.100000000000000000e+02,1.471578447042527671e+02,1.192529941858021942e+02,2.558700000000000000e+06,1.212499999999999967e-01,-1.074790239999984323e+02,1.000000000000000000e+00
2.361103372391287758e-03,4.699827146097118949e-03,8.400196873113091600e-01,-2.481803171504440186e+00,2.000000000000000000e+01,7.400375568305994634e-02,0.000000000000000000e+00,0.000000000000000000e+00,0.000000000000000000e+00,0.000000000000000000e+00,-6.253951629730478601e+01,7.697835998991224393e+00,1.110000000000000000e+02,2.120390144268085635e+02,1.122656105985597605e+02,2.539900000000000000e+06,1.673800000000000010e-01,-2.484559000000086826e+02,1.000000000000000000e+00
2.236398686694866886e-03,4.249508472919097911e-03,1.101262205342757428e+00,-2.413199818819288023e+00,2.000000000000000000e+01,7.450012649366134776e-02,0.000000000000000000e+00,0.000000000000000000e+00,0.000000000000000000e+00,0.000000000000000000e+00,-6.654696674349382590e+01,8.944458527016543314e+00,1.120000000000000000e+02,1.481661520830124914e+02,1.159241986437979790e+02,2.551100000000000000e+06,1.406300000000000050e-01,-1.370483929999999191e+02,1.000000000000000000e+00
2.137009559153046391e-03,4.655792481895289041e-03,7.877572242813245529e-01,-2.159197285410345835e+00,2.000000000000000000e+01,7.556648828324225020e-02,0.000000000000000000e+00,0.000000000000000000e+00,0.000000000000000000e+00,0.000000000000000000e+00,-6.251199171141966104e+01,8.199455983138150827e+00,1.130000000000000000e+02,1.780571440565330477e+02,1.141137393857745792e+02,2.569300000000000000e+06,9.737500000000000322e-02,-9.331522999999765489e+01,1.000000000000000000e+00
2.419276207442553304e-03,4.419481452263765778e-03,9.427270212421080542e-01,-2.621993506402358953e+00,2.000000000000000000e+01,7.364508112820700170e-02,0.000000000000000000e+00,0.000000000000000000e+00,0.000000000000000000e+00,0.000000000000000000e+00,-5.763991572989735346e+01,7.424919831216675981e+00,1.140000000000000000e+02,1.770219730343188473e+02,1.143062204537856275e+02,2.539100000000000000e+06,1.500100000000000044e-01,-1.903964149999979725e+02,1.000000000000000000e+00
2.465765928187381092e-03,4.624663104802368384e-03,8.616459233521415184e-01,-2.568915123857478555e+00,2.000000000000000000e+01,7.369864036306286725e-02,0.000000000000000000e+00,0.000000000000000000e+00,0.000000000000000000e+00,0.000000000000000000e+00,-6.255817827000741715e+01,8.045000678769763880e+00,1.150000000000000000e+02,1.783546051839602740e+02,1.136960857998638659e+02,2.559300000000000000e+06,1.961199999999999888e-01,-3.192648000000119168e+02,1.000000000000000000e+00
2.555015887755487068e-03,4.406097913964571004e-03,9.366915354365435986e-01,-2.412308655484974196e+00,2.000000000000000000e+01,7.555447448827937174e-02,0.000000000000000000e+00,0.000000000000000000e+00,0.000000000000000000e+00,0.000000000000000000e+00,-6.224878061021973963e+01,8.480090343295501043e+00,1.160000000000000000e+02,1.721662637178936563e+02,1.147324588093363786e+02,2.589200000000000000e+06,9.340299999999999991e-02,-7.426562399999910724e+01,1.000000000000000000e+00
2.684896342862141006e-03,4.414043505990733127e-03,8.182333915458530615e-01,-2.670272713889226157e+00,2.000000000000000000e+01,7.404974143433709632e-02,0.000000000000000000e+00,0.000000000000000000e+00,0.000000000000000000e+00,0.000000000000000000e+00,-6.122043981019859160e+01,8.043298507321834379e+00,1.170000000000000000e+02,2.019642964905857809e+02,1.127165213809895192e+02,2.559000000000000000e+06,1.257500000000000007e-01,-1.388577330000030656e+02,1.000000000000000000e+00
2.352432929455081263e-03,5.002628957936161233e-03,8.648870887716747502e-01,-2.500064598235690827e+00,2.000000000000000000e+01,8.138077415094936706e-02,0.000000000000000000e+00,0.000000000000000000e+00,0.000000000000000000e+00,0.000000000000000000e+00,-6.287324192835958314e+01,7.849632656933970054e+00,1.180000000000000000e+02,1.912927012406214260e+02,1.134576676670367590e+02,2.565600000000000000e+06,2.472300000000000053e-01,-4.464317440000182273e+02,1.000000000000000000e+00
2.733052097172066538e-03,4.989268888286487597e-03,8.853374632244493947e-01,-1.744847607676320855e+00,2.000000000000000000e+01,7.070290997144305922e-02,0.000000000000000000e+00,0.000000000000000000e+00,0.000000000000000000e+00,0.000000000000000000e+00,-5.413501523625352263e+01,7.957995292630185347e+00,1.190000000000000000e+02,5.365881106702458965e+02,1.044934351237992303e+02,2.643400000000000000e+06,1.293199999999999905e-01,-1.572374999999954355e+02,1.000000000000000000e+00
2.310818842932865508e-03,4.363333593548445258e-03,8.237110706016129713e-01,-2.362585684220039006e+00,2.000000000000000000e+01,6.945408443603305615e-02,0.000000000000000000e+00,0.000000000000000000e+00,0.000000000000000000e+00,0.000000000000000000e+00,-6.350058908314597517e+01,8.472771753138468753e+00,1.200000000000000000e+02,1.655533206084132587e+02,1.148377146877583357e+02,2.546800000000000000e+06,1.709700000000000109e-01,-2.479510440000059930e+02,1.000000000000000000e+00
2.100513825101558291e-03,4.104581907042709546e-03,8.287627572810828402e-01,-2.193714104025711986e+00,2.000000000000000000e+01,8.732908419959939383e-02,0.000000000000000000e+00,0.000000000000000000e+00,0.000000000000000000e+00,0.000000000000000000e+00,-5.931541438615017370e+01,7.929233324102827218e+00,1.210000000000000000e+02,1.909731559677301789e+02,1.136232370762910051e+02,2.543700000000000000e+06,1.911100000000000021e-01,-2.996448000000185630e+02,1.000000000000000000e+00
2.741164919202288865e-03,4.161082167174985635e-03,7.535035133010905550e-01,-2.049171261163809543e+00,2.000000000000000000e+01,7.383773549324595953e-02,0.000000000000000000e+00,0.000000000000000000e+00,0.000000000000000000e+00,0.000000000000000000e+00,-6.604904424891023496e+01,8.516879433489165763e+00,1.220000000000000000e+02,1.431509295196971436e+02,1.263099777345563695e+02,2.535400000000000000e+06,2.551300000000000234e-01,-6.810496179999710193e+02,1.000000000000000000e+00
2.390471458131643214e-03,4.781266416024975048e-03,9.023124665767003894e-01,-1.874543073262257220e+00,2.000000000000000000e+01,7.476645386589339526e-02,0.000000000000000000e+00,0.000000000000000000e+00,0.000000000000000000e+00,0.000000000000000000e+00,-5.937970821734147364e+01,8.045559945703040228e+00,1.230000000000000000e+02,3.717356668224553005e+02,1.074028897753996290e+02,2.602600000000000000e+06,1.194800000000000029e-01,-1.123304700000020517e+02,1.000000000000000000e+00
2.501061951135897642e-03,4.379898803437388792e-03,9.650921314858471600e-01,-1.615152664342379696e+00,2.000000000000000000e+01,6.916441852875150620e-02,0.000000000000000000e+00,0.000000000000000000e+00,0.000000000000000000e+00,0.000000000000000000e+00,-5.752488374504725499e+01,7.200033515701255382e+00,1.240000000000000000e+02,5.221093779165514661e+02,1.048468291517177846e+02,2.600900000000000000e+06,1.589599999999999902e-01,-1.836772739999975386e+02,1.000000000000000000e+00
2.615498039720595257e-03,4.848668111464273997e-03,1.102151870262692679e+00,-1.749906218935900704e+00,2.000000000000000000e+01,6.681633071026839288e-02,0.000000000000000000e+00,0.000000000000000000e+00,0.000000000000000000e+00,0.000000000000000000e+00,-5.783764167526230437e+01,7.829333748667703929e+00,1.250000000000000000e+02,5.126982614041353372e+02,1.049182834994704905e+02,2.608800000000000000e+06,9.910099999999999465e-02,-6.607258599999929061e+01,1.000000000000000000e+00
2.350003193864765635e-03,4.571167919604239224e-03,1.009725830645839650e+00,-2.459492278688482081e+00,2.000000000000000000e+01,7.295362167247868013e-02,0.000000000000000000e+00,0.000000000000000000e+00,0.000000000000000000e+00,0.000000000000000000e+00,-5.946849332055668924e+01,7.630402108208137690e+00,1.260000000000000000e+02,3.572722031138512762e+02,1.076506019661173923e+02,2.575000000000000000e+06,2.510299999999999754e-01,-3.614284620000222503e+02,1.000000000000000000e+00
2.599652634664533207e-03,4.906795629960556196e-03,9.441852524073699460e-01,-2.292759858698294018e+00,2.000000000000000000e+01,7.378001142889285824e-02,0.000000000000000000e+00,0.000000000000000000e+00,0.000000000000000000e+00,0.000000000000000000e+00,-6.186635794086743800e+01,7.987400798506275379e+00,1.270000000000000000e+02,2.236442230141473146e+02,1.119639099978049757e+02,2.565600000000000000e+06,1.716600000000000070e-01,-2.258542019999892716e+02,1.000000000000000000e+00
2.425502193019028231e-03,4.662768424422049016e-03,8.782940086842682126e-01,-2.258108579238876423e+00,2.000000000000000000e+01,7.376484085204741692e-02,0.000000000000000000e+00,0.000000000000000000e+00,0.000000000000000000e+00,0.000000000000000000e+00,-6.212007538077947544e+01,7.874494550052428821e+00,1.280000000000000000e+02,2.217314473788595990e+02,1.119875839135960547e+02,2.555500000000000000e+06,1.824000000000000066e-01,-2.721174549999946635e+02,1.000000000000000000e+00
2.478124491440899645e-03,4.692471259412107389e-03,8.861533105960064383e-01,-2.296640480197422285e+00,2.000000000000000000e+01,7.367429726867966155e-02,0.000000000000000000e+00,0.000000000000000000e+00,0.000000000000000000e+00,0.000000000000000000e+00,-6.219525576559483682e+01,7.888034776092933242e+00,1.290000000000000000e+02,2.182515148010280370e+02,1.122393140599165093e+02,2.555400000000000000e+06,1.913100000000000078e-01,-2.957079999999966731e+02,1.000000000000000000e+00
2.430593794175332258e-03,4.689182407948917775e-03,8.820735496420013533e-01,-1.571704993731544153e+00,2.000000000000000000e+01,7.386982725836248320e-02,0.000000000000000000e+00,0.000000000000000000e+00,0.000000000000000000e+00,0.000000000000000000e+00,-5.838140663187932233e+01,7.893056089090423555e+00,1.300000000000000000e+02,4.802928998527739850e+02,1.054230268900873853e+02,2.605700000000000000e+06,1.782600000000000018e-01,-2.407490430000103174e+02,1.000000000000000000e+00
2.731856272550495582e-03,3.768676227811422821e-03,7.747450372433621890e-01,-1.802179324649774816e+00,2.000000000000000000e+01,6.601853486580987196e-02,0.000000000000000000e+00,0.000000000000000000e+00,0.000000000000000000e+00,0.000000000000000000e+00,-6.515890381567432144e+01,7.684349005186580150e+00,1.310000000000000000e+02,1.475911335786543361e+02,1.200832133792819434e+02,2.504600000000000000e+06,1.224299999999999972e-01,-1.987201259999954743e+02,1.000000000000000000e+00
2.535706314617490464e-03,4.619136040244259563e-03,7.980499947402874827e-01,-2.204401024981951007e+00,2.000000000000000000e+01,7.437298807306985671e-02,0.000000000000000000e+00,0.000000000000000000e+00,0.000000000000000000e+00,0.000000000000000000e+00,-6.372604263690843140e+01,7.949316995590320900e+00,1.320000000000000000e+02,1.698814207331609509e+02,1.157547390754334771e+02,2.538300000000000000e+06,1.553299999999999959e-01,-2.518238070000130051e+02,1.000000000000000000e+00
2.380317790924637265e-03,4.481660922460429380e-03,8.620413967867892602e-01,-2.352491168237032859e+00,2.000000000000000000e+01,7.368545375016502530e-02,0.000000000000000000e+00,0.000000000000000000e+00,0.000000000000000000e+00,0.000000000000000000e+00,-6.292064032559430586e+01,7.949530680442244091e+00,1.330000000000000000e+02,1.797860919787946159e+02,1.139604422081987281e+02,2.549100000000000000e+06,1.925399999999999889e-01,-3.070980430000054753e+02,1.000000000000000000e+00
2.434388169777407414e-03,4.495293168166889300e-03,8.618084198293638476e-01,-2.387650711390796765e+00,2.000000000000000000e+01,7.369634173368508345e-02,0.000000000000000000e+00,0.000000000000000000e+00,0.000000000000000000e+00,0.000000000000000000e+00,-6.292572671087241076e+01,7.912416676597194609e+00,1.340000000000000000e+02,1.849403064442426228e+02,1.138650592985892445e+02,2.547000000000000000e+06,1.965300000000000102e-01,-3.162564340000029119e+02,1.000000000000000000e+00
2.651676797837913737e-03,3.632131002669477301e-03,9.980666078332715019e-01,-2.700286245408999086e+00,2.000000000000000000e+01,8.563526971813963107e-02,0.000000000000000000e+00,0.000000000000000000e+00,0.000000000000000000e+00,0.000000000000000000e+00,-6.991934371507211665e+01,7.610333879611300034e+00,1.350000000000000000e+02,1.489665307468215758e+02,1.174080125032203057e+02,2.534200000000000000e+06,1.487199999999999911e-01,-1.854042089999962855e+02,1.000000000000000000e+00
2.530922543883978339e-03,4.474888261576920497e-03,8.110853289513888509e-01,-2.314682003062388915e+00,2.000000000000000000e+01,7.437516897710585995e-02,0.000000000000000000e+00,0.000000000000000000e+00,0.000000000000000000e+00,0.000000000000000000e+00,-6.397391978482874464e+01,8.060637278649469550e+00,1.360000000000000000e+02,1.518425887771782641e+02,1.170310424746793245e+02,2.540800000000000000e+06,1.549000000000000099e-01,-2.401084819999912838e+02,1.000000000000000000e+00
2.635027731132425725e-03,4.704141302283204769e-03,8.764691511811728564e-01,-2.222994655971760380e+00,2.000000000000000000e+01,6.832839831663221897e-02,0.000000000000000000e+00,0.000000000000000000e+00,0.000000000000000000e+00,0.000000000000000000e+00,-5.994494543092606165e+01,8.901393789077316043e+00,1.370000000000000000e+02,1.540425398892536748e+02,1.168820990244585545e+02,2.549500000000000000e+06,2.645299999999999874e-01,-5.291256079999651547e+02,1.000000000000000000e+00
2.450250586525610369e-03,4.548476578210375494e-03,9.040225891494374499e-01,-2.502160374187852199e+00,2.000000000000000000e+01,7.417159651389132469e-02,0.000000000000000000e+00,0.000000000000000000e+00,0.000000000000000000e+00,0.000000000000000000e+00,-6.431102444499484250e+01,7.767953891871428596e+00,1.380000000000000000e+02,1.545895723653014784e+02,1.162647728418992870e+02,2.520800000000000000e+06,1.456899999999999862e-01,-1.799940679999987765e+02,1.000000000000000000e+00
2.780955250714174133e-03,4.857947826192661640e-03,7.552435167679736328e-01,-6.947573958878290323e-01,2.000000000000000000e+01,7.610162762590615138e-02,0.000000000000000000e+00,0.000000000000000000e+00,0.000000000000000000e+00,0.000000000000000000e+00,-6.031514369166772838e+01,7.939073572454480754e+00,1.390000000000000000e+02,7.297003143180361349e+02,1.016156616123721506e+02,2.605900000000000000e+06,2.097199999999999898e-01,-3.922308000000145967e+02,1.000000000000000000e+00
2.422261677067307373e-03,4.128289953830243351e-03,7.963964152203520941e-01,-2.423591920635195240e+00,2.000000000000000000e+01,7.830025642205720726e-02,0.000000000000000000e+00,0.000000000000000000e+00,0.000000000000000000e+00,0.000000000000000000e+00,-5.786027215668624990e+01,7.321458714627024911e+00,1.400000000000000000e+02,1.910046579778501155e+02,1.136417014121259399e+02,2.544500000000000000e+06,1.943799999999999972e-01,-3.082670999999857600e+02,1.000000000000000000e+00
2.609818806424568476e-03,4.323362064425880294e-03,8.025962554426613327e-01,-5.042296690776744139e-01,2.000000000000000000e+01,7.978922830786840115e-02,0.000000000000000000e+00,0.000000000000000000e+00,0.000000000000000000e+00,0.000000000000000000e+00,-5.214846622503623053e+01,7.343241660866330456e+00,1.410000000000000000e+02,7.359724232485132234e+02,1.013610425891121878e+02,2.595400000000000000e+06,2.238499999999999934e-01,-4.180574890000197570e+02,1.000000000000000000e+00
2.610564138879721639e-03,4.499459071840376453e-03,1.037038008033969838e+00,-1.810857639812225361e+00,2.000000000000000000e+01,7.426320929028112916e-02,0.000000000000000000e+00,0.000000000000000000e+00,0.000000000000000000e+00,0.000000000000000000e+00,-5.804799252775328000e+01,7.922575101733530190e+00,1.420000000000000000e+02,4.936994734964276859e+02,1.049428584073958035e+02,2.617500000000000000e+06,2.383299999999999863e-01,-2.965958709999948155e+02,1.000000000000000000e+00
2.380880375017739234e-03,4.819048718074154213e-03,8.532207737407726533e-01,-1.429624233078641726e+00,2.000000000000000000e+01,7.340369569743608602e-02,0.000000000000000000e+00,0.000000000000000000e+00,0.000000000000000000e+00,0.000000000000000000e+00,-5.817221208918171982e+01,7.960998592591243650e+00,1.430000000000000000e+02,4.904051976358159095e+02,1.050384627043234644e+02,2.612600000000000000e+06,2.336999999999999911e-01,-3.905650069999767311e+02,1.000000000000000000e+00
2.484784294140984437e-03,4.605666585624341135e-03,8.372916217902727221e-01,-1.860536063358246395e+00,2.000000000000000000e+01,7.584031132936810971e-02,0.000000000000000000e+00,0.000000000000000000e+00,0.000000000000000000e+00,0.000000000000000000e+00,-5.789058691665991319e+01,8.004503899302513048e+00,1.440000000000000000e+02,4.886191146711116744e+02,1.053310749953041778e+02,2.619700000000000000e+06,9.289400000000000435e-02,-8.332999799999944912e+01,1.000000000000000000e+00
2.723748073203463484e-03,5.238661284777130188e-03,5.616755899484103809e-01,2.082462348043026434e+00,2.000000000000000000e+01,7.981958024227835125e-02,0.000000000000000000e+00,0.000000000000000000e+00,0.000000000000000000e+00,0.000000000000000000e+00,-4.903104933858688952e+01,6.957949743820790900e+00,1.450000000000000000e+02,3.253841555997512387e+03,8.543100190423179185e+01,2.800100000000000000e+06,6.011499999999999622e-01,-1.109763199999869357e+03,1.000000000000000000e+00
2.838354957471564237e-03,5.305099916640489827e-03,5.703819860764778316e-01,2.186364672158392697e+00,2.000000000000000000e+01,7.677158242218549977e-02,0.000000000000000000e+00,0.000000000000000000e+00,0.000000000000000000e+00,0.000000000000000000e+00,-3.419453300339569779e+01,7.410964252743564629e+00,1.460000000000000000e+02,2.957260290439956407e+03,8.584530086747925282e+01,2.819900000000000000e+06,1.150400000000000034e-01,-1.753884000000043102e+02,1.000000000000000000e+00
2.296815698997185014e-03,5.156864539292830597e-03,7.903615664157794818e-01,-1.865534401491792948e+00,2.000000000000000000e+01,6.816612131538821173e-02,0.000000000000000000e+00,0.000000000000000000e+00,0.000000000000000000e+00,0.000000000000000000e+00,-6.024553810788583519e+01,8.616564817047271063e+00,1.470000000000000000e+02,4.324040371508689304e+02,1.061240272493462840e+02,2.620000000000000000e+06,1.308600000000000041e-01,-1.601216000000035820e+02,1.000000000000000000e+00
2.326853999497385719e-03,4.799917208303427357e-03,8.394192985086528225e-01,-1.116249104463863384e+00,2.000000000000000000e+01,7.292154057377914222e-02,0.000000000000000000e+00,0.000000000000000000e+00,0.000000000000000000e+00,0.000000000000000000e+00,-5.695953290335108221e+01,8.265086615408996806e+00,1.480000000000000000e+02,6.058429499609652567e+02,1.031611948598100668e+02,2.611700000000000000e+06,2.765699999999999825e-01,-5.501418000000409165e+02,1.000000000000000000e+00
2.592517107188978091e-03,5.243067773650178336e-03,9.292063612192846822e-01,-2.572863617346864196e+00,2.000000000000000000e+01,7.354204826721960631e-02,0.000000000000000000e+00,0.000000000000000000e+00,0.000000000000000000e+00,0.000000000000000000e+00,-6.061651013749114014e+01,7.703662692355207398e+00,1.490000000000000000e+02,3.005017394859406181e+02,1.093130750753595208e+02,2.565400000000000000e+06,1.946199999999999875e-01,-2.885997870000101102e+02,1.000000000000000000e+00
2.387697503775605690e-03,4.377309231527305375e-03,7.687834273189978473e-01,-2.489214883009372326e+00,2.000000000000000000e+01,8.103808243901410024e-02,0.000000000000000000e+00,0.000000000000000000e+00,0.000000000000000000e+00,0.000000000000000000e+00,-6.286899109945179731e+01,8.072039038979498926e+00,1.500000000000000000e+02,3.074747769782949263e+02,1.088689064186681037e+02,2.601900000000000000e+06,1.515100000000000058e-01,-2.096633000000122706e+02,1.000000000000000000e+00
2.783519397155155475e-03,4.565354198100459414e-03,9.320022811744420599e-01,-2.627487354692030763e+00,2.000000000000000000e+01,7.973493936404364713e-02,0.000000000000000000e+00,0.000000000000000000e+00,0.000000000000000000e+00,0.000000000000000000e+00,-6.439622926235675493e+01,7.475502800316869312e+00,1.510000000000000000e+02,3.835341849039741078e+02,1.072443092335881545e+02,2.613800000000000000e+06,1.121899999999999981e-01,-1.030641149999988784e+02,1.000000000000000000e+00
2.475903029536749133e-03,4.725425018443381482e-03,8.542194896462842468e-01,-2.271929988147475044e+00,2.000000000000000000e+01,7.446528568105258150e-02,0.000000000000000000e+00,0.000000000000000000e+00,0.000000000000000000e+00,0.000000000000000000e+00,-6.094876527383720344e+01,7.973554053769589700e+00,1.520000000000000000e+02,2.721537685915216116e+02,1.101727422852097789e+02,2.577100000000000000e+06,1.379599999999999993e-01,-1.729066350000030354e+02,1.000000000000000000e+00
2.417396578715504379e-03,4.564839543495397348e-03,8.956430457578812288e-01,-2.328721069492154072e+00,2.000000000000000000e+01,7.357338473329953776e-02,0.000000000000000000e+00,0.000000000000000000e+00,0.000000000000000000e+00,0.000000000000000000e+00,-6.112576898139893444e+01,7.862149791258017828e+00,1.530000000000000000e+02,2.694080404885452253e+02,1.102109142383221325e+02,2.567900000000000000e+06,2.011000000000000010e-01,-3.055906310000100916e+02,1.000000000000000000e+00
2.708567920318691313e-03,4.345262629995436804e-03,8.564302180914208362e-01,-1.807793263217980284e+00,2.000000000000000000e+01,7.014410578759422421e-02,0.000000000000000000e+00,0.000000000000000000e+00,0.000000000000000000e+00,0.000000000000000000e+00,-5.889315968005423940e+01,8.289963815773941036e+00,1.540000000000000000e+02,4.480199176232106311e+02,1.056023284713953245e+02,2.648200000000000000e+06,1.095499999999999946e-01,-1.106767530000018382e+02,1.000000000000000000e+00
2.487139198252024796e-03,4.678164312393860193e-03,8.935860227706180492e-01,-2.390305934499870943e+00,2.000000000000000000e+01,7.371667062805525861e-02,0.000000000000000000e+00,0.000000000000000000e+00,0.000000000000000000e+00,0.000000000000000000e+00,-6.130322084332782140e+01,7.859222638549614004e+00,1.550000000000000000e+02,2.590536796078183102e+02,1.105630943084191244e+02,2.565600000000000000e+06,1.871800000000000130e-01,-2.772176000000071099e+02,1.000000000000000000e+00
2.407291719295889115e-03,4.494399831325443864e-03,9.541646130624562572e-01,-2.565904315653030565e+00,2.000000000000000000e+01,7.372380566994582440e-02,0.000000000000000000e+00,0.000000000000000000e+00,0.000000000000000000e+00,0.000000000000000000e+00,-6.424761524054528650e+01,7.968170500801775802e+00,1.560000000000000000e+02,1.524869264939699747e+02,1.172319669637718533e+02,2.532300000000000000e+06,1.686499999999999944e-01,-2.130988480000075640e+02,1.000000000000000000e+00
2.648320942547047804e-03,4.168019023481112258e-03,1.041663751355454748e+00,-2.376094408005651193e+00,2.000000000000000000e+01,7.963503451397234423e-02,0.000000000000000000e+00,0.000000000000000000e+00,0.000000000000000000e+00,0.000000000000000000e+00,-5.982386268483092095e+01,8.725545613661690680e+00,1.570000000000000000e+02,1.542805542908843677e+02,1.169958655636561673e+02,2.553600000000000000e+06,8.741899999999999671e-02,-5.737200000000058964e+01,1.000000000000000000e+00
2.597525294552322471e-03,4.605112505130595085e-03,1.056246751304493525e+00,-2.283999492282190236e+00,2.000000000000000000e+01,7.369930046335992913e-02,0.000000000000000000e+00,0.000000000000000000e+00,0.000000000000000000e+00,0.000000000000000000e+00,-5.813119444196217245e+01,8.031042819869288252e+00,1.580000000000000000e+02,4.127083699709229450e+02,1.063677382229439843e+02,2.617400000000000000e+06,1.688699999999999923e-01,-1.742391999999921097e+02,1.000000000000000000e+00
2.559806279206586210e-03,4.557046892039102667e-03,9.288981509481667453e-01,-2.110445257618529524e+00,2.000000000000000000e+01,7.410920807996176918e-02,0.000000000000000000e+00,0.000000000000000000e+00,0.000000000000000000e+00,0.000000000000000000e+00,-5.560552863300441118e+01,8.488789554744656130e+00,1.590000000000000000e+02,5.412210892456545253e+02,1.039591952645422310e+02,2.681100000000000000e+06,1.604800000000000115e-01,-1.828686190000018144e+02,1.000000000000000000e+00
2.501843903528275324e-03,4.721344954179982137e-03,9.486779330757386663e-01,-2.372988789954140643e+00,2.000000000000000000e+01,7.382082052533914251e-02,0.000000000000000000e+00,0.000000000000000000e+00,0.000000000000000000e+00,0.000000000000000000e+00,-6.003774519909444507e+01,7.958483185186828734e+00,1.600000000000000000e+02,3.097907542624237180e+02,1.088178855920410939e+02,2.588300000000000000e+06,1.672700000000000020e-01,-2.057478000000115514e+02,1.000000000000000000e+00
2.528427749462589837e-03,4.414740547483373204e-03,9.541774721820397431e-01,-2.280462433784983034e+00,2.000000000000000000e+01,7.554874763600384624e-02,0.000000000000000000e+00,0.000000000000000000e+00,0.000000000000000000e+00,0.000000000000000000e+00,-5.989255796998769199e+01,8.093724756520735752e+00,1.610000000000000000e+02,3.165725268092924125e+02,1.087585617640238951e+02,2.599000000000000000e+06,9.264000000000000012e-02,-7.044721199999943906e+01,1.000000000000000000e+00
2.470156198784929751e-03,5.020108841018678866e-03,7.279495535224497216e-01,-1.559066978177647389e+00,2.000000000000000000e+01,7.915818254090754846e-02,0.000000000000000000e+00,0.000000000000000000e+00,0.000000000000000000e+00,0.000000000000000000e+00,-6.291518260134538565e+01,7.330727476593633440e+00,1.620000000000000000e+02,5.264065741822460041e+02,1.047055407851232758e+02,2.603400000000000000e+06,2.753599999999999937e-01,-5.771332230000989512e+02,1.000000000000000000e+00
2.637370020311873703e-03,4.897197453929046096e-03,8.293142902213479495e-01,-1.078641630987300148e+00,2.000000000000000000e+01,7.295863914044586895e-02,0.000000000000000000e+00,0.000000000000000000e+00,0.000000000000000000e+00,0.000000000000000000e+00,-5.509200947659716974e+01,7.788783790224115045e+00,1.630000000000000000e+02,7.529766549578823742e+02,1.009372631333579307e+02,2.639700000000000000e+06,3.961600000000000121e-01,-9.538908000002498966e+02,1.000000000000000000e+00
2.530802421233320759e-03,4.790385830969353526e-03,9.359994533705910946e-01,-2.374839368846440202e+00,2.000000000000000000e+01,7.400159647372203664e-02,0.000000000000000000e+00,0.000000000000000000e+00,0.000000000000000000e+00,0.000000000000000000e+00,-6.245160730073257582e+01,7.678720754453113528e+00,1.640000000000000000e+02,2.250147425452828429e+02,1.119838089636267426e+02,2.540700000000000000e+06,1.529300000000000104e-01,-1.874634739999964950e+02,1.000000000000000000e+00
2.946381280538208636e-03,4.275078497823052610e-03,4.140505864348955067e-01,2.646612011595248504e+00,2.000000000000000000e+01,8.579160758085663252e-02,0.000000000000000000e+00,0.000000000000000000e+00,0.000000000000000000e+00,0.000000000000000000e+00,-4.756458866962667287e+01,7.190298086847114689e+00,1.650000000000000000e+02,2.463300687803411165e+03,8.630491305839598226e+01,2.723900000000000000e+06,5.045000000000000179e-02,-6.829137000000004321e+01,1.000000000000000000e+00
2.396835900744427768e-03,4.896216613975996022e-03,5.513824008390321163e-01,2.166617600320417392e+00,2.000000000000000000e+01,7.393850390464475064e-02,0.000000000000000000e+00,0.000000000000000000e+00,0.000000000000000000e+00,0.000000000000000000e+00,-4.854587580376504263e+01,7.204615315391682095e+00,1.660000000000000000e+02,2.374575922070782326e+03,8.639036138924210206e+01,2.728700000000000000e+06,1.450700000000000045e-01,-2.357809999999937247e+02,1.000000000000000000e+00
2.556315716319047891e-03,4.396100973524296775e-03,9.408543996216973682e-01,-2.412334838040996132e+00,2.000000000000000000e+01,7.588472092729631191e-02,0.000000000000000000e+00,0.000000000000000000e+00,0.000000000000000000e+00,0.000000000000000000e+00,-5.962572921775778667e+01,8.091539111109126381e+00,1.670000000000000000e+02,3.258686820612294923e+02,1.085106783290437988e+02,2.602100000000000000e+06,8.738200000000000134e-02,-6.355919999999898806e+01,1.000000000000000000e+00
2.713484131190453414e-03,4.061736981644458247e-03,1.075386116120840452e+00,-2.295061338245937499e+00,2.000000000000000000e+01,8.996483942866718986e-02,0.000000000000000000e+00,0.000000000000000000e+00,0.000000000000000000e+00,0.000000000000000000e+00,-5.024965995601312585e+01,8.969631213118899993e+00,1.680000000000000000e+02,3.208737044300536354e+02,1.085998680805381298e+02,2.611300000000000000e+06,8.517600000000000171e-02,-5.633901300000042056e+01,1.000000000000000000e+00
2.296429319908334637e-03,5.380635963348723641e-03,9.043610085148789945e-01,-2.203541695899532638e+00,2.000000000000000000e+01,7.967342096036761356e-02,0.000000000000000000e+00,0.000000000000000000e+00,0.000000000000000000e+00,0.000000000000000000e+00,-6.322913537757033708e+01,7.761779201373123271e+00,1.690000000000000000e+02,3.376631736344364185e+02,1.082097306667761956e+02,2.596600000000000000e+06,1.726999999999999924e-01,-2.444255940000201122e+02,1.000000000000000000e+00
2.437871406129295433e-03,4.613532331197056809e-03,8.710656938168936936e-01,-2.088795350714893750e+00,2.000000000000000000e+01,7.527955072616490662e-02,0.000000000000000000e+00,0.000000000000000000e+00,0.000000000000000000e+00,0.000000000000000000e+00,-6.003087557275220831e+01,7.944860263193420202e+00,1.700000000000000000e+02,3.361924692258634195e+02,1.084633126044886779e+02,2.587900000000000000e+06,1.044100000000000028e-01,-9.849560400000152072e+01,1.000000000000000000e+00
2.475064626605110590e-03,4.914349120290546769e-03,7.561007510464661241e-01,-9.047713706801734368e-01,2.000000000000000000e+01,8.815923826525264018e-02,0.000000000000000000e+00,0.000000000000000000e+00,0.000000000000000000e+00,0.000000000000000000e+00,-6.547264040807027641e+01,6.338681591590199282e+00,1.710000000000000000e+02,6.886555040624268713e+02,1.019322461894889074e+02,2.643500000000000000e+06,1.174300000000000066e-01,-1.326711999999985494e+02,1.000000000000000000e+00
2.649406903899368532e-03,4.750698743711488474e-03,8.556205971840628033e-01,-8.814526486576640396e-01,2.000000000000000000e+01,7.060424994306858937e-02,0.000000000000000000e+00,0.000000000000000000e+00,0.000000000000000000e+00,0.000000000000000000e+00,-5.359596048431748017e+01,6.937486606462824668e+00,1.720000000000000000e+02,6.865476550999319443e+02,1.020333987781633027e+02,2.600900000000000000e+06,2.412199999999999900e-01,-4.587899999999607985e+02,1.000000000000000000e+00
2.507200702784346570e-03,4.611888220842705853e-03,9.340428015069515144e-01,-2.161837855801363339e+00,2.000000000000000000e+01,7.573737488873788504e-02,0.000000000000000000e+00,0.000000000000000000e+00,0.000000000000000000e+00,0.000000000000000000e+00,-5.952859506036165271e+01,7.933221240343434566e+00,1.730000000000000000e+02,3.637607121391737905e+02,1.078034286397076755e+02,2.594100000000000000e+06,8.898599999999999566e-02,-6.626863099999903284e+01,1.000000000000000000e+00
2.665664752247788680e-03,4.824122377244981046e-03,1.015154003391450788e+00,-1.347360167804608100e+00,2.000000000000000000e+01,7.923134616939084274e-02,0.000000000000000000e+00,0.000000000000000000e+00,0.000000000000000000e+00,0.000000000000000000e+00,-5.763118764973511787e+01,7.830347760340090169e+00,1.740000000000000000e+02,6.115344649664707504e+02,1.030185060378237694e+02,2.639700000000000000e+06,1.295000000000000040e-01,-1.146728880000018336e+02,1.000000000000000000e+00
2.454703314275716915e-03,4.391328706162816488e-03,8.685533986173346044e-01,-1.587236487698769904e+00,2.000000000000000000e+01,7.685353785364634760e-02,0.000000000000000000e+00,0.000000000000000000e+00,0.000000000000000000e+00,0.000000000000000000e+00,-6.363352923416826457e+01,8.328171847776308923e+00,1.750000000000000000e+02,4.916898621238483429e+02,1.052421529725939422e+02,2.600000000000000000e+06,1.915300000000000058e-01,-3.059186129999727086e+02,1.000000000000000000e+00
2.501512591993746999e-03,5.019178358914934239e-03,7.974476311447823429e-01,-1.747333763739429058e+00,2.000000000000000000e+01,7.080763865531168599e-02,0.000000000000000000e+00,0.000000000000000000e+00,0.000000000000000000e+00,0.000000000000000000e+00,-6.213516859626331978e+01,7.937941551373422833e+00,1.760000000000000000e+02,4.929831724459986617e+02,1.051594977326886067e+02,2.613300000000000000e+06,2.858200000000000185e-01,-5.857291569999741796e+02,1.000000000000000000e+00
2.475428265265595951e-03,4.724059792921298136e-03,8.416946305630658154e-01,-2.211415089590185179e+00,2.000000000000000000e+01,7.410043767257773473e-02,0.000000000000000000e+00,0.000000000000000000e+00,0.000000000000000000e+00,0.000000000000000000e+00,-6.198694342659722167e+01,8.038670035155938365e+00,1.770000000000000000e+02,2.168714297518301635e+02,1.122864902842007240e+02,2.566700000000000000e+06,1.648699999999999888e-01,-2.442824999999948830e+02,1.000000000000000000e+00
2.620085366542799880e-03,4.379165801990888597e-03,8.312479443934974732e-01,-2.005525078918044990e+00,2.000000000000000000e+01,7.468714444872996683e-02,0.000000000000000000e+00,0.000000000000000000e+00,0.000000000000000000e+00,0.000000000000000000e+00,-6.088779986129880228e+01,8.498925252170083766e+00,1.780000000000000000e+02,2.522066164484900241e+02,1.115511859909990449e+02,2.609400000000000000e+06,1.380000000000000115e-01,-1.845346290000069871e+02,1.000000000000000000e+00
2.495704157619532508e-03,4.483684228849214685e-03,9.018447178949786647e-01,-1.246539749586712098e+00,2.000000000000000000e+01,7.411820330658955291e-02,0.000000000000000000e+00,0.000000000000000000e+00,0.000000000000000000e+00,0.000000000000000000e+00,-5.553820061890888127e+01,8.420033412874417422e+00,1.790000000000000000e+02,6.292654834160523478e+02,1.020845055313727698e+02,2.677600000000000000e+06,1.640300000000000091e-01,-1.897791999999983261e+02,1.000000000000000000e+00
2.237744206088810792e-03,4.619403181596658074e-03,8.472855068670720469e-01,-2.287322482195789597e+00,2.000000000000000000e+01,6.848627299932147361e-02,0.000000000000000000e+00,0.000000000000000000e+00,0.000000000000000000e+00,0.000000000000000000e+00,-6.410416470389687049e+01,7.195268878127632384e+00,1.800000000000000000e+02,2.240054079382838097e+02,1.120436881251170576e+02,2.551400000000000000e+06,1.148600000000000038e-01,-1.220311750000020510e+02,1.000000000000000000e+00
2.392082493197236325e-03,4.538051133304076522e-03,8.814918729833576272e-01,-2.346387839686328025e+00,2.000000000000000000e+01,7.654708386427233613e-02,0.000000000000000000e+00,0.000000000000000000e+00,0.000000000000000000e+00,0.000000000000000000e+00,-6.225196485145563230e+01,8.043116014716236606e+00,1.810000000000000000e+02,2.035209163978930746e+02,1.129285751853032167e+02,2.564600000000000000e+06,7.670399999999999441e-02,-5.214538200000043133e+01,1.000000000000000000e+00
2.661262643735746308e-03,4.912813171931387779e-03,8.352394581748225910e-01,-6.825072521387169910e-01,2.000000000000000000e+01,8.004612724911491783e-02,0.000000000000000000e+00,0.000000000000000000e+00,0.000000000000000000e+00,0.000000000000000000e+00,-4.944522116065673600e+01,6.679063309086473943e+00,1.820000000000000000e+02,7.167719331853674021e+02,1.017864965238706958e+02,2.635200000000000000e+06,1.106599999999999945e-01,-1.029420000000015705e+02,1.000000000000000000e+00
2.455121707686616986e-03,4.547795449178266940e-03,7.951963583607414288e-01,-1.667942424623639841e+00,2.000000000000000000e+01,7.645327649403046988e-02,0.000000000000000000e+00,0.000000000000000000e+00,0.000000000000000000e+00,0.000000000000000000e+00,-5.585613506862178923e+01,8.758712535363265772e+00,1.830000000000000000e+02,5.499994484616225918e+02,1.034652957216311222e+02,2.696500000000000000e+06,8.377199999999999924e-02,-7.094921099999922376e+01,1.000000000000000000e+00
2.515013103167314506e-03,4.822158993595592087e-03,8.757167442171871485e-01,-2.184786040509441030e+00,2.000000000000000000e+01,7.321937138284359547e-02,0.000000000000000000e+00,0.000000000000000000e+00,0.000000000000000000e+00,0.000000000000000000e+00,-5.918745216392781572e+01,7.979303522771118651e+00,1.840000000000000000e+02,3.749796583496562903e+02,1.074415470709536748e+02,2.600100000000000000e+06,2.692800000000000193e-01,-5.033333319999746323e+02,1.000000000000000000e+00
2.763772679398425816e-03,4.603584986461961570e-03,7.375313561198558743e-01,-4.303282662424523508e-03,2.000000000000000000e+01,7.409329235747644238e-02,0.000000000000000000e+00,0.000000000000000000e+00,0.000000000000000000e+00,0.000000000000000000e+00,-5.221090368553826977e+01,7.497311274592994401e+00,1.850000000000000000e+02,1.099153041496837204e+03,9.606861990177276311e+01,2.652700000000000000e+06,2.284100000000000019e-01,-4.698782999999808681e+02,1.000000000000000000e+00
2.648146883226101291e-03,4.823839504449579235e-03,8.438826834990262871e-01,-4.850071172429885613e-01,2.000000000000000000e+01,7.422271231340872577e-02,0.000000000000000000e+00,0.000000000000000000e+00,0.000000000000000000e+00,0.000000000000000000e+00,-5.481454828216614317e+01,7.703493862169768391e+00,1.860000000000000000e+02,8.768176655124601666e+02,9.927090979090260703e+01,2.637200000000000000e+06,1.648900000000000088e-01,-2.291411319999876639e+02,1.000000000000000000e+00
2.632619241087164226e-03,4.755242195926087656e-03,7.987579981192320933e-01,-5.497369242826539715e-01,2.000000000000000000e+01,7.405486477966471970e-02,0.000000000000000000e+00,0.000000000000000000e+00,0.000000000000000000e+00,0.000000000000000000e+00,-5.472320778004389297e+01,7.713512595289845564e+00,1.870000000000000000e+02,8.590574082692934326e+02,9.938207111073991484e+01,2.639100000000000000e+06,1.935499999999999998e-01,-3.229825600000036729e+02,1.000000000000000000e+00
2.587704083215839300e-03,5.021009281022818620e-03,7.626273020096421273e-01,9.303453948346707136e-02,2.000000000000000000e+01,7.307160777138481389e-02,0.000000000000000000e+00,0.000000000000000000e+00,0.000000000000000000e+00,0.000000000000000000e+00,-5.605978500597803560e+01,7.821614515303479287e+00,1.880000000000000000e+02,8.137785542340586744e+02,9.992490164573875688e+01,2.629700000000000000e+06,3.816399999999999793e-01,-1.041587757999870291e+03,1.000000000000000000e+00
2.634170361726931309e-03,4.135282821877825019e-03,7.556719245918641636e-01,-1.168188669795455770e+00,2.000000000000000000e+01,7.509500306694225080e-02,0.000000000000000000e+00,0.000000000000000000e+00,0.000000000000000000e+00,0.000000000000000000e+00,-5.343562365101379896e+01,8.376467633391218470e+00,1.890000000000000000e+02,8.020478790972593970e+02,1.000299189723813669e+02,2.701300000000000000e+06,1.407700000000000062e-01,-2.000083999999932018e+02,1.000000000000000000e+00
2.717396875512099845e-03,4.321352589238370429e-03,7.864409525453659455e-01,-3.164794549009164459e-01,2.000000000000000000e+01,7.379075306649460209e-02,0.000000000000000000e+00,0.000000000000000000e+00,0.000000000000000000e+00,0.000000000000000000e+00,-5.577535315868469468e+01,7.787636315876404147e+00,1.900000000000000000e+02,7.914692747028245776e+02,1.000579259332697433e+02,2.631200000000000000e+06,2.454800000000000038e-01,-5.021940150000452263e+02,1.000000000000000000e+00
2.445388422696738451e-03,4.667559582396074019e-03,8.360773874679325868e-01,-2.039702398587350807e+00,2.000000000000000000e+01,7.550668489919212800e-02,0.000000000000000000e+00,0.000000000000000000e+00,0.000000000000000000e+00,0.000000000000000000e+00,-5.944824000717007095e+01,7.792948378688228317e+00,1.910000000000000000e+02,4.004282667113625394e+02,1.072326554927601876e+02,2.586100000000000000e+06,1.009099999999999997e-01,-9.731099999999895545e+01,1.000000000000000000e+00
2.368111757442292048e-03,4.906995692709544173e-03,8.205725925957344513e-01,-1.835701907267621502e+00,2.000000000000000000e+01,7.998463001025492292e-02,0.000000000000000000e+00,0.000000000000000000e+00,0.000000000000000000e+00,0.000000000000000000e+00,-5.446843806166964441e+01,7.106732416183369594e+00,1.920000000000000000e+02,4.026927983456907896e+02,1.072132270218908445e+02,2.582900000000000000e+06,1.717599999999999960e-01,-2.376019009999938021e+02,1.000000000000000000e+00
2.517297783712936499e-03,4.545859827171253552e-03,8.904985328885006712e-01,-1.901606093719917290e+00,2.000000000000000000e+01,7.344843939021830637e-02,0.000000000000000000e+00,0.000000000000000000e+00,0.000000000000000000e+00,0.000000000000000000e+00,-5.950648123837317627e+01,7.818155685804605071e+00,1.930000000000000000e+02,4.031485674363038356e+02,1.071756887218201797e+02,2.586100000000000000e+06,2.234099999999999975e-01,-3.691599999999642705e+02,1.000000000000000000e+00
2.480492260084946575e-03,4.666982888855263772e-03,8.358831203403049859e-01,-2.031600697115746534e+00,2.000000000000000000e+01,7.533887459637511608e-02,0.000000000000000000e+00,0.000000000000000000e+00,0.000000000000000000e+00,0.000000000000000000e+00,-5.922588756674663557e+01,7.861031572217623165e+00,1.940000000000000000e+02,4.063703203157721759e+02,1.070560577615352003e+02,2.592800000000000000e+06,1.059900000000000009e-01,-1.084591039999977511e+02,1.000000000000000000e+00
2.524630812387187399e-03,4.679604433984897033e-03,8.710113929937179922e-01,-2.380699875053980286e+00,2.000000000000000000e+01,7.330121560859911845e-02,0.000000000000000000e+00,0.000000000000000000e+00,0.000000000000000000e+00,0.000000000000000000e+00,-5.898775151740345279e+01,7.768521673438854691e+00,1.950000000000000000e+02,4.055053095239473464e+02,1.071751484915802735e+02,2.589800000000000000e+06,2.593599999999999794e-01,-4.841285840000234657e+02,1.000000000000000000e+00
2.466820468975673177e-03,4.488361380726998279e-03,9.000925022473469372e-01,-2.312550803221032680e+00,2.000000000000000000e+01,7.380750922177688189e-02,0.000000000000000000e+00,0.000000000000000000e+00,0.000000000000000000e+00,0.000000000000000000e+00,-6.126859415105043638e+01,7.809718311915436750e+00,1.960000000000000000e+02,2.759672280740793440e+02,1.102955662914155539e+02,2.563000000000000000e+06,1.781300000000000106e-01,-2.523730770000056793e+02,1.000000000000000000e+00
2.064665225550319991e-03,4.219739887789932843e-03,8.415389879092645131e-01,-1.363948050289439884e+00,2.000000000000000000e+01,8.927907235283551179e-02,0.000000000000000000e+00,0.000000000000000000e+00,0.000000000000000000e+00,0.000000000000000000e+00,-4.889292830576734161e+01,8.369399780307590575e+00,1.970000000000000000e+02,5.063711703916524698e+02,1.050042740078391148e+02,2.613800000000000000e+06,8.917600000000000526e-02,-6.374700000000080991e+01,1.000000000000000000e+00
2.535040428862170726e-03,4.358517198476255516e-03,8.276888765192405018e-01,-1.112872861658573020e+00,2.000000000000000000e+01,6.963254731692038180e-02,0.000000000000000000e+00,0.000000000000000000e+00,0.000000000000000000e+00,0.000000000000000000e+00,-5.204825532833201862e+01,7.230821948583338710e+00,1.980000000000000000e+02,7.617638397870383642e+02,1.009327587652442872e+02,2.637800000000000000e+06,3.204600000000000226e-01,-7.644507120001105704e+02,1.000000000000000000e+00
2.855026045228868919e-03,4.477897161865260559e-03,5.387448648963109044e-01,8.649938991847594405e-01,2.000000000000000000e+01,7.472993167299679662e-02,0.000000000000000000e+00,0.000000000000000000e+00,0.000000000000000000e+00,0.000000000000000000e+00,-5.336909403850325617e+01,7.703745535950880630e+00,1.990000000000000000e+02,1.128559207916084915e+03,9.544166225706561590e+01,2.653400000000000000e+06,3.142099999999999893e-01,-1.254110726000029217e+03,1.000000000000000000e+00
