3.530649821281766406e-03,4.419560158512094404e-03,5.548514391185398464e-01,2.901936824243301238e+00,2.000000000000000000e+01,7.799509024153000736e-02,0.000000000000000000e+00,0.000000000000000000e+00,0.000000000000000000e+00,0.000000000000000000e+00,-3.817962984867480003e+01,7.640614339790142928e+00,0.000000000000000000e+00,2.693009291975879023e+03,8.453823649302506738e+01,2.806700000000000000e+06,9.811200000000000476e-02,-1.638383999999948628e+02,1.000000000000000000e+00
3.712751311057541949e-03,4.646376799540496115e-03,5.621296657309331479e-01,2.701418827722359417e+00,2.000000000000000000e+01,7.699100992221172279e-02,0.000000000000000000e+00,0.000000000000000000e+00,0.000000000000000000e+00,0.000000000000000000e+00,-3.815765898901458542e+01,7.591466906895375288e+00,1.000000000000000000e+00,2.587303619412492480e+03,8.455090138294292501e+01,2.802600000000000000e+06,1.363600000000000090e-01,-2.859086999999963155e+02,1.000000000000000000e+00
3.202701857914813481e-03,4.827175720913668561e-03,5.412553452703481316e-01,2.348880786168082047e+00,2.000000000000000000e+01,7.465935628423020498e-02,0.000000000000000000e+00,0.000000000000000000e+00,0.000000000000000000e+00,0.000000000000000000e+00,-3.749613654322472200e+01,6.478754506963110060e+00,2.000000000000000000e+00,2.437987938502812995e+03,8.675086707615948001e+01,2.706300000000000000e+06,3.558999999999999941e-01,-1.412460329999579471e+03,1.000000000000000000e+00
3.107167814228235271e-03,4.697839667180556990e-03,5.355982431759387374e-01,2.328026870886941602e+00,2.000000000000000000e+01,7.474620697556744187e-02,0.000000000000000000e+00,0.000000000000000000e+00,0.000000000000000000e+00,0.000000000000000000e+00,-4.208643433886359730e+01,6.451679035237519955e+00,3.000000000000000000e+00,2.161374317695547234e+03,8.702658028942249757e+01,2.667100000000000000e+06,3.306200000000000250e-01,-1.315546140000290961e+03,1.000000000000000000e+00
3.173180651144267249e-03,4.451303514443987613e-03,6.594707148577314548e-01,2.224531354823169771e+00,2.000000000000000000e+01,7.421130722550672854e-02,0.000000000000000000e+00,0.000000000000000000e+00,0.000000000000000000e+00,0.000000000000000000e+00,-4.319432787915381766e+01,6.158978778964845802e+00,4.000000000000000000e+00,2.097943353450779796e+03,8.776969015316581135e+01,2.633400000000000000e+06,2.940499999999999781e-01,-8.877276099999290864e+02,1.000000000000000000e+00
3.020469497948068648e-03,4.636539585422486814e-03,5.680212009333999168e-01,1.927621506672909213e+00,2.000000000000000000e+01,7.529164825638269554e-02,0.000000000000000000e+00,0.000000000000000000e+00,0.000000000000000000e+00,0.000000000000000000e+00,-4.375097497077686626e+01,6.291769712116197510e+00,5.000000000000000000e+00,2.061847744062331458e+03,8.812973599235138522e+01,2.640400000000000000e+06,2.073500000000000065e-01,-5.896241899999445195e+02,1.000000000000000000e+00
2.827978968852052060e-03,4.115230495284530506e-03,5.942492266565501113e-01,1.756224284788695522e+00,2.000000000000000000e+01,7.678399627000706551e-02,0.000000000000000000e+00,0.000000000000000000e+00,0.000000000000000000e+00,0.000000000000000000e+00,-4.477264215073124376e+01,6.642712617985701229e+00,6.000000000000000000e+00,1.961668030369273083e+03,8.829011431097556795e+01,2.661300000000000000e+06,1.050600000000000006e-01,-1.783531640000080927e+02,1.000000000000000000e+00
3.090330193485540597e-03,4.575243549526778787e-03,5.625804704152597147e-01,1.950807861023937217e+00,2.000000000000000000e+01,7.516380182396131815e-02,0.000000000000000000e+00,0.000000000000000000e+00,0.000000000000000000e+00,0.000000000000000000e+00,-4.544570084136516641e+01,6.416475107366478525e+00,7.000000000000000000e+00,1.936668488774702610e+03,8.835818000628123059e+01,2.636100000000000000e+06,2.336300000000000043e-01,-7.391279999999705979e+02,1.000000000000000000e+00
2.552207359767671730e-03,6.513898768388619830e-04,4.472582395403784661e-01,-2.331363500310269643e+01,2.000000000000000000e+01,8.147267051779286118e-02,0.000000000000000000e+00,0.000000000000000000e+00,0.000000000000000000e+00,0.000000000000000000e+00,-9.271593111401628562e+01,6.163242482818364287e+00,8.000000000000000000e+00,8.178778969025033518e+01,2.879723871665251522e+02,2.064700000000000000e+06,7.280200000000000560e-02,-9.672117899999999224e+01,1.000000000000000000e+00
3.052567238680573090e-03,4.369416507287496830e-03,6.092054473709801465e-01,1.792508264230866066e+00,2.000000000000000000e+01,7.353812040399407279e-02,0.000000000000000000e+00,0.000000000000000000e+00,0.000000000000000000e+00,0.000000000000000000e+00,-4.641339466753068166e+01,6.553956414949839271e+00,9.000000000000000000e+00,1.915630507416645514e+03,8.883185833707807433e+01,2.638700000000000000e+06,4.966300000000000159e-01,-2.265298429999792461e+03,1.000000000000000000e+00
3.314232344079902012e-03,4.148299097926624532e-03,6.124811102624366788e-01,1.933129466471961599e+00,2.000000000000000000e+01,7.471262377386389542e-02,0.000000000000000000e+00,0.000000000000000000e+00,0.000000000000000000e+00,0.000000000000000000e+00,-4.632347051153110584e+01,6.219491328076457215e+00,1.000000000000000000e+01,1.866752346472678255e+03,8.887456093669895552e+01,2.612700000000000000e+06,2.852999999999999980e-01,-1.003288539999878139e+03,1.000000000000000000e+00
3.236639539155182661e-03,4.359483957473487582e-03,6.201652551677394598e-01,1.668664757381790542e+00,2.000000000000000000e+01,7.448305991449079289e-02,0.000000000000000000e+00,0.000000000000000000e+00,0.000000000000000000e+00,0.000000000000000000e+00,-4.651372533857166758e+01,6.648471049693465140e+00,1.100000000000000000e+01,1.758417705676022024e+03,8.903599121313429521e+01,2.645400000000000000e+06,3.074500000000000011e-01,-1.062491300000109050e+03,1.000000000000000000e+00
2.914145113869978480e-03,4.285230738435591435e-03,5.474806653130198653e-01,1.511062254839978358e+00,2.000000000000000000e+01,7.466247265572285852e-02,0.000000000000000000e+00,0.000000000000000000e+00,0.000000000000000000e+00,0.000000000000000000e+00,-4.699852356214150007e+01,6.503198673503105098e+00,1.200000000000000000e+01,1.730044001718907339e+03,8.963077865105989872e+01,2.629700000000000000e+06,3.273499999999999743e-01,-1.316152150000216352e+03,1.000000000000000000e+00
2.757601724803086622e-03,9.685592928417456659e-04,4.065870295862282213e-01,-3.003890708148532873e+00,2.000000000000000000e+01,7.279895175571943211e-02,0.000000000000000000e+00,0.000000000000000000e+00,0.000000000000000000e+00,0.000000000000000000e+00,-9.601651190650946432e+01,5.816460056084020280e+00,1.300000000000000000e+01,1.363513344864150270e+02,1.940875768278790474e+02,2.074500000000000000e+06,2.353500000000000036e-01,-3.473228739999879622e+02,1.000000000000000000e+00
2.387968981758457378e-03,3.703465338776052752e-03,3.609738968861672115e-01,-2.198272911687199738e+01,2.000000000000000000e+01,7.595544362247277914e-02,0.000000000000000000e+00,0.000000000000000000e+00,0.000000000000000000e+00,0.000000000000000000e+00,-7.182753335181840271e+01,8.515748209891308207e+00,1.400000000000000000e+01,1.566539459299646069e+02,1.890478926735861478e+02,2.407100000000000000e+06,3.991100000000000203e-01,-1.598447600000513376e+03,1.000000000000000000e+00
2.838255321245409211e-03,4.208109691778294179e-03,5.482515372474174864e-01,1.383085365731267391e+00,2.000000000000000000e+01,7.472602282267436224e-02,0.000000000000000000e+00,0.000000000000000000e+00,0.000000000000000000e+00,0.000000000000000000e+00,-4.685348626880909961e+01,6.541086625842231328e+00,1.500000000000000000e+01,1.687700018303527941e+03,8.981749701053428225e+01,2.633900000000000000e+06,3.065499999999999892e-01,-1.182594599999650654e+03,1.000000000000000000e+00
3.218997519462396192e-03,3.977830826979418880e-03,7.077436594843798945e-01,1.232462619049282004e+00,2.000000000000000000e+01,7.337279105525294776e-02,0.000000000000000000e+00,0.000000000000000000e+00,0.000000000000000000e+00,0.000000000000000000e+00,-4.875116339317769132e+01,6.826108627050325062e+00,1.600000000000000000e+01,1.607096796114736662e+03,9.082417292838091782e+01,2.638400000000000000e+06,4.960899999999999754e-01,-1.994492399999781583e+03,1.000000000000000000e+00
3.122792450612804985e-03,4.470693716835515835e-03,1.110218527476161787e+00,-3.281377774815782633e+00,2.000000000000000000e+01,6.838413228897174956e-02,0.000000000000000000e+00,0.000000000000000000e+00,0.000000000000000000e+00,0.000000000000000000e+00,-6.637619734662089854e+01,7.824075623179937544e+00,1.700000000000000000e+01,2.810006836560199304e+02,1.105044676055798902e+02,2.538100000000000000e+06,1.501200000000000034e-01,-1.593578520000057779e+02,1.000000000000000000e+00
3.180890742261428990e-03,4.292113827480105448e-03,6.666072812297655359e-01,1.210308511446680502e+00,2.000000000000000000e+01,7.488998053858281212e-02,0.000000000000000000e+00,0.000000000000000000e+00,0.000000000000000000e+00,0.000000000000000000e+00,-4.746379313109029141e+01,6.946469407529221485e+00,1.800000000000000000e+01,1.635316289265231489e+03,9.025493306158149664e+01,2.660400000000000000e+06,2.051000000000000045e-01,-4.914490499999545250e+02,1.000000000000000000e+00
2.653536241739945945e-03,4.646244076320948588e-03,8.401626034704844370e-01,-2.006413940984863586e+00,2.000000000000000000e+01,7.436416743952346808e-02,0.000000000000000000e+00,0.000000000000000000e+00,0.000000000000000000e+00,0.000000000000000000e+00,-5.900497201339261721e+01,7.083909069939033465e+00,1.900000000000000000e+01,5.545750251159415711e+02,1.057856394585753605e+02,2.547100000000000000e+06,1.510700000000000098e-01,-2.247061800000047924e+02,1.000000000000000000e+00
2.339264954411954603e-03,4.327516053571204765e-03,4.821191068130933899e-01,1.196294683345586307e+00,2.000000000000000000e+01,7.644922208893710491e-02,0.000000000000000000e+00,0.000000000000000000e+00,0.000000000000000000e+00,0.000000000000000000e+00,-4.766485191392019516e+01,6.587481897775231410e+00,2.000000000000000000e+01,1.633753713218660778e+03,9.063207696834683702e+01,2.630600000000000000e+06,1.370699999999999974e-01,-3.260579940000155261e+02,1.000000000000000000e+00
2.947743589289071597e-03,4.993752451434074757e-03,6.346897131162989592e-01,1.421256424485838110e+00,2.000000000000000000e+01,7.475652151281596269e-02,0.000000000000000000e+00,0.000000000000000000e+00,0.000000000000000000e+00,0.000000000000000000e+00,-5.031883848113116642e+01,6.762662485954439973e+00,2.100000000000000000e+01,1.604120297195338253e+03,9.135107961553775624e+01,2.618000000000000000e+06,2.004199999999999871e-01,-4.851441789999581147e+02,1.000000000000000000e+00
2.736515576699159041e-03,4.839195548886824141e-03,9.178646777753401986e-01,-1.526693326995389732e+00,2.000000000000000000e+01,7.298940450521096412e-02,0.000000000000000000e+00,0.000000000000000000e+00,0.000000000000000000e+00,0.000000000000000000e+00,-5.928149972608018459e+01,7.084176970736701051e+00,2.200000000000000000e+01,5.694419081177330781e+02,1.050837285182641097e+02,2.543700000000000000e+06,3.044999999999999929e-01,-6.462945719999502217e+02,1.000000000000000000e+00
2.724883297849530622e-03,4.774810954221317405e-03,8.899591171985968829e-01,-1.240286767380379462e+00,2.000000000000000000e+01,7.299194598823735558e-02,0.000000000000000000e+00,0.000000000000000000e+00,0.000000000000000000e+00,0.000000000000000000e+00,-5.954018490761990279e+01,7.084473344208651824e+00,2.300000000000000000e+01,5.866216383298615256e+02,1.048190893176134892e+02,2.540600000000000000e+06,3.165100000000000136e-01,-7.323864790000868652e+02,1.000000000000000000e+00
1.447859056539975734e-03,2.219466351111327312e-03,2.338469918173232964e-01,8.823591724173981632e+00,2.000000000000000000e+01,8.267955576187432931e-02,0.000000000000000000e+00,0.000000000000000000e+00,0.000000000000000000e+00,0.000000000000000000e+00,-7.916139906527379821e+01,8.267151160055592030e+00,2.400000000000000000e+01,1.576559069406708602e+02,1.473049557402966627e+02,2.382400000000000000e+06,5.585099999999999787e-02,-1.471735809999971991e+02,1.000000000000000000e+00
3.036240065134506241e-03,4.423395694220396551e-03,6.469310545522692912e-01,1.128250644731965791e+00,2.000000000000000000e+01,7.458389144466179288e-02,0.000000000000000000e+00,0.000000000000000000e+00,0.000000000000000000e+00,0.000000000000000000e+00,-5.122407432873437472e+01,6.288308193597737628e+00,2.500000000000000000e+01,1.505632287657778079e+03,9.251909681979897471e+01,2.574100000000000000e+06,2.330200000000000049e-01,-6.676164000000127317e+02,1.000000000000000000e+00
2.776014360578640990e-03,4.533544154789235711e-03,5.691814034877351602e-01,1.197052960657947196e+00,2.000000000000000000e+01,7.506351158316626471e-02,0.000000000000000000e+00,0.000000000000000000e+00,0.000000000000000000e+00,0.000000000000000000e+00,-4.985076646966859215e+01,6.377185063306429313e+00,2.600000000000000000e+01,1.565992986223159505e+03,9.162304649660578093e+01,2.593700000000000000e+06,2.137699999999999878e-01,-6.270036080000099901e+02,1.000000000000000000e+00
2.580616337771342566e-03,4.928538234922936676e-03,8.646796676027856954e-01,-5.492517159693446338e-01,2.000000000000000000e+01,7.354758153566841317e-02,0.000000000000000000e+00,0.000000000000000000e+00,0.000000000000000000e+00,0.000000000000000000e+00,-5.660785070802058527e+01,7.077534259912232173e+00,2.700000000000000000e+01,8.363125584863269069e+02,1.005501921044873939e+02,2.574000000000000000e+06,2.141899999999999915e-01,-3.553162899999743445e+02,1.000000000000000000e+00
2.682284509071208856e-03,4.888071613767896659e-03,9.992856256203495047e-01,-2.384329540779095424e+00,2.000000000000000000e+01,7.385070171886271018e-02,0.000000000000000000e+00,0.000000000000000000e+00,0.000000000000000000e+00,0.000000000000000000e+00,-5.925976292902526410e+01,7.299893223654080998e+00,2.800000000000000000e+01,4.520478028666507839e+02,1.069672571711208491e+02,2.557600000000000000e+06,1.591299999999999937e-01,-1.864883999999987907e+02,1.000000000000000000e+00
2.681889655510836384e-03,4.826475439324084266e-03,7.377236683045704790e-01,-2.248142487411115553e+00,2.000000000000000000e+01,7.532577979459435802e-02,0.000000000000000000e+00,0.000000000000000000e+00,0.000000000000000000e+00,0.000000000000000000e+00,-6.232224909263851487e+01,7.149766418609772245e+00,2.900000000000000000e+01,3.560761953693561281e+02,1.098805293167362720e+02,2.512400000000000000e+06,1.170800000000000035e-01,-1.806773999999992668e+02,1.000000000000000000e+00
2.597783870546866141e-03,4.561117955184561604e-03,1.146468490758035363e+00,-1.728901436320737561e+00,2.000000000000000000e+01,6.655708702941819099e-02,0.000000000000000000e+00,0.000000000000000000e+00,0.000000000000000000e+00,0.000000000000000000e+00,-5.936287521585599336e+01,7.387660934316969907e+00,3.000000000000000000e+01,4.561641319212963595e+02,1.059363479673668991e+02,2.562200000000000000e+06,9.379400000000000237e-02,-5.499100000000009203e+01,1.000000000000000000e+00
2.903839691042802915e-03,4.541288914687179393e-03,6.141898087150173824e-01,1.181071777840084103e+00,2.000000000000000000e+01,7.452475685182517740e-02,0.000000000000000000e+00,0.000000000000000000e+00,0.000000000000000000e+00,0.000000000000000000e+00,-5.157538389004372448e+01,6.221229875867518189e+00,3.100000000000000000e+01,1.500256463072744509e+03,9.257287308999742947e+01,2.565700000000000000e+06,2.508299999999999974e-01,-7.925984000001362801e+02,1.000000000000000000e+00
2.633848755414858536e-03,4.665642299620183925e-03,8.986480779266891039e-01,-1.336728660652927392e+00,2.000000000000000000e+01,7.300795341664538529e-02,0.000000000000000000e+00,0.000000000000000000e+00,0.000000000000000000e+00,0.000000000000000000e+00,-5.801573936567373835e+01,7.329222009443729036e+00,3.200000000000000000e+01,6.116416847052137200e+02,1.037763330779008299e+02,2.573900000000000000e+06,3.109399999999999942e-01,-6.500712000000632997e+02,1.000000000000000000e+00
2.816309107416549093e-03,4.318465063313857259e-03,6.165603591708778142e-01,1.333104557927259570e+00,2.000000000000000000e+01,7.431531996634817283e-02,0.000000000000000000e+00,0.000000000000000000e+00,0.000000000000000000e+00,0.000000000000000000e+00,-5.227569139775788187e+01,6.112515843881972444e+00,3.300000000000000000e+01,1.474643149272949586e+03,9.266485832133419365e+01,2.551500000000000000e+06,2.774099999999999899e-01,-9.249654179997999108e+02,1.000000000000000000e+00
2.504498925331386135e-03,4.548325614824206067e-03,8.390832407704200691e-01,-1.017065364269554850e+00,2.000000000000000000e+01,7.336778065686179462e-02,0.000000000000000000e+00,0.000000000000000000e+00,0.000000000000000000e+00,0.000000000000000000e+00,-6.017576159850156614e+01,6.834382747505012290e+00,3.400000000000000000e+01,6.052210639457282468e+02,1.046785015577175102e+02,2.518600000000000000e+06,2.489399999999999946e-01,-5.026382739999603473e+02,1.000000000000000000e+00
3.895496294520297935e-03,2.065271888540854209e-03,5.386982904885306844e-01,-3.375813735360615020e+00,2.000000000000000000e+01,6.796885446657262297e-02,0.000000000000000000e+00,0.000000000000000000e+00,0.000000000000000000e+00,0.000000000000000000e+00,-7.764130909418776127e+01,6.914535634996302527e+00,3.500000000000000000e+01,1.680548677039227243e+02,1.419474645549660181e+02,2.349900000000000000e+06,5.435399999999999954e-02,-1.031665799999992856e+02,1.000000000000000000e+00
2.638200917635546375e-03,4.226804453568185418e-03,5.991360500858687876e-01,-2.832552090886155227e+00,2.000000000000000000e+01,7.638178164523293234e-02,0.000000000000000000e+00,0.000000000000000000e+00,0.000000000000000000e+00,0.000000000000000000e+00,-7.247328730053989432e+01,6.235260655356285042e+00,3.600000000000000000e+01,1.704303209929455249e+02,1.231363351303366329e+02,2.348400000000000000e+06,1.088299999999999962e-01,-2.247567479999997602e+02,1.000000000000000000e+00
2.682826597029996755e-03,4.851344674828133099e-03,7.658487148587602711e-01,-2.581935202798235185e+00,2.000000000000000000e+01,7.438250038836544120e-02,0.000000000000000000e+00,0.000000000000000000e+00,0.000000000000000000e+00,0.000000000000000000e+00,-5.966533471284243717e+01,7.464560380266783923e+00,3.700000000000000000e+01,4.192179156908991899e+02,1.078670222362313353e+02,2.562800000000000000e+06,1.710899999999999921e-01,-3.156090569999907984e+02,1.000000000000000000e+00
2.847313568206222712e-03,4.265152278713737338e-03,6.453517621029796203e-01,1.440133924895469875e+00,2.000000000000000000e+01,7.482429463476819587e-02,0.000000000000000000e+00,0.000000000000000000e+00,0.000000000000000000e+00,0.000000000000000000e+00,-5.194084479164605028e+01,6.155768385870350912e+00,3.800000000000000000e+01,1.526676948998975149e+03,9.229732906243287971e+01,2.557800000000000000e+06,1.913600000000000023e-01,-4.671926999999911345e+02,1.000000000000000000e+00
2.665771038887445720e-03,4.879656958714045228e-03,7.421695440040967373e-01,-2.773421317702375433e+00,2.000000000000000000e+01,7.455945256420372369e-02,0.000000000000000000e+00,0.000000000000000000e+00,0.000000000000000000e+00,0.000000000000000000e+00,-6.083991203513284773e+01,7.112310457529483543e+00,3.900000000000000000e+01,3.944155763404833124e+02,1.089439964772897724e+02,2.526900000000000000e+06,1.592200000000000004e-01,-3.046360759999957963e+02,1.000000000000000000e+00
3.098619084741161944e-03,4.282925151487645271e-03,8.338350326083964204e-01,-2.816506509911461009e+00,2.000000000000000000e+01,6.866290444074679700e-02,0.000000000000000000e+00,0.000000000000000000e+00,0.000000000000000000e+00,0.000000000000000000e+00,-6.415607367255388738e+01,7.276731432332725902e+00,4.000000000000000000e+01,1.724514900340637098e+02,1.160803770984910841e+02,2.430400000000000000e+06,7.281100000000000072e-02,-5.972714699999958299e+01,1.000000000000000000e+00
2.932084339070391722e-03,2.010481459205622472e-03,9.453928719011396309e-01,1.596926870792129971e-01,2.000000000000000000e+01,6.114377987849144158e-02,0.000000000000000000e+00,0.000000000000000000e+00,0.000000000000000000e+00,0.000000000000000000e+00,-6.165225144400777424e+01,7.536549984823387227e+00,4.100000000000000000e+01,7.773148285770780603e+02,1.007238316214745026e+02,2.603900000000000000e+06,7.919900000000000551e-02,-6.249677999999954636e+01,1.000000000000000000e+00
2.628434326220317925e-03,3.695325587045282349e-03,1.070576308985973446e+00,-3.108008848396282886e+00,2.000000000000000000e+01,6.624516042511324754e-02,0.000000000000000000e+00,0.000000000000000000e+00,0.000000000000000000e+00,0.000000000000000000e+00,-6.265016364256617010e+01,6.932185785234054265e+00,4.200000000000000000e+01,2.273365672272580866e+02,1.108948187421504770e+02,2.494800000000000000e+06,8.566600000000000603e-02,-5.229720000000044422e+01,1.000000000000000000e+00
2.622482377300914234e-03,4.521878062019230905e-03,8.611545460962433118e-01,-8.554831168754630788e-01,2.000000000000000000e+01,7.269647037563851943e-02,0.000000000000000000e+00,0.000000000000000000e+00,0.000000000000000000e+00,0.000000000000000000e+00,-5.814302321220280589e+01,6.990299814106088583e+00,4.300000000000000000e+01,7.337017691993423796e+02,1.025360316348200485e+02,2.551200000000000000e+06,4.247099999999999764e-01,-1.224474000000162505e+03,1.000000000000000000e+00
2.548527431774894568e-03,4.981732622897017820e-03,6.220823041885459315e-01,-3.213079447307420899e-01,2.000000000000000000e+01,7.412044478046142526e-02,0.000000000000000000e+00,0.000000000000000000e+00,0.000000000000000000e+00,0.000000000000000000e+00,-5.546323258265559275e+01,7.227122824475498142e+00,4.400000000000000000e+01,9.130538393441165681e+02,9.912857523178516317e+01,2.596700000000000000e+06,2.664699999999999847e-01,-7.947813179998606756e+02,1.000000000000000000e+00
2.757707005565128086e-03,4.598276877265521610e-03,9.101385928574241557e-01,-1.108561872148748462e+00,2.000000000000000000e+01,7.376163751589093209e-02,0.000000000000000000e+00,0.000000000000000000e+00,0.000000000000000000e+00,0.000000000000000000e+00,-5.639524166114447468e+01,7.293647364827371860e+00,4.500000000000000000e+01,7.541466639680386379e+02,1.017888127175382067e+02,2.590900000000000000e+06,1.930499999999999994e-01,-2.933582029999987526e+02,1.000000000000000000e+00
2.363397394263406365e-03,5.024226379579557582e-03,6.622997727957018466e-01,-6.975839307612901052e-01,2.000000000000000000e+01,7.503654275658169781e-02,0.000000000000000000e+00,0.000000000000000000e+00,0.000000000000000000e+00,0.000000000000000000e+00,-5.933948905762279225e+01,6.843834166583905088e+00,4.600000000000000000e+01,7.116122642110178731e+02,1.032412264775364434e+02,2.528900000000000000e+06,1.366100000000000092e-01,-2.437050980000148570e+02,1.000000000000000000e+00
2.625802573481200025e-03,4.915789695586141907e-03,6.711460946262095550e-01,-2.719040357721286494e+00,2.000000000000000000e+01,7.494439227006136073e-02,0.000000000000000000e+00,0.000000000000000000e+00,0.000000000000000000e+00,0.000000000000000000e+00,-6.726326139011851524e+01,6.635969392871517769e+00,4.700000000000000000e+01,2.037129061026606962e+02,1.158793308320682627e+02,2.426200000000000000e+06,1.496899999999999897e-01,-3.227341709999966497e+02,1.000000000000000000e+00
2.532711433888050912e-03,4.151373790311170542e-03,1.096126982848571130e+00,-2.882067928092562958e+00,2.000000000000000000e+01,6.388969209498489288e-02,0.000000000000000000e+00,0.000000000000000000e+00,0.000000000000000000e+00,0.000000000000000000e+00,-7.120823732584928223e+01,6.551937745504650579e+00,4.800000000000000000e+01,2.219006403683179656e+02,1.135155175073200269e+02,2.471700000000000000e+06,2.346199999999999952e-01,-2.875459049999970489e+02,1.000000000000000000e+00
2.561287625719725364e-03,4.656842557638174798e-03,6.372760812141212705e-01,-7.093910724574351012e-02,2.000000000000000000e+01,7.426263032301642919e-02,0.000000000000000000e+00,0.000000000000000000e+00,0.000000000000000000e+00,0.000000000000000000e+00,-5.638729018468483645e+01,6.607928596190313364e+00,4.900000000000000000e+01,9.883578907320534199e+02,9.885341348335990119e+01,2.545200000000000000e+06,2.351100000000000134e-01,-6.635576909999098234e+02,1.000000000000000000e+00
2.557014750952029975e-03,4.965052812846294794e-03,6.440383498893232916e-01,-5.657049908993148080e-01,2.000000000000000000e+01,7.433935200637992180e-02,0.000000000000000000e+00,0.000000000000000000e+00,0.000000000000000000e+00,0.000000000000000000e+00,-5.537862628183138725e+01,7.113960089539300924e+00,5.000000000000000000e+01,9.071308328521382691e+02,9.961792644321504042e+01,2.590000000000000000e+06,2.245300000000000074e-01,-5.628787319999036072e+02,1.000000000000000000e+00
2.806836703241628178e-03,4.044089082530510915e-03,8.223938699251525097e-01,-3.809221646946002959e+00,2.000000000000000000e+01,6.755811668865802089e-02,0.000000000000000000e+00,0.000000000000000000e+00,0.000000000000000000e+00,0.000000000000000000e+00,-6.654615269100825969e+01,6.351906460730089243e+00,5.100000000000000000e+01,2.176555620805365834e+02,1.146259783417421403e+02,2.419700000000000000e+06,1.070699999999999985e-01,-1.295902949999995712e+02,1.000000000000000000e+00
3.092969473418530173e-03,4.770869528989881911e-03,1.203562530918199647e+00,-2.360823296187760878e+00,2.000000000000000000e+01,7.442167033088667449e-02,0.000000000000000000e+00,0.000000000000000000e+00,0.000000000000000000e+00,0.000000000000000000e+00,-6.931426853086236406e+01,6.387829307231384313e+00,5.200000000000000000e+01,2.176121212067232591e+02,1.156485522102548344e+02,2.420300000000000000e+06,1.171299999999999980e-01,-9.024068999999960283e+01,1.000000000000000000e+00
2.758163029836924705e-03,4.438312531815464743e-03,6.519670753140538455e-01,2.486838855495761003e-01,2.000000000000000000e+01,7.484916684055983871e-02,0.000000000000000000e+00,0.000000000000000000e+00,0.000000000000000000e+00,0.000000000000000000e+00,-5.423673956126523876e+01,6.744414289881671465e+00,5.300000000000000000e+01,1.150609086064158419e+03,9.654720212583130490e+01,2.577300000000000000e+06,1.809900000000000120e-01,-4.127791699999748403e+02,1.000000000000000000e+00
2.605021091874499661e-03,4.225090808184652803e-03,6.549817073755241914e-01,3.539531157588523547e-01,2.000000000000000000e+01,8.169356827751184102e-02,0.000000000000000000e+00,0.000000000000000000e+00,0.000000000000000000e+00,0.000000000000000000e+00,-5.034501003882588321e+01,6.141164391303652437e+00,5.400000000000000000e+01,1.155368741260262368e+03,9.627514302879599484e+01,2.581100000000000000e+06,1.819199999999999984e-01,-4.041153260000271530e+02,1.000000000000000000e+00
2.747680285176481562e-03,5.439981504550567108e-03,9.228206173568794801e-01,1.069216051525463840e+00,2.000000000000000000e+01,7.247460472144581778e-02,0.000000000000000000e+00,0.000000000000000000e+00,0.000000000000000000e+00,0.000000000000000000e+00,-5.136178983451727476e+01,6.941907955875564085e+00,5.500000000000000000e+01,1.403178380735307655e+03,9.278477473119716024e+01,2.620100000000000000e+06,4.850300000000000167e-01,-1.072544400000113001e+03,1.000000000000000000e+00
2.911458471075833304e-03,4.462601220134943328e-03,6.287285462332768970e-01,9.055882366496489366e-01,2.000000000000000000e+01,7.423191612093715808e-02,0.000000000000000000e+00,0.000000000000000000e+00,0.000000000000000000e+00,0.000000000000000000e+00,-5.334493695625999266e+01,6.564665021358467634e+00,5.600000000000000000e+01,1.296889984434237931e+03,9.437996955031259461e+01,2.573500000000000000e+06,2.913999999999999924e-01,-9.959467119999072793e+02,1.000000000000000000e+00
2.594752146110781109e-03,4.809053325933348652e-03,6.179525344445272461e-01,2.056565107739012355e-01,2.000000000000000000e+01,7.506728560786644910e-02,0.000000000000000000e+00,0.000000000000000000e+00,0.000000000000000000e+00,0.000000000000000000e+00,-5.631272865802286987e+01,6.870696826944596936e+00,5.700000000000000000e+01,1.011596909013277468e+03,9.853863598146347158e+01,2.563800000000000000e+06,1.612099999999999922e-01,-3.594940000000231066e+02,1.000000000000000000e+00
2.868908838776590593e-03,4.670280720886757150e-03,6.019161219142478148e-01,9.953941728626237717e-01,2.000000000000000000e+01,7.469818046341375473e-02,0.000000000000000000e+00,0.000000000000000000e+00,0.000000000000000000e+00,0.000000000000000000e+00,-5.234053750193990595e+01,6.667487961063734758e+00,5.800000000000000000e+01,1.367082064699200373e+03,9.354811925870696143e+01,2.591100000000000000e+06,2.335000000000000131e-01,-6.987903310000965575e+02,1.000000000000000000e+00
2.656376735006553240e-03,4.642953470004387850e-03,5.730533524387695365e-01,4.376167025925706278e-01,2.000000000000000000e+01,7.525996164728086801e-02,0.000000000000000000e+00,0.000000000000000000e+00,0.000000000000000000e+00,0.000000000000000000e+00,-5.484797745714620021e+01,6.729248105612220421e+00,5.900000000000000000e+01,1.135510916634212890e+03,9.657423680237101848e+01,2.569700000000000000e+06,1.786999999999999977e-01,-4.687822350000218421e+02,1.000000000000000000e+00
2.493817372027431166e-03,5.284556984103525382e-03,7.138469311312821697e-01,5.930641084098385862e-01,2.000000000000000000e+01,7.928943962444044702e-02,0.000000000000000000e+00,0.000000000000000000e+00,0.000000000000000000e+00,0.000000000000000000e+00,-4.728645382373352390e+01,6.733434007518958708e+00,6.000000000000000000e+01,1.328747442130435957e+03,9.387949372873397635e+01,2.608400000000000000e+06,4.008300000000000196e-01,-1.236791999999683640e+03,1.000000000000000000e+00
2.720598709279957537e-03,4.133812249088498689e-03,6.151062424982943755e-01,1.105220466976586824e+00,2.000000000000000000e+01,7.470372691689042277e-02,0.000000000000000000e+00,0.000000000000000000e+00,0.000000000000000000e+00,0.000000000000000000e+00,-5.222362854220884287e+01,6.280342648293290253e+00,6.100000000000000000e+01,1.401681456857786543e+03,9.313771037238977613e+01,2.564200000000000000e+06,2.245000000000000051e-01,-6.349906999999865320e+02,1.000000000000000000e+00
2.802894909089125378e-03,4.596001159596907470e-03,7.999810665283848543e-01,5.028765608867451498e-01,2.000000000000000000e+01,7.301398475932219245e-02,0.000000000000000000e+00,0.000000000000000000e+00,0.000000000000000000e+00,0.000000000000000000e+00,-5.578097580667582633e+01,6.491770073115104012e+00,6.200000000000000000e+01,1.107578972765593562e+03,9.702427695759180892e+01,2.543700000000000000e+06,3.826999999999999846e-01,-1.170435190999889755e+03,1.000000000000000000e+00
2.782254133925938112e-03,4.787250997936624668e-03,6.134836778182070072e-01,5.005532307757679794e-02,2.000000000000000000e+01,8.043850501912372386e-02,0.000000000000000000e+00,0.000000000000000000e+00,0.000000000000000000e+00,0.000000000000000000e+00,-4.928549029811111382e+01,6.169238598419682695e+00,6.300000000000000000e+01,1.088401883771078474e+03,9.704671951935937102e+01,2.579600000000000000e+06,2.483899999999999997e-01,-7.402862000001009619e+02,1.000000000000000000e+00
3.045614515473897381e-03,4.851807114199124631e-03,8.005741622076658626e-01,4.439172933081170225e-02,2.000000000000000000e+01,7.312293486498563921e-02,0.000000000000000000e+00,0.000000000000000000e+00,0.000000000000000000e+00,0.000000000000000000e+00,-5.195654264793608235e+01,7.023939752731669373e+00,6.400000000000000000e+01,1.200747126933638128e+03,9.583571312482533244e+01,2.620700000000000000e+06,4.076400000000000023e-01,-1.199170830000123260e+03,1.000000000000000000e+00
2.728094357428528967e-03,4.779389593088755397e-03,6.593267521414208909e-01,1.806278691403228609e-01,2.000000000000000000e+01,7.461270998826444178e-02,0.000000000000000000e+00,0.000000000000000000e+00,0.000000000000000000e+00,0.000000000000000000e+00,-5.655607573203996452e+01,6.656151131332142867e+00,6.500000000000000000e+01,1.030182893797461475e+03,9.851573771092661502e+01,2.546800000000000000e+06,1.885100000000000109e-01,-4.442986380000387499e+02,1.000000000000000000e+00
2.713243481211218174e-03,4.940126671245754705e-03,6.019790131241065101e-01,1.728858950606957379e-01,2.000000000000000000e+01,7.445437697402640387e-02,0.000000000000000000e+00,0.000000000000000000e+00,0.000000000000000000e+00,0.000000000000000000e+00,-5.544248295435676965e+01,6.702179525916612590e+00,6.600000000000000000e+01,1.083136694178652988e+03,9.761564852310051776e+01,2.561600000000000000e+06,2.423399999999999999e-01,-7.659675100000847578e+02,1.000000000000000000e+00
3.054936224878357972e-03,4.916547049062645718e-03,7.930113850815672105e-01,1.032044958624304121e-01,2.000000000000000000e+01,7.319465844482189731e-02,0.000000000000000000e+00,0.000000000000000000e+00,0.000000000000000000e+00,0.000000000000000000e+00,-5.404760270668963074e+01,6.902751699802696095e+00,6.700000000000000000e+01,1.115697140761543096e+03,9.687669932010301466e+01,2.590000000000000000e+06,3.780999999999999917e-01,-1.127563589999920623e+03,1.000000000000000000e+00
2.674181480426075092e-03,4.342211955893448064e-03,5.896850295874538350e-01,8.068334204305273039e-01,2.000000000000000000e+01,7.453945269151321384e-02,0.000000000000000000e+00,0.000000000000000000e+00,0.000000000000000000e+00,0.000000000000000000e+00,-5.112997259274395390e+01,6.497537617739826743e+00,6.800000000000000000e+01,1.386543688945791700e+03,9.322293417946218597e+01,2.590500000000000000e+06,2.624199999999999866e-01,-8.412372540000228582e+02,1.000000000000000000e+00
2.747556866095854713e-03,4.757058551251008155e-03,6.588679397882093447e-01,1.995679153757387025e-01,2.000000000000000000e+01,7.456465277879432973e-02,0.000000000000000000e+00,0.000000000000000000e+00,0.000000000000000000e+00,0.000000000000000000e+00,-5.633926753619690686e+01,6.631935907755316606e+00,6.900000000000000000e+01,1.046130407860731566e+03,9.825230982426944593e+01,2.547400000000000000e+06,1.971600000000000019e-01,-4.786100000000409409e+02,1.000000000000000000e+00
2.525658152550053388e-03,4.669971699980398488e-03,6.688478901047250069e-01,1.953770623708358800e-01,2.000000000000000000e+01,7.375275741225041648e-02,0.000000000000000000e+00,0.000000000000000000e+00,0.000000000000000000e+00,0.000000000000000000e+00,-5.620473032448926887e+01,6.434973800680491074e+00,7.000000000000000000e+01,1.052897879060709784e+03,9.792381819140686616e+01,2.535900000000000000e+06,2.872899999999999898e-01,-8.523565999998746747e+02,1.000000000000000000e+00
2.759775785547086482e-03,4.723657501119027380e-03,7.573808473830743182e-01,4.160257418034200572e-01,2.000000000000000000e+01,7.351533425126781374e-02,0.000000000000000000e+00,0.000000000000000000e+00,0.000000000000000000e+00,0.000000000000000000e+00,-5.705147206738823229e+01,6.394622621393837747e+00,7.100000000000000000e+01,1.052592616875111162e+03,9.818085140015897139e+01,2.524300000000000000e+06,2.777999999999999914e-01,-7.397720000000808795e+02,1.000000000000000000e+00
2.547317179669351343e-03,4.793961077846805620e-03,6.730127079679726343e-01,2.880863188924710494e-01,2.000000000000000000e+01,7.368058034192516426e-02,0.000000000000000000e+00,0.000000000000000000e+00,0.000000000000000000e+00,0.000000000000000000e+00,-5.590726391126740680e+01,6.572062265993801944e+00,7.200000000000000000e+01,1.058406440333391629e+03,9.763420732434406091e+01,2.547800000000000000e+06,2.938700000000000201e-01,-8.838939000000320902e+02,1.000000000000000000e+00
2.487116654217787735e-03,4.873121765735954035e-03,5.057392910297030530e-01,8.942192262933376101e-01,2.000000000000000000e+01,7.497783452743971011e-02,0.000000000000000000e+00,0.000000000000000000e+00,0.000000000000000000e+00,0.000000000000000000e+00,-5.340251751535100766e+01,6.979978845174988678e+00,7.300000000000000000e+01,1.222842806894828300e+03,9.474962177642315453e+01,2.602200000000000000e+06,2.444399999999999906e-01,-8.464089999999508791e+02,1.000000000000000000e+00
3.531080307334732993e-03,4.765972215411204763e-03,5.053033377572854201e-01,2.413918389586191093e+00,2.000000000000000000e+01,7.143000573650558349e-02,0.000000000000000000e+00,0.000000000000000000e+00,0.000000000000000000e+00,0.000000000000000000e+00,-4.600665826194401120e+01,6.189798045387746583e+00,7.400000000000000000e+01,2.320854855582259916e+03,8.705326416637316811e+01,2.666300000000000000e+06,1.602200000000000013e-01,-4.128897000000162052e+02,1.000000000000000000e+00
2.830765993581670775e-03,4.570438169236140311e-03,5.188979322787743431e-01,2.438230168741531312e+00,2.000000000000000000e+01,7.498603157350038073e-02,0.000000000000000000e+00,0.000000000000000000e+00,0.000000000000000000e+00,0.000000000000000000e+00,-4.093195484821669794e+01,6.115841177996106381e+00,7.500000000000000000e+01,2.238186085855446890e+03,8.737181423534934765e+01,2.647500000000000000e+06,2.773399999999999754e-01,-9.967042540000908275e+02,1.000000000000000000e+00
2.951659224571082790e-03,4.553201387014278040e-03,5.317445856665071746e-01,2.182671885804752243e+00,2.000000000000000000e+01,7.649320292946203137e-02,0.000000000000000000e+00,0.000000000000000000e+00,0.000000000000000000e+00,0.000000000000000000e+00,-4.375156297702027075e+01,6.444103233405961362e+00,7.600000000000000000e+01,2.172303594989525209e+03,8.753120291444440682e+01,2.653200000000000000e+06,1.354200000000000126e-01,-3.130103999999967641e+02,1.000000000000000000e+00
3.068864858445551763e-03,4.625788466606335636e-03,5.201927075712016180e-01,2.137964455135827446e+00,2.000000000000000000e+01,7.474841648573321562e-02,0.000000000000000000e+00,0.000000000000000000e+00,0.000000000000000000e+00,0.000000000000000000e+00,-4.392404106013714227e+01,6.115108506449995929e+00,7.700000000000000000e+01,2.109387910977095089e+03,8.806764242567128065e+01,2.623900000000000000e+06,3.422299999999999787e-01,-1.519052699999672541e+03,1.000000000000000000e+00
3.177899854782570768e-03,4.280057855640168399e-03,5.875288638411935160e-01,1.933056018631546191e+00,2.000000000000000000e+01,7.391738853165731593e-02,0.000000000000000000e+00,0.000000000000000000e+00,0.000000000000000000e+00,0.000000000000000000e+00,-4.310993422646804163e+01,6.299416611134615707e+00,7.800000000000000000e+01,2.123870051546030936e+03,8.800405026520235197e+01,2.646400000000000000e+06,4.680099999999999816e-01,-2.187136709999942013e+03,1.000000000000000000e+00
3.327800909715138838e-03,1.678232828319206182e-03,5.116503766771431927e-01,-3.324538538483700290e+00,2.000000000000000000e+01,6.744924300457832977e-02,0.000000000000000000e+00,0.000000000000000000e+00,0.000000000000000000e+00,0.000000000000000000e+00,-7.525046277526692506e+01,6.977801289111750016e+00,7.900000000000000000e+01,1.596736633247166424e+02,1.517486864609870736e+02,2.282300000000000000e+06,4.986600000000000060e-02,-9.147179999999960387e+01,1.000000000000000000e+00
3.094978856430641648e-03,4.580924597907445883e-03,5.565862012752411658e-01,1.946405703082023653e+00,2.000000000000000000e+01,7.528597753548091354e-02,0.000000000000000000e+00,0.000000000000000000e+00,0.000000000000000000e+00,0.000000000000000000e+00,-4.545065337930896732e+01,6.420851131845431325e+00,8.000000000000000000e+01,1.946173635785004308e+03,8.836204971445823730e+01,2.636400000000000000e+06,2.240800000000000014e-01,-6.990799199999706843e+02,1.000000000000000000e+00
3.028914968285955928e-03,4.143562238384684328e-03,6.409231722300673395e-01,1.885869744516683211e+00,2.000000000000000000e+01,6.680806805503067269e-02,0.000000000000000000e+00,0.000000000000000000e+00,0.000000000000000000e+00,0.000000000000000000e+00,-4.184712319983989204e+01,5.740801273891318779e+00,8.100000000000000000e+01,1.879049809685237733e+03,8.894566765123983032e+01,2.620100000000000000e+06,3.982899999999999774e-01,-1.535968748999420313e+03,1.000000000000000000e+00
3.318116931967694284e-03,4.002853942963032971e-03,6.112849143194762913e-01,1.878611637030865866e+00,2.000000000000000000e+01,7.492644463358696938e-02,0.000000000000000000e+00,0.000000000000000000e+00,0.000000000000000000e+00,0.000000000000000000e+00,-4.752629285514378665e+01,6.142501859000957687e+00,8.200000000000000000e+01,1.814976009912063319e+03,8.946133595884819556e+01,2.596000000000000000e+06,2.565000000000000058e-01,-8.673251999999275768e+02,1.000000000000000000e+00
3.148902759041231642e-03,3.880958578624162363e-03,5.931236407800920540e-01,1.610894631116314368e+00,2.000000000000000000e+01,7.571367176055886217e-02,0.000000000000000000e+00,0.000000000000000000e+00,0.000000000000000000e+00,0.000000000000000000e+00,-4.768025854338756631e+01,6.391426620606694087e+00,8.300000000000000000e+01,1.740184202856476759e+03,8.978516725382206687e+01,2.614900000000000000e+06,1.767600000000000005e-01,-4.673264399999777083e+02,1.000000000000000000e+00
3.121424209488289810e-03,4.353412406548845884e-03,6.250437563302549959e-01,1.315223985738196211e+00,2.000000000000000000e+01,7.410321315376222628e-02,0.000000000000000000e+00,0.000000000000000000e+00,0.000000000000000000e+00,0.000000000000000000e+00,-4.651408838167467508e+01,6.627377869811699185e+00,8.400000000000000000e+01,1.722885685582169117e+03,8.983920485831863800e+01,2.643900000000000000e+06,3.675999999999999823e-01,-1.403676789999996799e+03,1.000000000000000000e+00
3.195939089582354627e-03,4.395235596882414095e-03,5.320878331693326135e-01,1.372983478517639133e+00,2.000000000000000000e+01,7.690959465592391020e-02,0.000000000000000000e+00,0.000000000000000000e+00,0.000000000000000000e+00,0.000000000000000000e+00,-4.409169531762935179e+01,6.002252341694906512e+00,8.500000000000000000e+01,1.700403920459557867e+03,9.004210124220369948e+01,2.628700000000000000e+06,2.454600000000000115e-01,-7.907840999998700227e+02,1.000000000000000000e+00
2.766735104628563393e-03,4.496739142051031993e-03,5.689011813114255300e-01,1.181121006720162736e+00,2.000000000000000000e+01,7.444694556923966977e-02,0.000000000000000000e+00,0.000000000000000000e+00,0.000000000000000000e+00,0.000000000000000000e+00,-4.931907388626021316e+01,6.204957225068953974e+00,8.600000000000000000e+01,1.605986257150017764e+03,9.154276583256191202e+01,2.585200000000000000e+06,3.004899999999999793e-01,-1.115927066999937324e+03,1.000000000000000000e+00
2.874862599489288670e-03,4.389374750833376082e-03,6.268744605777121226e-01,-3.540950155692236478e+00,2.000000000000000000e+01,7.574729707110564036e-02,0.000000000000000000e+00,0.000000000000000000e+00,0.000000000000000000e+00,0.000000000000000000e+00,-7.153428822085858485e+01,6.442169241462778473e+00,8.700000000000000000e+01,1.707303978677643386e+02,1.232816276598074694e+02,2.366700000000000000e+06,1.351700000000000124e-01,-3.189322240000185502e+02,1.000000000000000000e+00
3.446147354105456861e-03,5.077379309938518347e-03,8.234103386757214427e-01,7.619951213179936289e-01,2.000000000000000000e+01,7.272519254275475187e-02,0.000000000000000000e+00,0.000000000000000000e+00,0.000000000000000000e+00,0.000000000000000000e+00,-4.682154337233237129e+01,7.358883738439004674e+00,8.800000000000000000e+01,1.632714417454829118e+03,9.119738489680939608e+01,2.699700000000000000e+06,6.200599999999999445e-01,-2.043307560000547937e+03,1.000000000000000000e+00
2.977878297699727058e-03,4.787204578801620980e-03,5.540122544348364819e-01,1.444512613359708375e+00,2.000000000000000000e+01,7.444857970500970423e-02,0.000000000000000000e+00,0.000000000000000000e+00,0.000000000000000000e+00,0.000000000000000000e+00,-4.842589162010223447e+01,6.624999832254779619e+00,8.900000000000000000e+01,1.686134345061425392e+03,9.025535108154865327e+01,2.625900000000000000e+06,3.352100000000000080e-01,-1.379116430999566091e+03,1.000000000000000000e+00
2.575016876185637349e-03,4.677139077500870601e-03,5.639835550055737334e-01,1.012537752796018209e+00,2.000000000000000000e+01,7.432477748302365739e-02,0.000000000000000000e+00,0.000000000000000000e+00,0.000000000000000000e+00,0.000000000000000000e+00,-5.041700495339557619e+01,6.143337187674319466e+00,9.000000000000000000e+01,1.538705745387893558e+03,9.248530502848542767e+01,2.570700000000000000e+06,2.952099999999999724e-01,-1.057634225999876435e+03,1.000000000000000000e+00
3.332882439953665198e-03,3.484063725568796368e-03,6.192525712350011036e-01,-7.226219124008275152e+00,2.000000000000000000e+01,7.150439001449944432e-02,0.000000000000000000e+00,0.000000000000000000e+00,0.000000000000000000e+00,0.000000000000000000e+00,-7.961350362632397548e+01,7.045803589196323991e+00,9.100000000000000000e+01,1.691850320796052642e+02,1.522314061467085082e+02,2.343300000000000000e+06,6.661299999999999999e-01,-2.963151660001097298e+03,1.000000000000000000e+00
2.245352482179709726e-03,4.810049332286908327e-03,1.085814335982752121e+00,-7.375133503674681235e-01,2.000000000000000000e+01,6.617024417144388992e-02,0.000000000000000000e+00,0.000000000000000000e+00,0.000000000000000000e+00,0.000000000000000000e+00,-6.428219039524586265e+01,6.271542152938748949e+00,9.200000000000000000e+01,5.740731044519642410e+02,1.051701095784708144e+02,2.501400000000000000e+06,5.232400000000000384e-01,-1.219225567000155252e+03,1.000000000000000000e+00
2.911001893352345958e-03,4.657039591419747347e-03,5.992926724601220778e-01,1.360881175189539327e+00,2.000000000000000000e+01,7.383369752576619816e-02,0.000000000000000000e+00,0.000000000000000000e+00,0.000000000000000000e+00,0.000000000000000000e+00,-5.072335781290698264e+01,6.556013270196798359e+00,9.300000000000000000e+01,1.566828211921720367e+03,9.168531900019165448e+01,2.598500000000000000e+06,3.981700000000000239e-01,-1.667900236999810204e+03,1.000000000000000000e+00
3.112425567637655890e-03,1.828215148986723571e-03,4.490415461810555731e-01,-5.187009656490535470e+00,2.000000000000000000e+01,6.850357493230584127e-02,0.000000000000000000e+00,0.000000000000000000e+00,0.000000000000000000e+00,0.000000000000000000e+00,-9.305028536753900426e+01,6.147976787355549533e+00,9.400000000000000000e+01,1.703958022113375819e+02,1.607327750279976897e+02,2.242600000000000000e+06,4.742500000000000188e-02,-8.766401999999948202e+01,1.000000000000000000e+00
2.553869517018123037e-03,5.155333461856946575e-03,6.749902284820006315e-01,-6.319973608688113087e-01,2.000000000000000000e+01,7.642565346520263647e-02,0.000000000000000000e+00,0.000000000000000000e+00,0.000000000000000000e+00,0.000000000000000000e+00,-5.861100399855116905e+01,7.179625578384923656e+00,9.500000000000000000e+01,7.436863793690438342e+02,1.030046980370437950e+02,2.558300000000000000e+06,8.950500000000000123e-02,-1.150998159999963519e+02,1.000000000000000000e+00
2.639817414182488685e-03,4.917947137686218967e-03,8.344661367853989375e-01,-6.678701148787677955e-01,2.000000000000000000e+01,7.251984120650040166e-02,0.000000000000000000e+00,0.000000000000000000e+00,0.000000000000000000e+00,0.000000000000000000e+00,-5.899524475299571691e+01,7.068000525046423732e+00,9.600000000000000000e+01,7.167152292372477405e+02,1.032787987417841009e+02,2.546200000000000000e+06,5.016899999999999693e-01,-1.587256000000395716e+03,1.000000000000000000e+00
2.606649144790919650e-03,4.848443250104358254e-03,6.480482813613233084e-01,-4.225482352855033374e-01,2.000000000000000000e+01,7.577281869061214259e-02,0.000000000000000000e+00,0.000000000000000000e+00,0.000000000000000000e+00,0.000000000000000000e+00,-5.702358978970625003e+01,7.089048929738021698e+00,9.700000000000000000e+01,8.723441928007420074e+02,1.006633597219723413e+02,2.570500000000000000e+06,1.168899999999999939e-01,-1.971761000000028901e+02,1.000000000000000000e+00
2.541477203435941155e-03,5.046152994589636273e-03,6.484407071552231727e-01,-4.617507186749786330e-01,2.000000000000000000e+01,7.575317791048667704e-02,0.000000000000000000e+00,0.000000000000000000e+00,0.000000000000000000e+00,0.000000000000000000e+00,-5.702240708660363566e+01,6.955332536786672293e+00,9.800000000000000000e+01,9.020552162780712706e+02,1.005609390088861375e+02,2.562200000000000000e+06,1.138900000000000051e-01,-1.865093999999946277e+02,1.000000000000000000e+00
2.243705395435706667e-03,5.065485910689913884e-03,1.107339875971688814e+00,-1.312490321668614790e+00,2.000000000000000000e+01,6.387359397782207959e-02,0.000000000000000000e+00,0.000000000000000000e+00,0.000000000000000000e+00,0.000000000000000000e+00,-6.473153216584022118e+01,6.036686039952553706e+00,9.900000000000000000e+01,4.881429718800530395e+02,1.068167148587568960e+02,2.491600000000000000e+06,9.706800000000000150e-02,-7.016304399999994246e+01,1.000000000000000000e+00
3.276734561856058103e-03,5.480728871671238477e-03,9.017406088159890531e-01,-2.113865415372120360e+00,2.000000000000000000e+01,7.575339445054293797e-02,0.000000000000000000e+00,0.000000000000000000e+00,0.000000000000000000e+00,0.000000000000000000e+00,-6.200234099302485902e+01,7.387355181225432332e+00,1.000000000000000000e+02,3.667890830750123996e+02,1.099849363902839201e+02,2.530600000000000000e+06,9.179400000000000059e-02,-9.677777999999864278e+01,1.000000000000000000e+00
3.013658516070948784e-03,4.324042690640784309e-03,6.455886647782821397e-01,-3.785832074021031612e+00,2.000000000000000000e+01,7.994020107593025060e-02,0.000000000000000000e+00,0.000000000000000000e+00,0.000000000000000000e+00,0.000000000000000000e+00,-7.980897648742235617e+01,5.672864776211349991e+00,1.010000000000000000e+02,1.777550418252350823e+02,1.216903993344466244e+02,2.346800000000000000e+06,1.123299999999999993e-01,-2.465315439999917828e+02,1.000000000000000000e+00
2.628589410439222725e-03,4.531164733554069769e-03,5.342295393674916237e-01,-5.003705839595990135e+00,2.000000000000000000e+01,8.162147979209807835e-02,0.000000000000000000e+00,0.000000000000000000e+00,0.000000000000000000e+00,0.000000000000000000e+00,-8.075219860556845219e+01,6.730888630178551324e+00,1.020000000000000000e+02,1.787591359569889846e+02,1.206194692101463914e+02,2.398000000000000000e+06,2.030599999999999905e-01,-6.468581960000690287e+02,1.000000000000000000e+00
2.833631928001986971e-03,4.376410499209658703e-03,7.018969343314077625e-01,-3.166773790316346204e+00,2.000000000000000000e+01,6.455966958150172186e-02,0.000000000000000000e+00,0.000000000000000000e+00,0.000000000000000000e+00,0.000000000000000000e+00,-7.505614449839767133e+01,5.869836755290458008e+00,1.030000000000000000e+02,1.851485891803142181e+02,1.164898925913900030e+02,2.391700000000000000e+06,5.900199999999999889e-02,-5.234185000000017141e+01,1.000000000000000000e+00
2.666050190352159920e-03,4.964187082526352185e-03,6.079605303462516375e-01,-3.463123573193452653e+00,2.000000000000000000e+01,7.541196807255227952e-02,0.000000000000000000e+00,0.000000000000000000e+00,0.000000000000000000e+00,0.000000000000000000e+00,-7.216712349206531485e+01,5.783764315993876082e+00,1.040000000000000000e+02,1.795044403179611834e+02,1.184806907132507234e+02,2.387100000000000000e+06,1.107000000000000067e-01,-2.075464870000035376e+02,1.000000000000000000e+00
3.002398026913192901e-03,4.792041132746611802e-03,5.791406840267026013e-01,1.257922129417459178e+00,2.000000000000000000e+01,7.534417006450735976e-02,0.000000000000000000e+00,0.000000000000000000e+00,0.000000000000000000e+00,0.000000000000000000e+00,-4.856688765673526120e+01,6.604354434955089559e+00,1.050000000000000000e+02,1.683522990948637471e+03,9.076857105211212229e+01,2.623000000000000000e+06,1.887600000000000111e-01,-5.072548299999725714e+02,1.000000000000000000e+00
2.886976272439744674e-03,4.789296651336502272e-03,5.974313645953169827e-01,1.202343045562245472e+00,2.000000000000000000e+01,7.532586537550961525e-02,0.000000000000000000e+00,0.000000000000000000e+00,0.000000000000000000e+00,0.000000000000000000e+00,-4.838551802376220223e+01,6.741414897504748538e+00,1.060000000000000000e+02,1.676549108406088862e+03,9.078220234887977824e+01,2.635500000000000000e+06,1.713699999999999946e-01,-4.042748329999860744e+02,1.000000000000000000e+00
2.683800388029580330e-03,4.711469419739641729e-03,1.141620061426132926e+00,-3.545418330420273101e+00,2.000000000000000000e+01,7.157994296103836751e-02,0.000000000000000000e+00,0.000000000000000000e+00,0.000000000000000000e+00,0.000000000000000000e+00,-6.067770317213996378e+01,7.828471399907300565e+00,1.070000000000000000e+02,3.056853151219135043e+02,1.108797459349709698e+02,2.572400000000000000e+06,8.953200000000000047e-01,-2.451485266999954547e+03,1.000000000000000000e+00
1.972882049792241098e-03,4.693402771938928741e-03,9.780673019649279709e-01,-4.767145917359378871e-01,2.000000000000000000e+01,6.666788925146664713e-02,0.000000000000000000e+00,0.000000000000000000e+00,0.000000000000000000e+00,0.000000000000000000e+00,-6.048851482018429238e+01,6.829021153835832081e+00,1.080000000000000000e+02,6.263609297478999451e+02,1.042728579410059950e+02,2.515400000000000000e+06,9.523700000000000221e-02,-5.925606699999887184e+01,1.000000000000000000e+00
2.307967794672013701e-03,5.165994161979398785e-03,9.994821226213228549e-01,-2.314683513381337321e-01,2.000000000000000000e+01,7.194023886645599386e-02,0.000000000000000000e+00,0.000000000000000000e+00,0.000000000000000000e+00,0.000000000000000000e+00,-6.004952013431767455e+01,7.134413023782457230e+00,1.090000000000000000e+02,6.235347114865760432e+02,1.043772161558191982e+02,2.538100000000000000e+06,5.965899999999999537e-01,-1.475805739000257063e+03,1.000000000000000000e+00
2.548799430239342013e-03,4.733960076685044330e-03,8.461416572594772090e-01,-1.230237985326886774e+00,2.000000000000000000e+01,7.942541858246754405e-02,0.000000000000000000e+00,0.000000000000000000e+00,0.000000000000000000e+00,0.000000000000000000e+00,-6.318779117889545915e+01,7.368757363122008464e+00,1.100000000000000000e+02,6.542674766278962579e+02,1.042720635604340060e+02,2.547200000000000000e+06,1.195100000000000051e-01,-1.520522849999993866e+02,1.000000000000000000e+00
2.543045457096165026e-03,4.677068600059593531e-03,6.605350882294315218e-01,-5.737132161017932663e-01,2.000000000000000000e+01,7.422905925073489120e-02,0.000000000000000000e+00,0.000000000000000000e+00,0.000000000000000000e+00,0.000000000000000000e+00,-5.716385114933883926e+01,7.103030816193445673e+00,1.110000000000000000e+02,7.967857389356747717e+02,1.011537369829724327e+02,2.569200000000000000e+06,2.283600000000000074e-01,-5.847227659999632579e+02,1.000000000000000000e+00
2.638182933954915776e-03,4.796437439041327348e-03,7.374169850650365010e-01,-7.554277753407045992e-01,2.000000000000000000e+01,7.595561795570909824e-02,0.000000000000000000e+00,0.000000000000000000e+00,0.000000000000000000e+00,0.000000000000000000e+00,-5.956290407077052862e+01,7.064859688170253449e+00,1.120000000000000000e+02,6.750997524178126241e+02,1.041064033395863220e+02,2.540300000000000000e+06,9.732000000000000373e-02,-1.203802769999998645e+02,1.000000000000000000e+00
2.503261086369767789e-03,4.584290850354667303e-03,7.370140799773217122e-01,-8.739545414254614730e-01,2.000000000000000000e+01,7.403177486668546803e-02,0.000000000000000000e+00,0.000000000000000000e+00,0.000000000000000000e+00,0.000000000000000000e+00,-6.027220244041016883e+01,6.509414429434297489e+00,1.130000000000000000e+02,6.957132551427553153e+02,1.038447362124598499e+02,2.497900000000000000e+06,2.016799999999999982e-01,-4.246739700000341031e+02,1.000000000000000000e+00
2.497053275891316683e-03,4.512300352425993241e-03,9.761693636775705674e-01,2.800302103127730313e-02,2.000000000000000000e+01,7.356476759228067208e-02,0.000000000000000000e+00,0.000000000000000000e+00,0.000000000000000000e+00,0.000000000000000000e+00,-6.097415773563604091e+01,6.688697983858371998e+00,1.140000000000000000e+02,6.877099220380594033e+02,1.040606976879036552e+02,2.500800000000000000e+06,1.762799999999999923e-01,-2.246458669999939275e+02,1.000000000000000000e+00
2.683800388029580330e-03,4.711469419739641729e-03,1.141620061426132926e+00,-3.545418330420273101e+00,2.000000000000000000e+01,7.157994296103836751e-02,0.000000000000000000e+00,0.000000000000000000e+00,0.000000000000000000e+00,0.000000000000000000e+00,-6.067770317213996378e+01,7.828471399907300565e+00,1.150000000000000000e+02,2.357045730977701510e+02,1.111725045514012038e+02,2.538600000000000000e+06,1.336400000000000088e-01,-1.287891419999989182e+02,1.000000000000000000e+00
3.024874544524565508e-03,4.453137709353712295e-03,6.453725783176842423e-01,8.233174047325307887e-01,2.000000000000000000e+01,7.432684778467693598e-02,0.000000000000000000e+00,0.000000000000000000e+00,0.000000000000000000e+00,0.000000000000000000e+00,-5.050933903596987307e+01,6.493121328472815534e+00,1.160000000000000000e+02,1.455847577038928421e+03,9.288982174586836038e+01,2.596100000000000000e+06,2.770699999999999830e-01,-8.722803299999494584e+02,1.000000000000000000e+00
2.885205530692287485e-03,4.551717142469982255e-03,6.148261714250491394e-01,1.180826914951455198e+00,2.000000000000000000e+01,7.419300936521340539e-02,0.000000000000000000e+00,0.000000000000000000e+00,0.000000000000000000e+00,0.000000000000000000e+00,-5.248167788294427538e+01,6.218330052209338987e+00,1.170000000000000000e+02,1.451107657377907799e+03,9.310962832595529903e+01,2.556900000000000000e+06,3.046300000000000119e-01,-1.084571425999804887e+03,1.000000000000000000e+00
2.525143871609197670e-03,4.889256076595824112e-03,6.610506024813105341e-01,-7.739977366646144663e-01,2.000000000000000000e+01,7.470223881589617421e-02,0.000000000000000000e+00,0.000000000000000000e+00,0.000000000000000000e+00,0.000000000000000000e+00,-5.965570753397121706e+01,6.558417930409667918e+00,1.180000000000000000e+02,7.500711060122325762e+02,1.031557585117981546e+02,2.507700000000000000e+06,1.648100000000000120e-01,-3.553530740000161927e+02,1.000000000000000000e+00
2.683581481041912888e-03,4.787816774814720490e-03,7.313357726230963474e-01,-4.170011805798234938e-02,2.000000000000000000e+01,7.376132543783808782e-02,0.000000000000000000e+00,0.000000000000000000e+00,0.000000000000000000e+00,0.000000000000000000e+00,-5.865445973315283368e+01,6.441283395613043083e+00,1.190000000000000000e+02,9.028630258664528583e+02,1.006061796590654893e+02,2.510800000000000000e+06,2.469000000000000083e-01,-6.321738220000061119e+02,1.000000000000000000e+00
2.355875058868764794e-03,4.777685412033199491e-03,6.310932154734385513e-01,-2.877947777243205496e-01,2.000000000000000000e+01,7.431922714468164326e-02,0.000000000000000000e+00,0.000000000000000000e+00,0.000000000000000000e+00,0.000000000000000000e+00,-5.851074967175141239e+01,6.245054137044336429e+00,1.200000000000000000e+02,9.107602497645762014e+02,1.005493645081201493e+02,2.500100000000000000e+06,2.106000000000000094e-01,-5.348097300000353016e+02,1.000000000000000000e+00
2.750875669615385991e-03,4.805627334827287239e-03,6.095077542829203665e-01,5.140619157604053857e-02,2.000000000000000000e+01,7.510623052588602522e-02,0.000000000000000000e+00,0.000000000000000000e+00,0.000000000000000000e+00,0.000000000000000000e+00,-5.641191043315021858e+01,6.878924030030972858e+00,1.210000000000000000e+02,9.953809961201448004e+02,9.893533725104123278e+01,2.563200000000000000e+06,1.726800000000000002e-01,-4.201693999999732796e+02,1.000000000000000000e+00
2.876386128315480510e-03,4.325818909672082824e-03,5.995461303430414945e-01,1.047279208895999236e+00,2.000000000000000000e+01,7.467869657817850781e-02,0.000000000000000000e+00,0.000000000000000000e+00,0.000000000000000000e+00,0.000000000000000000e+00,-4.932975722181583933e+01,6.272453927385387651e+00,1.220000000000000000e+02,1.568108792666477484e+03,9.191057864708109548e+01,2.590600000000000000e+06,2.532300000000000106e-01,-8.043241299999124294e+02,1.000000000000000000e+00
2.976063936911731503e-03,4.283378781979657254e-03,6.024759022586815282e-01,1.178997928882757673e+00,2.000000000000000000e+01,7.479343150916005489e-02,0.000000000000000000e+00,0.000000000000000000e+00,0.000000000000000000e+00,0.000000000000000000e+00,-4.980733844441859048e+01,6.236387533893648971e+00,1.230000000000000000e+02,1.578388029368311891e+03,9.172005291365118751e+01,2.583300000000000000e+06,2.434900000000000120e-01,-7.750496000000051708e+02,1.000000000000000000e+00
3.563326710076159670e-03,3.321507609256044505e-03,5.543404321961036274e-01,-4.772298822934502915e+00,2.000000000000000000e+01,7.378242908802387645e-02,0.000000000000000000e+00,0.000000000000000000e+00,0.000000000000000000e+00,0.000000000000000000e+00,-7.635210491762261142e+01,7.089726943648229529e+00,1.240000000000000000e+02,1.714985539265487660e+02,1.497355884062332052e+02,2.330000000000000000e+06,6.953799999999999981e-01,-2.750831969999611829e+03,1.000000000000000000e+00
2.437303987136506690e-03,4.467487056946623653e-03,5.929001277801051462e-01,4.464750104527225316e-01,2.000000000000000000e+01,7.484402179647631215e-02,0.000000000000000000e+00,0.000000000000000000e+00,0.000000000000000000e+00,0.000000000000000000e+00,-5.754885555004327102e+01,6.369820383207598802e+00,1.250000000000000000e+02,1.019416010749905354e+03,9.854350482190467631e+01,2.517800000000000000e+06,1.902899999999999869e-01,-4.934904750000500258e+02,1.000000000000000000e+00
2.590885761478490309e-03,4.809912314846729806e-03,6.831374156660211527e-01,-5.230122245766982703e-01,2.000000000000000000e+01,8.147342532404679150e-02,0.000000000000000000e+00,0.000000000000000000e+00,0.000000000000000000e+00,0.000000000000000000e+00,-7.234327644708342575e+01,6.304558989673227032e+00,1.260000000000000000e+02,7.213430395731277258e+02,1.034053746491936181e+02,2.501600000000000000e+06,3.046300000000000119e-01,-8.771944999998200956e+02,1.000000000000000000e+00
2.504892307309597790e-03,4.524193883635499978e-03,8.412048656404950142e-01,-1.484209596131467856e+00,2.000000000000000000e+01,7.943750589699873077e-02,0.000000000000000000e+00,0.000000000000000000e+00,0.000000000000000000e+00,0.000000000000000000e+00,-6.672906415576888151e+01,6.560500285428676470e+00,1.270000000000000000e+02,5.623281435545325166e+02,1.060110594099086114e+02,2.504600000000000000e+06,3.453100000000000058e-01,-9.794852449998628572e+02,1.000000000000000000e+00
2.642156697750587448e-03,5.095397946620536939e-03,6.106250403374751112e-01,-3.140402206071733371e+00,2.000000000000000000e+01,8.200049973710815676e-02,0.000000000000000000e+00,0.000000000000000000e+00,0.000000000000000000e+00,0.000000000000000000e+00,-6.275232675520466330e+01,5.813745237237711194e+00,1.280000000000000000e+02,2.240605812595636337e+02,1.150437936922278652e+02,2.402400000000000000e+06,1.138500000000000068e-01,-2.210148000000049535e+02,1.000000000000000000e+00
2.489185151056035397e-03,5.039313889082235910e-03,6.261172405615426095e-01,-6.196785176256884853e-01,2.000000000000000000e+01,7.516828612486170513e-02,0.000000000000000000e+00,0.000000000000000000e+00,0.000000000000000000e+00,0.000000000000000000e+00,-5.952528266395910350e+01,6.663057651792271940e+00,1.290000000000000000e+02,7.633128256297510461e+02,1.029192457566484222e+02,2.515700000000000000e+06,1.427599999999999980e-01,-2.960262559999897007e+02,1.000000000000000000e+00
2.452254789704394825e-03,4.772959770120127621e-03,6.370861432426508930e-01,-5.946678379774015255e-01,2.000000000000000000e+01,7.499566554028222476e-02,0.000000000000000000e+00,0.000000000000000000e+00,0.000000000000000000e+00,0.000000000000000000e+00,-5.934430693799467349e+01,6.635547288640799124e+00,1.300000000000000000e+02,7.696421963908823045e+02,1.026342783096225588e+02,2.515900000000000000e+06,1.517499999999999960e-01,-3.143451180000227509e+02,1.000000000000000000e+00
2.786815024470086326e-03,4.924342197945039655e-03,6.307137136414956435e-01,5.459964935953776077e-01,2.000000000000000000e+01,7.431821365381961753e-02,0.000000000000000000e+00,0.000000000000000000e+00,0.000000000000000000e+00,0.000000000000000000e+00,-5.101060054191499660e+01,6.716719186737265090e+00,1.310000000000000000e+02,1.377872214010319112e+03,9.386099873298225305e+01,2.608100000000000000e+06,2.524199999999999777e-01,-7.244342000000949611e+02,1.000000000000000000e+00
2.284713986080328784e-03,5.109150199062618622e-03,6.411750448332070862e-01,-1.665517866367747457e+00,2.000000000000000000e+01,7.502234529777043748e-02,0.000000000000000000e+00,0.000000000000000000e+00,0.000000000000000000e+00,0.000000000000000000e+00,-6.536388748204677768e+01,6.104248299722651261e+00,1.320000000000000000e+02,4.361237953063800887e+02,1.095084031654441077e+02,2.421200000000000000e+06,1.360800000000000065e-01,-2.642994899999773679e+02,1.000000000000000000e+00
2.416352422902352109e-03,4.935422913718439525e-03,6.232182254717347769e-01,-3.062331760971715333e+00,2.000000000000000000e+01,7.653645556498972491e-02,0.000000000000000000e+00,0.000000000000000000e+00,0.000000000000000000e+00,0.000000000000000000e+00,-6.023107722029472200e+01,6.789500604733994749e+00,1.330000000000000000e+02,4.451527593404201184e+02,1.090018421051717752e+02,2.514900000000000000e+06,9.219399999999999817e-02,-1.393220899999963933e+02,1.000000000000000000e+00
2.240169190817697768e-03,4.428066429207144251e-03,7.370367123449760305e-01,-9.415866841705361479e-01,2.000000000000000000e+01,7.636253247214531970e-02,0.000000000000000000e+00,0.000000000000000000e+00,0.000000000000000000e+00,0.000000000000000000e+00,-6.716392831357053694e+01,6.598046025815475168e+00,1.340000000000000000e+02,4.400083587633924367e+02,1.091595575558150273e+02,2.510900000000000000e+06,6.741900000000000670e-02,-6.335160000000036717e+01,1.000000000000000000e+00
2.759922937557646692e-03,4.646370697390884985e-03,6.953525934239134232e-01,2.399496898126004529e-01,2.000000000000000000e+01,7.424443558150502220e-02,0.000000000000000000e+00,0.000000000000000000e+00,0.000000000000000000e+00,0.000000000000000000e+00,-5.734079515957327544e+01,6.674408277451677307e+00,1.350000000000000000e+02,9.708920289445123899e+02,9.922356193740961317e+01,2.539500000000000000e+06,2.151700000000000002e-01,-5.243079999999893062e+02,1.000000000000000000e+00
2.773382689439108685e-03,4.546331314993109531e-03,6.199551285273441348e-01,6.970338045742313637e-02,2.000000000000000000e+01,7.502372413204624890e-02,0.000000000000000000e+00,0.000000000000000000e+00,0.000000000000000000e+00,0.000000000000000000e+00,-5.684015234997741572e+01,6.823746883497625149e+00,1.360000000000000000e+02,9.681639789539318599e+02,9.924890777178245571e+01,2.554800000000000000e+06,1.813599999999999934e-01,-4.562492879999646220e+02,1.000000000000000000e+00
2.557754334275144214e-03,4.634617423494791916e-03,6.165316300195493593e-01,-2.057763506550276678e-01,2.000000000000000000e+01,7.428357652008048262e-02,0.000000000000000000e+00,0.000000000000000000e+00,0.000000000000000000e+00,0.000000000000000000e+00,-5.659124600193133148e+01,6.783698279632329964e+00,1.370000000000000000e+02,9.318637833834825415e+02,9.948872843517672493e+01,2.554800000000000000e+06,2.517099999999999893e-01,-7.695346749998249152e+02,1.000000000000000000e+00
2.539154005004149502e-03,4.242463121260015187e-03,9.913252630104839591e-01,-1.847064919895520907e+00,2.000000000000000000e+01,6.911994722046271855e-02,0.000000000000000000e+00,0.000000000000000000e+00,0.000000000000000000e+00,0.000000000000000000e+00,-7.055196020838164372e+01,6.472286600861457906e+00,1.380000000000000000e+02,3.810514262085910673e+02,1.099987496041206327e+02,2.439800000000000000e+06,1.076600000000000057e-01,-1.067020489999974870e+02,1.000000000000000000e+00
2.654257210775913794e-03,4.801114277632048850e-03,5.914819314789434568e-01,-2.687268938897226178e+00,2.000000000000000000e+01,7.776806857283655172e-02,0.000000000000000000e+00,0.000000000000000000e+00,0.000000000000000000e+00,0.000000000000000000e+00,-6.754307204890116623e+01,6.634742012286056756e+00,1.390000000000000000e+02,2.106170739801828802e+02,1.163875905665132962e+02,2.423000000000000000e+06,7.145799999999999375e-02,-1.071335369999971761e+02,1.000000000000000000e+00
2.753944415015329751e-03,4.294587507104003637e-03,8.027520032634061220e-01,-4.771827328201270646e+00,2.000000000000000000e+01,7.345902743013681124e-02,0.000000000000000000e+00,0.000000000000000000e+00,0.000000000000000000e+00,0.000000000000000000e+00,-6.732824498059821394e+01,6.927698200705197706e+00,1.400000000000000000e+02,1.832937527072706985e+02,1.189631684789356427e+02,2.437300000000000000e+06,2.955099999999999949e-01,-8.393273999999510124e+02,1.000000000000000000e+00
2.669203373160744259e-03,4.505418325770331467e-03,7.764285592775129752e-01,-8.787589827314141733e-01,2.000000000000000000e+01,7.044230446399417367e-02,0.000000000000000000e+00,0.000000000000000000e+00,0.000000000000000000e+00,0.000000000000000000e+00,-6.189986996629190230e+01,6.448278948823000789e+00,1.410000000000000000e+02,5.641106670881433729e+02,1.063026405916136667e+02,2.517400000000000000e+06,1.028000000000000025e-01,-1.232608799999989060e+02,1.000000000000000000e+00
2.557075529583710885e-03,4.734533961417907930e-03,5.194895156043489726e-01,-2.394949656283787309e+00,2.000000000000000000e+01,7.796609441846030775e-02,0.000000000000000000e+00,0.000000000000000000e+00,0.000000000000000000e+00,0.000000000000000000e+00,-6.733683180858258766e+01,6.889941850398418666e+00,1.420000000000000000e+02,1.964411753895611525e+02,1.175773537871249914e+02,2.437700000000000000e+06,7.637099999999999445e-02,-1.391854890000011267e+02,1.000000000000000000e+00
2.865336512730803573e-03,4.533158311147995195e-03,6.467721287746499570e-01,7.992350840553616997e-01,2.000000000000000000e+01,7.471839538440547268e-02,0.000000000000000000e+00,0.000000000000000000e+00,0.000000000000000000e+00,0.000000000000000000e+00,-5.310510638323074772e+01,6.450732676330546589e+00,1.430000000000000000e+02,1.338502791367475993e+03,9.437666374098101585e+01,2.567900000000000000e+06,1.988499999999999990e-01,-5.038579999999859638e+02,1.000000000000000000e+00
2.523579183849943702e-03,4.817325234576763301e-03,6.420674297285871024e-01,-3.785727253789643587e-01,2.000000000000000000e+01,7.680367119071447590e-02,0.000000000000000000e+00,0.000000000000000000e+00,0.000000000000000000e+00,0.000000000000000000e+00,-5.831283035924678870e+01,7.157711758637374189e+00,1.440000000000000000e+02,7.892094724079091748e+02,1.021439566713401774e+02,2.560500000000000000e+06,8.643199999999999494e-02,-1.138319490000023109e+02,1.000000000000000000e+00
2.654403386246798491e-03,4.690974853323252002e-03,7.701752086135116304e-01,-6.143988961247515146e-01,2.000000000000000000e+01,7.359240076705278466e-02,0.000000000000000000e+00,0.000000000000000000e+00,0.000000000000000000e+00,0.000000000000000000e+00,-5.918260198229334890e+01,6.567807714095360794e+00,1.450000000000000000e+02,7.777450048704978371e+02,1.023828219196339830e+02,2.513300000000000000e+06,2.558199999999999918e-01,-6.200652029999572505e+02,1.000000000000000000e+00
2.595709462674670141e-03,5.020802420828712580e-03,6.024590541859676796e-01,1.691734811621566914e-01,2.000000000000000000e+01,7.445029824819926478e-02,0.000000000000000000e+00,0.000000000000000000e+00,0.000000000000000000e+00,0.000000000000000000e+00,-5.569164164419464669e+01,6.704179277632942302e+00,1.460000000000000000e+02,1.063077408299079707e+03,9.783108481445398752e+01,2.559000000000000000e+06,2.303000000000000047e-01,-6.728806079999284293e+02,1.000000000000000000e+00
2.451121375116098022e-03,4.890936088426218846e-03,6.216952381255260729e-01,-6.063755031907089865e-01,2.000000000000000000e+01,7.783088509506848329e-02,0.000000000000000000e+00,0.000000000000000000e+00,0.000000000000000000e+00,0.000000000000000000e+00,-5.324888207225285441e+01,6.323267217876685997e+00,1.470000000000000000e+02,8.696468404046329397e+02,1.008578520950097044e+02,2.542400000000000000e+06,1.862600000000000089e-01,-4.506509159999785084e+02,1.000000000000000000e+00
2.727829650909998401e-03,4.633242139806663731e-03,6.713789079931656856e-01,6.822955566754397294e-01,2.000000000000000000e+01,7.086963280287836286e-02,0.000000000000000000e+00,0.000000000000000000e+00,0.000000000000000000e+00,0.000000000000000000e+00,-5.832103300068101959e+01,6.097971792000832281e+00,1.480000000000000000e+02,1.314567591498841466e+03,9.460025197144256026e+01,2.565800000000000000e+06,2.724800000000000000e-01,-8.126773999998854379e+02,1.000000000000000000e+00
2.847165301467243989e-03,4.906846016253039143e-03,6.248857593200571880e-01,5.105691813623393083e-01,2.000000000000000000e+01,7.489029175699077334e-02,0.000000000000000000e+00,0.000000000000000000e+00,0.000000000000000000e+00,0.000000000000000000e+00,-5.235701856991468617e+01,6.843475714048204317e+00,1.490000000000000000e+02,1.310926171911177107e+03,9.466787423879422647e+01,2.603800000000000000e+06,1.910000000000000031e-01,-4.673824999999911256e+02,1.000000000000000000e+00
2.861087501936734369e-03,4.537858024140941499e-03,5.836477132448714134e-01,1.344349636239460688e+00,2.000000000000000000e+01,7.579686046966782609e-02,0.000000000000000000e+00,0.000000000000000000e+00,0.000000000000000000e+00,0.000000000000000000e+00,-4.998228537448728304e+01,6.353431849389531649e+00,1.500000000000000000e+02,1.663069398285904526e+03,9.132988676776422210e+01,2.590800000000000000e+06,1.443699999999999983e-01,-3.290161499999827015e+02,1.000000000000000000e+00
2.576361813887904657e-03,4.961955964535085147e-03,6.769322980739564954e-01,-9.566660380029756716e-01,2.000000000000000000e+01,7.442901001809075490e-02,0.000000000000000000e+00,0.000000000000000000e+00,0.000000000000000000e+00,0.000000000000000000e+00,-6.010810052605308584e+01,6.455391883299394173e+00,1.510000000000000000e+02,7.262442678677725780e+02,1.037388794652747777e+02,2.496400000000000000e+06,1.850799999999999945e-01,-4.191168269999606650e+02,1.000000000000000000e+00
2.503472731983102245e-03,4.845659658059388655e-03,6.529678388352968543e-01,-7.773361393157627308e-01,2.000000000000000000e+01,7.472243674247680545e-02,0.000000000000000000e+00,0.000000000000000000e+00,0.000000000000000000e+00,0.000000000000000000e+00,-5.979669993007654227e+01,6.532521241530525380e+00,1.520000000000000000e+02,7.452422693295823137e+02,1.032498042630155624e+02,2.504600000000000000e+06,1.651900000000000035e-01,-3.622660860000263483e+02,1.000000000000000000e+00
2.575178005857770881e-03,4.431891867696883397e-03,6.472866858688302028e-01,6.182222654004668749e-01,2.000000000000000000e+01,7.435819771497206854e-02,0.000000000000000000e+00,0.000000000000000000e+00,0.000000000000000000e+00,0.000000000000000000e+00,-5.489745949235913969e+01,6.274099167685044165e+00,1.530000000000000000e+02,1.203204540415372321e+03,9.590680904847408783e+01,2.538100000000000000e+06,2.221400000000000041e-01,-5.747377679999912061e+02,1.000000000000000000e+00
2.535375345867579237e-03,5.002216316252858404e-03,7.968820115331352039e-01,-1.899644433886184425e+00,2.000000000000000000e+01,7.861513776642602147e-02,0.000000000000000000e+00,0.000000000000000000e+00,0.000000000000000000e+00,0.000000000000000000e+00,-6.656873297706037818e+01,5.828709172762848389e+00,1.540000000000000000e+02,3.644553689299339680e+02,1.105570670113006031e+02,2.439000000000000000e+06,1.921899999999999997e-01,-3.720983970000322074e+02,1.000000000000000000e+00
2.477672189214319767e-03,4.622296154335910068e-03,1.082650231245475547e+00,-1.944115983631233613e+00,2.000000000000000000e+01,7.007490177515146579e-02,0.000000000000000000e+00,0.000000000000000000e+00,0.000000000000000000e+00,0.000000000000000000e+00,-6.314223761603752649e+01,7.110802104512442767e+00,1.550000000000000000e+02,3.583169920488102775e+02,1.106268094206047721e+02,2.502400000000000000e+06,4.840099999999999958e-01,-8.466499999998488875e+02,1.000000000000000000e+00
2.618347356916211899e-03,4.499972433714400852e-03,6.365762785205204555e-01,6.265232257960137163e-01,2.000000000000000000e+01,7.438968850316912684e-02,0.000000000000000000e+00,0.000000000000000000e+00,0.000000000000000000e+00,0.000000000000000000e+00,-5.547486382251710779e+01,6.308940164927774319e+00,1.560000000000000000e+02,1.175366458871080340e+03,9.635553617885317124e+01,2.534700000000000000e+06,2.254400000000000015e-01,-6.153196169999147287e+02,1.000000000000000000e+00
3.139372828932658708e-03,4.221787483985204627e-03,7.021159850453783102e-01,6.522782095989174689e-01,2.000000000000000000e+01,7.880514924656603637e-02,0.000000000000000000e+00,0.000000000000000000e+00,0.000000000000000000e+00,0.000000000000000000e+00,-5.651338062062696821e+01,5.234986808014712167e+00,1.570000000000000000e+02,1.192683935063614626e+03,9.630178342928479651e+01,2.559200000000000000e+06,1.904500000000000082e-01,-4.697314440000157560e+02,1.000000000000000000e+00
2.281520638180227836e-03,4.631483650019850920e-03,8.318810207485521913e-01,2.987262675998115791e-01,2.000000000000000000e+01,7.214181105664507765e-02,0.000000000000000000e+00,0.000000000000000000e+00,0.000000000000000000e+00,0.000000000000000000e+00,-5.552144690659105919e+01,6.580870083628944656e+00,1.580000000000000000e+02,1.104422954863991890e+03,9.727152751359338367e+01,2.552600000000000000e+06,5.725299999999999834e-01,-1.812752677000406720e+03,1.000000000000000000e+00
2.831509573438638870e-03,4.727432479720215103e-03,5.784024415824299270e-01,1.244049410525651433e+00,2.000000000000000000e+01,7.591751378872603484e-02,0.000000000000000000e+00,0.000000000000000000e+00,0.000000000000000000e+00,0.000000000000000000e+00,-4.930371512196916228e+01,6.545348798274641666e+00,1.590000000000000000e+02,1.684318331771649810e+03,9.117031564744253558e+01,2.611800000000000000e+06,1.389299999999999979e-01,-3.023631999999827258e+02,1.000000000000000000e+00
2.406673426646265424e-03,4.884549790349886414e-03,6.927084087652390920e-01,-1.418972677052047437e+00,2.000000000000000000e+01,7.448602006212338977e-02,0.000000000000000000e+00,0.000000000000000000e+00,0.000000000000000000e+00,0.000000000000000000e+00,-6.282119973363818843e+01,6.231497145339217170e+00,1.600000000000000000e+02,5.650104393984045146e+02,1.067549615114329669e+02,2.454800000000000000e+06,1.633900000000000075e-01,-3.280727370000123528e+02,1.000000000000000000e+00
2.457128559667307120e-03,4.688967904844500156e-03,7.013348505439264136e-01,-1.136248577089599365e+00,2.000000000000000000e+01,7.399842465149079895e-02,0.000000000000000000e+00,0.000000000000000000e+00,0.000000000000000000e+00,0.000000000000000000e+00,-6.045968855149769183e+01,6.368727835452571817e+00,1.610000000000000000e+02,6.896405058397086805e+02,1.042569984626892108e+02,2.487600000000000000e+06,2.223700000000000121e-01,-5.325957000000179278e+02,1.000000000000000000e+00
2.487116654217787735e-03,4.873121765735954035e-03,5.057392910297030530e-01,8.942192262933376101e-01,2.000000000000000000e+01,7.497783452743971011e-02,0.000000000000000000e+00,0.000000000000000000e+00,0.000000000000000000e+00,0.000000000000000000e+00,-5.340251751535100766e+01,6.979978845174988678e+00,1.620000000000000000e+02,1.524381948712733674e+03,9.277511913540115529e+01,2.569500000000000000e+06,1.899399999999999977e-01,-5.600948090000326829e+02,1.000000000000000000e+00
2.867860249232993472e-03,4.678852732301676601e-03,6.016449457633326059e-01,9.512710351458282254e-01,2.000000000000000000e+01,7.437995708290391639e-02,0.000000000000000000e+00,0.000000000000000000e+00,0.000000000000000000e+00,0.000000000000000000e+00,-5.169292136041534746e+01,6.518550958694540043e+00,1.630000000000000000e+02,1.412303255512194028e+03,9.316982410484828847e+01,2.586500000000000000e+06,2.825900000000000079e-01,-9.591547999998763316e+02,1.000000000000000000e+00
2.835877937099180908e-03,4.715846354242942372e-03,5.761842425897940601e-01,1.078868569982561754e+00,2.000000000000000000e+01,7.550861632628974585e-02,0.000000000000000000e+00,0.000000000000000000e+00,0.000000000000000000e+00,0.000000000000000000e+00,-5.000239596371470441e+01,6.512433196767101862e+00,1.640000000000000000e+02,1.590826581702253861e+03,9.197083421408677850e+01,2.602800000000000000e+06,1.649899999999999978e-01,-4.064919000000033975e+02,1.000000000000000000e+00
2.970014962588503685e-03,4.907913162820674337e-03,6.402763036529970364e-01,-2.233846656453311930e+00,2.000000000000000000e+01,7.925238379827351243e-02,0.000000000000000000e+00,0.000000000000000000e+00,0.000000000000000000e+00,0.000000000000000000e+00,-6.035781103985485174e+01,7.373569203415738293e+00,1.650000000000000000e+02,4.760580021976769558e+02,1.079027354556036045e+02,2.549800000000000000e+06,5.509700000000000014e-02,-5.821200000000012409e+01,1.000000000000000000e+00
2.284116576930915899e-03,4.690579094750714495e-03,1.277727265944586410e+00,-3.479959705116993374e-01,2.000000000000000000e+01,6.323446562141205041e-02,0.000000000000000000e+00,0.000000000000000000e+00,0.000000000000000000e+00,0.000000000000000000e+00,-5.790593341883150202e+01,7.598966714522281229e+00,1.660000000000000000e+02,7.782162185056374710e+02,1.024507578454026486e+02,2.634200000000000000e+06,2.645799999999999819e-01,-1.851883739999962302e+02,1.000000000000000000e+00
2.728158962793164263e-03,4.749924605735694229e-03,6.053035682445979671e-01,-7.789738023641317177e-01,2.000000000000000000e+01,7.559044554493285495e-02,0.000000000000000000e+00,0.000000000000000000e+00,0.000000000000000000e+00,0.000000000000000000e+00,-5.979198308468886580e+01,6.850119817489110474e+00,1.670000000000000000e+02,7.129633813258875534e+02,1.039061237961803670e+02,2.524100000000000000e+06,1.404400000000000093e-01,-3.182655000000110022e+02,1.000000000000000000e+00
2.685923908988458071e-03,4.805949878443274183e-03,6.302474587395292538e-01,-2.098941343775226342e-02,2.000000000000000000e+01,7.466337014579398079e-02,0.000000000000000000e+00,0.000000000000000000e+00,0.000000000000000000e+00,0.000000000000000000e+00,-5.863034785251232250e+01,6.558540494138962451e+00,1.680000000000000000e+02,8.990644172643842467e+02,1.007905412656592432e+02,2.518700000000000000e+06,1.967800000000000105e-01,-5.149042829999502828e+02,1.000000000000000000e+00
1.931073216087845698e-03,4.544634822873594437e-03,6.103692698728124810e-01,-4.737151700732595838e-01,2.000000000000000000e+01,6.851906160301607374e-02,0.000000000000000000e+00,0.000000000000000000e+00,0.000000000000000000e+00,0.000000000000000000e+00,-6.063354702468960511e+01,6.315798287379855047e+00,1.690000000000000000e+02,7.159304604132233862e+02,1.038912360509448689e+02,2.456300000000000000e+06,1.604700000000000015e-01,-3.185037000000050966e+02,1.000000000000000000e+00
2.769592744544876681e-03,4.736431588066216530e-03,6.526785665055300223e-01,-9.909836791894763297e-02,2.000000000000000000e+01,7.508745965699850644e-02,0.000000000000000000e+00,0.000000000000000000e+00,0.000000000000000000e+00,0.000000000000000000e+00,-5.600093515543198919e+01,6.735828925352180363e+00,1.700000000000000000e+02,1.029856406836859605e+03,9.874361258312760015e+01,2.558100000000000000e+06,1.560999999999999888e-01,-3.359997870000202056e+02,1.000000000000000000e+00
2.754055097012623240e-03,4.878544248703123483e-03,7.202686496217221013e-01,-1.412949639435441274e+00,2.000000000000000000e+01,7.450806350632689645e-02,0.000000000000000000e+00,0.000000000000000000e+00,0.000000000000000000e+00,0.000000000000000000e+00,-6.457716953689269701e+01,6.495372505342436931e+00,1.710000000000000000e+02,4.418841625035013294e+02,1.098210623408192816e+02,2.450100000000000000e+06,1.667200000000000071e-01,-3.587544000000268625e+02,1.000000000000000000e+00
2.951655723153663764e-03,4.775740576235729812e-03,5.516692371347153845e-01,-3.061100998030477527e+00,2.000000000000000000e+01,7.615783547689934652e-02,0.000000000000000000e+00,0.000000000000000000e+00,0.000000000000000000e+00,0.000000000000000000e+00,-7.536519690647649838e+01,6.163948813117036352e+00,1.720000000000000000e+02,2.029135203454987391e+02,1.183009963780195761e+02,2.409200000000000000e+06,7.989499999999999380e-02,-1.402637040000007858e+02,1.000000000000000000e+00
2.621620197316656790e-03,4.823076552692606017e-03,6.431682174240168637e-01,-6.174902395387331655e-01,2.000000000000000000e+01,7.469821327983547365e-02,0.000000000000000000e+00,0.000000000000000000e+00,0.000000000000000000e+00,0.000000000000000000e+00,-5.860114156633448346e+01,6.484186011308662678e+00,1.730000000000000000e+02,8.481372506348614024e+02,1.017397398515782498e+02,2.514100000000000000e+06,1.820599999999999996e-01,-4.369125999999598662e+02,1.000000000000000000e+00
2.610319970425666308e-03,4.967326923819513282e-03,6.480469513498355871e-01,-3.582265659221023357e-01,2.000000000000000000e+01,7.447992352508418790e-02,0.000000000000000000e+00,0.000000000000000000e+00,0.000000000000000000e+00,0.000000000000000000e+00,-5.856462169554619379e+01,6.534527450564732831e+00,1.740000000000000000e+02,8.681993330097715216e+02,1.011835759462670836e+02,2.518000000000000000e+06,1.977899999999999936e-01,-4.927680000000225391e+02,1.000000000000000000e+00
3.028914968285955928e-03,4.143562238384684328e-03,6.409231722300673395e-01,1.885869744516683211e+00,2.000000000000000000e+01,6.680806805503067269e-02,0.000000000000000000e+00,0.000000000000000000e+00,0.000000000000000000e+00,0.000000000000000000e+00,-4.184712319983989204e+01,5.740801273891318779e+00,1.750000000000000000e+02,2.869712466038336061e+03,8.906390856259243094e+01,2.610600000000000000e+06,8.496499999999999886e-02,-1.301503300000024126e+02,1.000000000000000000e+00
2.922763020903286144e-03,4.801340209024871492e-03,6.488333829534778108e-01,-1.317244981593694408e+00,2.000000000000000000e+01,7.674297041716221512e-02,0.000000000000000000e+00,0.000000000000000000e+00,0.000000000000000000e+00,0.000000000000000000e+00,-5.831703037826835612e+01,7.072993054309268501e+00,1.760000000000000000e+02,7.369938326488302209e+02,1.037298698176849001e+02,2.554700000000000000e+06,9.235599999999999365e-02,-1.445905719999974224e+02,1.000000000000000000e+00
2.624218782777740407e-03,4.413564692426812097e-03,5.987720910491723947e-01,-5.078337962616547019e-01,2.000000000000000000e+01,7.470460621999511219e-02,0.000000000000000000e+00,0.000000000000000000e+00,0.000000000000000000e+00,0.000000000000000000e+00,-5.745880079487459113e+01,6.571298407591308788e+00,1.770000000000000000e+02,9.100283701188474197e+02,1.006182017295133164e+02,2.531800000000000000e+06,2.238300000000000012e-01,-6.851290110000712730e+02,1.000000000000000000e+00
2.556240166048158284e-03,4.324021222321942047e-03,6.595046255618842723e-01,9.390273312959624974e-01,2.000000000000000000e+01,7.450460688195181813e-02,0.000000000000000000e+00,0.000000000000000000e+00,0.000000000000000000e+00,0.000000000000000000e+00,-5.437876116765718137e+01,6.244706100366292034e+00,1.780000000000000000e+02,1.276239836448467031e+03,9.488105331258130093e+01,2.541000000000000000e+06,1.961299999999999988e-01,-4.494299999999857960e+02,1.000000000000000000e+00
2.639698396486353515e-03,4.537944072030442727e-03,6.673851524807592472e-01,7.744690517803354268e-01,2.000000000000000000e+01,7.430860055548267618e-02,0.000000000000000000e+00,0.000000000000000000e+00,0.000000000000000000e+00,0.000000000000000000e+00,-5.379026323395682851e+01,6.298323608695891807e+00,1.790000000000000000e+02,1.294174268041470668e+03,9.481926844997892090e+01,2.550500000000000000e+06,2.178400000000000059e-01,-5.331039999999293286e+02,1.000000000000000000e+00
2.893373026021772276e-03,4.841720890640507403e-03,5.903741454847968306e-01,8.517305403273432995e-01,2.000000000000000000e+01,7.517785059347024956e-02,0.000000000000000000e+00,0.000000000000000000e+00,0.000000000000000000e+00,0.000000000000000000e+00,-5.338033215317841496e+01,7.114073568334769782e+00,1.800000000000000000e+02,1.276504446070842050e+03,9.484386808759502685e+01,2.577500000000000000e+06,3.079399999999999915e-01,-1.158920127000373441e+03,1.000000000000000000e+00
2.893373026021772276e-03,4.841720890640507403e-03,5.903741454847968306e-01,8.517305403273432995e-01,2.000000000000000000e+01,7.517785059347024956e-02,0.000000000000000000e+00,0.000000000000000000e+00,0.000000000000000000e+00,0.000000000000000000e+00,-5.338033215317841496e+01,7.114073568334769782e+00,1.810000000000000000e+02,1.242883305239582569e+03,9.493451151136100918e+01,2.612000000000000000e+06,1.885699999999999876e-01,-4.922904649999916842e+02,1.000000000000000000e+00
2.505520942183959987e-03,5.218746061252227050e-03,6.849938483714828052e-01,3.811907094469855761e-01,2.000000000000000000e+01,7.282670672302837822e-02,0.000000000000000000e+00,0.000000000000000000e+00,0.000000000000000000e+00,0.000000000000000000e+00,-5.330472569047334730e+01,6.969199701527944768e+00,1.820000000000000000e+02,1.229944021140802761e+03,9.564743846223848323e+01,2.602400000000000000e+06,4.752600000000000158e-01,-1.721615129999648389e+03,1.000000000000000000e+00
2.777583951773435374e-03,4.492440767628751684e-03,6.337312642723996747e-01,5.033275115964592761e-01,2.000000000000000000e+01,7.484695198023549878e-02,0.000000000000000000e+00,0.000000000000000000e+00,0.000000000000000000e+00,0.000000000000000000e+00,-5.411730714881270643e+01,6.522184168535076765e+00,1.830000000000000000e+02,1.225674386397448870e+03,9.574824359976597066e+01,2.563000000000000000e+06,1.910699999999999898e-01,-4.733712000000658691e+02,1.000000000000000000e+00
3.047734548441792708e-03,4.479271220600132726e-03,6.357194240477270775e-01,1.130099577549593892e+00,2.000000000000000000e+01,7.478195946929006022e-02,0.000000000000000000e+00,0.000000000000000000e+00,0.000000000000000000e+00,0.000000000000000000e+00,-5.211675790031007693e+01,6.243848838291594205e+00,1.840000000000000000e+02,1.480468238410925323e+03,9.301701887091861920e+01,2.562500000000000000e+06,2.150199999999999889e-01,-6.023863999999703083e+02,1.000000000000000000e+00
2.836631977656368670e-03,4.393061877311540443e-03,7.025124383532937999e-01,-4.186846559088793218e-01,2.000000000000000000e+01,7.429879697138143391e-02,0.000000000000000000e+00,0.000000000000000000e+00,0.000000000000000000e+00,0.000000000000000000e+00,-5.802028446107931359e+01,6.623459570981037992e+00,1.850000000000000000e+02,8.790309457324989353e+02,1.009513035470228743e+02,2.529000000000000000e+06,2.209699999999999998e-01,-5.583235679999127115e+02,1.000000000000000000e+00
2.843396061987812223e-03,4.507412562547925480e-03,6.131869221927835900e-01,1.094934667681108698e+00,2.000000000000000000e+01,7.390028695284742155e-02,0.000000000000000000e+00,0.000000000000000000e+00,0.000000000000000000e+00,0.000000000000000000e+00,-5.065312670917683135e+01,6.071965351423505908e+00,1.860000000000000000e+02,1.585393923933831957e+03,9.240014733605438835e+01,2.563100000000000000e+06,3.587799999999999878e-01,-1.427759621999848150e+03,1.000000000000000000e+00
2.469528465389760931e-03,4.338868526251255311e-03,1.026798366055033052e+00,-1.885722560106916301e+00,2.000000000000000000e+01,6.827779464841610135e-02,0.000000000000000000e+00,0.000000000000000000e+00,0.000000000000000000e+00,0.000000000000000000e+00,-6.645919195056742979e+01,6.608797380947983413e+00,1.870000000000000000e+02,2.411378132202166569e+02,1.137559547561242539e+02,2.435400000000000000e+06,1.518299999999999927e-01,-1.533040459999967879e+02,1.000000000000000000e+00
2.616309591801617949e-03,4.755047066545663170e-03,6.337678143029467082e-01,-3.774025681339147620e-01,2.000000000000000000e+01,7.437690966955531890e-02,0.000000000000000000e+00,0.000000000000000000e+00,0.000000000000000000e+00,0.000000000000000000e+00,-5.633051543709905218e+01,6.857031893831893044e+00,1.880000000000000000e+02,9.215438139100789385e+02,9.964391754132658718e+01,2.562400000000000000e+06,2.294599999999999973e-01,-6.324615999999792848e+02,1.000000000000000000e+00
2.634188552087367123e-03,4.949144252738560054e-03,7.361509808494994811e-01,-8.165455010276805314e-01,2.000000000000000000e+01,7.606496137382795508e-02,0.000000000000000000e+00,0.000000000000000000e+00,0.000000000000000000e+00,0.000000000000000000e+00,-6.021926630246530721e+01,7.111176480888083518e+00,1.890000000000000000e+02,6.155013812499092865e+02,1.051393156659618313e+02,2.535000000000000000e+06,9.355900000000000327e-02,-1.140522000000024860e+02,1.000000000000000000e+00
3.311678866448143459e-03,3.930454402582024900e-03,7.347643322821091338e-01,6.719031923878650003e-01,2.000000000000000000e+01,7.451149738363649355e-02,0.000000000000000000e+00,0.000000000000000000e+00,0.000000000000000000e+00,0.000000000000000000e+00,-5.143070183729442135e+01,6.583891118179051816e+00,1.900000000000000000e+02,1.390375788598876170e+03,9.374309159333874675e+01,2.594100000000000000e+06,2.212000000000000077e-01,-5.490192000000662347e+02,1.000000000000000000e+00
2.542824339323006277e-03,4.598233933004276450e-03,6.884732487387651423e-01,-1.024943448738908858e+00,2.000000000000000000e+01,7.369611823622067293e-02,0.000000000000000000e+00,0.000000000000000000e+00,0.000000000000000000e+00,0.000000000000000000e+00,-5.993497546344368487e+01,6.539679627385451610e+00,1.910000000000000000e+02,7.206066611361646892e+02,1.038550721213882468e+02,2.503300000000000000e+06,2.906000000000000250e-01,-8.821701689999371183e+02,1.000000000000000000e+00
2.678897976619710845e-03,4.883947995712382799e-03,6.532408816338504121e-01,-5.976357866828302390e-01,2.000000000000000000e+01,7.462446990767494792e-02,0.000000000000000000e+00,0.000000000000000000e+00,0.000000000000000000e+00,0.000000000000000000e+00,-5.923935053158150765e+01,6.527992654614742207e+00,1.920000000000000000e+02,8.120001296358670970e+02,1.023360864292603765e+02,2.510400000000000000e+06,1.864300000000000124e-01,-4.524830999999833807e+02,1.000000000000000000e+00
2.572148928765754638e-03,4.865611951471928744e-03,6.605061285075080058e-01,-7.933067420416975990e-01,2.000000000000000000e+01,7.465987434819830459e-02,0.000000000000000000e+00,0.000000000000000000e+00,0.000000000000000000e+00,0.000000000000000000e+00,-5.890870802755014779e+01,6.402980704450357052e+00,1.930000000000000000e+02,8.277908890844770440e+02,1.023118399169294008e+02,2.506100000000000000e+06,1.712700000000000056e-01,-3.819405149999794276e+02,1.000000000000000000e+00
2.507807473202435487e-03,4.812775565908503257e-03,1.035692747243010636e+00,-8.663240030524974600e-01,2.000000000000000000e+01,6.877508869769061173e-02,0.000000000000000000e+00,0.000000000000000000e+00,0.000000000000000000e+00,0.000000000000000000e+00,-5.920328709759964170e+01,6.980468469563951395e+00,1.940000000000000000e+02,7.443436640356167118e+02,1.036458310058490895e+02,2.540700000000000000e+06,2.038000000000000089e-01,-2.316555999999871176e+02,1.000000000000000000e+00
2.633485985032630195e-03,4.954632541201038458e-03,6.316898967916662055e-01,2.311913999002640774e-01,2.000000000000000000e+01,6.988658766685738877e-02,0.000000000000000000e+00,0.000000000000000000e+00,0.000000000000000000e+00,0.000000000000000000e+00,-5.480408403665913397e+01,6.888903654239770802e+00,1.950000000000000000e+02,1.083379635450057549e+03,9.763965324008913171e+01,2.553600000000000000e+06,2.212300000000000100e-01,-6.331880969999630224e+02,1.000000000000000000e+00
2.675708856159638577e-03,4.773796686325230444e-03,7.146061557923963914e-01,-2.154439355342314399e-01,2.000000000000000000e+01,7.381538741006822557e-02,0.000000000000000000e+00,0.000000000000000000e+00,0.000000000000000000e+00,0.000000000000000000e+00,-5.873468126715214055e+01,6.435893475342373549e+00,1.960000000000000000e+02,8.838155917063278366e+02,1.009625419311958723e+02,2.509600000000000000e+06,2.484800000000000064e-01,-6.629343999999329071e+02,1.000000000000000000e+00
2.046213286921246596e-03,5.018806543546582531e-03,6.100499815291208217e-01,-2.575976080681585234e+00,2.000000000000000000e+01,7.561209669740832917e-02,0.000000000000000000e+00,0.000000000000000000e+00,0.000000000000000000e+00,0.000000000000000000e+00,-6.455719777210524057e+01,5.965892132226686684e+00,1.970000000000000000e+02,3.999034079486360724e+02,1.100687046607851300e+02,2.421800000000000000e+06,1.128399999999999959e-01,-1.870044000000011977e+02,1.000000000000000000e+00
2.784475795253294438e-03,4.739729216167707683e-03,6.259319186483814912e-01,-2.584678984082557029e+00,2.000000000000000000e+01,7.611516008890957530e-02,0.000000000000000000e+00,0.000000000000000000e+00,0.000000000000000000e+00,0.000000000000000000e+00,-6.555157140163294116e+01,6.674034893360948573e+00,1.980000000000000000e+02,2.895899679390593633e+02,1.131509653235798964e+02,2.447900000000000000e+06,1.120700000000000029e-01,-2.256895999999853188e+02,1.000000000000000000e+00
2.638341068772784986e-03,5.007910426520993837e-03,6.686572831037604914e-01,4.040633859582471454e-01,2.000000000000000000e+01,7.371822716174211698e-02,0.000000000000000000e+00,0.000000000000000000e+00,0.000000000000000000e+00,0.000000000000000000e+00,-5.175648549036134227e+01,6.594368890025521956e+00,1.990000000000000000e+02,1.319204401497901699e+03,9.464053176884389984e+01,2.591300000000000000e+06,3.014399999999999857e-01,-8.900578260001980198e+02,1.000000000000000000e+00
