3.530649821281766406e-03,4.419560158512094404e-03,5.548514391185398464e-01,2.901936824243301238e+00,2.000000000000000000e+01,7.799509024153000736e-02,0.000000000000000000e+00,0.000000000000000000e+00,0.000000000000000000e+00,0.000000000000000000e+00,-3.817962984867480003e+01,7.640614339790142928e+00,0.000000000000000000e+00,2.693009291975879023e+03,8.453823649302506738e+01,2.806700000000000000e+06,9.811200000000000476e-02,-1.638383999999948628e+02,1.000000000000000000e+00
3.712751311057541949e-03,4.646376799540496115e-03,5.621296657309331479e-01,2.701418827722359417e+00,2.000000000000000000e+01,7.699100992221172279e-02,0.000000000000000000e+00,0.000000000000000000e+00,0.000000000000000000e+00,0.000000000000000000e+00,-3.815765898901458542e+01,7.591466906895375288e+00,1.000000000000000000e+00,2.587303619412492480e+03,8.455090138294292501e+01,2.802600000000000000e+06,1.363600000000000090e-01,-2.859086999999963155e+02,1.000000000000000000e+00
3.202701857914813481e-03,4.827175720913668561e-03,5.412553452703481316e-01,2.348880786168082047e+00,2.000000000000000000e+01,7.465935628423020498e-02,0.000000000000000000e+00,0.000000000000000000e+00,0.000000000000000000e+00,0.000000000000000000e+00,-3.749613654322472200e+01,6.478754506963110060e+00,2.000000000000000000e+00,2.437987938502812995e+03,8.675086707615948001e+01,2.706300000000000000e+06,3.558999999999999941e-01,-1.412460329999579471e+03,1.000000000000000000e+00
3.107167814228235271e-03,4.697839667180556990e-03,5.355982431759387374e-01,2.328026870886941602e+00,2.000000000000000000e+01,7.474620697556744187e-02,0.000000000000000000e+00,0.000000000000000000e+00,0.000000000000000000e+00,0.000000000000000000e+00,-4.208643433886359730e+01,6.451679035237519955e+00,3.000000000000000000e+00,2.161374317695547234e+03,8.702658028942249757e+01,2.667100000000000000e+06,3.306200000000000250e-01,-1.315546140000290961e+03,1.000000000000000000e+00
3.173180651144267249e-03,4.451303514443987613e-03,6.594707148577314548e-01,2.224531354823169771e+00,2.000000000000000000e+01,7.421130722550672854e-02,0.000000000000000000e+00,0.000000000000000000e+00,0.000000000000000000e+00,0.000000000000000000e+00,-4.319432787915381766e+01,6.158978778964845802e+00,4.000000000000000000e+00,2.097943353450779796e+03,8.776969015316581135e+01,2.633400000000000000e+06,2.940499999999999781e-01,-8.877276099999290864e+02,1.000000000000000000e+00
3.020469497948068648e-03,4.636539585422486814e-03,5.680212009333999168e-01,1.927621506672909213e+00,2.000000000000000000e+01,7.529164825638269554e-02,0.000000000000000000e+00,0.000000000000000000e+00,0.000000000000000000e+00,0.000000000000000000e+00,-4.375097497077686626e+01,6.291769712116197510e+00,5.000000000000000000e+00,2.061847744062331458e+03,8.812973599235138522e+01,2.640400000000000000e+06,2.073500000000000065e-01,-5.896241899999445195e+02,1.000000000000000000e+00
2.827978968852052060e-03,4.115230495284530506e-03,5.942492266565501113e-01,1.756224284788695522e+00,2.000000000000000000e+01,7.678399627000706551e-02,0.000000000000000000e+00,0.000000000000000000e+00,0.000000000000000000e+00,0.000000000000000000e+00,-4.477264215073124376e+01,6.642712617985701229e+00,6.000000000000000000e+00,1.961668030369273083e+03,8.829011431097556795e+01,2.661300000000000000e+06,1.050600000000000006e-01,-1.783531640000080927e+02,1.000000000000000000e+00
3.090330193485540597e-03,4.575243549526778787e-03,5.625804704152597147e-01,1.950807861023937217e+00,2.000000000000000000e+01,7.516380182396131815e-02,0.000000000000000000e+00,0.000000000000000000e+00,0.000000000000000000e+00,0.000000000000000000e+00,-4.544570084136516641e+01,6.416475107366478525e+00,7.000000000000000000e+00,1.936668488774702610e+03,8.835818000628123059e+01,2.636100000000000000e+06,2.336300000000000043e-01,-7.391279999999705979e+02,1.000000000000000000e+00
3.052567238680573090e-03,4.369416507287496830e-03,6.092054473709801465e-01,1.792508264230866066e+00,2.000000000000000000e+01,7.353812040399407279e-02,0.000000000000000000e+00,0.000000000000000000e+00,0.000000000000000000e+00,0.000000000000000000e+00,-4.641339466753068166e+01,6.553956414949839271e+00,8.000000000000000000e+00,1.915630507416645514e+03,8.883185833707807433e+01,2.638700000000000000e+06,4.966300000000000159e-01,-2.265298429999792461e+03,1.000000000000000000e+00
3.314232344079902012e-03,4.148299097926624532e-03,6.124811102624366788e-01,1.933129466471961599e+00,2.000000000000000000e+01,7.471262377386389542e-02,0.000000000000000000e+00,0.000000000000000000e+00,0.000000000000000000e+00,0.000000000000000000e+00,-4.632347051153110584e+01,6.219491328076457215e+00,9.000000000000000000e+00,1.866752346472678255e+03,8.887456093669895552e+01,2.612700000000000000e+06,2.852999999999999980e-01,-1.003288539999878139e+03,1.000000000000000000e+00
2.552207359767671730e-03,6.513898768388619830e-04,4.472582395403784661e-01,-2.331363500310269643e+01,2.000000000000000000e+01,8.147267051779286118e-02,0.000000000000000000e+00,0.000000000000000000e+00,0.000000000000000000e+00,0.000000000000000000e+00,-9.271593111401628562e+01,6.163242482818364287e+00,1.000000000000000000e+01,8.178778969025033518e+01,2.879723871665251522e+02,2.064700000000000000e+06,7.280200000000000560e-02,-9.672117899999999224e+01,1.000000000000000000e+00
2.914145113869978480e-03,4.285230738435591435e-03,5.474806653130198653e-01,1.511062254839978358e+00,2.000000000000000000e+01,7.466247265572285852e-02,0.000000000000000000e+00,0.000000000000000000e+00,0.000000000000000000e+00,0.000000000000000000e+00,-4.699852356214150007e+01,6.503198673503105098e+00,1.100000000000000000e+01,1.730044001718907339e+03,8.963077865105989872e+01,2.629700000000000000e+06,3.273499999999999743e-01,-1.316152150000216352e+03,1.000000000000000000e+00
3.236639539155182661e-03,4.359483957473487582e-03,6.201652551677394598e-01,1.668664757381790542e+00,2.000000000000000000e+01,7.448305991449079289e-02,0.000000000000000000e+00,0.000000000000000000e+00,0.000000000000000000e+00,0.000000000000000000e+00,-4.651372533857166758e+01,6.648471049693465140e+00,1.200000000000000000e+01,1.758417705676022024e+03,8.903599121313429521e+01,2.645400000000000000e+06,3.074500000000000011e-01,-1.062491300000109050e+03,1.000000000000000000e+00
2.838255321245409211e-03,4.208109691778294179e-03,5.482515372474174864e-01,1.383085365731267391e+00,2.000000000000000000e+01,7.472602282267436224e-02,0.000000000000000000e+00,0.000000000000000000e+00,0.000000000000000000e+00,0.000000000000000000e+00,-4.685348626880909961e+01,6.541086625842231328e+00,1.300000000000000000e+01,1.687700018303527941e+03,8.981749701053428225e+01,2.633900000000000000e+06,3.065499999999999892e-01,-1.182594599999650654e+03,1.000000000000000000e+00
3.180890742261428990e-03,4.292113827480105448e-03,6.666072812297655359e-01,1.210308511446680502e+00,2.000000000000000000e+01,7.488998053858281212e-02,0.000000000000000000e+00,0.000000000000000000e+00,0.000000000000000000e+00,0.000000000000000000e+00,-4.746379313109029141e+01,6.946469407529221485e+00,1.400000000000000000e+01,1.635316289265231489e+03,9.025493306158149664e+01,2.660400000000000000e+06,2.051000000000000045e-01,-4.914490499999545250e+02,1.000000000000000000e+00
2.339264954411954603e-03,4.327516053571204765e-03,4.821191068130933899e-01,1.196294683345586307e+00,2.000000000000000000e+01,7.644922208893710491e-02,0.000000000000000000e+00,0.000000000000000000e+00,0.000000000000000000e+00,0.000000000000000000e+00,-4.766485191392019516e+01,6.587481897775231410e+00,1.500000000000000000e+01,1.633753713218660778e+03,9.063207696834683702e+01,2.630600000000000000e+06,1.370699999999999974e-01,-3.260579940000155261e+02,1.000000000000000000e+00
2.911001893352345958e-03,4.657039591419747347e-03,5.992926724601220778e-01,1.360881175189539327e+00,2.000000000000000000e+01,7.383369752576619816e-02,0.000000000000000000e+00,0.000000000000000000e+00,0.000000000000000000e+00,0.000000000000000000e+00,-5.072335781290698264e+01,6.556013270196798359e+00,1.600000000000000000e+01,1.566828211921720367e+03,9.168531900019165448e+01,2.598500000000000000e+06,3.981700000000000239e-01,-1.667900236999810204e+03,1.000000000000000000e+00
3.218997519462396192e-03,3.977830826979418880e-03,7.077436594843798945e-01,1.232462619049282004e+00,2.000000000000000000e+01,7.337279105525294776e-02,0.000000000000000000e+00,0.000000000000000000e+00,0.000000000000000000e+00,0.000000000000000000e+00,-4.875116339317769132e+01,6.826108627050325062e+00,1.700000000000000000e+01,1.607096796114736662e+03,9.082417292838091782e+01,2.638400000000000000e+06,4.960899999999999754e-01,-1.994492399999781583e+03,1.000000000000000000e+00
2.766735104628563393e-03,4.496739142051031993e-03,5.689011813114255300e-01,1.181121006720162736e+00,2.000000000000000000e+01,7.444694556923966977e-02,0.000000000000000000e+00,0.000000000000000000e+00,0.000000000000000000e+00,0.000000000000000000e+00,-4.931907388626021316e+01,6.204957225068953974e+00,1.800000000000000000e+01,1.605986257150017764e+03,9.154276583256191202e+01,2.585200000000000000e+06,3.004899999999999793e-01,-1.115927066999937324e+03,1.000000000000000000e+00
2.847313568206222712e-03,4.265152278713737338e-03,6.453517621029796203e-01,1.440133924895469875e+00,2.000000000000000000e+01,7.482429463476819587e-02,0.000000000000000000e+00,0.000000000000000000e+00,0.000000000000000000e+00,0.000000000000000000e+00,-5.194084479164605028e+01,6.155768385870350912e+00,1.900000000000000000e+01,1.526676948998975149e+03,9.229732906243287971e+01,2.557800000000000000e+06,1.913600000000000023e-01,-4.671926999999911345e+02,1.000000000000000000e+00
2.757601724803086622e-03,9.685592928417456659e-04,4.065870295862282213e-01,-3.003890708148532873e+00,2.000000000000000000e+01,7.279895175571943211e-02,0.000000000000000000e+00,0.000000000000000000e+00,0.000000000000000000e+00,0.000000000000000000e+00,-9.601651190650946432e+01,5.816460056084020280e+00,2.000000000000000000e+01,1.363513344864150270e+02,1.940875768278790474e+02,2.074500000000000000e+06,2.353500000000000036e-01,-3.473228739999879622e+02,1.000000000000000000e+00
2.816309107416549093e-03,4.318465063313857259e-03,6.165603591708778142e-01,1.333104557927259570e+00,2.000000000000000000e+01,7.431531996634817283e-02,0.000000000000000000e+00,0.000000000000000000e+00,0.000000000000000000e+00,0.000000000000000000e+00,-5.227569139775788187e+01,6.112515843881972444e+00,2.100000000000000000e+01,1.474643149272949586e+03,9.266485832133419365e+01,2.551500000000000000e+06,2.774099999999999899e-01,-9.249654179997999108e+02,1.000000000000000000e+00
2.387968981758457378e-03,3.703465338776052752e-03,3.609738968861672115e-01,-2.198272911687199738e+01,2.000000000000000000e+01,7.595544362247277914e-02,0.000000000000000000e+00,0.000000000000000000e+00,0.000000000000000000e+00,0.000000000000000000e+00,-7.182753335181840271e+01,8.515748209891308207e+00,2.200000000000000000e+01,1.566539459299646069e+02,1.890478926735861478e+02,2.407100000000000000e+06,3.991100000000000203e-01,-1.598447600000513376e+03,1.000000000000000000e+00
2.747680285176481562e-03,5.439981504550567108e-03,9.228206173568794801e-01,1.069216051525463840e+00,2.000000000000000000e+01,7.247460472144581778e-02,0.000000000000000000e+00,0.000000000000000000e+00,0.000000000000000000e+00,0.000000000000000000e+00,-5.136178983451727476e+01,6.941907955875564085e+00,2.300000000000000000e+01,1.403178380735307655e+03,9.278477473119716024e+01,2.620100000000000000e+06,4.850300000000000167e-01,-1.072544400000113001e+03,1.000000000000000000e+00
2.720598709279957537e-03,4.133812249088498689e-03,6.151062424982943755e-01,1.105220466976586824e+00,2.000000000000000000e+01,7.470372691689042277e-02,0.000000000000000000e+00,0.000000000000000000e+00,0.000000000000000000e+00,0.000000000000000000e+00,-5.222362854220884287e+01,6.280342648293290253e+00,2.400000000000000000e+01,1.401681456857786543e+03,9.313771037238977613e+01,2.564200000000000000e+06,2.245000000000000051e-01,-6.349906999999865320e+02,1.000000000000000000e+00
2.911458471075833304e-03,4.462601220134943328e-03,6.287285462332768970e-01,9.055882366496489366e-01,2.000000000000000000e+01,7.423191612093715808e-02,0.000000000000000000e+00,0.000000000000000000e+00,0.000000000000000000e+00,0.000000000000000000e+00,-5.334493695625999266e+01,6.564665021358467634e+00,2.500000000000000000e+01,1.296889984434237931e+03,9.437996955031259461e+01,2.573500000000000000e+06,2.913999999999999924e-01,-9.959467119999072793e+02,1.000000000000000000e+00
2.786815024470086326e-03,4.924342197945039655e-03,6.307137136414956435e-01,5.459964935953776077e-01,2.000000000000000000e+01,7.431821365381961753e-02,0.000000000000000000e+00,0.000000000000000000e+00,0.000000000000000000e+00,0.000000000000000000e+00,-5.101060054191499660e+01,6.716719186737265090e+00,2.600000000000000000e+01,1.377872214010319112e+03,9.386099873298225305e+01,2.608100000000000000e+06,2.524199999999999777e-01,-7.244342000000949611e+02,1.000000000000000000e+00
2.493817372027431166e-03,5.284556984103525382e-03,7.138469311312821697e-01,5.930641084098385862e-01,2.000000000000000000e+01,7.928943962444044702e-02,0.000000000000000000e+00,0.000000000000000000e+00,0.000000000000000000e+00,0.000000000000000000e+00,-4.728645382373352390e+01,6.733434007518958708e+00,2.700000000000000000e+01,1.328747442130435957e+03,9.387949372873397635e+01,2.608400000000000000e+06,4.008300000000000196e-01,-1.236791999999683640e+03,1.000000000000000000e+00
2.674181480426075092e-03,4.342211955893448064e-03,5.896850295874538350e-01,8.068334204305273039e-01,2.000000000000000000e+01,7.453945269151321384e-02,0.000000000000000000e+00,0.000000000000000000e+00,0.000000000000000000e+00,0.000000000000000000e+00,-5.112997259274395390e+01,6.497537617739826743e+00,2.800000000000000000e+01,1.386543688945791700e+03,9.322293417946218597e+01,2.590500000000000000e+06,2.624199999999999866e-01,-8.412372540000228582e+02,1.000000000000000000e+00
2.487116654217787735e-03,4.873121765735954035e-03,5.057392910297030530e-01,8.942192262933376101e-01,2.000000000000000000e+01,7.497783452743971011e-02,0.000000000000000000e+00,0.000000000000000000e+00,0.000000000000000000e+00,0.000000000000000000e+00,-5.340251751535100766e+01,6.979978845174988678e+00,2.900000000000000000e+01,1.222842806894828300e+03,9.474962177642315453e+01,2.602200000000000000e+06,2.444399999999999906e-01,-8.464089999999508791e+02,1.000000000000000000e+00
2.953922064639960370e-03,4.255781210317553451e-03,6.580966973822572896e-01,1.435169430252293266e-01,2.000000000000000000e+01,7.481111709363588713e-02,0.000000000000000000e+00,0.000000000000000000e+00,0.000000000000000000e+00,0.000000000000000000e+00,-5.329771852830801038e+01,6.627156015299721759e+00,3.000000000000000000e+01,1.209891096190536473e+03,9.624691380230510163e+01,2.578800000000000000e+06,2.024700000000000111e-01,-5.171486840000109169e+02,1.000000000000000000e+00
3.122792450612804985e-03,4.470693716835515835e-03,1.110218527476161787e+00,-3.281377774815782633e+00,2.000000000000000000e+01,6.838413228897174956e-02,0.000000000000000000e+00,0.000000000000000000e+00,0.000000000000000000e+00,0.000000000000000000e+00,-6.637619734662089854e+01,7.824075623179937544e+00,3.100000000000000000e+01,2.810006836560199304e+02,1.105044676055798902e+02,2.538100000000000000e+06,1.501200000000000034e-01,-1.593578520000057779e+02,1.000000000000000000e+00
1.447859056539975734e-03,2.219466351111327312e-03,2.338469918173232964e-01,8.823591724173981632e+00,2.000000000000000000e+01,8.267955576187432931e-02,0.000000000000000000e+00,0.000000000000000000e+00,0.000000000000000000e+00,0.000000000000000000e+00,-7.916139906527379821e+01,8.267151160055592030e+00,3.200000000000000000e+01,1.576559069406708602e+02,1.473049557402966627e+02,2.382400000000000000e+06,5.585099999999999787e-02,-1.471735809999971991e+02,1.000000000000000000e+00
3.276734561856058103e-03,5.480728871671238477e-03,9.017406088159890531e-01,-2.113865415372120360e+00,2.000000000000000000e+01,7.575339445054293797e-02,0.000000000000000000e+00,0.000000000000000000e+00,0.000000000000000000e+00,0.000000000000000000e+00,-6.200234099302485902e+01,7.387355181225432332e+00,3.300000000000000000e+01,3.667890830750123996e+02,1.099849363902839201e+02,2.530600000000000000e+06,9.179400000000000059e-02,-9.677777999999864278e+01,1.000000000000000000e+00
3.895496294520297935e-03,2.065271888540854209e-03,5.386982904885306844e-01,-3.375813735360615020e+00,2.000000000000000000e+01,6.796885446657262297e-02,0.000000000000000000e+00,0.000000000000000000e+00,0.000000000000000000e+00,0.000000000000000000e+00,-7.764130909418776127e+01,6.914535634996302527e+00,3.400000000000000000e+01,1.680548677039227243e+02,1.419474645549660181e+02,2.349900000000000000e+06,5.435399999999999954e-02,-1.031665799999992856e+02,1.000000000000000000e+00
2.638200917635546375e-03,4.226804453568185418e-03,5.991360500858687876e-01,-2.832552090886155227e+00,2.000000000000000000e+01,7.638178164523293234e-02,0.000000000000000000e+00,0.000000000000000000e+00,0.000000000000000000e+00,0.000000000000000000e+00,-7.247328730053989432e+01,6.235260655356285042e+00,3.500000000000000000e+01,1.704303209929455249e+02,1.231363351303366329e+02,2.348400000000000000e+06,1.088299999999999962e-01,-2.247567479999997602e+02,1.000000000000000000e+00
2.718766629485037511e-03,4.041503669009629054e-03,8.592045845097573409e-01,-2.764409660270554348e+00,2.000000000000000000e+01,6.576290317901353766e-02,0.000000000000000000e+00,0.000000000000000000e+00,0.000000000000000000e+00,0.000000000000000000e+00,-6.712600542979866702e+01,6.701491312740103012e+00,3.600000000000000000e+01,1.724514900340637098e+02,1.160803770984910841e+02,2.430400000000000000e+06,7.281100000000000072e-02,-5.972714699999958299e+01,1.000000000000000000e+00
2.628434326220317925e-03,3.695325587045282349e-03,1.070576308985973446e+00,-3.108008848396282886e+00,2.000000000000000000e+01,6.624516042511324754e-02,0.000000000000000000e+00,0.000000000000000000e+00,0.000000000000000000e+00,0.000000000000000000e+00,-6.265016364256617010e+01,6.932185785234054265e+00,3.700000000000000000e+01,2.273365672272580866e+02,1.108948187421504770e+02,2.494800000000000000e+06,8.566600000000000603e-02,-5.229720000000044422e+01,1.000000000000000000e+00
2.532711433888050912e-03,4.151373790311170542e-03,1.096126982848571130e+00,-2.882067928092562958e+00,2.000000000000000000e+01,6.388969209498489288e-02,0.000000000000000000e+00,0.000000000000000000e+00,0.000000000000000000e+00,0.000000000000000000e+00,-7.120823732584928223e+01,6.551937745504650579e+00,3.800000000000000000e+01,2.219006403683179656e+02,1.135155175073200269e+02,2.471700000000000000e+06,2.346199999999999952e-01,-2.875459049999970489e+02,1.000000000000000000e+00
2.806836703241628178e-03,4.044089082530510915e-03,8.223938699251525097e-01,-3.809221646946002959e+00,2.000000000000000000e+01,6.755811668865802089e-02,0.000000000000000000e+00,0.000000000000000000e+00,0.000000000000000000e+00,0.000000000000000000e+00,-6.654615269100825969e+01,6.351906460730089243e+00,3.900000000000000000e+01,2.176555620805365834e+02,1.146259783417421403e+02,2.419700000000000000e+06,1.070699999999999985e-01,-1.295902949999995712e+02,1.000000000000000000e+00
3.092969473418530173e-03,4.770869528989881911e-03,1.203562530918199647e+00,-2.360823296187760878e+00,2.000000000000000000e+01,7.442167033088667449e-02,0.000000000000000000e+00,0.000000000000000000e+00,0.000000000000000000e+00,0.000000000000000000e+00,-6.931426853086236406e+01,6.387829307231384313e+00,4.000000000000000000e+01,2.176121212067232591e+02,1.156485522102548344e+02,2.420300000000000000e+06,1.171299999999999980e-01,-9.024068999999960283e+01,1.000000000000000000e+00
2.240169190817697768e-03,4.428066429207144251e-03,7.370367123449760305e-01,-9.415866841705361479e-01,2.000000000000000000e+01,7.636253247214531970e-02,0.000000000000000000e+00,0.000000000000000000e+00,0.000000000000000000e+00,0.000000000000000000e+00,-6.716392831357053694e+01,6.598046025815475168e+00,4.100000000000000000e+01,4.400083587633924367e+02,1.091595575558150273e+02,2.510900000000000000e+06,6.741900000000000670e-02,-6.335160000000036717e+01,1.000000000000000000e+00
2.284713986080328784e-03,5.109150199062618622e-03,6.411750448332070862e-01,-1.665517866367747457e+00,2.000000000000000000e+01,7.502234529777043748e-02,0.000000000000000000e+00,0.000000000000000000e+00,0.000000000000000000e+00,0.000000000000000000e+00,-6.536388748204677768e+01,6.104248299722651261e+00,4.200000000000000000e+01,4.361237953063800887e+02,1.095084031654441077e+02,2.421200000000000000e+06,1.360800000000000065e-01,-2.642994899999773679e+02,1.000000000000000000e+00
2.416352422902352109e-03,4.935422913718439525e-03,6.232182254717347769e-01,-3.062331760971715333e+00,2.000000000000000000e+01,7.653645556498972491e-02,0.000000000000000000e+00,0.000000000000000000e+00,0.000000000000000000e+00,0.000000000000000000e+00,-6.023107722029472200e+01,6.789500604733994749e+00,4.300000000000000000e+01,4.451527593404201184e+02,1.090018421051717752e+02,2.514900000000000000e+06,9.219399999999999817e-02,-1.393220899999963933e+02,1.000000000000000000e+00
2.625802573481200025e-03,4.915789695586141907e-03,6.711460946262095550e-01,-2.719040357721286494e+00,2.000000000000000000e+01,7.494439227006136073e-02,0.000000000000000000e+00,0.000000000000000000e+00,0.000000000000000000e+00,0.000000000000000000e+00,-6.726326139011851524e+01,6.635969392871517769e+00,4.400000000000000000e+01,2.037129061026606962e+02,1.158793308320682627e+02,2.426200000000000000e+06,1.496899999999999897e-01,-3.227341709999966497e+02,1.000000000000000000e+00
2.605021091874499661e-03,4.225090808184652803e-03,6.549817073755241914e-01,3.539531157588523547e-01,2.000000000000000000e+01,8.169356827751184102e-02,0.000000000000000000e+00,0.000000000000000000e+00,0.000000000000000000e+00,0.000000000000000000e+00,-5.034501003882588321e+01,6.141164391303652437e+00,4.500000000000000000e+01,1.155368741260262368e+03,9.627514302879599484e+01,2.581100000000000000e+06,1.819199999999999984e-01,-4.041153260000271530e+02,1.000000000000000000e+00
2.597783870546866141e-03,4.561117955184561604e-03,1.146468490758035363e+00,-1.728901436320737561e+00,2.000000000000000000e+01,6.655708702941819099e-02,0.000000000000000000e+00,0.000000000000000000e+00,0.000000000000000000e+00,0.000000000000000000e+00,-5.936287521585599336e+01,7.387660934316969907e+00,4.600000000000000000e+01,4.561641319212963595e+02,1.059363479673668991e+02,2.562200000000000000e+06,9.379400000000000237e-02,-5.499100000000009203e+01,1.000000000000000000e+00
2.736515576699159041e-03,4.839195548886824141e-03,9.178646777753401986e-01,-1.526693326995389732e+00,2.000000000000000000e+01,7.298940450521096412e-02,0.000000000000000000e+00,0.000000000000000000e+00,0.000000000000000000e+00,0.000000000000000000e+00,-5.928149972608018459e+01,7.084176970736701051e+00,4.700000000000000000e+01,5.694419081177330781e+02,1.050837285182641097e+02,2.543700000000000000e+06,3.044999999999999929e-01,-6.462945719999502217e+02,1.000000000000000000e+00
2.758163029836924705e-03,4.438312531815464743e-03,6.519670753140538455e-01,2.486838855495761003e-01,2.000000000000000000e+01,7.484916684055983871e-02,0.000000000000000000e+00,0.000000000000000000e+00,0.000000000000000000e+00,0.000000000000000000e+00,-5.423673956126523876e+01,6.744414289881671465e+00,4.800000000000000000e+01,1.150609086064158419e+03,9.654720212583130490e+01,2.577300000000000000e+06,1.809900000000000120e-01,-4.127791699999748403e+02,1.000000000000000000e+00
2.503261086369767789e-03,4.584290850354667303e-03,7.370140799773217122e-01,-8.739545414254614730e-01,2.000000000000000000e+01,7.403177486668546803e-02,0.000000000000000000e+00,0.000000000000000000e+00,0.000000000000000000e+00,0.000000000000000000e+00,-6.027220244041016883e+01,6.509414429434297489e+00,4.900000000000000000e+01,6.957132551427553153e+02,1.038447362124598499e+02,2.497900000000000000e+06,2.016799999999999982e-01,-4.246739700000341031e+02,1.000000000000000000e+00
2.497053275891316683e-03,4.512300352425993241e-03,9.761693636775705674e-01,2.800302103127730313e-02,2.000000000000000000e+01,7.356476759228067208e-02,0.000000000000000000e+00,0.000000000000000000e+00,0.000000000000000000e+00,0.000000000000000000e+00,-6.097415773563604091e+01,6.688697983858371998e+00,5.000000000000000000e+01,6.877099220380594033e+02,1.040606976879036552e+02,2.500800000000000000e+06,1.762799999999999923e-01,-2.246458669999939275e+02,1.000000000000000000e+00
2.782254133925938112e-03,4.787250997936624668e-03,6.134836778182070072e-01,5.005532307757679794e-02,2.000000000000000000e+01,8.043850501912372386e-02,0.000000000000000000e+00,0.000000000000000000e+00,0.000000000000000000e+00,0.000000000000000000e+00,-4.928549029811111382e+01,6.169238598419682695e+00,5.100000000000000000e+01,1.088401883771078474e+03,9.704671951935937102e+01,2.579600000000000000e+06,2.483899999999999997e-01,-7.402862000001009619e+02,1.000000000000000000e+00
2.606649144790919650e-03,4.848443250104358254e-03,6.480482813613233084e-01,-4.225482352855033374e-01,2.000000000000000000e+01,7.577281869061214259e-02,0.000000000000000000e+00,0.000000000000000000e+00,0.000000000000000000e+00,0.000000000000000000e+00,-5.702358978970625003e+01,7.089048929738021698e+00,5.200000000000000000e+01,8.723441928007420074e+02,1.006633597219723413e+02,2.570500000000000000e+06,1.168899999999999939e-01,-1.971761000000028901e+02,1.000000000000000000e+00
2.802894909089125378e-03,4.596001159596907470e-03,7.999810665283848543e-01,5.028765608867451498e-01,2.000000000000000000e+01,7.301398475932219245e-02,0.000000000000000000e+00,0.000000000000000000e+00,0.000000000000000000e+00,0.000000000000000000e+00,-5.578097580667582633e+01,6.491770073115104012e+00,5.300000000000000000e+01,1.107578972765593562e+03,9.702427695759180892e+01,2.543700000000000000e+06,3.826999999999999846e-01,-1.170435190999889755e+03,1.000000000000000000e+00
2.363397394263406365e-03,5.024226379579557582e-03,6.622997727957018466e-01,-6.975839307612901052e-01,2.000000000000000000e+01,7.503654275658169781e-02,0.000000000000000000e+00,0.000000000000000000e+00,0.000000000000000000e+00,0.000000000000000000e+00,-5.933948905762279225e+01,6.843834166583905088e+00,5.400000000000000000e+01,7.116122642110178731e+02,1.032412264775364434e+02,2.528900000000000000e+06,1.366100000000000092e-01,-2.437050980000148570e+02,1.000000000000000000e+00
2.713243481211218174e-03,4.940126671245754705e-03,6.019790131241065101e-01,1.728858950606957379e-01,2.000000000000000000e+01,7.445437697402640387e-02,0.000000000000000000e+00,0.000000000000000000e+00,0.000000000000000000e+00,0.000000000000000000e+00,-5.544248295435676965e+01,6.702179525916612590e+00,5.500000000000000000e+01,1.083136694178652988e+03,9.761564852310051776e+01,2.561600000000000000e+06,2.423399999999999999e-01,-7.659675100000847578e+02,1.000000000000000000e+00
2.561393417472335697e-03,4.617352204978867995e-03,6.009885232662175447e-01,3.223943990566507378e-01,2.000000000000000000e+01,7.491164652339565855e-02,0.000000000000000000e+00,0.000000000000000000e+00,0.000000000000000000e+00,0.000000000000000000e+00,-5.725758340604281216e+01,6.284426567069473890e+00,5.600000000000000000e+01,1.061741296214136355e+03,9.833656766484612888e+01,2.515300000000000000e+06,1.825700000000000101e-01,-4.725917119999538727e+02,1.000000000000000000e+00
2.307967794672013701e-03,5.165994161979398785e-03,9.994821226213228549e-01,-2.314683513381337321e-01,2.000000000000000000e+01,7.194023886645599386e-02,0.000000000000000000e+00,0.000000000000000000e+00,0.000000000000000000e+00,0.000000000000000000e+00,-6.004952013431767455e+01,7.134413023782457230e+00,5.700000000000000000e+01,6.235347114865760432e+02,1.043772161558191982e+02,2.538100000000000000e+06,5.965899999999999537e-01,-1.475805739000257063e+03,1.000000000000000000e+00
2.763320829158110760e-03,4.521221081773911174e-03,6.740507745739866552e-01,-3.018997821734728526e-01,2.000000000000000000e+01,7.446861285326050739e-02,0.000000000000000000e+00,0.000000000000000000e+00,0.000000000000000000e+00,0.000000000000000000e+00,-5.602667869433541625e+01,6.504459516954538500e+00,5.800000000000000000e+01,1.018822746654340904e+03,9.901770841733015516e+01,2.542500000000000000e+06,2.086199999999999999e-01,-5.190756000000308177e+02,1.000000000000000000e+00
2.872949984755989936e-03,4.736829424257344226e-03,6.589669255157990513e-01,3.565772352042361759e-01,2.000000000000000000e+01,7.479789429268765555e-02,0.000000000000000000e+00,0.000000000000000000e+00,0.000000000000000000e+00,0.000000000000000000e+00,-5.695067820639765444e+01,6.605905193281864207e+00,5.900000000000000000e+01,1.061549805821028940e+03,9.850732097420076627e+01,2.539300000000000000e+06,1.776699999999999946e-01,-4.195552270000125645e+02,1.000000000000000000e+00
2.504498925331386135e-03,4.548325614824206067e-03,8.390832407704200691e-01,-1.017065364269554850e+00,2.000000000000000000e+01,7.336778065686179462e-02,0.000000000000000000e+00,0.000000000000000000e+00,0.000000000000000000e+00,0.000000000000000000e+00,-6.017576159850156614e+01,6.834382747505012290e+00,6.000000000000000000e+01,6.052210639457282468e+02,1.046785015577175102e+02,2.518600000000000000e+06,2.489399999999999946e-01,-5.026382739999603473e+02,1.000000000000000000e+00
1.972882049792241098e-03,4.693402771938928741e-03,9.780673019649279709e-01,-4.767145917359378871e-01,2.000000000000000000e+01,6.666788925146664713e-02,0.000000000000000000e+00,0.000000000000000000e+00,0.000000000000000000e+00,0.000000000000000000e+00,-6.048851482018429238e+01,6.829021153835832081e+00,6.100000000000000000e+01,6.263609297478999451e+02,1.042728579410059950e+02,2.515400000000000000e+06,9.523700000000000221e-02,-5.925606699999887184e+01,1.000000000000000000e+00
2.595709462674670141e-03,5.020802420828712580e-03,6.024590541859676796e-01,1.691734811621566914e-01,2.000000000000000000e+01,7.445029824819926478e-02,0.000000000000000000e+00,0.000000000000000000e+00,0.000000000000000000e+00,0.000000000000000000e+00,-5.569164164419464669e+01,6.704179277632942302e+00,6.200000000000000000e+01,1.063077408299079707e+03,9.783108481445398752e+01,2.559000000000000000e+06,2.303000000000000047e-01,-6.728806079999284293e+02,1.000000000000000000e+00
2.724883297849530622e-03,4.774810954221317405e-03,8.899591171985968829e-01,-1.240286767380379462e+00,2.000000000000000000e+01,7.299194598823735558e-02,0.000000000000000000e+00,0.000000000000000000e+00,0.000000000000000000e+00,0.000000000000000000e+00,-5.954018490761990279e+01,7.084473344208651824e+00,6.300000000000000000e+01,5.866216383298615256e+02,1.048190893176134892e+02,2.540600000000000000e+06,3.165100000000000136e-01,-7.323864790000868652e+02,1.000000000000000000e+00
2.622482377300914234e-03,4.521878062019230905e-03,8.611545460962433118e-01,-8.554831168754630788e-01,2.000000000000000000e+01,7.269647037563851943e-02,0.000000000000000000e+00,0.000000000000000000e+00,0.000000000000000000e+00,0.000000000000000000e+00,-5.814302321220280589e+01,6.990299814106088583e+00,6.400000000000000000e+01,7.337017691993423796e+02,1.025360316348200485e+02,2.551200000000000000e+06,4.247099999999999764e-01,-1.224474000000162505e+03,1.000000000000000000e+00
2.769592744544876681e-03,4.736431588066216530e-03,6.526785665055300223e-01,-9.909836791894763297e-02,2.000000000000000000e+01,7.508745965699850644e-02,0.000000000000000000e+00,0.000000000000000000e+00,0.000000000000000000e+00,0.000000000000000000e+00,-5.600093515543198919e+01,6.735828925352180363e+00,6.500000000000000000e+01,1.029856406836859605e+03,9.874361258312760015e+01,2.558100000000000000e+06,1.560999999999999888e-01,-3.359997870000202056e+02,1.000000000000000000e+00
2.548799430239342013e-03,4.733960076685044330e-03,8.461416572594772090e-01,-1.230237985326886774e+00,2.000000000000000000e+01,7.942541858246754405e-02,0.000000000000000000e+00,0.000000000000000000e+00,0.000000000000000000e+00,0.000000000000000000e+00,-6.318779117889545915e+01,7.368757363122008464e+00,6.600000000000000000e+01,6.542674766278962579e+02,1.042720635604340060e+02,2.547200000000000000e+06,1.195100000000000051e-01,-1.520522849999993866e+02,1.000000000000000000e+00
2.932084339070391722e-03,2.010481459205622472e-03,9.453928719011396309e-01,1.596926870792129971e-01,2.000000000000000000e+01,6.114377987849144158e-02,0.000000000000000000e+00,0.000000000000000000e+00,0.000000000000000000e+00,0.000000000000000000e+00,-6.165225144400777424e+01,7.536549984823387227e+00,6.700000000000000000e+01,7.773148285770780603e+02,1.007238316214745026e+02,2.603900000000000000e+06,7.919900000000000551e-02,-6.249677999999954636e+01,1.000000000000000000e+00
2.541477203435941155e-03,5.046152994589636273e-03,6.484407071552231727e-01,-4.617507186749786330e-01,2.000000000000000000e+01,7.575317791048667704e-02,0.000000000000000000e+00,0.000000000000000000e+00,0.000000000000000000e+00,0.000000000000000000e+00,-5.702240708660363566e+01,6.955332536786672293e+00,6.800000000000000000e+01,9.020552162780712706e+02,1.005609390088861375e+02,2.562200000000000000e+06,1.138900000000000051e-01,-1.865093999999946277e+02,1.000000000000000000e+00
2.641888093706553590e-03,4.485507141473787235e-03,6.214262520795141853e-01,6.693516007369448850e-02,2.000000000000000000e+01,7.474013010238168830e-02,0.000000000000000000e+00,0.000000000000000000e+00,0.000000000000000000e+00,0.000000000000000000e+00,-5.682376318140720173e+01,6.292285371465498933e+00,6.900000000000000000e+01,1.051476229692271318e+03,9.856753542767143017e+01,2.520100000000000000e+06,2.006199999999999928e-01,-5.325411489999735295e+02,1.000000000000000000e+00
2.548527431774894568e-03,4.981732622897017820e-03,6.220823041885459315e-01,-3.213079447307420899e-01,2.000000000000000000e+01,7.412044478046142526e-02,0.000000000000000000e+00,0.000000000000000000e+00,0.000000000000000000e+00,0.000000000000000000e+00,-5.546323258265559275e+01,7.227122824475498142e+00,7.000000000000000000e+01,9.130538393441165681e+02,9.912857523178516317e+01,2.596700000000000000e+06,2.664699999999999847e-01,-7.947813179998606756e+02,1.000000000000000000e+00
2.350921325723072820e-03,4.905057568351222849e-03,6.608453291389869699e-01,1.751161322114911656e-01,2.000000000000000000e+01,7.431730612034345707e-02,0.000000000000000000e+00,0.000000000000000000e+00,0.000000000000000000e+00,0.000000000000000000e+00,-5.728824266014644451e+01,6.263132176943383200e+00,7.100000000000000000e+01,1.043080136057390746e+03,9.864159489763261490e+01,2.513700000000000000e+06,1.873499999999999888e-01,-4.039818849999686563e+02,1.000000000000000000e+00
2.557014750952029975e-03,4.965052812846294794e-03,6.440383498893232916e-01,-5.657049908993148080e-01,2.000000000000000000e+01,7.433935200637992180e-02,0.000000000000000000e+00,0.000000000000000000e+00,0.000000000000000000e+00,0.000000000000000000e+00,-5.537862628183138725e+01,7.113960089539300924e+00,7.200000000000000000e+01,9.071308328521382691e+02,9.961792644321504042e+01,2.590000000000000000e+06,2.245300000000000074e-01,-5.628787319999036072e+02,1.000000000000000000e+00
3.094978856430641648e-03,4.580924597907445883e-03,5.565862012752411658e-01,1.946405703082023653e+00,2.000000000000000000e+01,7.528597753548091354e-02,0.000000000000000000e+00,0.000000000000000000e+00,0.000000000000000000e+00,0.000000000000000000e+00,-4.545065337930896732e+01,6.420851131845431325e+00,7.300000000000000000e+01,1.946173635785004308e+03,8.836204971445823730e+01,2.636400000000000000e+06,2.240800000000000014e-01,-6.990799199999706843e+02,1.000000000000000000e+00
2.768442516855265483e-03,4.203582514850845962e-03,6.122899125837979462e-01,1.753503126598328299e+00,2.000000000000000000e+01,7.379481872916202057e-02,0.000000000000000000e+00,0.000000000000000000e+00,0.000000000000000000e+00,0.000000000000000000e+00,-4.531790179377867389e+01,6.203139684154065137e+00,7.400000000000000000e+01,1.879049809685237733e+03,8.894566765123983032e+01,2.620100000000000000e+06,3.982899999999999774e-01,-1.535968748999420313e+03,1.000000000000000000e+00
3.318116931967694284e-03,4.002853942963032971e-03,6.112849143194762913e-01,1.878611637030865866e+00,2.000000000000000000e+01,7.492644463358696938e-02,0.000000000000000000e+00,0.000000000000000000e+00,0.000000000000000000e+00,0.000000000000000000e+00,-4.752629285514378665e+01,6.142501859000957687e+00,7.500000000000000000e+01,1.814976009912063319e+03,8.946133595884819556e+01,2.596000000000000000e+06,2.565000000000000058e-01,-8.673251999999275768e+02,1.000000000000000000e+00
3.148902759041231642e-03,3.880958578624162363e-03,5.931236407800920540e-01,1.610894631116314368e+00,2.000000000000000000e+01,7.571367176055886217e-02,0.000000000000000000e+00,0.000000000000000000e+00,0.000000000000000000e+00,0.000000000000000000e+00,-4.768025854338756631e+01,6.391426620606694087e+00,7.600000000000000000e+01,1.740184202856476759e+03,8.978516725382206687e+01,2.614900000000000000e+06,1.767600000000000005e-01,-4.673264399999777083e+02,1.000000000000000000e+00
2.977878297699727058e-03,4.787204578801620980e-03,5.540122544348364819e-01,1.444512613359708375e+00,2.000000000000000000e+01,7.444857970500970423e-02,0.000000000000000000e+00,0.000000000000000000e+00,0.000000000000000000e+00,0.000000000000000000e+00,-4.842589162010223447e+01,6.624999832254779619e+00,7.700000000000000000e+01,1.686134345061425392e+03,9.025535108154865327e+01,2.625900000000000000e+06,3.352100000000000080e-01,-1.379116430999566091e+03,1.000000000000000000e+00
3.446147354105456861e-03,5.077379309938518347e-03,8.234103386757214427e-01,7.619951213179936289e-01,2.000000000000000000e+01,7.272519254275475187e-02,0.000000000000000000e+00,0.000000000000000000e+00,0.000000000000000000e+00,0.000000000000000000e+00,-4.682154337233237129e+01,7.358883738439004674e+00,7.800000000000000000e+01,1.632714417454829118e+03,9.119738489680939608e+01,2.699700000000000000e+06,6.200599999999999445e-01,-2.043307560000547937e+03,1.000000000000000000e+00
3.177899854782570768e-03,4.280057855640168399e-03,5.875288638411935160e-01,1.933056018631546191e+00,2.000000000000000000e+01,7.391738853165731593e-02,0.000000000000000000e+00,0.000000000000000000e+00,0.000000000000000000e+00,0.000000000000000000e+00,-4.310993422646804163e+01,6.299416611134615707e+00,7.900000000000000000e+01,2.123870051546030936e+03,8.800405026520235197e+01,2.646400000000000000e+06,4.680099999999999816e-01,-2.187136709999942013e+03,1.000000000000000000e+00
3.068864858445551763e-03,4.625788466606335636e-03,5.201927075712016180e-01,2.137964455135827446e+00,2.000000000000000000e+01,7.474841648573321562e-02,0.000000000000000000e+00,0.000000000000000000e+00,0.000000000000000000e+00,0.000000000000000000e+00,-4.392404106013714227e+01,6.115108506449995929e+00,8.000000000000000000e+01,2.109387910977095089e+03,8.806764242567128065e+01,2.623900000000000000e+06,3.422299999999999787e-01,-1.519052699999672541e+03,1.000000000000000000e+00
3.121424209488289810e-03,4.353412406548845884e-03,6.250437563302549959e-01,1.315223985738196211e+00,2.000000000000000000e+01,7.410321315376222628e-02,0.000000000000000000e+00,0.000000000000000000e+00,0.000000000000000000e+00,0.000000000000000000e+00,-4.651408838167467508e+01,6.627377869811699185e+00,8.100000000000000000e+01,1.722885685582169117e+03,8.983920485831863800e+01,2.643900000000000000e+06,3.675999999999999823e-01,-1.403676789999996799e+03,1.000000000000000000e+00
2.943440726278855057e-03,4.813057513514788777e-03,5.593402114442265205e-01,1.490590101593022521e+00,2.000000000000000000e+01,7.495037394289214006e-02,0.000000000000000000e+00,0.000000000000000000e+00,0.000000000000000000e+00,0.000000000000000000e+00,-4.812869399899412315e+01,6.625272205626560051e+00,8.200000000000000000e+01,1.700403920459557867e+03,9.004210124220369948e+01,2.628700000000000000e+06,2.454600000000000115e-01,-7.907840999998700227e+02,1.000000000000000000e+00
3.531080307334732993e-03,4.765972215411204763e-03,5.053033377572854201e-01,2.413918389586191093e+00,2.000000000000000000e+01,7.143000573650558349e-02,0.000000000000000000e+00,0.000000000000000000e+00,0.000000000000000000e+00,0.000000000000000000e+00,-4.600665826194401120e+01,6.189798045387746583e+00,8.300000000000000000e+01,2.320854855582259916e+03,8.705326416637316811e+01,2.666300000000000000e+06,1.602200000000000013e-01,-4.128897000000162052e+02,1.000000000000000000e+00
2.830765993581670775e-03,4.570438169236140311e-03,5.188979322787743431e-01,2.438230168741531312e+00,2.000000000000000000e+01,7.498603157350038073e-02,0.000000000000000000e+00,0.000000000000000000e+00,0.000000000000000000e+00,0.000000000000000000e+00,-4.093195484821669794e+01,6.115841177996106381e+00,8.400000000000000000e+01,2.238186085855446890e+03,8.737181423534934765e+01,2.647500000000000000e+06,2.773399999999999754e-01,-9.967042540000908275e+02,1.000000000000000000e+00
2.951659224571082790e-03,4.553201387014278040e-03,5.317445856665071746e-01,2.182671885804752243e+00,2.000000000000000000e+01,7.649320292946203137e-02,0.000000000000000000e+00,0.000000000000000000e+00,0.000000000000000000e+00,0.000000000000000000e+00,-4.375156297702027075e+01,6.444103233405961362e+00,8.500000000000000000e+01,2.172303594989525209e+03,8.753120291444440682e+01,2.653200000000000000e+06,1.354200000000000126e-01,-3.130103999999967641e+02,1.000000000000000000e+00
2.876386128315480510e-03,4.325818909672082824e-03,5.995461303430414945e-01,1.047279208895999236e+00,2.000000000000000000e+01,7.467869657817850781e-02,0.000000000000000000e+00,0.000000000000000000e+00,0.000000000000000000e+00,0.000000000000000000e+00,-4.932975722181583933e+01,6.272453927385387651e+00,8.600000000000000000e+01,1.568108792666477484e+03,9.191057864708109548e+01,2.590600000000000000e+06,2.532300000000000106e-01,-8.043241299999124294e+02,1.000000000000000000e+00
2.976063936911731503e-03,4.283378781979657254e-03,6.024759022586815282e-01,1.178997928882757673e+00,2.000000000000000000e+01,7.479343150916005489e-02,0.000000000000000000e+00,0.000000000000000000e+00,0.000000000000000000e+00,0.000000000000000000e+00,-4.980733844441859048e+01,6.236387533893648971e+00,8.700000000000000000e+01,1.578388029368311891e+03,9.172005291365118751e+01,2.583300000000000000e+06,2.434900000000000120e-01,-7.750496000000051708e+02,1.000000000000000000e+00
2.575016876185637349e-03,4.677139077500870601e-03,5.639835550055737334e-01,1.012537752796018209e+00,2.000000000000000000e+01,7.432477748302365739e-02,0.000000000000000000e+00,0.000000000000000000e+00,0.000000000000000000e+00,0.000000000000000000e+00,-5.041700495339557619e+01,6.143337187674319466e+00,8.800000000000000000e+01,1.538705745387893558e+03,9.248530502848542767e+01,2.570700000000000000e+06,2.952099999999999724e-01,-1.057634225999876435e+03,1.000000000000000000e+00
2.487116654217787735e-03,4.873121765735954035e-03,5.057392910297030530e-01,8.942192262933376101e-01,2.000000000000000000e+01,7.497783452743971011e-02,0.000000000000000000e+00,0.000000000000000000e+00,0.000000000000000000e+00,0.000000000000000000e+00,-5.340251751535100766e+01,6.979978845174988678e+00,8.900000000000000000e+01,1.524381948712733674e+03,9.277511913540115529e+01,2.569500000000000000e+06,1.899399999999999977e-01,-5.600948090000326829e+02,1.000000000000000000e+00
3.327800909715138838e-03,1.678232828319206182e-03,5.116503766771431927e-01,-3.324538538483700290e+00,2.000000000000000000e+01,6.744924300457832977e-02,0.000000000000000000e+00,0.000000000000000000e+00,0.000000000000000000e+00,0.000000000000000000e+00,-7.525046277526692506e+01,6.977801289111750016e+00,9.000000000000000000e+01,1.596736633247166424e+02,1.517486864609870736e+02,2.282300000000000000e+06,4.986600000000000060e-02,-9.147179999999960387e+01,1.000000000000000000e+00
3.024874544524565508e-03,4.453137709353712295e-03,6.453725783176842423e-01,8.233174047325307887e-01,2.000000000000000000e+01,7.432684778467693598e-02,0.000000000000000000e+00,0.000000000000000000e+00,0.000000000000000000e+00,0.000000000000000000e+00,-5.050933903596987307e+01,6.493121328472815534e+00,9.100000000000000000e+01,1.455847577038928421e+03,9.288982174586836038e+01,2.596100000000000000e+06,2.770699999999999830e-01,-8.722803299999494584e+02,1.000000000000000000e+00
3.311678866448143459e-03,3.930454402582024900e-03,7.347643322821091338e-01,6.719031923878650003e-01,2.000000000000000000e+01,7.451149738363649355e-02,0.000000000000000000e+00,0.000000000000000000e+00,0.000000000000000000e+00,0.000000000000000000e+00,-5.143070183729442135e+01,6.583891118179051816e+00,9.200000000000000000e+01,1.390375788598876170e+03,9.374309159333874675e+01,2.594100000000000000e+06,2.212000000000000077e-01,-5.490192000000662347e+02,1.000000000000000000e+00
2.697151657421804124e-03,4.905034286950321967e-03,5.772458400856712579e-01,4.533958960300913388e-01,2.000000000000000000e+01,7.494808844302419670e-02,0.000000000000000000e+00,0.000000000000000000e+00,0.000000000000000000e+00,0.000000000000000000e+00,-5.483525631563624358e+01,6.396525323774124416e+00,9.300000000000000000e+01,1.215514498917121500e+03,9.627173075787814582e+01,2.547000000000000000e+06,2.014400000000000079e-01,-5.797650999999026453e+02,1.000000000000000000e+00
3.100699660006011812e-03,3.747674151528583401e-03,6.086267056027868660e-01,-7.359888319659519951e+00,2.000000000000000000e+01,7.466845341064681785e-02,0.000000000000000000e+00,0.000000000000000000e+00,0.000000000000000000e+00,0.000000000000000000e+00,-7.398039447407948899e+01,6.790215629476347381e+00,9.400000000000000000e+01,1.691850320796052642e+02,1.522314061467085082e+02,2.343300000000000000e+06,6.661299999999999999e-01,-2.963151660001097298e+03,1.000000000000000000e+00
2.843396061987812223e-03,4.507412562547925480e-03,6.131869221927835900e-01,1.094934667681108698e+00,2.000000000000000000e+01,7.390028695284742155e-02,0.000000000000000000e+00,0.000000000000000000e+00,0.000000000000000000e+00,0.000000000000000000e+00,-5.065312670917683135e+01,6.071965351423505908e+00,9.500000000000000000e+01,1.585393923933831957e+03,9.240014733605438835e+01,2.563100000000000000e+06,3.587799999999999878e-01,-1.427759621999848150e+03,1.000000000000000000e+00
2.874862599489288670e-03,4.389374750833376082e-03,6.268744605777121226e-01,-3.540950155692236478e+00,2.000000000000000000e+01,7.574729707110564036e-02,0.000000000000000000e+00,0.000000000000000000e+00,0.000000000000000000e+00,0.000000000000000000e+00,-7.153428822085858485e+01,6.442169241462778473e+00,9.600000000000000000e+01,1.707303978677643386e+02,1.232816276598074694e+02,2.366700000000000000e+06,1.351700000000000124e-01,-3.189322240000185502e+02,1.000000000000000000e+00
2.812981284823358463e-03,4.809627275177503526e-03,6.265400778813849936e-01,1.182900763908781627e+00,2.000000000000000000e+01,7.392433470787852789e-02,0.000000000000000000e+00,0.000000000000000000e+00,0.000000000000000000e+00,0.000000000000000000e+00,-5.424972332856939516e+01,6.203172394183208205e+00,9.700000000000000000e+01,1.376195582033151823e+03,9.434272691498880192e+01,2.538900000000000000e+06,3.116099999999999981e-01,-1.142269594000244297e+03,1.000000000000000000e+00
2.727829650909998401e-03,4.633242139806663731e-03,6.713789079931656856e-01,6.822955566754397294e-01,2.000000000000000000e+01,7.086963280287836286e-02,0.000000000000000000e+00,0.000000000000000000e+00,0.000000000000000000e+00,0.000000000000000000e+00,-5.832103300068101959e+01,6.097971792000832281e+00,9.800000000000000000e+01,1.314567591498841466e+03,9.460025197144256026e+01,2.565800000000000000e+06,2.724800000000000000e-01,-8.126773999998854379e+02,1.000000000000000000e+00
3.112425567637655890e-03,1.828215148986723571e-03,4.490415461810555731e-01,-5.187009656490535470e+00,2.000000000000000000e+01,6.850357493230584127e-02,0.000000000000000000e+00,0.000000000000000000e+00,0.000000000000000000e+00,0.000000000000000000e+00,-9.305028536753900426e+01,6.147976787355549533e+00,9.900000000000000000e+01,1.703958022113375819e+02,1.607327750279976897e+02,2.242600000000000000e+06,4.742500000000000188e-02,-8.766401999999948202e+01,1.000000000000000000e+00
2.947627755331136152e-03,4.052744584411359201e-03,6.987726848883292208e-01,6.756432448208493646e-01,2.000000000000000000e+01,7.277539335809429799e-02,0.000000000000000000e+00,0.000000000000000000e+00,0.000000000000000000e+00,0.000000000000000000e+00,-6.022486602228476471e+01,5.599288592975343093e+00,1.000000000000000000e+02,1.192683935063614626e+03,9.630178342928479651e+01,2.559200000000000000e+06,1.904500000000000082e-01,-4.697314440000157560e+02,1.000000000000000000e+00
2.692855220667308286e-03,4.574116048191711505e-03,6.299564798142975874e-01,3.142632903534331446e-01,2.000000000000000000e+01,7.529779790918036952e-02,0.000000000000000000e+00,0.000000000000000000e+00,0.000000000000000000e+00,0.000000000000000000e+00,-5.456388587833206572e+01,6.565277106286049325e+00,1.010000000000000000e+02,1.189946362062511980e+03,9.649917912980779988e+01,2.561800000000000000e+06,1.493599999999999928e-01,-3.179547140000016725e+02,1.000000000000000000e+00
2.914672898010052700e-03,4.633956793417944899e-03,6.090592059290493854e-01,6.262459795145671748e-01,2.000000000000000000e+01,7.435167694151798012e-02,0.000000000000000000e+00,0.000000000000000000e+00,0.000000000000000000e+00,0.000000000000000000e+00,-5.412849133358234610e+01,6.430221455651759399e+00,1.020000000000000000e+02,1.262110984867444813e+03,9.544774635653610062e+01,2.556100000000000000e+06,2.858800000000000230e-01,-1.008690626999972096e+03,1.000000000000000000e+00
2.505520942183959987e-03,5.218746061252227050e-03,6.849938483714828052e-01,3.811907094469855761e-01,2.000000000000000000e+01,7.282670672302837822e-02,0.000000000000000000e+00,0.000000000000000000e+00,0.000000000000000000e+00,0.000000000000000000e+00,-5.330472569047334730e+01,6.969199701527944768e+00,1.030000000000000000e+02,1.229944021140802761e+03,9.564743846223848323e+01,2.602400000000000000e+06,4.752600000000000158e-01,-1.721615129999648389e+03,1.000000000000000000e+00
2.913172825158282311e-03,4.746674061499749075e-03,6.293132485054129255e-01,5.080463171872582340e-01,2.000000000000000000e+01,7.461232503271371386e-02,0.000000000000000000e+00,0.000000000000000000e+00,0.000000000000000000e+00,0.000000000000000000e+00,-5.409327135215826843e+01,6.579181350072268231e+00,1.040000000000000000e+02,1.229743134665561684e+03,9.575447450080754663e+01,2.567100000000000000e+06,2.267200000000000049e-01,-6.477541000000337590e+02,1.000000000000000000e+00
2.856730400194384609e-03,4.456757003347805099e-03,6.383708826882295018e-01,6.631642138932367647e-01,2.000000000000000000e+01,7.439033519091037272e-02,0.000000000000000000e+00,0.000000000000000000e+00,0.000000000000000000e+00,0.000000000000000000e+00,-5.358947175081083003e+01,6.488603925691283969e+00,1.050000000000000000e+02,1.264701985135157429e+03,9.503065687049901555e+01,2.565800000000000000e+06,2.503199999999999870e-01,-7.599593400001149348e+02,1.000000000000000000e+00
2.917193377439284904e-03,4.809893294246395459e-03,6.045394746839909406e-01,9.324630941754040725e-01,2.000000000000000000e+01,7.417981409166954365e-02,0.000000000000000000e+00,0.000000000000000000e+00,0.000000000000000000e+00,0.000000000000000000e+00,-5.384358825630668832e+01,6.698940744296503880e+00,1.060000000000000000e+02,1.276504446070842050e+03,9.484386808759502685e+01,2.577500000000000000e+06,3.079399999999999915e-01,-1.158920127000373441e+03,1.000000000000000000e+00
2.915594116883867253e-03,4.748713189146887281e-03,6.408540042854665719e-01,5.100175924654558601e-01,2.000000000000000000e+01,7.438531350397464825e-02,0.000000000000000000e+00,0.000000000000000000e+00,0.000000000000000000e+00,0.000000000000000000e+00,-5.368896906053864626e+01,6.589829998060422689e+00,1.070000000000000000e+02,1.245737929292470881e+03,9.547216462617217303e+01,2.571800000000000000e+06,2.450799999999999923e-01,-7.296803999999762027e+02,1.000000000000000000e+00
2.978525421889824387e-03,4.540729000721390254e-03,6.894129177212161563e-01,6.765459245426742596e-01,2.000000000000000000e+01,7.513433239859582113e-02,0.000000000000000000e+00,0.000000000000000000e+00,0.000000000000000000e+00,0.000000000000000000e+00,-5.475417538434830078e+01,6.673491011033524600e+00,1.080000000000000000e+02,1.222942294890629000e+03,9.604933227752601965e+01,2.567000000000000000e+06,1.500499999999999889e-01,-3.033614999999945780e+02,1.000000000000000000e+00
2.933977097228466103e-03,4.209097595350914586e-03,6.022501886344836519e-01,8.464244191149336016e-01,2.000000000000000000e+01,7.545255200484188296e-02,0.000000000000000000e+00,0.000000000000000000e+00,0.000000000000000000e+00,0.000000000000000000e+00,-5.360394590746406607e+01,6.474018519573871089e+00,1.090000000000000000e+02,1.323162749964246814e+03,9.464463919737528386e+01,2.564700000000000000e+06,1.686199999999999921e-01,-4.303200000000330192e+02,1.000000000000000000e+00
2.526509487327332701e-03,4.530373382457047668e-03,6.247443635341930479e-01,8.971582112930228670e-01,2.000000000000000000e+01,7.389266354129234160e-02,0.000000000000000000e+00,0.000000000000000000e+00,0.000000000000000000e+00,0.000000000000000000e+00,-5.214119423283927546e+01,6.075565273992914683e+00,1.100000000000000000e+02,1.421464363436317626e+03,9.355535095652496125e+01,2.550100000000000000e+06,3.041099999999999914e-01,-1.008942873999790550e+03,1.000000000000000000e+00
2.721931026539726496e-03,4.549805106899036146e-03,6.304607294602201373e-01,3.674899761036204970e-01,2.000000000000000000e+01,7.526500520552413531e-02,0.000000000000000000e+00,0.000000000000000000e+00,0.000000000000000000e+00,0.000000000000000000e+00,-5.449509396712165454e+01,6.561706134137592628e+00,1.110000000000000000e+02,1.199533317772789360e+03,9.633031137966018775e+01,2.562100000000000000e+06,1.525299999999999989e-01,-3.303588530000174615e+02,1.000000000000000000e+00
2.561136447889683556e-03,4.847857071228496746e-03,6.578604990018158682e-01,1.277898242480845215e-01,2.000000000000000000e+01,7.410175580219563463e-02,0.000000000000000000e+00,0.000000000000000000e+00,0.000000000000000000e+00,0.000000000000000000e+00,-5.705576156297539825e+01,6.257238148033076541e+00,1.120000000000000000e+02,1.054278605696537397e+03,9.857537298829382166e+01,2.515700000000000000e+06,2.335299999999999876e-01,-6.329963049999169016e+02,1.000000000000000000e+00
2.969475271640147941e-03,4.508412085648776102e-03,6.820029207701880924e-01,6.398763169111584270e-01,2.000000000000000000e+01,7.498703538846676619e-02,0.000000000000000000e+00,0.000000000000000000e+00,0.000000000000000000e+00,0.000000000000000000e+00,-5.517087929728163687e+01,6.751326356720236177e+00,1.130000000000000000e+02,1.171392143234236983e+03,9.656838951120914771e+01,2.568000000000000000e+06,1.622699999999999976e-01,-3.484628070000220532e+02,1.000000000000000000e+00
2.990916201655124604e-03,4.924631234320259870e-03,6.604145461618222690e-01,5.426163074823544541e-01,2.000000000000000000e+01,7.923162157188065602e-02,0.000000000000000000e+00,0.000000000000000000e+00,0.000000000000000000e+00,0.000000000000000000e+00,-5.322291314039902232e+01,6.670688562036477975e+00,1.140000000000000000e+02,1.169993568632630513e+03,9.683983488099428882e+01,2.561000000000000000e+06,1.617300000000000126e-01,-3.642583999999861817e+02,1.000000000000000000e+00
2.457128559667307120e-03,4.688967904844500156e-03,7.013348505439264136e-01,-1.136248577089599365e+00,2.000000000000000000e+01,7.399842465149079895e-02,0.000000000000000000e+00,0.000000000000000000e+00,0.000000000000000000e+00,0.000000000000000000e+00,-6.045968855149769183e+01,6.368727835452571817e+00,1.150000000000000000e+02,6.896405058397086805e+02,1.042569984626892108e+02,2.487600000000000000e+06,2.223700000000000121e-01,-5.325957000000179278e+02,1.000000000000000000e+00
2.804875462378519230e-03,4.760632770955389691e-03,6.513687505259533328e-01,8.810590024502490403e-02,2.000000000000000000e+01,7.596835845414608157e-02,0.000000000000000000e+00,0.000000000000000000e+00,0.000000000000000000e+00,0.000000000000000000e+00,-5.613432784368995243e+01,6.918477920805241155e+00,1.160000000000000000e+02,1.048923222190611796e+03,9.865768244172454615e+01,2.569200000000000000e+06,1.122500000000000026e-01,-1.939190000000035354e+02,1.000000000000000000e+00
2.794395442922295927e-03,5.000413186175667324e-03,6.199858473467784181e-01,5.138594718976809972e-01,2.000000000000000000e+01,7.538405790453606148e-02,0.000000000000000000e+00,0.000000000000000000e+00,0.000000000000000000e+00,0.000000000000000000e+00,-5.150175230118848901e+01,6.924918200614406771e+00,1.170000000000000000e+02,1.386622551995136973e+03,9.415186807598691132e+01,2.618700000000000000e+06,1.517900000000000083e-01,-3.184217270000217468e+02,1.000000000000000000e+00
3.563326710076159670e-03,3.321507609256044505e-03,5.543404321961036274e-01,-4.772298822934502915e+00,2.000000000000000000e+01,7.378242908802387645e-02,0.000000000000000000e+00,0.000000000000000000e+00,0.000000000000000000e+00,0.000000000000000000e+00,-7.635210491762261142e+01,7.089726943648229529e+00,1.180000000000000000e+02,1.714985539265487660e+02,1.497355884062332052e+02,2.330000000000000000e+06,6.953799999999999981e-01,-2.750831969999611829e+03,1.000000000000000000e+00
2.821914336330403651e-03,4.365009834407834050e-03,7.098935323464925506e-01,8.291129112717722238e-01,2.000000000000000000e+01,7.491649034508764127e-02,0.000000000000000000e+00,0.000000000000000000e+00,0.000000000000000000e+00,0.000000000000000000e+00,-5.167519630932484631e+01,6.073496246719875202e+00,1.190000000000000000e+02,1.507872439212549352e+03,9.354220191942594909e+01,2.554700000000000000e+06,1.534500000000000031e-01,-2.903848290000037764e+02,1.000000000000000000e+00
2.378997572275105658e-03,4.770661006348271560e-03,6.441435620762969716e-01,-1.712619039481870775e-01,2.000000000000000000e+01,7.471818681067268764e-02,0.000000000000000000e+00,0.000000000000000000e+00,0.000000000000000000e+00,0.000000000000000000e+00,-5.679801826179767943e+01,6.292055526746025862e+00,1.200000000000000000e+02,1.021275379475320960e+03,9.911043238514101006e+01,2.520500000000000000e+06,1.636700000000000099e-01,-3.429724999999774582e+02,1.000000000000000000e+00
3.013658516070948784e-03,4.324042690640784309e-03,6.455886647782821397e-01,-3.785832074021031612e+00,2.000000000000000000e+01,7.994020107593025060e-02,0.000000000000000000e+00,0.000000000000000000e+00,0.000000000000000000e+00,0.000000000000000000e+00,-7.980897648742235617e+01,5.672864776211349991e+00,1.210000000000000000e+02,1.777550418252350823e+02,1.216903993344466244e+02,2.346800000000000000e+06,1.123299999999999993e-01,-2.465315439999917828e+02,1.000000000000000000e+00
2.628589410439222725e-03,4.531164733554069769e-03,5.342295393674916237e-01,-5.003705839595990135e+00,2.000000000000000000e+01,8.162147979209807835e-02,0.000000000000000000e+00,0.000000000000000000e+00,0.000000000000000000e+00,0.000000000000000000e+00,-8.075219860556845219e+01,6.730888630178551324e+00,1.220000000000000000e+02,1.787591359569889846e+02,1.206194692101463914e+02,2.398000000000000000e+06,2.030599999999999905e-01,-6.468581960000690287e+02,1.000000000000000000e+00
2.855031109864885914e-03,3.982351382311932406e-03,7.411964240997034326e-01,-3.119393010118985288e+00,2.000000000000000000e+01,6.466027149685438236e-02,0.000000000000000000e+00,0.000000000000000000e+00,0.000000000000000000e+00,0.000000000000000000e+00,-6.878335443882824052e+01,6.274510158749390776e+00,1.230000000000000000e+02,1.851485891803142181e+02,1.164898925913900030e+02,2.391700000000000000e+06,5.900199999999999889e-02,-5.234185000000017141e+01,1.000000000000000000e+00
2.666050190352159920e-03,4.964187082526352185e-03,6.079605303462516375e-01,-3.463123573193452653e+00,2.000000000000000000e+01,7.541196807255227952e-02,0.000000000000000000e+00,0.000000000000000000e+00,0.000000000000000000e+00,0.000000000000000000e+00,-7.216712349206531485e+01,5.783764315993876082e+00,1.240000000000000000e+02,1.795044403179611834e+02,1.184806907132507234e+02,2.387100000000000000e+06,1.107000000000000067e-01,-2.075464870000035376e+02,1.000000000000000000e+00
2.635272996989245636e-03,4.971611623937847481e-03,6.044051234418436058e-01,2.249981005402649503e-01,2.000000000000000000e+01,7.453539339154022225e-02,0.000000000000000000e+00,0.000000000000000000e+00,0.000000000000000000e+00,0.000000000000000000e+00,-5.569901261694206340e+01,6.622050049815359607e+00,1.250000000000000000e+02,1.083379635450057549e+03,9.763965324008913171e+01,2.553600000000000000e+06,2.212300000000000100e-01,-6.331880969999630224e+02,1.000000000000000000e+00
2.769805629572138529e-03,4.849210689515861573e-03,6.726684928061064106e-01,6.897593261145966714e-01,2.000000000000000000e+01,7.434478215056899986e-02,0.000000000000000000e+00,0.000000000000000000e+00,0.000000000000000000e+00,0.000000000000000000e+00,-5.514750443288669857e+01,6.364083030432780674e+00,1.260000000000000000e+02,1.236137839022784874e+03,9.604476315232059846e+01,2.541800000000000000e+06,2.107400000000000106e-01,-5.190037930000390816e+02,1.000000000000000000e+00
2.603584609125224152e-03,4.600416956201490784e-03,5.971906199710406149e-01,2.022757287824813732e-01,2.000000000000000000e+01,7.579217789513048587e-02,0.000000000000000000e+00,0.000000000000000000e+00,0.000000000000000000e+00,0.000000000000000000e+00,-5.634300820692639888e+01,6.584659679475462823e+00,1.270000000000000000e+02,1.070509414016664095e+03,9.819193885716956061e+01,2.544500000000000000e+06,1.292699999999999960e-01,-2.662156000000017002e+02,1.000000000000000000e+00
2.737811446585039499e-03,5.025555623082107737e-03,6.551460394215338212e-01,1.961346680459672420e-01,2.000000000000000000e+01,7.532863893873213701e-02,0.000000000000000000e+00,0.000000000000000000e+00,0.000000000000000000e+00,0.000000000000000000e+00,-5.605530859100439756e+01,6.854945709523869724e+00,1.280000000000000000e+02,1.066805955002731935e+03,9.828047919966540746e+01,2.565700000000000000e+06,1.371300000000000019e-01,-2.606585519999794656e+02,1.000000000000000000e+00
2.411202301031812201e-03,4.459392893202809849e-03,6.646552512650596434e-01,1.874004186648950410e-01,2.000000000000000000e+01,7.414200289572313307e-02,0.000000000000000000e+00,0.000000000000000000e+00,0.000000000000000000e+00,0.000000000000000000e+00,-5.796171453316690503e+01,6.035857394267278409e+00,1.290000000000000000e+02,1.031711206948080871e+03,9.885541004291923173e+01,2.492700000000000000e+06,2.203700000000000103e-01,-5.521212900000518857e+02,1.000000000000000000e+00
2.613029994757596827e-03,4.602803431716644134e-03,6.070915992039240816e-01,-3.866595856666579789e-01,2.000000000000000000e+01,7.573319968705805039e-02,0.000000000000000000e+00,0.000000000000000000e+00,0.000000000000000000e+00,0.000000000000000000e+00,-5.530603237564914565e+01,6.678072239115126152e+00,1.300000000000000000e+02,1.040608656651320871e+03,9.883115390851008897e+01,2.562000000000000000e+06,1.325600000000000112e-01,-2.684421999999874515e+02,1.000000000000000000e+00
2.713046474374852541e-03,4.295532452390202899e-03,5.921279180184311208e-01,5.022991813287220886e-01,2.000000000000000000e+01,7.464423364086998636e-02,0.000000000000000000e+00,0.000000000000000000e+00,0.000000000000000000e+00,0.000000000000000000e+00,-5.276900715903368422e+01,6.286895292680618752e+00,1.310000000000000000e+02,1.312966489640866712e+03,9.491012738563698292e+01,2.559500000000000000e+06,2.473299999999999943e-01,-8.059388960000901534e+02,1.000000000000000000e+00
2.945950221830051854e-03,4.512685410685568672e-03,6.519923574850045034e-01,1.124308176953960015e+00,2.000000000000000000e+01,7.407128286613345880e-02,0.000000000000000000e+00,0.000000000000000000e+00,0.000000000000000000e+00,0.000000000000000000e+00,-5.415398170566263047e+01,6.031428399416768116e+00,1.320000000000000000e+02,1.391152571573200248e+03,9.425841078858401545e+01,2.527900000000000000e+06,2.875900000000000123e-01,-9.781701999999024792e+02,1.000000000000000000e+00
2.534614275016202223e-03,4.681438526487272621e-03,7.371478948559753164e-01,-5.037961144160860716e-01,2.000000000000000000e+01,7.338025532209106749e-02,0.000000000000000000e+00,0.000000000000000000e+00,0.000000000000000000e+00,0.000000000000000000e+00,-6.032288568215177094e+01,6.582920792371489860e+00,1.330000000000000000e+02,7.213430395731277258e+02,1.034053746491936181e+02,2.501600000000000000e+06,3.046300000000000119e-01,-8.771944999998200956e+02,1.000000000000000000e+00
2.566643885225389481e-03,4.610510298241081960e-03,9.088858351317303796e-01,-1.853805358219982269e+00,2.000000000000000000e+01,6.734279379703871082e-02,0.000000000000000000e+00,0.000000000000000000e+00,0.000000000000000000e+00,0.000000000000000000e+00,-6.484919828534242470e+01,6.346682570278247226e+00,1.340000000000000000e+02,3.810514262085910673e+02,1.099987496041206327e+02,2.439800000000000000e+06,1.076600000000000057e-01,-1.067020489999974870e+02,1.000000000000000000e+00
2.683800388029580330e-03,4.711469419739641729e-03,1.141620061426132926e+00,-3.545418330420273101e+00,2.000000000000000000e+01,7.157994296103836751e-02,0.000000000000000000e+00,0.000000000000000000e+00,0.000000000000000000e+00,0.000000000000000000e+00,-6.067770317213996378e+01,7.828471399907300565e+00,1.350000000000000000e+02,3.056853151219135043e+02,1.108797459349709698e+02,2.572400000000000000e+06,8.953200000000000047e-01,-2.451485266999954547e+03,1.000000000000000000e+00
2.477672189214319767e-03,4.622296154335910068e-03,1.082650231245475547e+00,-1.944115983631233613e+00,2.000000000000000000e+01,7.007490177515146579e-02,0.000000000000000000e+00,0.000000000000000000e+00,0.000000000000000000e+00,0.000000000000000000e+00,-6.314223761603752649e+01,7.110802104512442767e+00,1.360000000000000000e+02,3.583169920488102775e+02,1.106268094206047721e+02,2.502400000000000000e+06,4.840099999999999958e-01,-8.466499999998488875e+02,1.000000000000000000e+00
2.535375345867579237e-03,5.002216316252858404e-03,7.968820115331352039e-01,-1.899644433886184425e+00,2.000000000000000000e+01,7.861513776642602147e-02,0.000000000000000000e+00,0.000000000000000000e+00,0.000000000000000000e+00,0.000000000000000000e+00,-6.656873297706037818e+01,5.828709172762848389e+00,1.370000000000000000e+02,3.644553689299339680e+02,1.105570670113006031e+02,2.439000000000000000e+06,1.921899999999999997e-01,-3.720983970000322074e+02,1.000000000000000000e+00
2.671159467467409607e-03,4.813380967308169243e-03,6.045526751132890286e-01,-1.891558389782493910e-01,2.000000000000000000e+01,7.454114468053388287e-02,0.000000000000000000e+00,0.000000000000000000e+00,0.000000000000000000e+00,0.000000000000000000e+00,-5.572001505888499651e+01,6.515589465089452581e+00,1.380000000000000000e+02,1.054585956928382075e+03,9.858629407098476349e+01,2.546400000000000000e+06,2.326300000000000034e-01,-7.002445449999783023e+02,1.000000000000000000e+00
2.753944415015329751e-03,4.294587507104003637e-03,8.027520032634061220e-01,-4.771827328201270646e+00,2.000000000000000000e+01,7.345902743013681124e-02,0.000000000000000000e+00,0.000000000000000000e+00,0.000000000000000000e+00,0.000000000000000000e+00,-6.732824498059821394e+01,6.927698200705197706e+00,1.390000000000000000e+02,1.832937527072706985e+02,1.189631684789356427e+02,2.437300000000000000e+06,2.955099999999999949e-01,-8.393273999999510124e+02,1.000000000000000000e+00
2.553869517018123037e-03,5.155333461856946575e-03,6.749902284820006315e-01,-6.319973608688113087e-01,2.000000000000000000e+01,7.642565346520263647e-02,0.000000000000000000e+00,0.000000000000000000e+00,0.000000000000000000e+00,0.000000000000000000e+00,-5.861100399855116905e+01,7.179625578384923656e+00,1.400000000000000000e+02,7.436863793690438342e+02,1.030046980370437950e+02,2.558300000000000000e+06,8.950500000000000123e-02,-1.150998159999963519e+02,1.000000000000000000e+00
2.489185151056035397e-03,5.039313889082235910e-03,6.261172405615426095e-01,-6.196785176256884853e-01,2.000000000000000000e+01,7.516828612486170513e-02,0.000000000000000000e+00,0.000000000000000000e+00,0.000000000000000000e+00,0.000000000000000000e+00,-5.952528266395910350e+01,6.663057651792271940e+00,1.410000000000000000e+02,7.633128256297510461e+02,1.029192457566484222e+02,2.515700000000000000e+06,1.427599999999999980e-01,-2.960262559999897007e+02,1.000000000000000000e+00
2.452254789704394825e-03,4.772959770120127621e-03,6.370861432426508930e-01,-5.946678379774015255e-01,2.000000000000000000e+01,7.499566554028222476e-02,0.000000000000000000e+00,0.000000000000000000e+00,0.000000000000000000e+00,0.000000000000000000e+00,-5.934430693799467349e+01,6.635547288640799124e+00,1.420000000000000000e+02,7.696421963908823045e+02,1.026342783096225588e+02,2.515900000000000000e+06,1.517499999999999960e-01,-3.143451180000227509e+02,1.000000000000000000e+00
2.683800388029580330e-03,4.711469419739641729e-03,1.141620061426132926e+00,-3.545418330420273101e+00,2.000000000000000000e+01,7.157994296103836751e-02,0.000000000000000000e+00,0.000000000000000000e+00,0.000000000000000000e+00,0.000000000000000000e+00,-6.067770317213996378e+01,7.828471399907300565e+00,1.430000000000000000e+02,2.357045730977701510e+02,1.111725045514012038e+02,2.538600000000000000e+06,1.336400000000000088e-01,-1.287891419999989182e+02,1.000000000000000000e+00
2.783356890624547920e-03,4.447923824116125496e-03,5.769376898354470207e-01,-2.854161016762484682e+00,2.000000000000000000e+01,7.758781833862815613e-02,0.000000000000000000e+00,0.000000000000000000e+00,0.000000000000000000e+00,0.000000000000000000e+00,-6.860176894604764186e+01,6.609975558387608530e+00,1.440000000000000000e+02,2.029135203454987391e+02,1.183009963780195761e+02,2.409200000000000000e+06,7.989499999999999380e-02,-1.402637040000007858e+02,1.000000000000000000e+00
2.742761562739511483e-03,5.224189218273245575e-03,6.164955731427090857e-01,7.269941527831211836e-01,2.000000000000000000e+01,7.599252096701734904e-02,0.000000000000000000e+00,0.000000000000000000e+00,0.000000000000000000e+00,0.000000000000000000e+00,-5.246085784497877569e+01,7.034732680446212250e+00,1.450000000000000000e+02,1.406848959210865360e+03,9.430382572424926479e+01,2.616900000000000000e+06,1.182300000000000018e-01,-2.059985490000017023e+02,1.000000000000000000e+00
2.818216143690419062e-03,4.750875941995337526e-03,6.339613433743722659e-01,-6.947272591092559790e-02,2.000000000000000000e+01,7.518772306948770523e-02,0.000000000000000000e+00,0.000000000000000000e+00,0.000000000000000000e+00,0.000000000000000000e+00,-5.572102162245026591e+01,6.713338527532206612e+00,1.460000000000000000e+02,1.065679545937605553e+03,9.841951474245914255e+01,2.560000000000000000e+06,1.589599999999999902e-01,-3.614541840000326260e+02,1.000000000000000000e+00
2.355875058868764794e-03,4.777685412033199491e-03,6.310932154734385513e-01,-2.877947777243205496e-01,2.000000000000000000e+01,7.431922714468164326e-02,0.000000000000000000e+00,0.000000000000000000e+00,0.000000000000000000e+00,0.000000000000000000e+00,-5.851074967175141239e+01,6.245054137044336429e+00,1.470000000000000000e+02,9.107602497645762014e+02,1.005493645081201493e+02,2.500100000000000000e+06,2.106000000000000094e-01,-5.348097300000353016e+02,1.000000000000000000e+00
2.642156697750587448e-03,5.095397946620536939e-03,6.106250403374751112e-01,-3.140402206071733371e+00,2.000000000000000000e+01,8.200049973710815676e-02,0.000000000000000000e+00,0.000000000000000000e+00,0.000000000000000000e+00,0.000000000000000000e+00,-6.275232675520466330e+01,5.813745237237711194e+00,1.480000000000000000e+02,2.240605812595636337e+02,1.150437936922278652e+02,2.402400000000000000e+06,1.138500000000000068e-01,-2.210148000000049535e+02,1.000000000000000000e+00
2.245352482179709726e-03,4.810049332286908327e-03,1.085814335982752121e+00,-7.375133503674681235e-01,2.000000000000000000e+01,6.617024417144388992e-02,0.000000000000000000e+00,0.000000000000000000e+00,0.000000000000000000e+00,0.000000000000000000e+00,-6.428219039524586265e+01,6.271542152938748949e+00,1.490000000000000000e+02,5.740731044519642410e+02,1.051701095784708144e+02,2.501400000000000000e+06,5.232400000000000384e-01,-1.219225567000155252e+03,1.000000000000000000e+00
2.941712678236120884e-03,4.587987612802700912e-03,6.529954071020147577e-01,-1.809906177742406364e-01,2.000000000000000000e+01,7.507343651266482065e-02,0.000000000000000000e+00,0.000000000000000000e+00,0.000000000000000000e+00,0.000000000000000000e+00,-5.600274869800729505e+01,6.690949949333486302e+00,1.500000000000000000e+02,1.041434597148858074e+03,9.885369884998708301e+01,2.555400000000000000e+06,1.673999999999999932e-01,-3.946216079999637145e+02,1.000000000000000000e+00
2.674629949734077389e-03,5.032649736819505733e-03,6.506886048364685093e-01,1.326779148383909479e-01,2.000000000000000000e+01,7.592344452630106488e-02,0.000000000000000000e+00,0.000000000000000000e+00,0.000000000000000000e+00,0.000000000000000000e+00,-5.431126504240005204e+01,7.132369944852615440e+00,1.510000000000000000e+02,1.148429391320749801e+03,9.714092845782472807e+01,2.604000000000000000e+06,1.127400000000000069e-01,-1.770856620000033956e+02,1.000000000000000000e+00
2.637285196725824496e-03,4.607843079089342202e-03,6.243583388274663859e-01,3.057181599005180384e-01,2.000000000000000000e+01,7.424327933618936337e-02,0.000000000000000000e+00,0.000000000000000000e+00,0.000000000000000000e+00,0.000000000000000000e+00,-5.599356214721906611e+01,6.338333232246526450e+00,1.520000000000000000e+02,1.113081176512097045e+03,9.739790411201967402e+01,2.531400000000000000e+06,2.541999999999999815e-01,-7.897815000001556882e+02,1.000000000000000000e+00
2.575996502898704986e-03,4.614391381073373183e-03,5.932726230042392190e-01,2.969977582010220885e-01,2.000000000000000000e+01,7.431714759236202061e-02,0.000000000000000000e+00,0.000000000000000000e+00,0.000000000000000000e+00,0.000000000000000000e+00,-5.581468503727732866e+01,6.288596059629197654e+00,1.530000000000000000e+02,1.133596284944409717e+03,9.724106210217166790e+01,2.530000000000000000e+06,2.654000000000000248e-01,-8.876930460001483425e+02,1.000000000000000000e+00
2.685442637944292568e-03,4.518200791915899170e-03,6.210845310660993990e-01,3.587307110926557518e-01,2.000000000000000000e+01,7.436716912337207330e-02,0.000000000000000000e+00,0.000000000000000000e+00,0.000000000000000000e+00,0.000000000000000000e+00,-5.608148886713560444e+01,6.286513679289999601e+00,1.540000000000000000e+02,1.131028932324454445e+03,9.730843744770169224e+01,2.527200000000000000e+06,2.433599999999999930e-01,-7.623610000001638127e+02,1.000000000000000000e+00
2.702171132416694103e-03,4.954365234865844292e-03,5.765170052306177739e-01,1.046773648017071956e-01,2.000000000000000000e+01,7.494847498147566567e-02,0.000000000000000000e+00,0.000000000000000000e+00,0.000000000000000000e+00,0.000000000000000000e+00,-5.357027051277006535e+01,6.520444316125937334e+00,1.550000000000000000e+02,1.218358968442899823e+03,9.651541383912054073e+01,2.568300000000000000e+06,2.056000000000000050e-01,-5.911097209999926463e+02,1.000000000000000000e+00
2.758813819127421858e-03,4.523854171691159450e-03,6.643178477600485410e-01,1.357597566260886068e-02,2.000000000000000000e+01,7.561877964359781101e-02,0.000000000000000000e+00,0.000000000000000000e+00,0.000000000000000000e+00,0.000000000000000000e+00,-5.680335607938310716e+01,6.566190220685388823e+00,1.560000000000000000e+02,1.040121606189851946e+03,9.899208339409105406e+01,2.538700000000000000e+06,1.252199999999999980e-01,-2.272504570000068043e+02,1.000000000000000000e+00
2.728158962793164263e-03,4.749924605735694229e-03,6.053035682445979671e-01,-7.789738023641317177e-01,2.000000000000000000e+01,7.559044554493285495e-02,0.000000000000000000e+00,0.000000000000000000e+00,0.000000000000000000e+00,0.000000000000000000e+00,-5.979198308468886580e+01,6.850119817489110474e+00,1.570000000000000000e+02,7.129633813258875534e+02,1.039061237961803670e+02,2.524100000000000000e+06,1.404400000000000093e-01,-3.182655000000110022e+02,1.000000000000000000e+00
2.542824339323006277e-03,4.598233933004276450e-03,6.884732487387651423e-01,-1.024943448738908858e+00,2.000000000000000000e+01,7.369611823622067293e-02,0.000000000000000000e+00,0.000000000000000000e+00,0.000000000000000000e+00,0.000000000000000000e+00,-5.993497546344368487e+01,6.539679627385451610e+00,1.580000000000000000e+02,7.206066611361646892e+02,1.038550721213882468e+02,2.503300000000000000e+06,2.906000000000000250e-01,-8.821701689999371183e+02,1.000000000000000000e+00
1.931073216087845698e-03,4.544634822873594437e-03,6.103692698728124810e-01,-4.737151700732595838e-01,2.000000000000000000e+01,6.851906160301607374e-02,0.000000000000000000e+00,0.000000000000000000e+00,0.000000000000000000e+00,0.000000000000000000e+00,-6.063354702468960511e+01,6.315798287379855047e+00,1.590000000000000000e+02,7.159304604132233862e+02,1.038912360509448689e+02,2.456300000000000000e+06,1.604700000000000015e-01,-3.185037000000050966e+02,1.000000000000000000e+00
2.759922937557646692e-03,4.646370697390884985e-03,6.953525934239134232e-01,2.399496898126004529e-01,2.000000000000000000e+01,7.424443558150502220e-02,0.000000000000000000e+00,0.000000000000000000e+00,0.000000000000000000e+00,0.000000000000000000e+00,-5.734079515957327544e+01,6.674408277451677307e+00,1.600000000000000000e+02,9.708920289445123899e+02,9.922356193740961317e+01,2.539500000000000000e+06,2.151700000000000002e-01,-5.243079999999893062e+02,1.000000000000000000e+00
2.567454390035444310e-03,4.245186716574976191e-03,6.568667497012149470e-01,1.022726718163213394e-01,2.000000000000000000e+01,7.460663103114720252e-02,0.000000000000000000e+00,0.000000000000000000e+00,0.000000000000000000e+00,0.000000000000000000e+00,-5.880726854528332126e+01,6.037836365146349138e+00,1.610000000000000000e+02,1.017673643090767655e+03,9.919811555554727533e+01,2.534000000000000000e+06,1.521399999999999975e-01,-3.253567999999710310e+02,1.000000000000000000e+00
2.729550241210017096e-03,5.011834588341082183e-03,6.719788147915390919e-01,3.796325827262154728e-01,2.000000000000000000e+01,7.458776825048006598e-02,0.000000000000000000e+00,0.000000000000000000e+00,0.000000000000000000e+00,0.000000000000000000e+00,-5.544375238870537714e+01,6.673212460445155259e+00,1.620000000000000000e+02,1.150011847028676357e+03,9.715313535803055345e+01,2.559900000000000000e+06,1.792799999999999949e-01,-3.934840000000316991e+02,1.000000000000000000e+00
2.666050190352159920e-03,4.964187082526352185e-03,6.079605303462516375e-01,-3.463123573193452653e+00,2.000000000000000000e+01,7.541196807255227952e-02,0.000000000000000000e+00,0.000000000000000000e+00,0.000000000000000000e+00,0.000000000000000000e+00,-7.216712349206531485e+01,5.783764315993876082e+00,1.630000000000000000e+02,1.973529967415257431e+02,1.186595319581983006e+02,2.333600000000000000e+06,1.454100000000000115e-01,-3.544904629999852546e+02,1.000000000000000000e+00
2.970014962588503685e-03,4.907913162820674337e-03,6.402763036529970364e-01,-2.233846656453311930e+00,2.000000000000000000e+01,7.925238379827351243e-02,0.000000000000000000e+00,0.000000000000000000e+00,0.000000000000000000e+00,0.000000000000000000e+00,-6.035781103985485174e+01,7.373569203415738293e+00,1.640000000000000000e+02,4.760580021976769558e+02,1.079027354556036045e+02,2.549800000000000000e+06,5.509700000000000014e-02,-5.821200000000012409e+01,1.000000000000000000e+00
2.243705395435706667e-03,5.065485910689913884e-03,1.107339875971688814e+00,-1.312490321668614790e+00,2.000000000000000000e+01,6.387359397782207959e-02,0.000000000000000000e+00,0.000000000000000000e+00,0.000000000000000000e+00,0.000000000000000000e+00,-6.473153216584022118e+01,6.036686039952553706e+00,1.650000000000000000e+02,4.881429718800530395e+02,1.068167148587568960e+02,2.491600000000000000e+06,9.706800000000000150e-02,-7.016304399999994246e+01,1.000000000000000000e+00
2.503528941545758550e-03,4.703979815921507934e-03,8.140905368526601960e-01,-1.415367499413015873e+00,2.000000000000000000e+01,7.296482201316938088e-02,0.000000000000000000e+00,0.000000000000000000e+00,0.000000000000000000e+00,0.000000000000000000e+00,-6.094362007076267673e+01,6.751787018110303684e+00,1.660000000000000000e+02,5.623281435545325166e+02,1.060110594099086114e+02,2.504600000000000000e+06,3.453100000000000058e-01,-9.794852449998628572e+02,1.000000000000000000e+00
2.277359157503277415e-03,4.590473468464422932e-03,5.932953730211949495e-01,6.822479851079528146e-01,2.000000000000000000e+01,7.658452762630518773e-02,0.000000000000000000e+00,0.000000000000000000e+00,0.000000000000000000e+00,0.000000000000000000e+00,-5.134866988006081101e+01,5.844509511341349217e+00,1.670000000000000000e+02,1.583106450745620577e+03,9.406304804745663262e+01,2.541100000000000000e+06,9.313000000000000445e-02,-1.370753999999959660e+02,1.000000000000000000e+00
2.391759566446602977e-03,5.151035797828071826e-03,5.998985926260832491e-01,-5.904037179525516432e-01,2.000000000000000000e+01,7.472486113055612500e-02,0.000000000000000000e+00,0.000000000000000000e+00,0.000000000000000000e+00,0.000000000000000000e+00,-5.729053634224472091e+01,6.707418059253052789e+00,1.680000000000000000e+02,8.696468404046329397e+02,1.008578520950097044e+02,2.542400000000000000e+06,1.862600000000000089e-01,-4.506509159999785084e+02,1.000000000000000000e+00
2.543045457096165026e-03,4.677068600059593531e-03,6.605350882294315218e-01,-5.737132161017932663e-01,2.000000000000000000e+01,7.422905925073489120e-02,0.000000000000000000e+00,0.000000000000000000e+00,0.000000000000000000e+00,0.000000000000000000e+00,-5.716385114933883926e+01,7.103030816193445673e+00,1.690000000000000000e+02,7.967857389356747717e+02,1.011537369829724327e+02,2.569200000000000000e+06,2.283600000000000074e-01,-5.847227659999632579e+02,1.000000000000000000e+00
2.654403386246798491e-03,4.690974853323252002e-03,7.701752086135116304e-01,-6.143988961247515146e-01,2.000000000000000000e+01,7.359240076705278466e-02,0.000000000000000000e+00,0.000000000000000000e+00,0.000000000000000000e+00,0.000000000000000000e+00,-5.918260198229334890e+01,6.567807714095360794e+00,1.700000000000000000e+02,7.777450048704978371e+02,1.023828219196339830e+02,2.513300000000000000e+06,2.558199999999999918e-01,-6.200652029999572505e+02,1.000000000000000000e+00
2.523579183849943702e-03,4.817325234576763301e-03,6.420674297285871024e-01,-3.785727253789643587e-01,2.000000000000000000e+01,7.680367119071447590e-02,0.000000000000000000e+00,0.000000000000000000e+00,0.000000000000000000e+00,0.000000000000000000e+00,-5.831283035924678870e+01,7.157711758637374189e+00,1.710000000000000000e+02,7.892094724079091748e+02,1.021439566713401774e+02,2.560500000000000000e+06,8.643199999999999494e-02,-1.138319490000023109e+02,1.000000000000000000e+00
2.576361813887904657e-03,4.961955964535085147e-03,6.769322980739564954e-01,-9.566660380029756716e-01,2.000000000000000000e+01,7.442901001809075490e-02,0.000000000000000000e+00,0.000000000000000000e+00,0.000000000000000000e+00,0.000000000000000000e+00,-6.010810052605308584e+01,6.455391883299394173e+00,1.720000000000000000e+02,7.262442678677725780e+02,1.037388794652747777e+02,2.496400000000000000e+06,1.850799999999999945e-01,-4.191168269999606650e+02,1.000000000000000000e+00
2.900288680667330657e-03,4.114548045647177868e-03,5.992338674774272400e-01,2.427976871886305954e-01,2.000000000000000000e+01,7.546106973195067236e-02,0.000000000000000000e+00,0.000000000000000000e+00,0.000000000000000000e+00,0.000000000000000000e+00,-5.129327705167868601e+01,6.505181733104921094e+00,1.730000000000000000e+02,1.351432904871369601e+03,9.507108099573571280e+01,2.589900000000000000e+06,1.773699999999999999e-01,-4.587815819999792666e+02,1.000000000000000000e+00
3.032406576646105075e-03,4.300427897223279075e-03,7.305618342059377879e-01,8.064046489883768265e-01,2.000000000000000000e+01,7.573605428308793908e-02,0.000000000000000000e+00,0.000000000000000000e+00,0.000000000000000000e+00,0.000000000000000000e+00,-5.623608562109129139e+01,6.834987369693338088e+00,1.740000000000000000e+02,1.125613059304675289e+03,9.758582919547883705e+01,2.562200000000000000e+06,1.102100000000000024e-01,-1.740425400000031573e+02,1.000000000000000000e+00
2.948970629580606809e-03,4.374643503103372438e-03,6.293735809022260597e-01,5.339770452032124304e-01,2.000000000000000000e+01,7.487079246421696199e-02,0.000000000000000000e+00,0.000000000000000000e+00,0.000000000000000000e+00,0.000000000000000000e+00,-5.635572028752120133e+01,6.439044954895053685e+00,1.750000000000000000e+02,1.128301957696055979e+03,9.742494124916308351e+01,2.534600000000000000e+06,2.053699999999999970e-01,-5.775125000000573436e+02,1.000000000000000000e+00
2.754055097012623240e-03,4.878544248703123483e-03,7.202686496217221013e-01,-1.412949639435441274e+00,2.000000000000000000e+01,7.450806350632689645e-02,0.000000000000000000e+00,0.000000000000000000e+00,0.000000000000000000e+00,0.000000000000000000e+00,-6.457716953689269701e+01,6.495372505342436931e+00,1.760000000000000000e+02,4.418841625035013294e+02,1.098210623408192816e+02,2.450100000000000000e+06,1.667200000000000071e-01,-3.587544000000268625e+02,1.000000000000000000e+00
2.945118259779939355e-03,4.353116687240579305e-03,6.061205388475511269e-01,1.041925169459911871e+00,2.000000000000000000e+01,7.365448443485296537e-02,0.000000000000000000e+00,0.000000000000000000e+00,0.000000000000000000e+00,0.000000000000000000e+00,-5.419957831561626449e+01,6.193132399185135029e+00,1.770000000000000000e+02,1.464672833171506227e+03,9.453330088524378993e+01,2.538900000000000000e+06,4.324999999999999956e-01,-2.090368097999862130e+03,1.000000000000000000e+00
2.624218782777740407e-03,4.413564692426812097e-03,5.987720910491723947e-01,-5.078337962616547019e-01,2.000000000000000000e+01,7.470460621999511219e-02,0.000000000000000000e+00,0.000000000000000000e+00,0.000000000000000000e+00,0.000000000000000000e+00,-5.745880079487459113e+01,6.571298407591308788e+00,1.780000000000000000e+02,9.100283701188474197e+02,1.006182017295133164e+02,2.531800000000000000e+06,2.238300000000000012e-01,-6.851290110000712730e+02,1.000000000000000000e+00
2.046213286921246596e-03,5.018806543546582531e-03,6.100499815291208217e-01,-2.575976080681585234e+00,2.000000000000000000e+01,7.561209669740832917e-02,0.000000000000000000e+00,0.000000000000000000e+00,0.000000000000000000e+00,0.000000000000000000e+00,-6.455719777210524057e+01,5.965892132226686684e+00,1.790000000000000000e+02,3.999034079486360724e+02,1.100687046607851300e+02,2.421800000000000000e+06,1.128399999999999959e-01,-1.870044000000011977e+02,1.000000000000000000e+00
2.891495210301459409e-03,4.510837108699606787e-03,6.398874999675091546e-01,3.186543264715610557e-01,2.000000000000000000e+01,7.501438670633614469e-02,0.000000000000000000e+00,0.000000000000000000e+00,0.000000000000000000e+00,0.000000000000000000e+00,-5.665583843352186477e+01,6.515043701828231448e+00,1.800000000000000000e+02,1.088211592276480815e+03,9.813847291876312795e+01,2.536500000000000000e+06,1.752100000000000046e-01,-4.288331499999731591e+02,1.000000000000000000e+00
2.601042633244554474e-03,4.650633115524010000e-03,6.108679752245368411e-01,-1.243053661368636043e-01,2.000000000000000000e+01,7.430689878617463551e-02,0.000000000000000000e+00,0.000000000000000000e+00,0.000000000000000000e+00,0.000000000000000000e+00,-5.685076687388765038e+01,6.280300375007595193e+00,1.810000000000000000e+02,1.034980694005933628e+03,9.904448092059942610e+01,2.519300000000000000e+06,2.532200000000000006e-01,-8.074370999999216565e+02,1.000000000000000000e+00
2.611882370018219456e-03,4.807904175265787124e-03,6.394219512649219617e-01,-2.919394499743721005e-01,2.000000000000000000e+01,7.645023811956823401e-02,0.000000000000000000e+00,0.000000000000000000e+00,0.000000000000000000e+00,0.000000000000000000e+00,-5.595602956520799154e+01,6.786809956080636752e+00,1.820000000000000000e+02,1.032875150734779027e+03,9.909909934326761061e+01,2.562700000000000000e+06,9.602099999999999524e-02,-1.422674780000001817e+02,1.000000000000000000e+00
2.704886950954752973e-03,4.870638607816698065e-03,6.757667198019811083e-01,3.572548425325377530e-01,2.000000000000000000e+01,7.398431208085352873e-02,0.000000000000000000e+00,0.000000000000000000e+00,0.000000000000000000e+00,0.000000000000000000e+00,-5.820653901801163244e+01,6.309369156860055838e+00,1.830000000000000000e+02,1.018037159429879353e+03,9.921982750036198695e+01,2.507100000000000000e+06,2.451500000000000068e-01,-7.024009299999432869e+02,1.000000000000000000e+00
2.833762088723958388e-03,4.501891702662389264e-03,6.490169517334538618e-01,4.494963548334393044e-01,2.000000000000000000e+01,7.491200273924911168e-02,0.000000000000000000e+00,0.000000000000000000e+00,0.000000000000000000e+00,0.000000000000000000e+00,-5.038847776556553981e+01,6.075666239377728317e+00,1.840000000000000000e+02,1.527140049126317308e+03,9.441647365125598412e+01,2.566600000000000000e+06,1.791000000000000092e-01,-4.145211959999758164e+02,1.000000000000000000e+00
2.681310718071625281e-03,5.027946868856388030e-03,6.235142790529769607e-01,-1.420846413157057730e+00,2.000000000000000000e+01,7.665325914618978387e-02,0.000000000000000000e+00,0.000000000000000000e+00,0.000000000000000000e+00,0.000000000000000000e+00,-5.824739446972773749e+01,6.935982204013564356e+00,1.850000000000000000e+02,7.334109249876753438e+02,1.037928386804546221e+02,2.547100000000000000e+06,9.352699999999999902e-02,-1.485279539999992835e+02,1.000000000000000000e+00
2.765857681608604665e-03,4.899812971857497174e-03,6.713655642805200774e-01,3.797385852506940940e-01,2.000000000000000000e+01,7.443940628036488372e-02,0.000000000000000000e+00,0.000000000000000000e+00,0.000000000000000000e+00,0.000000000000000000e+00,-5.581453937390067210e+01,6.389655172888373258e+00,1.860000000000000000e+02,1.163242348109669365e+03,9.716419534106525191e+01,2.536900000000000000e+06,1.989700000000000080e-01,-4.762129999999945085e+02,1.000000000000000000e+00
2.676797004141446591e-03,4.636617716048469645e-03,6.179109849056203529e-01,-1.638579161030898346e-01,2.000000000000000000e+01,7.498048555498534884e-02,0.000000000000000000e+00,0.000000000000000000e+00,0.000000000000000000e+00,0.000000000000000000e+00,-5.694771952039629070e+01,6.506373025291923184e+00,1.870000000000000000e+02,9.929129449256377029e+02,9.939258544344248492e+01,2.533100000000000000e+06,1.779699999999999893e-01,-4.387586609999726761e+02,1.000000000000000000e+00
2.593716279382952353e-03,5.411544890934124989e-03,6.771412090452609833e-01,-2.497364769122202566e-01,2.000000000000000000e+01,7.642620492866127047e-02,0.000000000000000000e+00,0.000000000000000000e+00,0.000000000000000000e+00,0.000000000000000000e+00,-5.583391614717314866e+01,7.334378675434058081e+00,1.880000000000000000e+02,9.928509169197085384e+02,9.945769022039684160e+01,2.600900000000000000e+06,9.105000000000000593e-02,-1.143093740000028475e+02,1.000000000000000000e+00
2.733432522699116244e-03,4.842649999407353835e-03,6.775818174260291871e-01,3.088790310531080441e-01,2.000000000000000000e+01,7.413901620872659359e-02,0.000000000000000000e+00,0.000000000000000000e+00,0.000000000000000000e+00,0.000000000000000000e+00,-5.824610641655273469e+01,6.319679255032737863e+00,1.890000000000000000e+02,1.006184953985793868e+03,9.934217827526650524e+01,2.507300000000000000e+06,2.268699999999999883e-01,-6.101877999999479698e+02,1.000000000000000000e+00
2.669807197571171832e-03,4.655191291546170382e-03,6.207306624931980821e-01,-1.824281129817943992e-01,2.000000000000000000e+01,7.488327064251956711e-02,0.000000000000000000e+00,0.000000000000000000e+00,0.000000000000000000e+00,0.000000000000000000e+00,-5.690583884815431759e+01,6.388297817596120254e+00,1.900000000000000000e+02,1.012643719363204468e+03,9.928113770363748358e+01,2.525600000000000000e+06,1.846500000000000086e-01,-4.664489999999715906e+02,1.000000000000000000e+00
2.167919532690995403e-03,4.080410821128750525e-03,4.587037528036971290e-01,1.593191783952845608e-01,2.000000000000000000e+01,7.237327696438550229e-02,0.000000000000000000e+00,0.000000000000000000e+00,0.000000000000000000e+00,0.000000000000000000e+00,-5.798384170840938623e+01,6.245684662883604688e+00,1.910000000000000000e+02,9.744362849699914477e+02,9.949405157408419598e+01,2.502200000000000000e+06,2.217600000000000127e-01,-7.474754100000784547e+02,1.000000000000000000e+00
2.284116576930915899e-03,4.690579094750714495e-03,1.277727265944586410e+00,-3.479959705116993374e-01,2.000000000000000000e+01,6.323446562141205041e-02,0.000000000000000000e+00,0.000000000000000000e+00,0.000000000000000000e+00,0.000000000000000000e+00,-5.790593341883150202e+01,7.598966714522281229e+00,1.920000000000000000e+02,7.782162185056374710e+02,1.024507578454026486e+02,2.634200000000000000e+06,2.645799999999999819e-01,-1.851883739999962302e+02,1.000000000000000000e+00
2.373757205089510689e-03,4.751400367901868933e-03,6.160692889913397252e-01,1.304718257899613043e-01,2.000000000000000000e+01,7.373965599534447468e-02,0.000000000000000000e+00,0.000000000000000000e+00,0.000000000000000000e+00,0.000000000000000000e+00,-5.571933072683346921e+01,6.185801956641472366e+00,1.930000000000000000e+02,1.132820297575364521e+03,9.758538325916424583e+01,2.524300000000000000e+06,3.106400000000000272e-01,-1.069007696999690324e+03,1.000000000000000000e+00
2.685923908988458071e-03,4.805949878443274183e-03,6.302474587395292538e-01,-2.098941343775226342e-02,2.000000000000000000e+01,7.466337014579398079e-02,0.000000000000000000e+00,0.000000000000000000e+00,0.000000000000000000e+00,0.000000000000000000e+00,-5.863034785251232250e+01,6.558540494138962451e+00,1.940000000000000000e+02,8.990644172643842467e+02,1.007905412656592432e+02,2.518700000000000000e+06,1.967800000000000105e-01,-5.149042829999502828e+02,1.000000000000000000e+00
2.674355837168824936e-03,4.959080512951270260e-03,6.754707915738724644e-01,-1.248037370610726393e+00,2.000000000000000000e+01,7.458387668710349250e-02,0.000000000000000000e+00,0.000000000000000000e+00,0.000000000000000000e+00,0.000000000000000000e+00,-5.983727905325728358e+01,6.494451553948891842e+00,1.950000000000000000e+02,7.151785069441837095e+02,1.041694494780288238e+02,2.501700000000000000e+06,1.764000000000000012e-01,-4.035050910000104523e+02,1.000000000000000000e+00
2.704218003283077789e-03,4.179746869784213212e-03,5.655615935253477389e-01,-1.601445739987899408e+00,2.000000000000000000e+01,7.771158373991435275e-02,0.000000000000000000e+00,0.000000000000000000e+00,0.000000000000000000e+00,0.000000000000000000e+00,-7.166701724149257302e+01,6.385835232428615171e+00,1.960000000000000000e+02,1.920185040940384340e+02,1.229114398962587558e+02,2.364300000000000000e+06,7.807300000000000351e-02,-1.366416280000012478e+02,1.000000000000000000e+00
2.536661478464068229e-03,4.665601966926654319e-03,9.794090951066827255e-01,-2.089563411470110488e+00,2.000000000000000000e+01,7.088232595836771455e-02,0.000000000000000000e+00,0.000000000000000000e+00,0.000000000000000000e+00,0.000000000000000000e+00,-6.211311233565216128e+01,7.055640053848854620e+00,1.970000000000000000e+02,4.667027023370305869e+02,1.091415910464611301e+02,2.510600000000000000e+06,7.412999999999999590e-01,-2.093117816999139905e+03,1.000000000000000000e+00
2.718501969024159429e-03,4.590248229922940827e-03,7.985777374325353506e-01,-9.399759154995739330e-01,2.000000000000000000e+01,7.559492586433440298e-02,0.000000000000000000e+00,0.000000000000000000e+00,0.000000000000000000e+00,0.000000000000000000e+00,-6.117116637468467388e+01,6.996410590673413310e+00,1.980000000000000000e+02,5.641106670881433729e+02,1.063026405916136667e+02,2.517400000000000000e+06,1.028000000000000025e-01,-1.232608799999989060e+02,1.000000000000000000e+00
2.715728285966736988e-03,4.890077446948879435e-03,6.228420985057168124e-01,1.402460947034611105e-01,2.000000000000000000e+01,7.493292718555374932e-02,0.000000000000000000e+00,0.000000000000000000e+00,0.000000000000000000e+00,0.000000000000000000e+00,-5.555454810866359594e+01,6.613678761635782166e+00,1.990000000000000000e+02,1.109896449999327842e+03,9.772799352938049822e+01,2.554700000000000000e+06,1.753099999999999936e-01,-4.192583229999770538e+02,1.000000000000000000e+00
