3.530649821281766406e-03,4.419560158512094404e-03,5.548514391185398464e-01,2.901936824243301238e+00,2.000000000000000000e+01,7.799509024153000736e-02,0.000000000000000000e+00,0.000000000000000000e+00,0.000000000000000000e+00,0.000000000000000000e+00,-3.817962984867480003e+01,7.640614339790142928e+00,0.000000000000000000e+00,2.693009291975879023e+03,8.453823649302506738e+01,2.806700000000000000e+06,9.811200000000000476e-02,-1.638383999999948628e+02,1.000000000000000000e+00
3.712751311057541949e-03,4.646376799540496115e-03,5.621296657309331479e-01,2.701418827722359417e+00,2.000000000000000000e+01,7.699100992221172279e-02,0.000000000000000000e+00,0.000000000000000000e+00,0.000000000000000000e+00,0.000000000000000000e+00,-3.815765898901458542e+01,7.591466906895375288e+00,1.000000000000000000e+00,2.587303619412492480e+03,8.455090138294292501e+01,2.802600000000000000e+06,1.363600000000000090e-01,-2.859086999999963155e+02,1.000000000000000000e+00
3.189045984010869909e-03,4.371668146103400640e-03,5.880081820862539388e-01,2.208879504693375129e+00,2.000000000000000000e+01,7.303474481995887724e-02,0.000000000000000000e+00,0.000000000000000000e+00,0.000000000000000000e+00,0.000000000000000000e+00,-4.020840493439186503e+01,7.118022894239743437e+00,2.000000000000000000e+00,2.504702361675499560e+03,8.590112930144736936e+01,2.742300000000000000e+06,7.433100000000000263e-01,-2.868080299998920964e+03,1.000000000000000000e+00
2.881060392862008507e-03,4.885576476989771447e-03,5.253476467130846483e-01,2.218828955977270034e+00,2.000000000000000000e+01,7.488045014043748226e-02,0.000000000000000000e+00,0.000000000000000000e+00,0.000000000000000000e+00,0.000000000000000000e+00,-3.824572406645896194e+01,6.905448806595517297e+00,3.000000000000000000e+00,2.298815712775637166e+03,8.613136509695358711e+01,2.739400000000000000e+06,2.991500000000000270e-01,-1.005369476999928338e+03,1.000000000000000000e+00
2.948980529872653484e-03,4.151962136853813365e-03,5.328755042216789528e-01,2.093045194892905414e+00,2.000000000000000000e+01,7.464343884160155873e-02,0.000000000000000000e+00,0.000000000000000000e+00,0.000000000000000000e+00,0.000000000000000000e+00,-4.274353774223113334e+01,7.228723678876188607e+00,4.000000000000000000e+00,1.922991860584408414e+03,8.643975962627490617e+01,2.728500000000000000e+06,3.790399999999999880e-01,-1.561888699999602295e+03,1.000000000000000000e+00
2.429151875902489481e-03,7.103440778126002362e-04,4.757628496285286057e-01,-2.210494905062913773e+01,2.000000000000000000e+01,7.417924535225270399e-02,0.000000000000000000e+00,0.000000000000000000e+00,0.000000000000000000e+00,0.000000000000000000e+00,-9.865448618903117506e+01,6.500098909165416217e+00,5.000000000000000000e+00,8.178778969025033518e+01,2.879723871665251522e+02,2.064700000000000000e+06,7.280200000000000560e-02,-9.672117899999999224e+01,1.000000000000000000e+00
2.852646134244615772e-03,4.442995282184628025e-03,5.529485997818945897e-01,2.004029435494954381e+00,2.000000000000000000e+01,7.480029921799408177e-02,0.000000000000000000e+00,0.000000000000000000e+00,0.000000000000000000e+00,0.000000000000000000e+00,-4.633226193601649356e+01,6.215118492578868725e+00,6.000000000000000000e+00,1.865854513969853087e+03,8.877515755445290324e+01,2.612000000000000000e+06,2.701000000000000068e-01,-9.471009000001025697e+02,1.000000000000000000e+00
2.736960123029933550e-03,4.781339984591246109e-03,5.643980042749608961e-01,1.452469297769619860e+00,2.000000000000000000e+01,7.459061504369393636e-02,0.000000000000000000e+00,0.000000000000000000e+00,0.000000000000000000e+00,0.000000000000000000e+00,-4.605707909005782597e+01,6.978009203599231824e+00,7.000000000000000000e+00,1.718377908969677264e+03,8.902408562972205175e+01,2.676400000000000000e+06,2.787399999999999878e-01,-8.870584589998437650e+02,1.000000000000000000e+00
2.953710051540430360e-03,4.493263857219328451e-03,5.788233620724315687e-01,1.307286130553219072e+00,2.000000000000000000e+01,7.412702202492602033e-02,0.000000000000000000e+00,0.000000000000000000e+00,0.000000000000000000e+00,0.000000000000000000e+00,-4.660445478952193810e+01,6.906577736099927201e+00,8.000000000000000000e+00,1.706822694659391800e+03,8.965296811016797562e+01,2.665600000000000000e+06,3.960000000000000187e-01,-1.614464931999333658e+03,1.000000000000000000e+00
2.913688077186366021e-03,4.175326969410377530e-03,7.218321983267491637e-01,8.398177541725543316e-01,2.000000000000000000e+01,7.006396569295354759e-02,0.000000000000000000e+00,0.000000000000000000e+00,0.000000000000000000e+00,0.000000000000000000e+00,-5.183668071745479011e+01,6.896849908792764161e+00,9.000000000000000000e+00,1.394506190194380451e+03,9.155936759134984015e+01,2.682300000000000000e+06,4.153700000000000170e-01,-1.266367999999718222e+03,1.000000000000000000e+00
2.377071684887071233e-03,5.086905088409116905e-03,5.377565035412968930e-01,1.190715789663588930e+00,2.000000000000000000e+01,7.415010997891238742e-02,0.000000000000000000e+00,0.000000000000000000e+00,0.000000000000000000e+00,0.000000000000000000e+00,-4.678044688784638794e+01,7.424321114070802530e+00,1.000000000000000000e+01,1.600746957579544869e+03,8.974005983457291791e+01,2.705400000000000000e+06,3.331500000000000017e-01,-1.120116920999845206e+03,1.000000000000000000e+00
2.364879680081889961e-03,4.491377388096734827e-03,7.272293244986465233e-01,4.676073382475594564e-01,2.000000000000000000e+01,7.627430104481074113e-02,0.000000000000000000e+00,0.000000000000000000e+00,0.000000000000000000e+00,0.000000000000000000e+00,-4.637135673438747574e+01,9.124109447673239615e+00,1.100000000000000000e+01,1.414642466373607476e+03,9.086239262060378508e+01,2.848900000000000000e+06,1.041900000000000048e-01,-9.223461000000028776e+01,1.000000000000000000e+00
2.739313138129815910e-03,4.622391513165587280e-03,8.116757835987625791e-01,9.463616685726892186e-01,2.000000000000000000e+01,7.396500360041058375e-02,0.000000000000000000e+00,0.000000000000000000e+00,0.000000000000000000e+00,0.000000000000000000e+00,-4.756161620614697227e+01,7.366294537280024812e+00,1.200000000000000000e+01,1.535430816046403152e+03,9.083259251257494782e+01,2.692900000000000000e+06,2.088099999999999956e-01,-3.322407000000049493e+02,1.000000000000000000e+00
2.954062680635611594e-03,4.497508740670353930e-03,6.059216669324758442e-01,1.271911893474120703e+00,2.000000000000000000e+01,7.427277052470612762e-02,0.000000000000000000e+00,0.000000000000000000e+00,0.000000000000000000e+00,0.000000000000000000e+00,-4.650464052986215080e+01,6.909455826974923554e+00,1.300000000000000000e+01,1.656458373148774854e+03,8.972954076629005726e+01,2.666900000000000000e+06,3.338700000000000001e-01,-1.153147036999831244e+03,1.000000000000000000e+00
2.927783177963154404e-03,4.469607905736898250e-03,6.396643155228500799e-01,1.570556342204513456e+00,2.000000000000000000e+01,7.418712201218825852e-02,0.000000000000000000e+00,0.000000000000000000e+00,0.000000000000000000e+00,0.000000000000000000e+00,-4.854379575894738252e+01,6.973207414219880995e+00,1.400000000000000000e+01,1.564531609069741762e+03,9.000687367877284828e+01,2.651400000000000000e+06,2.968100000000000183e-01,-9.081679999999747679e+02,1.000000000000000000e+00
2.918571251134411022e-03,4.451568607498356672e-03,6.533128956269850240e-01,6.241767088048941758e-01,2.000000000000000000e+01,7.451839418862049591e-02,0.000000000000000000e+00,0.000000000000000000e+00,0.000000000000000000e+00,0.000000000000000000e+00,-4.809804606338317967e+01,7.878578916707245305e+00,1.500000000000000000e+01,1.361643931455610300e+03,9.180235698813240219e+01,2.727500000000000000e+06,2.546300000000000230e-01,-6.302121000000202002e+02,1.000000000000000000e+00
2.803714361529676541e-03,4.361488213352977816e-03,6.337814644856241131e-01,7.560744323065230477e-01,2.000000000000000000e+01,7.378242154672912112e-02,0.000000000000000000e+00,0.000000000000000000e+00,0.000000000000000000e+00,0.000000000000000000e+00,-4.972564937283494402e+01,7.379767240417244523e+00,1.600000000000000000e+01,1.358562761903234559e+03,9.242946609821886739e+01,2.670900000000000000e+06,3.959300000000000042e-01,-1.426306419999749778e+03,1.000000000000000000e+00
2.819481537221172045e-03,4.425333232958957724e-03,7.180703118151039455e-01,6.238403899416639087e-01,2.000000000000000000e+01,7.347747066436202679e-02,0.000000000000000000e+00,0.000000000000000000e+00,0.000000000000000000e+00,0.000000000000000000e+00,-4.929699258975499276e+01,7.168747766737711302e+00,1.700000000000000000e+01,1.356033288506362169e+03,9.267476332807301276e+01,2.659500000000000000e+06,3.769500000000000073e-01,-1.131738548000058699e+03,1.000000000000000000e+00
2.808597530781852415e-03,4.585656341805001424e-03,7.442552754538213078e-01,5.004759844812857184e-01,2.000000000000000000e+01,7.333844607407807858e-02,0.000000000000000000e+00,0.000000000000000000e+00,0.000000000000000000e+00,0.000000000000000000e+00,-5.091427387592675302e+01,7.702871771885719809e+00,1.800000000000000000e+01,1.183004220798903589e+03,9.382191610929450576e+01,2.682000000000000000e+06,3.941899999999999848e-01,-1.082772012000041514e+03,1.000000000000000000e+00
2.699104457218252755e-03,4.709458837424219946e-03,7.436944837789439822e-01,8.774862990271338203e-01,2.000000000000000000e+01,7.348332911174111637e-02,0.000000000000000000e+00,0.000000000000000000e+00,0.000000000000000000e+00,0.000000000000000000e+00,-5.066510761480747504e+01,7.701828750958430447e+00,1.900000000000000000e+01,1.242146573501014018e+03,9.279431980861821216e+01,2.684400000000000000e+06,3.291600000000000081e-01,-7.759653750000435366e+02,1.000000000000000000e+00
2.671204609684821232e-03,3.711918952173259758e-03,6.848881668997718331e-01,5.038360119272508944e-03,2.000000000000000000e+01,7.424580653532160401e-02,0.000000000000000000e+00,0.000000000000000000e+00,0.000000000000000000e+00,0.000000000000000000e+00,-4.881165314516915288e+01,8.447682451683197868e+00,2.000000000000000000e+01,1.132387130519476386e+03,9.394003487686354958e+01,2.764000000000000000e+06,2.828700000000000103e-01,-6.761166019999868695e+02,1.000000000000000000e+00
2.786562658224729736e-03,3.945684302928889088e-03,6.632518430613048022e-01,1.172181689631470958e+00,2.000000000000000000e+01,7.469101001006742124e-02,0.000000000000000000e+00,0.000000000000000000e+00,0.000000000000000000e+00,0.000000000000000000e+00,-5.230667397966801957e+01,7.307448764968317967e+00,2.100000000000000000e+01,1.221753196216117203e+03,9.361524795924420062e+01,2.637300000000000000e+06,2.105700000000000072e-01,-4.899546000000426034e+02,1.000000000000000000e+00
2.402347453260275222e-03,4.556501239819805635e-03,6.188265843083191609e-01,2.573127074156505989e-02,2.000000000000000000e+01,7.454049814833448029e-02,0.000000000000000000e+00,0.000000000000000000e+00,0.000000000000000000e+00,0.000000000000000000e+00,-5.061436133842837393e+01,7.880198997749024770e+00,2.200000000000000000e+01,1.106375481769010094e+03,9.498357103113764310e+01,2.699100000000000000e+06,2.263499999999999956e-01,-5.160318150000406376e+02,1.000000000000000000e+00
2.771029897155522989e-03,4.732829922606856393e-03,7.063670676331090803e-01,9.280988462420403096e-02,2.000000000000000000e+01,7.411927381437330431e-02,0.000000000000000000e+00,0.000000000000000000e+00,0.000000000000000000e+00,0.000000000000000000e+00,-5.290637003434380858e+01,7.290283437179314596e+00,2.300000000000000000e+01,1.102921794002356137e+03,9.622811989501521168e+01,2.629800000000000000e+06,2.377599999999999991e-01,-5.489370809999510357e+02,1.000000000000000000e+00
2.838186578963376727e-03,4.519778202820441335e-03,7.295329164711978898e-01,1.070826016576340023e-01,2.000000000000000000e+01,7.370886781950407307e-02,0.000000000000000000e+00,0.000000000000000000e+00,0.000000000000000000e+00,0.000000000000000000e+00,-5.349922857922280173e+01,7.509911106350845245e+00,2.400000000000000000e+01,1.020518932278007696e+03,9.674504269933899536e+01,2.638700000000000000e+06,3.049000000000000044e-01,-8.144113999998454574e+02,1.000000000000000000e+00
2.364879680081889961e-03,4.491377388096734827e-03,7.272293244986465233e-01,4.676073382475594564e-01,2.000000000000000000e+01,7.627430104481074113e-02,0.000000000000000000e+00,0.000000000000000000e+00,0.000000000000000000e+00,0.000000000000000000e+00,-4.637135673438747574e+01,9.124109447673239615e+00,2.500000000000000000e+01,9.985247089256572508e+02,9.714525529315159247e+01,2.667600000000000000e+06,4.945700000000000096e-01,-1.721317041000152585e+03,1.000000000000000000e+00
2.844528796593537908e-03,4.419543396312425321e-03,6.831135752368906466e-01,3.053616195189632343e-01,2.000000000000000000e+01,7.417853087958753422e-02,0.000000000000000000e+00,0.000000000000000000e+00,0.000000000000000000e+00,0.000000000000000000e+00,-5.412821368993093074e+01,7.302972099131528338e+00,2.600000000000000000e+01,1.043992538078898633e+03,9.670298061695825709e+01,2.617200000000000000e+06,2.548799999999999955e-01,-6.845994269999657718e+02,1.000000000000000000e+00
2.861715880775853212e-03,5.087656667036008322e-03,6.420640554176638704e-01,3.282845846300894155e-01,2.000000000000000000e+01,7.413383008511637007e-02,0.000000000000000000e+00,0.000000000000000000e+00,0.000000000000000000e+00,0.000000000000000000e+00,-4.863671099192163894e+01,7.815914755425662719e+00,2.700000000000000000e+01,1.069622316098917508e+03,9.650438544155211673e+01,2.617000000000000000e+06,2.674799999999999955e-01,-7.902505110001440016e+02,1.000000000000000000e+00
2.690849517035341990e-03,4.755390482501214294e-03,7.852980827887243720e-01,-2.210111884172039076e-01,2.000000000000000000e+01,7.319118905589638846e-02,0.000000000000000000e+00,0.000000000000000000e+00,0.000000000000000000e+00,0.000000000000000000e+00,-5.375528778927200335e+01,7.355648416295835545e+00,2.800000000000000000e+01,9.800163555403285045e+02,9.763006362582817133e+01,2.624900000000000000e+06,3.574800000000000200e-01,-9.219366000000857184e+02,1.000000000000000000e+00
2.671204609684821232e-03,3.711918952173259758e-03,6.848881668997718331e-01,5.038360119272508944e-03,2.000000000000000000e+01,7.424580653532160401e-02,0.000000000000000000e+00,0.000000000000000000e+00,0.000000000000000000e+00,0.000000000000000000e+00,-4.881165314516915288e+01,8.447682451683197868e+00,2.900000000000000000e+01,9.822804626199625773e+02,9.720826929759469692e+01,2.663500000000000000e+06,1.129099999999999965e-01,-1.411113550000003443e+02,1.000000000000000000e+00
2.658846953326418107e-03,4.630619148858634501e-03,7.547550184909813664e-01,2.792575705454751200e-01,2.000000000000000000e+01,7.386309776148813899e-02,0.000000000000000000e+00,0.000000000000000000e+00,0.000000000000000000e+00,0.000000000000000000e+00,-5.362889207133238756e+01,7.207009115660826026e+00,3.000000000000000000e+01,1.078920542326486611e+03,9.627322906398532609e+01,2.615800000000000000e+06,2.349100000000000077e-01,-4.821635199999752786e+02,1.000000000000000000e+00
2.576225378560120013e-03,4.737955745468182267e-03,7.765291654171009306e-01,-3.466098787695852113e-01,2.000000000000000000e+01,7.319099921617400195e-02,0.000000000000000000e+00,0.000000000000000000e+00,0.000000000000000000e+00,0.000000000000000000e+00,-5.352744561407799750e+01,7.442708994162721581e+00,3.100000000000000000e+01,9.563769540494694184e+02,9.775858093775021018e+01,2.633500000000000000e+06,3.501600000000000268e-01,-8.879506470001484786e+02,1.000000000000000000e+00
2.628495247416566191e-03,4.948534180630674573e-03,8.262786035767499815e-01,-9.729871604392770212e-01,2.000000000000000000e+01,7.308947948868246836e-02,0.000000000000000000e+00,0.000000000000000000e+00,0.000000000000000000e+00,0.000000000000000000e+00,-5.523994561741123732e+01,7.750148295747584903e+00,3.200000000000000000e+01,7.585652243831870010e+02,1.008162380533399869e+02,2.635200000000000000e+06,3.434400000000000230e-01,-7.856843999998360459e+02,1.000000000000000000e+00
2.635641317638662100e-03,4.830439754505871583e-03,8.269904410858901489e-01,-1.048934086054175374e+00,2.000000000000000000e+01,7.296468662987359854e-02,0.000000000000000000e+00,0.000000000000000000e+00,0.000000000000000000e+00,0.000000000000000000e+00,-5.491377465219458998e+01,7.778755085159417604e+00,3.300000000000000000e+01,7.665863533707617989e+02,1.007361747485004173e+02,2.641000000000000000e+06,3.920299999999999896e-01,-9.796291829998551748e+02,1.000000000000000000e+00
2.637370020311873703e-03,4.897197453929046096e-03,8.293142902213479495e-01,-1.078641630987300148e+00,2.000000000000000000e+01,7.295863914044586895e-02,0.000000000000000000e+00,0.000000000000000000e+00,0.000000000000000000e+00,0.000000000000000000e+00,-5.509200947659716974e+01,7.788783790224115045e+00,3.400000000000000000e+01,7.529766549578823742e+02,1.009372631333579307e+02,2.639700000000000000e+06,3.961600000000000121e-01,-9.538908000002498966e+02,1.000000000000000000e+00
2.662934952130842532e-03,4.845735382441000196e-03,9.151828384156778240e-01,-4.887963616465945682e-01,2.000000000000000000e+01,7.424248046499624942e-02,0.000000000000000000e+00,0.000000000000000000e+00,0.000000000000000000e+00,0.000000000000000000e+00,-5.662625422865782809e+01,7.170075929428784356e+00,3.500000000000000000e+01,7.685519122418510278e+02,9.962481801919075508e+01,2.650500000000000000e+06,3.473700000000000121e-01,-6.535781000000745280e+02,1.000000000000000000e+00
2.790401403774863884e-03,4.814499801401471088e-03,8.572498917023569920e-01,-6.528763874361076525e-02,2.000000000000000000e+01,7.275112090001711884e-02,0.000000000000000000e+00,0.000000000000000000e+00,0.000000000000000000e+00,0.000000000000000000e+00,-5.496583760735978785e+01,7.446719535849857685e+00,3.600000000000000000e+01,9.212284694636781524e+02,9.839928429816909272e+01,2.617300000000000000e+06,4.385000000000000009e-01,-1.205465999999856876e+03,1.000000000000000000e+00
2.598004486391093312e-03,5.499933157041757455e-03,7.573988328272752701e-01,-1.889972154104228863e-01,2.000000000000000000e+01,7.649453228623691314e-02,0.000000000000000000e+00,0.000000000000000000e+00,0.000000000000000000e+00,0.000000000000000000e+00,-5.248982847012030817e+01,7.661025086126059591e+00,3.700000000000000000e+01,9.194069734324077672e+02,9.850445000331473011e+01,2.604200000000000000e+06,3.267900000000000249e-01,-8.191733850000355233e+02,1.000000000000000000e+00
2.683678464067774765e-03,4.532894202235498299e-03,7.462974272716287327e-01,-1.253234840311719500e+00,2.000000000000000000e+01,7.451927971114534477e-02,0.000000000000000000e+00,0.000000000000000000e+00,0.000000000000000000e+00,0.000000000000000000e+00,-5.521831338240463793e+01,8.020123576530785670e+00,3.800000000000000000e+01,7.223161325884650523e+02,1.015553157648064087e+02,2.653900000000000000e+06,1.754799999999999971e-01,-3.127766320000106361e+02,1.000000000000000000e+00
2.775867100028338048e-03,5.092280895482912025e-03,8.860243731718829840e-01,-4.840682554487268918e-01,2.000000000000000000e+01,6.636526567561781831e-02,0.000000000000000000e+00,0.000000000000000000e+00,0.000000000000000000e+00,0.000000000000000000e+00,-5.862397979588396879e+01,6.421634759410641990e+00,3.900000000000000000e+01,8.856931651267155985e+02,9.936397570103088128e+01,2.591200000000000000e+06,3.121999999999999775e-01,-7.276575510001017619e+02,1.000000000000000000e+00
2.652408589093024991e-03,4.752746923236454701e-03,8.336988733539951735e-01,-1.138916397516153145e+00,2.000000000000000000e+01,7.297362472218703322e-02,0.000000000000000000e+00,0.000000000000000000e+00,0.000000000000000000e+00,0.000000000000000000e+00,-5.543877025518304436e+01,7.736207931499546220e+00,4.000000000000000000e+01,7.336633122778661118e+02,1.013434275457790363e+02,2.631700000000000000e+06,3.931100000000000150e-01,-9.630296000000411141e+02,1.000000000000000000e+00
2.642487834105628104e-03,4.600397166532150042e-03,7.541690342877938047e-01,-2.691772731119964623e-01,2.000000000000000000e+01,7.438298654930780573e-02,0.000000000000000000e+00,0.000000000000000000e+00,0.000000000000000000e+00,0.000000000000000000e+00,-5.551040130894546820e+01,7.316042499645906361e+00,4.100000000000000000e+01,9.025652992605101872e+02,9.914524529146926568e+01,2.602800000000000000e+06,1.747499999999999887e-01,-3.100839069999981348e+02,1.000000000000000000e+00
2.774708547054857005e-03,5.036364571514283586e-03,9.740958253997303862e-01,9.064520835179085134e-02,2.000000000000000000e+01,7.215056214210538443e-02,0.000000000000000000e+00,0.000000000000000000e+00,0.000000000000000000e+00,0.000000000000000000e+00,-5.583083703325995373e+01,7.367499818848674664e+00,4.200000000000000000e+01,9.110468866109634973e+02,9.894380580029334737e+01,2.601600000000000000e+06,6.213600000000000234e-01,-1.648165000000671853e+03,1.000000000000000000e+00
2.402750934548325383e-03,5.081234153652899876e-03,8.086268386558237431e-01,-9.494743776935359314e-01,2.000000000000000000e+01,7.288546552819182012e-02,0.000000000000000000e+00,0.000000000000000000e+00,0.000000000000000000e+00,0.000000000000000000e+00,-5.637791757109596347e+01,7.572774505246174570e+00,4.300000000000000000e+01,7.022332954209407490e+02,1.016740155855600847e+02,2.609100000000000000e+06,3.754799999999999804e-01,-9.134603999999320649e+02,1.000000000000000000e+00
2.539876761986479929e-03,4.644987313218506414e-03,7.530385049695356159e-01,-1.070986050666287603e+00,2.000000000000000000e+01,7.420709983332449133e-02,0.000000000000000000e+00,0.000000000000000000e+00,0.000000000000000000e+00,0.000000000000000000e+00,-5.612940432802537316e+01,7.811547338476806601e+00,4.400000000000000000e+01,6.946513108182474525e+02,1.018569036453543504e+02,2.628700000000000000e+06,1.878599999999999992e-01,-3.390066680000313681e+02,1.000000000000000000e+00
2.543071049973026198e-03,4.660402544832990476e-03,8.948161901528500772e-01,-2.020269088948619007e+00,2.000000000000000000e+01,7.393191475341129304e-02,0.000000000000000000e+00,0.000000000000000000e+00,0.000000000000000000e+00,0.000000000000000000e+00,-5.949552511377270037e+01,7.760813095831311514e+00,4.500000000000000000e+01,4.026927983456907896e+02,1.072132270218908445e+02,2.582900000000000000e+06,1.717599999999999960e-01,-2.376019009999938021e+02,1.000000000000000000e+00
2.291044476133607694e-03,4.590427723020907257e-03,7.554987520314011551e-01,-2.443665906135918942e+00,2.000000000000000000e+01,7.565899180722129858e-02,0.000000000000000000e+00,0.000000000000000000e+00,0.000000000000000000e+00,0.000000000000000000e+00,-5.929842703970928852e+01,8.358035978589423820e+00,4.600000000000000000e+01,3.075434442112059514e+02,1.086065499795678306e+02,2.622800000000000000e+06,1.031600000000000017e-01,-1.105794160000015012e+02,1.000000000000000000e+00
2.571580433817670548e-03,4.854104758609554225e-03,8.182177264745410517e-01,-1.603094297964993808e+00,2.000000000000000000e+01,7.342726486164158350e-02,0.000000000000000000e+00,0.000000000000000000e+00,0.000000000000000000e+00,0.000000000000000000e+00,-5.679653875923800399e+01,7.785756793305314005e+00,4.700000000000000000e+01,5.967417341891137994e+02,1.036090917399076972e+02,2.618300000000000000e+06,2.661800000000000277e-01,-5.380603079999772262e+02,1.000000000000000000e+00
2.519472646748456036e-03,4.535947653389897118e-03,9.078143868942545325e-01,-1.286292040047704033e+00,2.000000000000000000e+01,7.420249664804315359e-02,0.000000000000000000e+00,0.000000000000000000e+00,0.000000000000000000e+00,0.000000000000000000e+00,-5.534900792270654080e+01,8.375293316656945208e+00,4.800000000000000000e+01,6.462166383749471379e+02,1.019242782112857384e+02,2.676900000000000000e+06,1.583100000000000063e-01,-1.775902049999963026e+02,1.000000000000000000e+00
2.476059718920169128e-03,4.394703564059815153e-03,8.313538090214331877e-01,-1.835948443700575528e+00,2.000000000000000000e+01,7.537040094618044361e-02,0.000000000000000000e+00,0.000000000000000000e+00,0.000000000000000000e+00,0.000000000000000000e+00,-5.768599288332269026e+01,8.417695969616637797e+00,4.900000000000000000e+01,4.480199176232106311e+02,1.056023284713953245e+02,2.648200000000000000e+06,1.095499999999999946e-01,-1.106767530000018382e+02,1.000000000000000000e+00
2.602251685410290026e-03,4.924110625070723252e-03,9.431866679088165561e-01,-2.266469971626383639e+00,2.000000000000000000e+01,7.419090563783065084e-02,0.000000000000000000e+00,0.000000000000000000e+00,0.000000000000000000e+00,0.000000000000000000e+00,-5.945388962674537936e+01,8.462198000029360401e+00,5.000000000000000000e+01,2.992806329747595555e+02,1.088608521741323472e+02,2.627600000000000000e+06,1.490499999999999881e-01,-1.645325009999959320e+02,1.000000000000000000e+00
2.481458892581294221e-03,4.621821142292694036e-03,9.314001248340670891e-01,-1.084774512210872066e+00,2.000000000000000000e+01,7.350810224849270436e-02,0.000000000000000000e+00,0.000000000000000000e+00,0.000000000000000000e+00,0.000000000000000000e+00,-5.598213595663825259e+01,8.205657457962244550e+00,5.100000000000000000e+01,6.255104615795996779e+02,1.020818933238049055e+02,2.657000000000000000e+06,2.121500000000000052e-01,-2.828340000000210921e+02,1.000000000000000000e+00
2.459136772906359795e-03,4.998550765201165494e-03,8.619214798000092159e-01,-2.252194977852270963e+00,2.000000000000000000e+01,7.394686511581070876e-02,0.000000000000000000e+00,0.000000000000000000e+00,0.000000000000000000e+00,0.000000000000000000e+00,-5.964565893702840071e+01,8.010175455572447589e+00,5.200000000000000000e+01,3.376631736344364185e+02,1.082097306667761956e+02,2.596600000000000000e+06,1.726999999999999924e-01,-2.444255940000201122e+02,1.000000000000000000e+00
2.779600726337103436e-03,5.080813554630084911e-03,9.658987796687492633e-01,-2.519321726798558814e+00,2.000000000000000000e+01,7.136820219071059179e-02,0.000000000000000000e+00,0.000000000000000000e+00,0.000000000000000000e+00,0.000000000000000000e+00,-6.086342597158547818e+01,7.962513924160362855e+00,5.300000000000000000e+01,3.367644873613791106e+02,1.085238802827719979e+02,2.580700000000000000e+06,9.480299999999999838e-02,-7.595943799999955104e+01,1.000000000000000000e+00
2.444659272765072749e-03,4.554768726836860501e-03,8.222431077346739059e-01,-1.907106315940006125e+00,2.000000000000000000e+01,7.576268282667363019e-02,0.000000000000000000e+00,0.000000000000000000e+00,0.000000000000000000e+00,0.000000000000000000e+00,-5.903083136051607482e+01,7.897634885527200943e+00,5.400000000000000000e+01,4.286371575500335780e+02,1.066842005110921434e+02,2.598400000000000000e+06,9.592299999999999438e-02,-9.095399999999929719e+01,1.000000000000000000e+00
2.342137019507534255e-03,4.885159213694120588e-03,8.523548724287132172e-01,-2.138100476626950464e+00,2.000000000000000000e+01,8.189352656775947259e-02,0.000000000000000000e+00,0.000000000000000000e+00,0.000000000000000000e+00,0.000000000000000000e+00,-5.985631997567364238e+01,8.198087892308693725e+00,5.500000000000000000e+01,4.303985062882154580e+02,1.064777871209448392e+02,2.604500000000000000e+06,1.136899999999999994e-01,-1.190503619999997511e+02,1.000000000000000000e+00
2.585908585719835957e-03,4.931859900768666496e-03,9.055135281608949205e-01,-1.564196934498311320e+00,2.000000000000000000e+01,7.352550124413484434e-02,0.000000000000000000e+00,0.000000000000000000e+00,0.000000000000000000e+00,0.000000000000000000e+00,-5.695838911528394988e+01,7.663938031640762816e+00,5.600000000000000000e+01,6.048197297985890373e+02,1.036072145731165648e+02,2.608400000000000000e+06,2.106999999999999984e-01,-3.210950000000286764e+02,1.000000000000000000e+00
2.605494552493876903e-03,4.944702684932128847e-03,8.515178705385093583e-01,-1.539906342586766508e+00,2.000000000000000000e+01,7.346991905073479989e-02,0.000000000000000000e+00,0.000000000000000000e+00,0.000000000000000000e+00,0.000000000000000000e+00,-5.692043197682473732e+01,7.753318222208555710e+00,5.700000000000000000e+01,6.053366979112206536e+02,1.035644601804072806e+02,2.615000000000000000e+06,2.389699999999999880e-01,-4.274788589999599253e+02,1.000000000000000000e+00
2.503198601697976915e-03,4.261714556654089790e-03,9.352398207937855368e-01,-2.393833933861475138e+00,2.000000000000000000e+01,7.469861118863060923e-02,0.000000000000000000e+00,0.000000000000000000e+00,0.000000000000000000e+00,0.000000000000000000e+00,-5.911830270254191078e+01,8.262111449920853445e+00,5.800000000000000000e+01,3.388825350666884333e+02,1.080882581400881861e+02,2.619100000000000000e+06,1.243200000000000000e-01,-1.181411279999966979e+02,1.000000000000000000e+00
2.555235299157934854e-03,4.691865069810082986e-03,8.596237030146258729e-01,-2.068816970855506199e+00,2.000000000000000000e+01,7.421248140463659881e-02,0.000000000000000000e+00,0.000000000000000000e+00,0.000000000000000000e+00,0.000000000000000000e+00,-5.873863697312378918e+01,7.912684730289831769e+00,5.900000000000000000e+01,4.298018294618252639e+02,1.066141221024579835e+02,2.602200000000000000e+06,1.594500000000000084e-01,-2.164945139999881292e+02,1.000000000000000000e+00
2.801924650605536801e-03,4.080742288959680018e-03,7.323270255363742987e-01,-2.064577656426588970e+00,2.000000000000000000e+01,7.328135541630276251e-02,0.000000000000000000e+00,0.000000000000000000e+00,0.000000000000000000e+00,0.000000000000000000e+00,-6.661944261454945604e+01,8.861383778750060003e+00,6.000000000000000000e+01,1.349382137650466689e+02,1.218885188485222670e+02,2.544900000000000000e+06,1.403099999999999903e-01,-2.304873940000088908e+02,1.000000000000000000e+00
2.783519397155155475e-03,4.565354198100459414e-03,9.320022811744420599e-01,-2.627487354692030763e+00,2.000000000000000000e+01,7.973493936404364713e-02,0.000000000000000000e+00,0.000000000000000000e+00,0.000000000000000000e+00,0.000000000000000000e+00,-6.439622926235675493e+01,7.475502800316869312e+00,6.100000000000000000e+01,3.835341849039741078e+02,1.072443092335881545e+02,2.613800000000000000e+06,1.121899999999999981e-01,-1.030641149999988784e+02,1.000000000000000000e+00
2.447116510693129326e-03,4.913838692110919157e-03,8.230737931975504740e-01,-1.028269609818501351e+00,2.000000000000000000e+01,7.426494859882588895e-02,0.000000000000000000e+00,0.000000000000000000e+00,0.000000000000000000e+00,0.000000000000000000e+00,-5.762689483463346107e+01,7.784522867385039291e+00,6.200000000000000000e+01,6.063861459412872819e+02,1.034560332886619562e+02,2.608100000000000000e+06,1.571500000000000119e-01,-2.146027770000131909e+02,1.000000000000000000e+00
2.224106908983699941e-03,4.859926150112562661e-03,9.457349156068776130e-01,-1.071814505444745436e+00,2.000000000000000000e+01,8.029538832708069118e-02,0.000000000000000000e+00,0.000000000000000000e+00,0.000000000000000000e+00,0.000000000000000000e+00,-5.182378561053567267e+01,7.517411786369452287e+00,6.300000000000000000e+01,6.103623727957036635e+02,1.025825923193057605e+02,2.660700000000000000e+06,9.871599999999999819e-02,-7.936699999999920863e+01,1.000000000000000000e+00
2.473636727478235181e-03,4.696585860328012473e-03,7.733104888811097588e-01,-1.890440040460118265e+00,2.000000000000000000e+01,6.792600398167567000e-02,0.000000000000000000e+00,0.000000000000000000e+00,0.000000000000000000e+00,0.000000000000000000e+00,-6.388917341874952172e+01,8.693296563645093400e+00,6.400000000000000000e+01,4.324040371508689304e+02,1.061240272493462840e+02,2.620000000000000000e+06,1.308600000000000041e-01,-1.601216000000035820e+02,1.000000000000000000e+00
2.637529214812579185e-03,5.126592872463229394e-03,7.670246472267903126e-01,-1.282483036646228536e+00,2.000000000000000000e+01,6.953813134702364895e-02,0.000000000000000000e+00,0.000000000000000000e+00,0.000000000000000000e+00,0.000000000000000000e+00,-6.166029988656532623e+01,7.432689630552245852e+00,6.500000000000000000e+01,5.860770481379850025e+02,1.036392884149511673e+02,2.602300000000000000e+06,2.636100000000000110e-01,-5.002103750000543982e+02,1.000000000000000000e+00
2.571952725509973024e-03,4.454247650330045612e-03,8.427913087334725217e-01,-1.629398835107586541e+00,2.000000000000000000e+01,7.496863630846331561e-02,0.000000000000000000e+00,0.000000000000000000e+00,0.000000000000000000e+00,0.000000000000000000e+00,-5.709889716039738516e+01,8.275258005519637194e+00,6.600000000000000000e+01,5.340798183247894713e+02,1.044024672780575713e+02,2.647000000000000000e+06,1.258299999999999974e-01,-1.401734549999987394e+02,1.000000000000000000e+00
2.450384598949355286e-03,4.716970285545988781e-03,8.385140121619719666e-01,-1.697284006201587703e+00,2.000000000000000000e+01,7.501298480471610408e-02,0.000000000000000000e+00,0.000000000000000000e+00,0.000000000000000000e+00,0.000000000000000000e+00,-5.819654822396174154e+01,7.987062100127664266e+00,6.700000000000000000e+01,4.844422439020943898e+02,1.054723629373325764e+02,2.614600000000000000e+06,1.187900000000000067e-01,-1.257671800000037479e+02,1.000000000000000000e+00
2.390471458131643214e-03,4.781266416024975048e-03,9.023124665767003894e-01,-1.874543073262257220e+00,2.000000000000000000e+01,7.476645386589339526e-02,0.000000000000000000e+00,0.000000000000000000e+00,0.000000000000000000e+00,0.000000000000000000e+00,-5.937970821734147364e+01,8.045559945703040228e+00,6.800000000000000000e+01,3.717356668224553005e+02,1.074028897753996290e+02,2.602600000000000000e+06,1.194800000000000029e-01,-1.123304700000020517e+02,1.000000000000000000e+00
2.529732990349958105e-03,4.668709521383647247e-03,9.459099555727056297e-01,-1.590962261954842472e+00,2.000000000000000000e+01,7.398249783392918388e-02,0.000000000000000000e+00,0.000000000000000000e+00,0.000000000000000000e+00,0.000000000000000000e+00,-5.806250061007455798e+01,7.754101850191957190e+00,6.900000000000000000e+01,5.221093779165514661e+02,1.048468291517177846e+02,2.600900000000000000e+06,1.589599999999999902e-01,-1.836772739999975386e+02,1.000000000000000000e+00
2.491681672104844800e-03,4.570771284504607755e-03,9.183374009851978936e-01,-1.338585939695276839e+00,2.000000000000000000e+01,7.578718778000201328e-02,0.000000000000000000e+00,0.000000000000000000e+00,0.000000000000000000e+00,0.000000000000000000e+00,-5.787244247056287350e+01,8.010844585817661567e+00,7.000000000000000000e+01,5.255557324331695099e+02,1.045870530230207152e+02,2.620500000000000000e+06,8.841899999999999760e-02,-6.637053300000044942e+01,1.000000000000000000e+00
2.591457380904823443e-03,4.595461757082243588e-03,7.168267751228736273e-01,-1.147319022382076170e+00,2.000000000000000000e+01,7.416088009814673920e-02,0.000000000000000000e+00,0.000000000000000000e+00,0.000000000000000000e+00,0.000000000000000000e+00,-5.699478151180179708e+01,8.349990790160070731e+00,7.100000000000000000e+01,5.705825499232051925e+02,1.036432333429802526e+02,2.653200000000000000e+06,2.246700000000000086e-01,-4.642226249999824859e+02,1.000000000000000000e+00
2.568706954974843588e-03,4.431049341998232090e-03,8.127465394735470250e-01,-1.856234267854421027e+00,2.000000000000000000e+01,7.603497693526882484e-02,0.000000000000000000e+00,0.000000000000000000e+00,0.000000000000000000e+00,0.000000000000000000e+00,-5.623667935071882340e+01,8.280795637133859799e+00,7.200000000000000000e+01,5.698205454880228444e+02,1.038225664040452330e+02,2.659100000000000000e+06,9.299899999999999833e-02,-8.837325600000136205e+01,1.000000000000000000e+00
2.244337512737263132e-03,4.332259406666559565e-03,8.970665263079409257e-01,-2.027285987802449174e+00,2.000000000000000000e+01,7.107989419250673735e-02,0.000000000000000000e+00,0.000000000000000000e+00,0.000000000000000000e+00,0.000000000000000000e+00,-5.439819019420684754e+01,7.907576087591174918e+00,7.300000000000000000e+01,3.639706675173092094e+02,1.074377606246536772e+02,2.569400000000000000e+06,1.008700000000000013e-01,-7.873299999999851195e+01,1.000000000000000000e+00
2.610564138879721639e-03,4.499459071840376453e-03,1.037038008033969838e+00,-1.810857639812225361e+00,2.000000000000000000e+01,7.426320929028112916e-02,0.000000000000000000e+00,0.000000000000000000e+00,0.000000000000000000e+00,0.000000000000000000e+00,-5.804799252775328000e+01,7.922575101733530190e+00,7.400000000000000000e+01,4.936994734964276859e+02,1.049428584073958035e+02,2.617500000000000000e+06,2.383299999999999863e-01,-2.965958709999948155e+02,1.000000000000000000e+00
2.564359891884582677e-03,4.380044111687141778e-03,8.279634877049273367e-01,-1.630556736354166425e+00,2.000000000000000000e+01,7.610967900261583763e-02,0.000000000000000000e+00,0.000000000000000000e+00,0.000000000000000000e+00,0.000000000000000000e+00,-5.663536812552850108e+01,8.352672121015029205e+00,7.500000000000000000e+01,5.585445018461518885e+02,1.039413196339635590e+02,2.659000000000000000e+06,8.915399999999999714e-02,-7.862964000000054909e+01,1.000000000000000000e+00
2.605224660736999570e-03,4.913927155272612701e-03,9.429507264291139279e-01,-2.514546722544593216e+00,2.000000000000000000e+01,7.468510481555623581e-02,0.000000000000000000e+00,0.000000000000000000e+00,0.000000000000000000e+00,0.000000000000000000e+00,-5.936592999476756916e+01,8.759168668743201991e+00,7.600000000000000000e+01,2.562340439636377027e+02,1.095482729962820514e+02,2.646800000000000000e+06,1.248599999999999988e-01,-1.177455480000019747e+02,1.000000000000000000e+00
2.579926752412582507e-03,4.523809096957130856e-03,8.377709662624414078e-01,-1.720049547468368356e+00,2.000000000000000000e+01,7.608785137601369042e-02,0.000000000000000000e+00,0.000000000000000000e+00,0.000000000000000000e+00,0.000000000000000000e+00,-5.658028205029067692e+01,8.262406323382979423e+00,7.700000000000000000e+01,5.615111129895818749e+02,1.039291688566073049e+02,2.653400000000000000e+06,8.889600000000000279e-02,-7.739999999999919567e+01,1.000000000000000000e+00
2.615498039720595257e-03,4.848668111464273997e-03,1.102151870262692679e+00,-1.749906218935900704e+00,2.000000000000000000e+01,6.681633071026839288e-02,0.000000000000000000e+00,0.000000000000000000e+00,0.000000000000000000e+00,0.000000000000000000e+00,-5.783764167526230437e+01,7.829333748667703929e+00,7.800000000000000000e+01,5.126982614041353372e+02,1.049182834994704905e+02,2.608800000000000000e+06,9.910099999999999465e-02,-6.607258599999929061e+01,1.000000000000000000e+00
2.454703314275716915e-03,4.391328706162816488e-03,8.685533986173346044e-01,-1.587236487698769904e+00,2.000000000000000000e+01,7.685353785364634760e-02,0.000000000000000000e+00,0.000000000000000000e+00,0.000000000000000000e+00,0.000000000000000000e+00,-6.363352923416826457e+01,8.328171847776308923e+00,7.900000000000000000e+01,4.916898621238483429e+02,1.052421529725939422e+02,2.600000000000000000e+06,1.915300000000000058e-01,-3.059186129999727086e+02,1.000000000000000000e+00
2.482206250700176153e-03,4.347529059299130860e-03,1.024986971644147316e+00,-2.089933055960810471e+00,2.000000000000000000e+01,7.060318911648336138e-02,0.000000000000000000e+00,0.000000000000000000e+00,0.000000000000000000e+00,0.000000000000000000e+00,-5.382453445274752823e+01,8.040769210893975227e+00,8.000000000000000000e+01,5.411645332930959285e+02,1.039534130310632776e+02,2.640400000000000000e+06,3.326799999999999757e-01,-5.914614030000434468e+02,1.000000000000000000e+00
2.390385315234740300e-03,4.834449257689416891e-03,9.110270851078372534e-01,-1.590175959905331338e+00,2.000000000000000000e+01,7.525516937039873622e-02,0.000000000000000000e+00,0.000000000000000000e+00,0.000000000000000000e+00,0.000000000000000000e+00,-5.907644205437009077e+01,8.050226804289941640e+00,8.100000000000000000e+01,4.144381293939749185e+02,1.067103387519965167e+02,2.607200000000000000e+06,1.031699999999999978e-01,-8.309268100000143420e+01,1.000000000000000000e+00
2.594099540135568534e-03,4.573257535725224442e-03,9.096523915806974392e-01,-1.561206809749489777e+00,2.000000000000000000e+01,7.988250529480564466e-02,0.000000000000000000e+00,0.000000000000000000e+00,0.000000000000000000e+00,0.000000000000000000e+00,-5.817118635883007727e+01,8.078682784877583956e+00,8.200000000000000000e+01,4.143560975809070897e+02,1.071207625207297980e+02,2.577800000000000000e+06,1.098999999999999977e-01,-8.929702499999923759e+01,1.000000000000000000e+00
2.356525623675458439e-03,4.463848387429194924e-03,8.115691490595721147e-01,-2.769547154527234767e+00,2.000000000000000000e+01,6.882456309823095641e-02,0.000000000000000000e+00,0.000000000000000000e+00,0.000000000000000000e+00,0.000000000000000000e+00,-7.188170251503007080e+01,7.482084346141486542e+00,8.300000000000000000e+01,1.777681576386978008e+02,1.136681387377344237e+02,2.543400000000000000e+06,1.706600000000000061e-01,-2.215890000000071325e+02,1.000000000000000000e+00
2.504816570751531093e-03,4.779933042870968159e-03,8.590210077995554805e-01,-2.447672037336749984e+00,2.000000000000000000e+01,7.427392203155103179e-02,0.000000000000000000e+00,0.000000000000000000e+00,0.000000000000000000e+00,0.000000000000000000e+00,-6.208164121013760450e+01,7.970099214737585314e+00,8.400000000000000000e+01,2.084687029329527093e+02,1.124104195222427336e+02,2.562000000000000000e+06,1.476200000000000012e-01,-2.001494999999876256e+02,1.000000000000000000e+00
2.500697400093163537e-03,4.538009992757724084e-03,8.788919572847446737e-01,-2.281188017844165472e+00,2.000000000000000000e+01,7.343411678751049498e-02,0.000000000000000000e+00,0.000000000000000000e+00,0.000000000000000000e+00,0.000000000000000000e+00,-6.265670471327642588e+01,8.374003744851153286e+00,8.500000000000000000e+01,1.594440081644674763e+02,1.152149891878372472e+02,2.576500000000000000e+06,2.286900000000000044e-01,-3.960766170000131297e+02,1.000000000000000000e+00
2.237744206088810792e-03,4.619403181596658074e-03,8.472855068670720469e-01,-2.287322482195789597e+00,2.000000000000000000e+01,6.848627299932147361e-02,0.000000000000000000e+00,0.000000000000000000e+00,0.000000000000000000e+00,0.000000000000000000e+00,-6.410416470389687049e+01,7.195268878127632384e+00,8.600000000000000000e+01,2.240054079382838097e+02,1.120436881251170576e+02,2.551400000000000000e+06,1.148600000000000038e-01,-1.220311750000020510e+02,1.000000000000000000e+00
2.509890486341508596e-03,3.874002884682680933e-03,1.034705249140462469e+00,-2.529950283171259695e+00,2.000000000000000000e+01,7.326254472143949037e-02,0.000000000000000000e+00,0.000000000000000000e+00,0.000000000000000000e+00,0.000000000000000000e+00,-6.676871317374215664e+01,7.325184242696599846e+00,8.700000000000000000e+01,1.410185119985244739e+02,1.194595628591427783e+02,2.465600000000000000e+06,2.059300000000000019e-01,-2.893204859999905239e+02,1.000000000000000000e+00
2.334736804013694614e-03,4.890036618322371118e-03,8.301125435998530921e-01,-2.174598534180177012e+00,2.000000000000000000e+01,7.339327287905200725e-02,0.000000000000000000e+00,0.000000000000000000e+00,0.000000000000000000e+00,0.000000000000000000e+00,-6.174195259971566685e+01,8.042404654401888564e+00,8.800000000000000000e+01,2.255479577775264772e+02,1.118222781981189513e+02,2.570600000000000000e+06,2.400299999999999934e-01,-4.342303069999902618e+02,1.000000000000000000e+00
2.614051309792365854e-03,4.393678664387695720e-03,9.480255559229961992e-01,-2.264862178757601097e+00,2.000000000000000000e+01,6.879424671300776728e-02,0.000000000000000000e+00,0.000000000000000000e+00,0.000000000000000000e+00,0.000000000000000000e+00,-5.862924519489775577e+01,7.608648788080314418e+00,8.900000000000000000e+01,1.651287196167592697e+02,1.144728202106850716e+02,2.578400000000000000e+06,2.113299999999999901e-01,-3.333332309999684071e+02,1.000000000000000000e+00
2.223725875914798339e-03,4.203411029189453585e-03,1.173825542201556882e+00,-3.104673776735143331e+00,2.000000000000000000e+01,7.232380719559802773e-02,0.000000000000000000e+00,0.000000000000000000e+00,0.000000000000000000e+00,0.000000000000000000e+00,-5.904566504874463817e+01,7.119703095859634345e+00,9.000000000000000000e+01,2.273365672272580866e+02,1.108948187421504770e+02,2.494800000000000000e+06,8.566600000000000603e-02,-5.229720000000044422e+01,1.000000000000000000e+00
2.500630636746968734e-03,5.003195083950931488e-03,9.518494400654606835e-01,-2.358656587724358378e+00,2.000000000000000000e+01,7.379903705916589229e-02,0.000000000000000000e+00,0.000000000000000000e+00,0.000000000000000000e+00,0.000000000000000000e+00,-6.242704187493681189e+01,7.792287449607992578e+00,9.100000000000000000e+01,2.122240269548728406e+02,1.123024446979855213e+02,2.547300000000000000e+06,1.629700000000000037e-01,-2.002475340000060555e+02,1.000000000000000000e+00
2.442422792748118535e-03,4.604399633794878030e-03,8.639670210850776133e-01,-2.468838428891681147e+00,2.000000000000000000e+01,7.308766068685582096e-02,0.000000000000000000e+00,0.000000000000000000e+00,0.000000000000000000e+00,0.000000000000000000e+00,-6.338027590653314292e+01,8.126602189810180121e+00,9.200000000000000000e+01,1.572971701911835396e+02,1.159196681214125704e+02,2.552700000000000000e+06,2.890800000000000036e-01,-6.245008000000166248e+02,1.000000000000000000e+00
2.495754461780337261e-03,3.964274155127318379e-03,9.776114415907696253e-01,-3.167019368257682377e+00,2.000000000000000000e+01,6.714719811537933625e-02,0.000000000000000000e+00,0.000000000000000000e+00,0.000000000000000000e+00,0.000000000000000000e+00,-6.032611892424771582e+01,7.481241986194324234e+00,9.300000000000000000e+01,1.980015113673226210e+02,1.126961499107651576e+02,2.519600000000000000e+06,2.501300000000000190e-01,-4.270639999999581278e+02,1.000000000000000000e+00
2.554427600277341462e-03,4.426343324762338667e-03,8.787916478164937706e-01,-2.212335290142133370e+00,2.000000000000000000e+01,7.441433948711549673e-02,0.000000000000000000e+00,0.000000000000000000e+00,0.000000000000000000e+00,0.000000000000000000e+00,-6.808939201790154527e+01,7.666031874287423165e+00,9.400000000000000000e+01,1.900088297695207871e+02,1.136039147497909454e+02,2.587500000000000000e+06,1.839099999999999902e-01,-2.767410960000116802e+02,1.000000000000000000e+00
2.378242694069598699e-03,4.389078724882265574e-03,8.660688875089579408e-01,-2.422434814899638411e+00,2.000000000000000000e+01,7.333182834453874643e-02,0.000000000000000000e+00,0.000000000000000000e+00,0.000000000000000000e+00,0.000000000000000000e+00,-6.235988733564145292e+01,8.109899586213769496e+00,9.500000000000000000e+01,1.912927012406214260e+02,1.134576676670367590e+02,2.565600000000000000e+06,2.472300000000000053e-01,-4.464317440000182273e+02,1.000000000000000000e+00
2.470839034717398509e-03,4.782501922509415845e-03,8.600309998690450763e-01,-2.451744380621913688e+00,2.000000000000000000e+01,7.322684875725518627e-02,0.000000000000000000e+00,0.000000000000000000e+00,0.000000000000000000e+00,0.000000000000000000e+00,-6.370982113368778244e+01,8.151192516707903124e+00,9.600000000000000000e+01,1.540425398892536748e+02,1.168820990244585545e+02,2.549500000000000000e+06,2.645299999999999874e-01,-5.291256079999651547e+02,1.000000000000000000e+00
2.627990157389943713e-03,4.340502312544341525e-03,8.090465600742726693e-01,-2.184800953618907915e+00,2.000000000000000000e+01,7.470788642563862270e-02,0.000000000000000000e+00,0.000000000000000000e+00,0.000000000000000000e+00,0.000000000000000000e+00,-6.571816286521557515e+01,7.662574729501960391e+00,9.700000000000000000e+01,1.485170361301842377e+02,1.190796449044094345e+02,2.496800000000000000e+06,1.343699999999999894e-01,-2.023560000000044568e+02,1.000000000000000000e+00
2.492473617333976731e-03,4.640906243930761205e-03,8.604926046286255348e-01,-2.350525098867779938e+00,2.000000000000000000e+01,7.352657341843951699e-02,0.000000000000000000e+00,0.000000000000000000e+00,0.000000000000000000e+00,0.000000000000000000e+00,-6.470753127562070972e+01,7.834550219512617986e+00,9.800000000000000000e+01,1.518914437783446658e+02,1.175721794595698810e+02,2.519000000000000000e+06,2.118599999999999928e-01,-3.806960610000259635e+02,1.000000000000000000e+00
2.618736920703083632e-03,3.932462229530222370e-03,9.982987457959653366e-01,-2.480852689114685372e+00,2.000000000000000000e+01,6.400135253606969998e-02,0.000000000000000000e+00,0.000000000000000000e+00,0.000000000000000000e+00,0.000000000000000000e+00,-6.469711086433177627e+01,7.516710768123290087e+00,9.900000000000000000e+01,1.490404831444220406e+02,1.180514271144262182e+02,2.486800000000000000e+06,1.858799999999999897e-01,-2.919415099999977201e+02,1.000000000000000000e+00
2.487178256790738892e-03,4.575578333093905173e-03,8.584097288394203495e-01,-2.286866383577716544e+00,2.000000000000000000e+01,7.363387389798531357e-02,0.000000000000000000e+00,0.000000000000000000e+00,0.000000000000000000e+00,0.000000000000000000e+00,-6.472337504984263035e+01,7.879604204490506802e+00,1.000000000000000000e+02,1.504704681511335878e+02,1.178569251580187114e+02,2.520900000000000000e+06,2.001199999999999923e-01,-3.499209000000298602e+02,1.000000000000000000e+00
2.821200627221864994e-03,5.636994635992702285e-03,5.940890277204623482e-01,2.004062758898557117e+00,2.000000000000000000e+01,8.269818794054405175e-02,0.000000000000000000e+00,0.000000000000000000e+00,0.000000000000000000e+00,0.000000000000000000e+00,-4.555735743421973893e+01,7.706780654066650804e+00,1.010000000000000000e+02,3.253841555997512387e+03,8.543100190423179185e+01,2.800100000000000000e+06,6.011499999999999622e-01,-1.109763199999869357e+03,1.000000000000000000e+00
3.299272897532865966e-03,4.411867877998161894e-03,4.734969340176106711e-01,2.614001644891520648e+00,2.000000000000000000e+01,8.149775090207712902e-02,0.000000000000000000e+00,0.000000000000000000e+00,0.000000000000000000e+00,0.000000000000000000e+00,-4.316894986985548854e+01,7.209761953071230245e+00,1.020000000000000000e+02,2.463300687803411165e+03,8.630491305839598226e+01,2.723900000000000000e+06,5.045000000000000179e-02,-6.829137000000004321e+01,1.000000000000000000e+00
2.730036771351443577e-03,5.195528638054283492e-03,6.241320843432767163e-01,2.051986349804163723e+00,2.000000000000000000e+01,7.559292430589301115e-02,0.000000000000000000e+00,0.000000000000000000e+00,0.000000000000000000e+00,0.000000000000000000e+00,-4.161458145737817915e+01,7.106570994774550343e+00,1.030000000000000000e+02,2.374575922070782326e+03,8.639036138924210206e+01,2.728700000000000000e+06,1.450700000000000045e-01,-2.357809999999937247e+02,1.000000000000000000e+00
3.456680274095829102e-03,5.093906711633728983e-03,4.477054935236050026e-01,1.654918234533135912e+00,2.000000000000000000e+01,7.156801755968317247e-02,0.000000000000000000e+00,0.000000000000000000e+00,0.000000000000000000e+00,0.000000000000000000e+00,-4.043631146430551127e+01,5.145178834486177522e+00,1.040000000000000000e+02,1.904075137342508697e+03,8.884910783156107073e+01,2.630400000000000000e+06,1.928199999999999914e-01,-5.378784000000101742e+02,1.000000000000000000e+00
4.132499377193191159e-03,3.844006636622980099e-03,6.039780326069535965e-01,1.988923178430803906e+00,2.000000000000000000e+01,7.025698956883914825e-02,0.000000000000000000e+00,0.000000000000000000e+00,0.000000000000000000e+00,0.000000000000000000e+00,-4.890326696983949972e+01,4.786599809410424733e+00,1.050000000000000000e+02,1.866752346472678255e+03,8.887456093669895552e+01,2.612700000000000000e+06,2.852999999999999980e-01,-1.003288539999878139e+03,1.000000000000000000e+00
2.721150137261487204e-03,3.859768613278074557e-03,4.212893193967232053e-01,1.969039165403829061e+00,2.000000000000000000e+01,5.448519154106938600e-02,0.000000000000000000e+00,0.000000000000000000e+00,0.000000000000000000e+00,0.000000000000000000e+00,-5.703907954933730196e+01,6.627869534089328774e+00,1.060000000000000000e+02,1.872312853590389295e+03,8.886925203335617596e+01,2.625200000000000000e+06,1.866500000000000103e-01,-5.097941099999844141e+02,1.000000000000000000e+00
2.964964626302551108e-03,4.827683479746359106e-03,5.245398870104941436e-01,2.410362324293892744e+00,2.000000000000000000e+01,7.121042054019699474e-02,0.000000000000000000e+00,0.000000000000000000e+00,0.000000000000000000e+00,0.000000000000000000e+00,-3.532231809679647938e+01,6.828596565725231216e+00,1.070000000000000000e+02,2.214797353994038076e+03,8.656626760095467432e+01,2.699900000000000000e+06,3.685200000000000142e-01,-1.536401405000360683e+03,1.000000000000000000e+00
3.213766670112824016e-03,3.872017868459461630e-03,5.890781624867601485e-01,2.254982886037075751e+00,2.000000000000000000e+01,7.709219554958834930e-02,0.000000000000000000e+00,0.000000000000000000e+00,0.000000000000000000e+00,0.000000000000000000e+00,-3.828704987813823379e+01,6.087472568165741116e+00,1.080000000000000000e+02,2.175475542457644679e+03,8.662460775957708847e+01,2.709400000000000000e+06,1.969299999999999939e-01,-5.469728499999980613e+02,1.000000000000000000e+00
3.066523162443306021e-03,4.342702345164803357e-03,5.550880549450125656e-01,2.584158690467458275e+00,2.000000000000000000e+01,8.112472965023781457e-02,0.000000000000000000e+00,0.000000000000000000e+00,0.000000000000000000e+00,0.000000000000000000e+00,-4.665255144766947382e+01,6.975303146393475373e+00,1.090000000000000000e+02,2.037950133851711371e+03,8.684367169871519820e+01,2.694500000000000000e+06,2.594500000000000139e-01,-8.169727499999397651e+02,1.000000000000000000e+00
3.162387536853201661e-03,3.949915715572610737e-03,4.905468742548081407e-01,1.690931206242626494e+00,2.000000000000000000e+01,7.733525789810445639e-02,0.000000000000000000e+00,0.000000000000000000e+00,0.000000000000000000e+00,0.000000000000000000e+00,-5.235769625562794261e+01,5.768371864115753311e+00,1.100000000000000000e+02,1.961668030369273083e+03,8.829011431097556795e+01,2.661300000000000000e+06,1.050600000000000006e-01,-1.783531640000080927e+02,1.000000000000000000e+00
2.981634663492592832e-03,4.449948548455746541e-03,4.889602773847305239e-01,2.393838592984133484e+00,2.000000000000000000e+01,7.530253459408553507e-02,0.000000000000000000e+00,0.000000000000000000e+00,0.000000000000000000e+00,0.000000000000000000e+00,-4.451408378678353728e+01,6.609331885100469428e+00,1.110000000000000000e+02,1.976522446772403782e+03,8.745334398234950868e+01,2.659700000000000000e+06,2.967099999999999738e-01,-1.221427199999997356e+03,1.000000000000000000e+00
2.805680750447939100e-03,4.597950944196055496e-03,6.946797434975112706e-01,1.782867210381315459e+00,2.000000000000000000e+01,6.150948451160163921e-02,0.000000000000000000e+00,0.000000000000000000e+00,0.000000000000000000e+00,0.000000000000000000e+00,-5.621822636948627405e+01,5.532065625187065017e+00,1.120000000000000000e+02,1.936668488774702610e+03,8.835818000628123059e+01,2.636100000000000000e+06,2.336300000000000043e-01,-7.391279999999705979e+02,1.000000000000000000e+00
2.676690296839916595e-03,4.026905327147340362e-03,5.661697422623610532e-01,1.411233749318614228e+00,2.000000000000000000e+01,8.103418208029569691e-02,0.000000000000000000e+00,0.000000000000000000e+00,0.000000000000000000e+00,0.000000000000000000e+00,-5.126903541203348169e+01,6.929746301628201266e+00,1.130000000000000000e+02,1.730044001718907339e+03,8.963077865105989872e+01,2.629700000000000000e+06,3.273499999999999743e-01,-1.316152150000216352e+03,1.000000000000000000e+00
3.004870445249489385e-03,3.966773674938703712e-03,6.582946940097813560e-01,1.622090910192871105e+00,2.000000000000000000e+01,7.114043270695249999e-02,0.000000000000000000e+00,0.000000000000000000e+00,0.000000000000000000e+00,0.000000000000000000e+00,-4.921760171537998474e+01,6.954815748401877329e+00,1.140000000000000000e+02,1.758417705676022024e+03,8.903599121313429521e+01,2.645400000000000000e+06,3.074500000000000011e-01,-1.062491300000109050e+03,1.000000000000000000e+00
3.169398194343565466e-03,4.636150759154305731e-03,6.744694025084733147e-01,-3.447667754227946579e-01,2.000000000000000000e+01,6.613455050606845131e-02,0.000000000000000000e+00,0.000000000000000000e+00,0.000000000000000000e+00,0.000000000000000000e+00,-5.708105843773748944e+01,7.845428277180340082e+00,1.150000000000000000e+02,8.933958830134896516e+02,9.946550893676207750e+01,2.575400000000000000e+06,2.788900000000000268e-01,-6.895544950000056588e+02,1.000000000000000000e+00
2.780955250714174133e-03,4.857947826192661640e-03,7.552435167679736328e-01,-6.947573958878290323e-01,2.000000000000000000e+01,7.610162762590615138e-02,0.000000000000000000e+00,0.000000000000000000e+00,0.000000000000000000e+00,0.000000000000000000e+00,-6.031514369166772838e+01,7.939073572454480754e+00,1.160000000000000000e+02,7.297003143180361349e+02,1.016156616123721506e+02,2.605900000000000000e+06,2.097199999999999898e-01,-3.922308000000145967e+02,1.000000000000000000e+00
2.739748225883123153e-03,4.012096636158335797e-03,6.507714815313329071e-01,-2.347517053569704581e-01,2.000000000000000000e+01,7.720997150028723055e-02,0.000000000000000000e+00,0.000000000000000000e+00,0.000000000000000000e+00,0.000000000000000000e+00,-4.865787627209964228e+01,7.230875713360354951e+00,1.170000000000000000e+02,1.101024978490403328e+03,9.635973111920169742e+01,2.654600000000000000e+06,2.445100000000000051e-01,-6.209266830000269692e+02,1.000000000000000000e+00
2.943528965947802591e-03,4.221494311766835553e-03,5.704478147938705224e-01,1.194871544994085433e+00,2.000000000000000000e+01,7.444187482845671111e-02,0.000000000000000000e+00,0.000000000000000000e+00,0.000000000000000000e+00,0.000000000000000000e+00,-4.800070887525973973e+01,7.016434310484143566e+00,1.180000000000000000e+02,1.564597289286068872e+03,9.049020590614456694e+01,2.660500000000000000e+06,3.542600000000000193e-01,-1.415666657999815698e+03,1.000000000000000000e+00
2.950936259043639327e-03,9.697923668191932127e-04,4.149325399633585487e-01,-2.875609419198005945e+00,2.000000000000000000e+01,7.724718532962100703e-02,0.000000000000000000e+00,0.000000000000000000e+00,0.000000000000000000e+00,0.000000000000000000e+00,-8.746519049496797038e+01,6.320973938122190994e+00,1.190000000000000000e+02,1.363513344864150270e+02,1.940875768278790474e+02,2.074500000000000000e+06,2.353500000000000036e-01,-3.473228739999879622e+02,1.000000000000000000e+00
2.843126982123019703e-03,4.473610753264776335e-03,7.675667644111627830e-01,-4.250951763290949925e-01,2.000000000000000000e+01,7.454779609812997587e-02,0.000000000000000000e+00,0.000000000000000000e+00,0.000000000000000000e+00,0.000000000000000000e+00,-5.604149637229193814e+01,8.345571300133888926e+00,1.200000000000000000e+02,9.418394280901587763e+02,9.843095207344542530e+01,2.613900000000000000e+06,2.756600000000000161e-01,-6.984196779999028877e+02,1.000000000000000000e+00
2.854077970551886691e-03,5.160487857394094151e-03,8.500635163596391708e-01,-6.780960832319072873e-01,2.000000000000000000e+01,7.477086383071726572e-02,0.000000000000000000e+00,0.000000000000000000e+00,0.000000000000000000e+00,0.000000000000000000e+00,-4.865875068765508615e+01,6.850174176739521670e+00,1.210000000000000000e+02,7.167719331853674021e+02,1.017864965238706958e+02,2.635200000000000000e+06,1.106599999999999945e-01,-1.029420000000015705e+02,1.000000000000000000e+00
2.919426984942486650e-03,4.772924595130729856e-03,7.860620141530278993e-01,-6.188999952101194024e-01,2.000000000000000000e+01,7.289168718652103141e-02,0.000000000000000000e+00,0.000000000000000000e+00,0.000000000000000000e+00,0.000000000000000000e+00,-5.963642187725891830e+01,7.549634153867335939e+00,1.220000000000000000e+02,9.128745909006373722e+02,9.906156382801670190e+01,2.651900000000000000e+06,1.501500000000000057e-01,-2.707411999999941372e+02,1.000000000000000000e+00
2.495239020861132924e-03,4.864323708692405365e-03,8.982610857609059085e-01,-8.339297372618730275e-01,2.000000000000000000e+01,7.474154201132893194e-02,0.000000000000000000e+00,0.000000000000000000e+00,0.000000000000000000e+00,0.000000000000000000e+00,-5.619063692734872006e+01,7.662479670648659535e+00,1.230000000000000000e+02,7.455680505996654119e+02,1.013670534626475614e+02,2.618500000000000000e+06,1.237800000000000011e-01,-1.198436470000025622e+02,1.000000000000000000e+00
2.514543798726989222e-03,5.077752699829333853e-03,7.849962041700102588e-01,-2.314012835221333386e+00,2.000000000000000000e+01,7.532059576125541001e-02,0.000000000000000000e+00,0.000000000000000000e+00,0.000000000000000000e+00,0.000000000000000000e+00,-6.210579185079356535e+01,7.922002004075535453e+00,1.240000000000000000e+02,1.504089979262229519e+02,1.184749574919337505e+02,2.480700000000000000e+06,1.773099999999999954e-01,-2.617456899999916686e+02,1.000000000000000000e+00
2.705270489360291943e-03,3.862653885407958069e-03,7.585739514940378347e-01,4.843767563598434973e-03,2.000000000000000000e+01,7.570407506355258942e-02,0.000000000000000000e+00,0.000000000000000000e+00,0.000000000000000000e+00,0.000000000000000000e+00,-5.352225037719855294e+01,7.856774514992148184e+00,1.250000000000000000e+02,9.586230328730143810e+02,9.792919087838231462e+01,2.628500000000000000e+06,3.391299999999999870e-01,-1.114291809000058947e+03,1.000000000000000000e+00
2.635056563092144297e-03,4.485225337723802719e-03,6.664037945210783409e-01,1.462876314453773197e-02,2.000000000000000000e+01,7.368343122365192399e-02,0.000000000000000000e+00,0.000000000000000000e+00,0.000000000000000000e+00,0.000000000000000000e+00,-5.351580411362960632e+01,7.378790428024609049e+00,1.260000000000000000e+02,1.033676199859381995e+03,9.692446657722689451e+01,2.629300000000000000e+06,3.453499999999999903e-01,-1.110472619000089708e+03,1.000000000000000000e+00
2.510853356163919060e-03,4.840931708316969020e-03,8.788031752587329715e-01,-2.003505020562610817e+00,2.000000000000000000e+01,7.368313059617262462e-02,0.000000000000000000e+00,0.000000000000000000e+00,0.000000000000000000e+00,0.000000000000000000e+00,-6.168289648173266215e+01,8.242612757345245456e+00,1.270000000000000000e+02,2.163196908501197981e+02,1.123582794306818187e+02,2.582700000000000000e+06,1.941599999999999993e-01,-3.015710999999834030e+02,1.000000000000000000e+00
2.947531732364507343e-03,4.530913468663272381e-03,7.334159902092349803e-01,5.829272034839781957e-01,2.000000000000000000e+01,7.393360392340816989e-02,0.000000000000000000e+00,0.000000000000000000e+00,0.000000000000000000e+00,0.000000000000000000e+00,-5.107246002082902692e+01,7.516639918072836934e+00,1.280000000000000000e+02,1.226330683951470974e+03,9.372414579958929437e+01,2.666400000000000000e+06,2.740900000000000003e-01,-6.590767690000316179e+02,1.000000000000000000e+00
2.647478293935428932e-03,4.669974427269812760e-03,8.026915517810178091e-01,-1.118450157411789325e+00,2.000000000000000000e+01,7.327950276506191296e-02,0.000000000000000000e+00,0.000000000000000000e+00,0.000000000000000000e+00,0.000000000000000000e+00,-5.495922396890323114e+01,7.742674268739833110e+00,1.290000000000000000e+02,7.617638397870383642e+02,1.009327587652442872e+02,2.637800000000000000e+06,3.204600000000000226e-01,-7.644507120001105704e+02,1.000000000000000000e+00
2.379805308125679947e-03,4.836332604006222252e-03,8.325411969983766980e-01,-2.314130327170035084e+00,2.000000000000000000e+01,7.456858070922051107e-02,0.000000000000000000e+00,0.000000000000000000e+00,0.000000000000000000e+00,0.000000000000000000e+00,-6.095904107888122780e+01,7.362636921448688199e+00,1.300000000000000000e+02,3.074747769782949263e+02,1.088689064186681037e+02,2.601900000000000000e+06,1.515100000000000058e-01,-2.096633000000122706e+02,1.000000000000000000e+00
2.686553235512119733e-03,5.337728480751263369e-03,8.457020636602092800e-01,-2.289080950114152913e+00,2.000000000000000000e+01,7.583535343209701907e-02,0.000000000000000000e+00,0.000000000000000000e+00,0.000000000000000000e+00,0.000000000000000000e+00,-5.839018618663914140e+01,7.751469971569506789e+00,1.310000000000000000e+02,2.997361713803859971e+02,1.094839057043068209e+02,2.598500000000000000e+06,9.139799999999999314e-02,-8.153031000000079587e+01,1.000000000000000000e+00
2.368052665460034130e-03,5.311176146173844648e-03,7.895694557205423791e-01,-1.718193197626319835e+00,2.000000000000000000e+01,7.307179809933286863e-02,0.000000000000000000e+00,0.000000000000000000e+00,0.000000000000000000e+00,0.000000000000000000e+00,-5.682885278631381709e+01,7.769598856608071813e+00,1.320000000000000000e+02,5.796246261537480677e+02,1.038209439065026629e+02,2.616900000000000000e+06,3.258800000000000030e-01,-7.584671969999448038e+02,1.000000000000000000e+00
2.634176378412063629e-03,4.227103718778935093e-03,5.465837647117079978e-01,1.165966548703688543e+00,2.000000000000000000e+01,7.873911221526785909e-02,0.000000000000000000e+00,0.000000000000000000e+00,0.000000000000000000e+00,0.000000000000000000e+00,-5.216577199113041274e+01,6.864552292702518876e+00,1.330000000000000000e+02,1.432030208471376227e+03,9.143979533047344432e+01,2.665400000000000000e+06,3.478399999999999825e-01,-1.251849077000082161e+03,1.000000000000000000e+00
2.848735698445386405e-03,4.496959591956218444e-03,6.668859555885575663e-01,1.113611420685785003e+00,2.000000000000000000e+01,7.447666776616007622e-02,0.000000000000000000e+00,0.000000000000000000e+00,0.000000000000000000e+00,0.000000000000000000e+00,-4.869625710933958374e+01,7.309884122920880856e+00,1.340000000000000000e+02,1.471193290539719783e+03,9.096728894445047331e+01,2.676600000000000000e+06,2.298699999999999910e-01,-5.321950680000072680e+02,1.000000000000000000e+00
3.025250240460927807e-03,4.448373717935416236e-03,6.264885105643014374e-01,9.505207821289862746e-01,2.000000000000000000e+01,7.389589527718939954e-02,0.000000000000000000e+00,0.000000000000000000e+00,0.000000000000000000e+00,0.000000000000000000e+00,-5.127262842921922470e+01,7.332304055102390805e+00,1.350000000000000000e+02,1.335997595679257302e+03,9.305655878593937302e+01,2.650500000000000000e+06,3.968800000000000106e-01,-1.554496109999900227e+03,1.000000000000000000e+00
3.034217075982757923e-03,4.750044126808421543e-03,7.091943675928009672e-01,5.684939810138358585e-01,2.000000000000000000e+01,7.377510243773977017e-02,0.000000000000000000e+00,0.000000000000000000e+00,0.000000000000000000e+00,0.000000000000000000e+00,-5.002904467917201714e+01,7.426503104466857685e+00,1.360000000000000000e+02,1.315428965147467352e+03,9.309958099165289980e+01,2.671100000000000000e+06,3.278200000000000003e-01,-9.297892199998932483e+02,1.000000000000000000e+00
2.777310821173450701e-03,4.660329119925145716e-03,8.506560503368947312e-01,6.974601950694174768e-01,2.000000000000000000e+01,7.519687598861224398e-02,0.000000000000000000e+00,0.000000000000000000e+00,0.000000000000000000e+00,0.000000000000000000e+00,-4.875414323516921655e+01,7.600169865125929292e+00,1.370000000000000000e+02,1.285192170748071248e+03,9.339690338919862711e+01,2.657000000000000000e+06,2.518199999999999883e-01,-4.631385089999842535e+02,1.000000000000000000e+00
2.624517939548724234e-03,4.667322107167514236e-03,8.233647289328742680e-01,-1.617198767361497591e+00,2.000000000000000000e+01,7.494348233990254238e-02,0.000000000000000000e+00,0.000000000000000000e+00,0.000000000000000000e+00,0.000000000000000000e+00,-5.721441687575886448e+01,8.242691091127914760e+00,1.380000000000000000e+02,5.365881106702458965e+02,1.044934351237992303e+02,2.643400000000000000e+06,1.293199999999999905e-01,-1.572374999999954355e+02,1.000000000000000000e+00
2.360354419871655077e-03,5.020504576784571779e-03,8.173371092618897382e-01,-1.861366168947044430e+00,2.000000000000000000e+01,7.340927697536883678e-02,0.000000000000000000e+00,0.000000000000000000e+00,0.000000000000000000e+00,0.000000000000000000e+00,-5.935248683520832458e+01,7.741203231520028538e+00,1.390000000000000000e+02,4.163230864631333930e+02,1.067357258955688906e+02,2.583800000000000000e+06,2.452999999999999903e-01,-4.492672370000678939e+02,1.000000000000000000e+00
2.301098945301864249e-03,5.180751258269473448e-03,5.437985857914968690e-01,1.244218371390210187e+00,2.000000000000000000e+01,7.032137618708172999e-02,0.000000000000000000e+00,0.000000000000000000e+00,0.000000000000000000e+00,0.000000000000000000e+00,-5.060974533103504314e+01,7.208813751833591077e+00,1.400000000000000000e+02,1.711047929327507518e+03,8.973195754844216765e+01,2.677600000000000000e+06,1.681300000000000017e-01,-3.554023229999743307e+02,1.000000000000000000e+00
2.502906851671101753e-03,4.462906482675943476e-03,8.937776915849053871e-01,-2.396776791234164428e+00,2.000000000000000000e+01,7.459285851318636640e-02,0.000000000000000000e+00,0.000000000000000000e+00,0.000000000000000000e+00,0.000000000000000000e+00,-5.987604844931608739e+01,8.042756983729789866e+00,1.410000000000000000e+02,3.247280014600560207e+02,1.087689586053428741e+02,2.595700000000000000e+06,1.320900000000000130e-01,-1.455905849999994643e+02,1.000000000000000000e+00
2.699666715928732835e-03,4.268452191721746822e-03,7.787265959646578750e-01,-2.026117507073684099e+00,2.000000000000000000e+01,7.483703005668715380e-02,0.000000000000000000e+00,0.000000000000000000e+00,0.000000000000000000e+00,0.000000000000000000e+00,-6.517213142326576758e+01,8.272328947018438683e+00,1.420000000000000000e+02,1.410205452985263435e+02,1.216722282285462029e+02,2.535400000000000000e+06,1.391199999999999937e-01,-2.269800000000053330e+02,1.000000000000000000e+00
2.428934956342642011e-03,4.302062706713512090e-03,9.519869397223270635e-01,-2.567345073704942582e+00,2.000000000000000000e+01,7.493567911650778068e-02,0.000000000000000000e+00,0.000000000000000000e+00,0.000000000000000000e+00,0.000000000000000000e+00,-6.471084167658729314e+01,7.389847542125718149e+00,1.430000000000000000e+02,1.772547376367838865e+02,1.151669689809862405e+02,2.495900000000000000e+06,1.078800000000000037e-01,-9.311204999999846166e+01,1.000000000000000000e+00
2.682838910539634032e-03,4.271725091244918393e-03,7.440727927081756121e-01,-2.045961436577492076e+00,2.000000000000000000e+01,7.526068802668828273e-02,0.000000000000000000e+00,0.000000000000000000e+00,0.000000000000000000e+00,0.000000000000000000e+00,-6.571387136795580375e+01,7.813769234214920090e+00,1.440000000000000000e+02,1.475911335786543361e+02,1.200832133792819434e+02,2.504600000000000000e+06,1.224299999999999972e-01,-1.987201259999954743e+02,1.000000000000000000e+00
2.357718583053712482e-03,4.971025999588643204e-03,8.064906500931472433e-01,-1.699852459791536319e+00,2.000000000000000000e+01,7.375415535303178616e-02,0.000000000000000000e+00,0.000000000000000000e+00,0.000000000000000000e+00,0.000000000000000000e+00,-5.862891412774426669e+01,7.645156799455762986e+00,1.450000000000000000e+02,4.849230384330588777e+02,1.054820844633604509e+02,2.586700000000000000e+06,1.998499999999999999e-01,-3.341286000000187641e+02,1.000000000000000000e+00
2.428054842004426055e-03,5.192293453659324251e-03,7.916355230252798414e-01,-1.587753784759419418e+00,2.000000000000000000e+01,7.333642638973264516e-02,0.000000000000000000e+00,0.000000000000000000e+00,0.000000000000000000e+00,0.000000000000000000e+00,-5.791897358686330222e+01,7.772375949082189095e+00,1.460000000000000000e+02,5.264065741822460041e+02,1.047055407851232758e+02,2.603400000000000000e+06,2.753599999999999937e-01,-5.771332230000989512e+02,1.000000000000000000e+00
2.460349283015098466e-03,4.349174065838364196e-03,8.639135696990479785e-01,-2.623647824484320878e+00,2.000000000000000000e+01,7.419788203432857443e-02,0.000000000000000000e+00,0.000000000000000000e+00,0.000000000000000000e+00,0.000000000000000000e+00,-6.175076130576799471e+01,7.889607805228323834e+00,1.470000000000000000e+02,3.900403944306553399e+02,1.073523674086812321e+02,2.605700000000000000e+06,8.664900000000000380e-02,-6.742149999999953991e+01,1.000000000000000000e+00
2.811616800139234672e-03,4.990501550799235700e-03,1.020223561262252110e+00,-1.383751160334045771e+00,2.000000000000000000e+01,8.028215872558079613e-02,0.000000000000000000e+00,0.000000000000000000e+00,0.000000000000000000e+00,0.000000000000000000e+00,-5.422703981261052064e+01,7.688458083864903259e+00,1.480000000000000000e+02,6.115344649664707504e+02,1.030185060378237694e+02,2.639700000000000000e+06,1.295000000000000040e-01,-1.146728880000018336e+02,1.000000000000000000e+00
2.478812141955631220e-03,4.187785310771068893e-03,7.827466208758603328e-01,-2.478950872343624656e+00,2.000000000000000000e+01,7.821457013404439773e-02,0.000000000000000000e+00,0.000000000000000000e+00,0.000000000000000000e+00,0.000000000000000000e+00,-5.968616151451717400e+01,7.333587268244768254e+00,1.490000000000000000e+02,2.043478260825486643e+02,1.133792095004058922e+02,2.531100000000000000e+06,2.063500000000000056e-01,-3.581828319999671066e+02,1.000000000000000000e+00
2.439678071916083144e-03,4.260428941850594176e-03,8.927894810313956597e-01,-2.750655816918078145e+00,2.000000000000000000e+01,7.696960943795035093e-02,0.000000000000000000e+00,0.000000000000000000e+00,0.000000000000000000e+00,0.000000000000000000e+00,-6.150541258095454822e+01,7.281004258885026559e+00,1.500000000000000000e+02,2.043478260825486643e+02,1.133792095004058922e+02,2.531100000000000000e+06,2.063500000000000056e-01,-3.581828319999671066e+02,1.000000000000000000e+00
2.178754400470005875e-03,4.378465527553832871e-03,8.207358353936264894e-01,-2.224293532112016525e+00,2.000000000000000000e+01,7.997548302790367936e-02,0.000000000000000000e+00,0.000000000000000000e+00,0.000000000000000000e+00,0.000000000000000000e+00,-6.170989920692281316e+01,8.161222850984151123e+00,1.510000000000000000e+02,2.043478260825486643e+02,1.133792095004058922e+02,2.531100000000000000e+06,2.063500000000000056e-01,-3.581828319999671066e+02,1.000000000000000000e+00
2.023335532488733466e-03,5.646044351446653266e-03,7.133117408436907558e-01,-2.291026277352862017e+00,2.000000000000000000e+01,7.287687202691260635e-02,0.000000000000000000e+00,0.000000000000000000e+00,0.000000000000000000e+00,0.000000000000000000e+00,-6.497761604951089964e+01,7.641051252463314292e+00,1.520000000000000000e+02,1.813539822363088945e+02,1.138011266008623892e+02,2.571300000000000000e+06,2.168100000000000027e-01,-3.606400000000370483e+02,1.000000000000000000e+00
2.621966403149407401e-03,4.955977658902033060e-03,9.388625368467636845e-01,-2.710610927621490696e+00,2.000000000000000000e+01,7.974435033548578355e-02,0.000000000000000000e+00,0.000000000000000000e+00,0.000000000000000000e+00,0.000000000000000000e+00,-6.056743845309659946e+01,9.011321173983356303e+00,1.530000000000000000e+02,1.813539822363088945e+02,1.138011266008623892e+02,2.571300000000000000e+06,2.168100000000000027e-01,-3.606400000000370483e+02,1.000000000000000000e+00
2.373049506041923981e-03,4.486451155490201251e-03,8.677023359912280354e-01,-2.421641954945784825e+00,2.000000000000000000e+01,7.334969996515633417e-02,0.000000000000000000e+00,0.000000000000000000e+00,0.000000000000000000e+00,0.000000000000000000e+00,-6.251879834019749893e+01,8.105162577228810505e+00,1.540000000000000000e+02,1.814286132494841581e+02,1.137837953400674138e+02,2.563200000000000000e+06,2.379199999999999926e-01,-4.207328999999569419e+02,1.000000000000000000e+00
2.283808938844017738e-03,3.954188443345367336e-03,1.023100701124032286e+00,-3.010518159921724557e+00,2.000000000000000000e+01,7.358569545880530582e-02,0.000000000000000000e+00,0.000000000000000000e+00,0.000000000000000000e+00,0.000000000000000000e+00,-6.506711423910120118e+01,8.627053462193657651e+00,1.550000000000000000e+02,3.380060186369938151e+02,1.084067611281639927e+02,2.598000000000000000e+06,8.775499999999999967e-02,-7.146872999999958154e+01,1.000000000000000000e+00
2.593644010716914319e-03,4.665380018563766197e-03,9.393579063841780430e-01,-2.130257835059850002e+00,2.000000000000000000e+01,7.489700239604683840e-02,0.000000000000000000e+00,0.000000000000000000e+00,0.000000000000000000e+00,0.000000000000000000e+00,-6.149230746782670565e+01,7.732021527658146098e+00,1.560000000000000000e+02,2.853506981267720448e+02,1.102517911966336612e+02,2.556000000000000000e+06,1.120199999999999946e-01,-1.061814760000025615e+02,1.000000000000000000e+00
2.499903865392128118e-03,4.566735984627118272e-03,8.686598560454197315e-01,-2.280560996847951216e+00,2.000000000000000000e+01,7.427090999211322098e-02,0.000000000000000000e+00,0.000000000000000000e+00,0.000000000000000000e+00,0.000000000000000000e+00,-6.149322556463513934e+01,7.704677958003093963e+00,1.570000000000000000e+02,2.824409823106196313e+02,1.102935395322690368e+02,2.554000000000000000e+06,1.478599999999999914e-01,-1.966658800000066663e+02,1.000000000000000000e+00
2.447284711657371145e-03,4.302954442829546797e-03,8.648511964504324023e-01,-2.178549550140969071e+00,2.000000000000000000e+01,7.432935313166671998e-02,0.000000000000000000e+00,0.000000000000000000e+00,0.000000000000000000e+00,0.000000000000000000e+00,-6.015586584856657026e+01,8.332509016486199016e+00,1.580000000000000000e+02,2.875785945913333421e+02,1.097133996583885249e+02,2.609300000000000000e+06,1.486300000000000121e-01,-1.898879760000093881e+02,1.000000000000000000e+00
2.460135135116218140e-03,4.739704848895013277e-03,8.942136031000916807e-01,-2.290002935299128239e+00,2.000000000000000000e+01,7.444053344558934637e-02,0.000000000000000000e+00,0.000000000000000000e+00,0.000000000000000000e+00,0.000000000000000000e+00,-6.190148885829005820e+01,7.517868239470661962e+00,1.590000000000000000e+02,2.791723345423033606e+02,1.103797003194328283e+02,2.538300000000000000e+06,1.330999999999999961e-01,-1.526839999999978659e+02,1.000000000000000000e+00
2.582141142168877836e-03,4.772315516912078309e-03,9.077242933198397257e-01,-2.364505238830248324e+00,2.000000000000000000e+01,7.432119691849711773e-02,0.000000000000000000e+00,0.000000000000000000e+00,0.000000000000000000e+00,0.000000000000000000e+00,-6.174655365256113981e+01,7.623043118329176693e+00,1.600000000000000000e+02,2.746587295739957426e+02,1.105217734338690434e+02,2.546800000000000000e+06,1.395000000000000129e-01,-1.698101910000033001e+02,1.000000000000000000e+00
2.459440053696650228e-03,4.540592987859123908e-03,8.875249841897936420e-01,-1.835594164670294237e+00,2.000000000000000000e+01,6.927538310041907177e-02,0.000000000000000000e+00,0.000000000000000000e+00,0.000000000000000000e+00,0.000000000000000000e+00,-6.478645120289883153e+01,7.328004187998504726e+00,1.610000000000000000e+02,3.622537987020592141e+02,1.081217430978496310e+02,2.572200000000000000e+06,2.206299999999999928e-01,-3.544145999999872743e+02,1.000000000000000000e+00
2.590729311601918262e-03,4.817342017116066875e-03,8.516544702428625602e-01,-1.733774229278301160e+00,2.000000000000000000e+01,7.333247671685980129e-02,0.000000000000000000e+00,0.000000000000000000e+00,0.000000000000000000e+00,0.000000000000000000e+00,-5.736961351538501219e+01,7.734947238156877347e+00,1.620000000000000000e+02,5.578113490047942378e+02,1.043339285936882277e+02,2.608100000000000000e+06,2.684699999999999864e-01,-5.208793769999798542e+02,1.000000000000000000e+00
2.395475986052617370e-03,4.587117626433576817e-03,7.193175256308574905e-01,-1.455132032209613735e+00,2.000000000000000000e+01,7.789092318576426588e-02,0.000000000000000000e+00,0.000000000000000000e+00,0.000000000000000000e+00,0.000000000000000000e+00,-6.268482468421788667e+01,8.697347795252095892e+00,1.630000000000000000e+02,5.423694398020777498e+02,1.043896459110506783e+02,2.634200000000000000e+06,1.493299999999999905e-01,-2.236499999999934971e+02,1.000000000000000000e+00
2.398305043735036307e-03,4.694727178401728387e-03,9.058087933709925155e-01,-2.106445629518173490e+00,2.000000000000000000e+01,7.375243438418915831e-02,0.000000000000000000e+00,0.000000000000000000e+00,0.000000000000000000e+00,0.000000000000000000e+00,-6.049613944011311162e+01,7.513155303495258508e+00,1.640000000000000000e+02,3.604468690968296869e+02,1.081580189995209622e+02,2.555400000000000000e+06,1.774699999999999889e-01,-2.410779280000117524e+02,1.000000000000000000e+00
2.495704157619532508e-03,4.483684228849214685e-03,9.018447178949786647e-01,-1.246539749586712098e+00,2.000000000000000000e+01,7.411820330658955291e-02,0.000000000000000000e+00,0.000000000000000000e+00,0.000000000000000000e+00,0.000000000000000000e+00,-5.553820061890888127e+01,8.420033412874417422e+00,1.650000000000000000e+02,6.292654834160523478e+02,1.020845055313727698e+02,2.677600000000000000e+06,1.640300000000000091e-01,-1.897791999999983261e+02,1.000000000000000000e+00
2.518287736784165492e-03,5.010051922687539828e-03,8.362139695210716317e-01,-2.009930524456200907e+00,2.000000000000000000e+01,7.353546953920669926e-02,0.000000000000000000e+00,0.000000000000000000e+00,0.000000000000000000e+00,0.000000000000000000e+00,-5.988867601721315737e+01,7.828922489937726326e+00,1.660000000000000000e+02,3.704274509548462788e+02,1.078812738288627457e+02,2.581900000000000000e+06,2.231599999999999973e-01,-4.024587350000243191e+02,1.000000000000000000e+00
2.554730073678414780e-03,4.664733043016143499e-03,9.022613780872835720e-01,-2.285620196327702747e+00,2.000000000000000000e+01,7.370057590406083048e-02,0.000000000000000000e+00,0.000000000000000000e+00,0.000000000000000000e+00,0.000000000000000000e+00,-6.006050670015913795e+01,7.615439866086960663e+00,1.670000000000000000e+02,3.702438749087219207e+02,1.080208595093260300e+02,2.566900000000000000e+06,1.886099999999999999e-01,-2.854797839999959592e+02,1.000000000000000000e+00
2.581019254211093517e-03,4.558916293912761847e-03,9.385852592941305028e-01,-2.001810278468828308e+00,2.000000000000000000e+01,7.549152950089499381e-02,0.000000000000000000e+00,0.000000000000000000e+00,0.000000000000000000e+00,0.000000000000000000e+00,-5.998555058908777937e+01,7.848138034461332069e+00,1.680000000000000000e+02,3.645069533886784257e+02,1.080594138513601052e+02,2.582500000000000000e+06,9.540999999999999481e-02,-7.631127100000124130e+01,1.000000000000000000e+00
2.362811030580703586e-03,4.861258103478802162e-03,8.235666385990371152e-01,-1.058666139204853751e+00,2.000000000000000000e+01,7.545868673975991703e-02,0.000000000000000000e+00,0.000000000000000000e+00,0.000000000000000000e+00,0.000000000000000000e+00,-5.966450725753931295e+01,7.725790594280239176e+00,1.690000000000000000e+02,8.530314672241080416e+02,9.966811589527722504e+01,2.670300000000000000e+06,3.130299999999999749e-01,-6.099568290000144088e+02,1.000000000000000000e+00
2.831388552157093272e-03,4.692083386344640845e-03,6.350910119048027713e-01,-7.883343186014994952e-01,2.000000000000000000e+01,7.803577488661256334e-02,0.000000000000000000e+00,0.000000000000000000e+00,0.000000000000000000e+00,0.000000000000000000e+00,-5.638441562001509766e+01,7.302165010927169853e+00,1.700000000000000000e+02,8.032940915891933855e+02,1.000958153726323303e+02,2.660100000000000000e+06,1.972500000000000087e-01,-4.147200000000211730e+02,1.000000000000000000e+00
2.754440723812048419e-03,4.602652040980592663e-03,7.142946052656359290e-01,-7.637496195416489941e-01,2.000000000000000000e+01,6.854259296723896888e-02,0.000000000000000000e+00,0.000000000000000000e+00,0.000000000000000000e+00,0.000000000000000000e+00,-5.136132115543256305e+01,8.194250578032457710e+00,1.710000000000000000e+02,8.407857602603974101e+02,9.977404275612325080e+01,2.649500000000000000e+06,1.782400000000000095e-01,-3.475937849999793343e+02,1.000000000000000000e+00
2.636717156787394059e-03,4.745900138062308926e-03,7.750261826733225723e-01,-5.047589918836405953e-01,2.000000000000000000e+01,7.325420775778787585e-02,0.000000000000000000e+00,0.000000000000000000e+00,0.000000000000000000e+00,0.000000000000000000e+00,-5.590281934448340451e+01,7.594657391209832298e+00,1.720000000000000000e+02,7.897091966142897945e+02,1.002901729465099123e+02,2.616300000000000000e+06,3.404699999999999949e-01,-8.828676000002091087e+02,1.000000000000000000e+00
2.863882415561864753e-03,3.919836426114950076e-03,8.136876191923902990e-01,-5.026857903939229155e-01,2.000000000000000000e+01,7.563352053260727348e-02,0.000000000000000000e+00,0.000000000000000000e+00,0.000000000000000000e+00,0.000000000000000000e+00,-4.012539555033095695e+01,8.156479365421608563e+00,1.730000000000000000e+02,7.832491184533184878e+02,1.002904663647294399e+02,2.616500000000000000e+06,3.543200000000000238e-01,-8.920652569999108437e+02,1.000000000000000000e+00
2.281937544700414922e-03,4.629859100796570801e-03,9.246768872124235816e-01,-1.260991994894015811e+00,2.000000000000000000e+01,8.285960552949966917e-02,0.000000000000000000e+00,0.000000000000000000e+00,0.000000000000000000e+00,0.000000000000000000e+00,-5.385694007701367525e+01,7.661898136005001803e+00,1.740000000000000000e+02,5.063711703916524698e+02,1.050042740078391148e+02,2.613800000000000000e+06,8.917600000000000526e-02,-6.374700000000080991e+01,1.000000000000000000e+00
2.243292575077821330e-03,4.892833232112620001e-03,7.311907581886887275e-01,-8.650589744442230833e-01,2.000000000000000000e+01,7.583655106395149892e-02,0.000000000000000000e+00,0.000000000000000000e+00,0.000000000000000000e+00,0.000000000000000000e+00,-5.985396473718432020e+01,7.419745447998061572e+00,1.750000000000000000e+02,6.886555040624268713e+02,1.019322461894889074e+02,2.643500000000000000e+06,1.174300000000000066e-01,-1.326711999999985494e+02,1.000000000000000000e+00
2.460495174176027811e-03,4.715285373669995603e-03,7.936293806173906340e-01,-8.576880649731111195e-01,2.000000000000000000e+01,7.359210489556881896e-02,0.000000000000000000e+00,0.000000000000000000e+00,0.000000000000000000e+00,0.000000000000000000e+00,-5.692831991311535944e+01,7.543753008722450026e+00,1.760000000000000000e+02,6.865476550999319443e+02,1.020333987781633027e+02,2.600900000000000000e+06,2.412199999999999900e-01,-4.587899999999607985e+02,1.000000000000000000e+00
2.511410416965761776e-03,4.709992831021168197e-03,8.654529520789897568e-01,-2.362488496204350419e+00,2.000000000000000000e+01,7.446322699160105862e-02,0.000000000000000000e+00,0.000000000000000000e+00,0.000000000000000000e+00,0.000000000000000000e+00,-6.162254805889982379e+01,7.819481887919848440e+00,1.770000000000000000e+02,2.527522423298151466e+02,1.109267561274463105e+02,2.559400000000000000e+06,1.362299999999999900e-01,-1.718361000000010961e+02,1.000000000000000000e+00
2.512989398886936263e-03,4.473322919191887598e-03,8.676449586615433418e-01,-2.484651630803816680e+00,2.000000000000000000e+01,7.504094336602387671e-02,0.000000000000000000e+00,0.000000000000000000e+00,0.000000000000000000e+00,0.000000000000000000e+00,-6.221018374213720392e+01,7.612498569019733097e+00,1.780000000000000000e+02,2.525860011849531475e+02,1.113857899959226359e+02,2.539600000000000000e+06,1.124499999999999944e-01,-1.190329070000017850e+02,1.000000000000000000e+00
2.303730705258278354e-03,3.630471632812670019e-03,9.377639665865280527e-01,-2.199998601529791653e+00,2.000000000000000000e+01,8.109088263899170979e-02,0.000000000000000000e+00,0.000000000000000000e+00,0.000000000000000000e+00,0.000000000000000000e+00,-5.916398798562239847e+01,8.903059053685522528e+00,1.790000000000000000e+02,2.279975954838492385e+02,1.116428577671581763e+02,2.576000000000000000e+06,2.055099999999999982e-01,-3.183355119999747558e+02,1.000000000000000000e+00
2.577769386355772616e-03,4.591409662830104460e-03,9.263711717213332086e-01,-2.403296197420512481e+00,2.000000000000000000e+01,7.419927572061846277e-02,0.000000000000000000e+00,0.000000000000000000e+00,0.000000000000000000e+00,0.000000000000000000e+00,-6.248850311514668476e+01,7.530902403291722891e+00,1.800000000000000000e+02,2.490993857354196166e+02,1.115103221338550696e+02,2.531900000000000000e+06,1.436300000000000077e-01,-1.761626499999946418e+02,1.000000000000000000e+00
2.460349283015098466e-03,4.349174065838364196e-03,8.639135696990479785e-01,-2.623647824484320878e+00,2.000000000000000000e+01,7.419788203432857443e-02,0.000000000000000000e+00,0.000000000000000000e+00,0.000000000000000000e+00,0.000000000000000000e+00,-6.175076130576799471e+01,7.889607805228323834e+00,1.810000000000000000e+02,2.342300318711648117e+02,1.116273723811104048e+02,2.561000000000000000e+06,1.555199999999999916e-01,-2.132819999999905463e+02,1.000000000000000000e+00
2.524399363967754460e-03,4.562624087097406911e-03,8.863665485599507843e-01,-2.465984937106681318e+00,2.000000000000000000e+01,7.441810994470995921e-02,0.000000000000000000e+00,0.000000000000000000e+00,0.000000000000000000e+00,0.000000000000000000e+00,-6.241587058285141865e+01,7.576768260229582275e+00,1.820000000000000000e+02,2.432087400341540615e+02,1.116110068433739428e+02,2.535100000000000000e+06,1.362700000000000022e-01,-1.692755960000056632e+02,1.000000000000000000e+00
2.577524476998330899e-03,4.631182848424487963e-03,9.230015051942677129e-01,-2.448183464875941073e+00,2.000000000000000000e+01,7.410885668332788112e-02,0.000000000000000000e+00,0.000000000000000000e+00,0.000000000000000000e+00,0.000000000000000000e+00,-6.250613232064520730e+01,7.526388525907943716e+00,1.830000000000000000e+02,2.443217522732783777e+02,1.115872684663100785e+02,2.530900000000000000e+06,1.497499999999999942e-01,-1.886229349999939870e+02,1.000000000000000000e+00
2.271098840525012045e-03,4.726188928455792373e-03,9.511760484107519842e-01,-1.325813201741044001e+00,2.000000000000000000e+01,7.584370013391208976e-02,0.000000000000000000e+00,0.000000000000000000e+00,0.000000000000000000e+00,0.000000000000000000e+00,-5.849086387939799181e+01,8.150517547211022062e+00,1.840000000000000000e+02,4.543494084117595548e+02,1.057201624383939134e+02,2.621400000000000000e+06,8.652200000000000168e-02,-5.268720000000097770e+01,1.000000000000000000e+00
2.633446115058409205e-03,4.339534890689170782e-03,8.733521819753264914e-01,-1.758695443331926400e+00,2.000000000000000000e+01,7.315608966551530312e-02,0.000000000000000000e+00,0.000000000000000000e+00,0.000000000000000000e+00,0.000000000000000000e+00,-5.825936869645224192e+01,8.020900137504284544e+00,1.850000000000000000e+02,4.834558346546904204e+02,1.056827464405619565e+02,2.614700000000000000e+06,3.075600000000000001e-01,-6.584280340000535716e+02,1.000000000000000000e+00
3.001879622157160258e-03,4.212212490684705442e-03,6.393835313825182443e-01,1.137640649149234351e+00,2.000000000000000000e+01,7.976003068564796461e-02,0.000000000000000000e+00,0.000000000000000000e+00,0.000000000000000000e+00,0.000000000000000000e+00,-4.881586982690528487e+01,6.822484689270772229e+00,1.860000000000000000e+02,1.650619987290038353e+03,9.010235459725190310e+01,2.676900000000000000e+06,5.335800000000000542e-01,-2.137226385000863047e+03,1.000000000000000000e+00
2.417893301595622126e-03,4.653091238645819076e-03,8.584734216259949369e-01,9.751785066187103335e-02,2.000000000000000000e+01,8.129697498607504902e-02,0.000000000000000000e+00,0.000000000000000000e+00,0.000000000000000000e+00,0.000000000000000000e+00,-6.003200528334998864e+01,8.009786703615830561e+00,1.870000000000000000e+02,9.112519059752493149e+02,9.925514757278968148e+01,2.566000000000000000e+06,3.152099999999999902e-01,-8.166265099999176300e+02,1.000000000000000000e+00
2.943323580856905403e-03,5.566994452875602059e-03,6.319079277138348605e-01,-3.552152335447663623e-01,2.000000000000000000e+01,6.819739438025851364e-02,0.000000000000000000e+00,0.000000000000000000e+00,0.000000000000000000e+00,0.000000000000000000e+00,-5.233532844847407972e+01,6.075567518531082456e+00,1.880000000000000000e+02,9.130538393441165681e+02,9.912857523178516317e+01,2.596700000000000000e+06,2.664699999999999847e-01,-7.947813179998606756e+02,1.000000000000000000e+00
2.751473616496994019e-03,4.739637661237839326e-03,8.403084752390874712e-01,8.933373171561942439e-02,2.000000000000000000e+01,7.488998290218998322e-02,0.000000000000000000e+00,0.000000000000000000e+00,0.000000000000000000e+00,0.000000000000000000e+00,-5.506652324468119275e+01,7.790204690713304458e+00,1.890000000000000000e+02,9.384122616536103578e+02,9.862483881394696539e+01,2.640100000000000000e+06,1.301599999999999979e-01,-1.529555999999994356e+02,1.000000000000000000e+00
2.555699479984865907e-03,4.372428368739078586e-03,8.940736352299059053e-01,-2.307232128577355823e+00,2.000000000000000000e+01,7.365046342766906617e-02,0.000000000000000000e+00,0.000000000000000000e+00,0.000000000000000000e+00,0.000000000000000000e+00,-6.572435768240774223e+01,7.477060369326206768e+00,1.900000000000000000e+02,1.535293411297466832e+02,1.179080002787980135e+02,2.486900000000000000e+06,1.935999999999999943e-01,-3.208631999999902291e+02,1.000000000000000000e+00
2.856805207258544550e-03,4.277711666530846155e-03,7.585000808982337306e-01,1.995335409782778013e-01,2.000000000000000000e+01,7.455495090091623922e-02,0.000000000000000000e+00,0.000000000000000000e+00,0.000000000000000000e+00,0.000000000000000000e+00,-5.555996853285813586e+01,7.243508471726206821e+00,1.910000000000000000e+02,9.731225015370785059e+02,9.828375684523160771e+01,2.597100000000000000e+06,1.706600000000000061e-01,-3.174115890000095419e+02,1.000000000000000000e+00
2.563846473256683675e-03,4.824372845970908291e-03,7.703629393383687463e-01,-8.533865255858841259e-01,2.000000000000000000e+01,7.405072647628517524e-02,0.000000000000000000e+00,0.000000000000000000e+00,0.000000000000000000e+00,0.000000000000000000e+00,-5.633160707268715583e+01,7.539596826035023014e+00,1.920000000000000000e+02,7.467760539345546249e+02,1.014169294496872169e+02,2.607900000000000000e+06,1.944599999999999940e-01,-3.510984360000009019e+02,1.000000000000000000e+00
2.644688585834108294e-03,4.430985640353476973e-03,1.046719394024683503e+00,-2.608229075511595330e+00,2.000000000000000000e+01,6.923954094131173909e-02,0.000000000000000000e+00,0.000000000000000000e+00,0.000000000000000000e+00,0.000000000000000000e+00,-6.856680977846382063e+01,7.713198463780191361e+00,1.930000000000000000e+02,1.579415721888530868e+02,1.170183960706243766e+02,2.487600000000000000e+06,1.868400000000000061e-01,-2.958466570000041429e+02,1.000000000000000000e+00
2.692233862269887042e-03,4.265385923357234432e-03,7.323529254336161864e-01,8.897884654220683531e-01,2.000000000000000000e+01,6.993196721854386122e-02,0.000000000000000000e+00,0.000000000000000000e+00,0.000000000000000000e+00,0.000000000000000000e+00,-4.770903369819477291e+01,7.831314068948399765e+00,1.940000000000000000e+02,1.367082728723460377e+03,9.249695220182326239e+01,2.650400000000000000e+06,2.761600000000000166e-01,-7.396174800000630967e+02,1.000000000000000000e+00
2.485320995906917328e-03,4.379387895161762634e-03,8.010594100068882950e-01,-2.634629496570985996e+00,2.000000000000000000e+01,7.126699986760472172e-02,0.000000000000000000e+00,0.000000000000000000e+00,0.000000000000000000e+00,0.000000000000000000e+00,-6.344664525549112000e+01,7.886759043068268582e+00,1.950000000000000000e+02,1.503864333922862500e+02,1.191768852457784931e+02,2.531200000000000000e+06,3.779000000000000137e-01,-1.017182680999846070e+03,1.000000000000000000e+00
3.071622196677722700e-03,4.392770756049667151e-03,6.241413935783451938e-01,1.618979157762288623e-01,2.000000000000000000e+01,7.908525915977929199e-02,0.000000000000000000e+00,0.000000000000000000e+00,0.000000000000000000e+00,0.000000000000000000e+00,-5.748526920296104947e+01,6.751333240594563634e+00,1.960000000000000000e+02,9.893818580385182031e+02,9.765201035821161213e+01,2.612200000000000000e+06,2.339299999999999990e-01,-5.766307100000636865e+02,1.000000000000000000e+00
2.866838081356838826e-03,4.514185940253167412e-03,8.474088712180722904e-01,-8.971792718006326162e-01,2.000000000000000000e+01,6.857812005156498081e-02,0.000000000000000000e+00,0.000000000000000000e+00,0.000000000000000000e+00,0.000000000000000000e+00,-5.657557081345100158e+01,7.235407044822248501e+00,1.970000000000000000e+02,7.552580791958077953e+02,1.013472631870122314e+02,2.600500000000000000e+06,4.168299999999999783e-01,-1.108038408999796957e+03,1.000000000000000000e+00
2.801349947553566280e-03,4.752780501625161400e-03,6.443550445361196921e-01,1.407102666352777032e+00,2.000000000000000000e+01,7.458645914559497436e-02,0.000000000000000000e+00,0.000000000000000000e+00,0.000000000000000000e+00,0.000000000000000000e+00,-4.963272067447730507e+01,6.952690700616538599e+00,1.980000000000000000e+02,1.545245554361782752e+03,9.091912454965761015e+01,2.639000000000000000e+06,2.108399999999999996e-01,-4.968991739999895003e+02,1.000000000000000000e+00
2.259700491405546800e-03,4.853193094459392135e-03,8.175698954788606088e-01,-2.261849609067705380e+00,2.000000000000000000e+01,7.866771746897276152e-02,0.000000000000000000e+00,0.000000000000000000e+00,0.000000000000000000e+00,0.000000000000000000e+00,-6.071711586948371320e+01,7.261403843672405323e+00,1.990000000000000000e+02,1.931821185775518188e+02,1.136279736510265792e+02,2.538200000000000000e+06,1.728800000000000059e-01,-2.455209900000087657e+02,1.000000000000000000e+00
