3.530649821281766406e-03,4.419560158512094404e-03,5.548514391185398464e-01,2.901936824243301238e+00,2.000000000000000000e+01,7.799509024153000736e-02,0.000000000000000000e+00,0.000000000000000000e+00,0.000000000000000000e+00,0.000000000000000000e+00,-3.817962984867480003e+01,7.640614339790142928e+00,0.000000000000000000e+00,2.693009291975879023e+03,8.453823649302506738e+01,2.806700000000000000e+06,9.811200000000000476e-02,-1.638383999999948628e+02,1.000000000000000000e+00
3.712751311057541949e-03,4.646376799540496115e-03,5.621296657309331479e-01,2.701418827722359417e+00,2.000000000000000000e+01,7.699100992221172279e-02,0.000000000000000000e+00,0.000000000000000000e+00,0.000000000000000000e+00,0.000000000000000000e+00,-3.815765898901458542e+01,7.591466906895375288e+00,1.000000000000000000e+00,2.587303619412492480e+03,8.455090138294292501e+01,2.802600000000000000e+06,1.363600000000000090e-01,-2.859086999999963155e+02,1.000000000000000000e+00
3.189045984010869909e-03,4.371668146103400640e-03,5.880081820862539388e-01,2.208879504693375129e+00,2.000000000000000000e+01,7.303474481995887724e-02,0.000000000000000000e+00,0.000000000000000000e+00,0.000000000000000000e+00,0.000000000000000000e+00,-4.020840493439186503e+01,7.118022894239743437e+00,2.000000000000000000e+00,2.504702361675499560e+03,8.590112930144736936e+01,2.742300000000000000e+06,7.433100000000000263e-01,-2.868080299998920964e+03,1.000000000000000000e+00
3.299272897532865966e-03,4.411867877998161894e-03,4.734969340176106711e-01,2.614001644891520648e+00,2.000000000000000000e+01,8.149775090207712902e-02,0.000000000000000000e+00,0.000000000000000000e+00,0.000000000000000000e+00,0.000000000000000000e+00,-4.316894986985548854e+01,7.209761953071230245e+00,3.000000000000000000e+00,2.463300687803411165e+03,8.630491305839598226e+01,2.723900000000000000e+06,5.045000000000000179e-02,-6.829137000000004321e+01,1.000000000000000000e+00
2.730036771351443577e-03,5.195528638054283492e-03,6.241320843432767163e-01,2.051986349804163723e+00,2.000000000000000000e+01,7.559292430589301115e-02,0.000000000000000000e+00,0.000000000000000000e+00,0.000000000000000000e+00,0.000000000000000000e+00,-4.161458145737817915e+01,7.106570994774550343e+00,4.000000000000000000e+00,2.374575922070782326e+03,8.639036138924210206e+01,2.728700000000000000e+06,1.450700000000000045e-01,-2.357809999999937247e+02,1.000000000000000000e+00
2.948980529872653484e-03,4.151962136853813365e-03,5.328755042216789528e-01,2.093045194892905414e+00,2.000000000000000000e+01,7.464343884160155873e-02,0.000000000000000000e+00,0.000000000000000000e+00,0.000000000000000000e+00,0.000000000000000000e+00,-4.274353774223113334e+01,7.228723678876188607e+00,5.000000000000000000e+00,1.922991860584408414e+03,8.643975962627490617e+01,2.728500000000000000e+06,3.790399999999999880e-01,-1.561888699999602295e+03,1.000000000000000000e+00
2.852646134244615772e-03,4.442995282184628025e-03,5.529485997818945897e-01,2.004029435494954381e+00,2.000000000000000000e+01,7.480029921799408177e-02,0.000000000000000000e+00,0.000000000000000000e+00,0.000000000000000000e+00,0.000000000000000000e+00,-4.633226193601649356e+01,6.215118492578868725e+00,6.000000000000000000e+00,1.865854513969853087e+03,8.877515755445290324e+01,2.612000000000000000e+06,2.701000000000000068e-01,-9.471009000001025697e+02,1.000000000000000000e+00
3.004870445249489385e-03,3.966773674938703712e-03,6.582946940097813560e-01,1.622090910192871105e+00,2.000000000000000000e+01,7.114043270695249999e-02,0.000000000000000000e+00,0.000000000000000000e+00,0.000000000000000000e+00,0.000000000000000000e+00,-4.921760171537998474e+01,6.954815748401877329e+00,7.000000000000000000e+00,1.758417705676022024e+03,8.903599121313429521e+01,2.645400000000000000e+06,3.074500000000000011e-01,-1.062491300000109050e+03,1.000000000000000000e+00
2.953710051540430360e-03,4.493263857219328451e-03,5.788233620724315687e-01,1.307286130553219072e+00,2.000000000000000000e+01,7.412702202492602033e-02,0.000000000000000000e+00,0.000000000000000000e+00,0.000000000000000000e+00,0.000000000000000000e+00,-4.660445478952193810e+01,6.906577736099927201e+00,8.000000000000000000e+00,1.706822694659391800e+03,8.965296811016797562e+01,2.665600000000000000e+06,3.960000000000000187e-01,-1.614464931999333658e+03,1.000000000000000000e+00
2.676690296839916595e-03,4.026905327147340362e-03,5.661697422623610532e-01,1.411233749318614228e+00,2.000000000000000000e+01,8.103418208029569691e-02,0.000000000000000000e+00,0.000000000000000000e+00,0.000000000000000000e+00,0.000000000000000000e+00,-5.126903541203348169e+01,6.929746301628201266e+00,9.000000000000000000e+00,1.730044001718907339e+03,8.963077865105989872e+01,2.629700000000000000e+06,3.273499999999999743e-01,-1.316152150000216352e+03,1.000000000000000000e+00
2.429151875902489481e-03,7.103440778126002362e-04,4.757628496285286057e-01,-2.210494905062913773e+01,2.000000000000000000e+01,7.417924535225270399e-02,0.000000000000000000e+00,0.000000000000000000e+00,0.000000000000000000e+00,0.000000000000000000e+00,-9.865448618903117506e+01,6.500098909165416217e+00,1.000000000000000000e+01,8.178778969025033518e+01,2.879723871665251522e+02,2.064700000000000000e+06,7.280200000000000560e-02,-9.672117899999999224e+01,1.000000000000000000e+00
2.377071684887071233e-03,5.086905088409116905e-03,5.377565035412968930e-01,1.190715789663588930e+00,2.000000000000000000e+01,7.415010997891238742e-02,0.000000000000000000e+00,0.000000000000000000e+00,0.000000000000000000e+00,0.000000000000000000e+00,-4.678044688784638794e+01,7.424321114070802530e+00,1.100000000000000000e+01,1.600746957579544869e+03,8.974005983457291791e+01,2.705400000000000000e+06,3.331500000000000017e-01,-1.120116920999845206e+03,1.000000000000000000e+00
2.943528965947802591e-03,4.221494311766835553e-03,5.704478147938705224e-01,1.194871544994085433e+00,2.000000000000000000e+01,7.444187482845671111e-02,0.000000000000000000e+00,0.000000000000000000e+00,0.000000000000000000e+00,0.000000000000000000e+00,-4.800070887525973973e+01,7.016434310484143566e+00,1.200000000000000000e+01,1.564597289286068872e+03,9.049020590614456694e+01,2.660500000000000000e+06,3.542600000000000193e-01,-1.415666657999815698e+03,1.000000000000000000e+00
2.739313138129815910e-03,4.622391513165587280e-03,8.116757835987625791e-01,9.463616685726892186e-01,2.000000000000000000e+01,7.396500360041058375e-02,0.000000000000000000e+00,0.000000000000000000e+00,0.000000000000000000e+00,0.000000000000000000e+00,-4.756161620614697227e+01,7.366294537280024812e+00,1.300000000000000000e+01,1.535430816046403152e+03,9.083259251257494782e+01,2.692900000000000000e+06,2.088099999999999956e-01,-3.322407000000049493e+02,1.000000000000000000e+00
2.808597530781852415e-03,4.585656341805001424e-03,7.442552754538213078e-01,5.004759844812857184e-01,2.000000000000000000e+01,7.333844607407807858e-02,0.000000000000000000e+00,0.000000000000000000e+00,0.000000000000000000e+00,0.000000000000000000e+00,-5.091427387592675302e+01,7.702871771885719809e+00,1.400000000000000000e+01,1.183004220798903589e+03,9.382191610929450576e+01,2.682000000000000000e+06,3.941899999999999848e-01,-1.082772012000041514e+03,1.000000000000000000e+00
2.947531732364507343e-03,4.530913468663272381e-03,7.334159902092349803e-01,5.829272034839781957e-01,2.000000000000000000e+01,7.393360392340816989e-02,0.000000000000000000e+00,0.000000000000000000e+00,0.000000000000000000e+00,0.000000000000000000e+00,-5.107246002082902692e+01,7.516639918072836934e+00,1.500000000000000000e+01,1.226330683951470974e+03,9.372414579958929437e+01,2.666400000000000000e+06,2.740900000000000003e-01,-6.590767690000316179e+02,1.000000000000000000e+00
2.699104457218252755e-03,4.709458837424219946e-03,7.436944837789439822e-01,8.774862990271338203e-01,2.000000000000000000e+01,7.348332911174111637e-02,0.000000000000000000e+00,0.000000000000000000e+00,0.000000000000000000e+00,0.000000000000000000e+00,-5.066510761480747504e+01,7.701828750958430447e+00,1.600000000000000000e+01,1.242146573501014018e+03,9.279431980861821216e+01,2.684400000000000000e+06,3.291600000000000081e-01,-7.759653750000435366e+02,1.000000000000000000e+00
2.848735698445386405e-03,4.496959591956218444e-03,6.668859555885575663e-01,1.113611420685785003e+00,2.000000000000000000e+01,7.447666776616007622e-02,0.000000000000000000e+00,0.000000000000000000e+00,0.000000000000000000e+00,0.000000000000000000e+00,-4.869625710933958374e+01,7.309884122920880856e+00,1.700000000000000000e+01,1.471193290539719783e+03,9.096728894445047331e+01,2.676600000000000000e+06,2.298699999999999910e-01,-5.321950680000072680e+02,1.000000000000000000e+00
2.739748225883123153e-03,4.012096636158335797e-03,6.507714815313329071e-01,-2.347517053569704581e-01,2.000000000000000000e+01,7.720997150028723055e-02,0.000000000000000000e+00,0.000000000000000000e+00,0.000000000000000000e+00,0.000000000000000000e+00,-4.865787627209964228e+01,7.230875713360354951e+00,1.800000000000000000e+01,1.101024978490403328e+03,9.635973111920169742e+01,2.654600000000000000e+06,2.445100000000000051e-01,-6.209266830000269692e+02,1.000000000000000000e+00
2.543202074235855360e-03,4.337506541112339485e-03,7.030561950652535197e-01,4.548587589129816644e-01,2.000000000000000000e+01,7.188911070746201171e-02,0.000000000000000000e+00,0.000000000000000000e+00,0.000000000000000000e+00,0.000000000000000000e+00,-4.955215127114039575e+01,8.499391774291442658e+00,1.900000000000000000e+01,9.985247089256572508e+02,9.714525529315159247e+01,2.667600000000000000e+06,4.945700000000000096e-01,-1.721317041000152585e+03,1.000000000000000000e+00
2.771029897155522989e-03,4.732829922606856393e-03,7.063670676331090803e-01,9.280988462420403096e-02,2.000000000000000000e+01,7.411927381437330431e-02,0.000000000000000000e+00,0.000000000000000000e+00,0.000000000000000000e+00,0.000000000000000000e+00,-5.290637003434380858e+01,7.290283437179314596e+00,2.000000000000000000e+01,1.102921794002356137e+03,9.622811989501521168e+01,2.629800000000000000e+06,2.377599999999999991e-01,-5.489370809999510357e+02,1.000000000000000000e+00
2.799606208463744153e-03,4.626349355440623201e-03,6.447979107644807861e-01,3.118109202903350807e-01,2.000000000000000000e+01,7.422673227426788978e-02,0.000000000000000000e+00,0.000000000000000000e+00,0.000000000000000000e+00,0.000000000000000000e+00,-5.395195091807858034e+01,7.272906286667248921e+00,2.100000000000000000e+01,1.069622316098917508e+03,9.650438544155211673e+01,2.617000000000000000e+06,2.674799999999999955e-01,-7.902505110001440016e+02,1.000000000000000000e+00
2.402347453260275222e-03,4.556501239819805635e-03,6.188265843083191609e-01,2.573127074156505989e-02,2.000000000000000000e+01,7.454049814833448029e-02,0.000000000000000000e+00,0.000000000000000000e+00,0.000000000000000000e+00,0.000000000000000000e+00,-5.061436133842837393e+01,7.880198997749024770e+00,2.200000000000000000e+01,1.106375481769010094e+03,9.498357103113764310e+01,2.699100000000000000e+06,2.263499999999999956e-01,-5.160318150000406376e+02,1.000000000000000000e+00
2.671204609684821232e-03,3.711918952173259758e-03,6.848881668997718331e-01,5.038360119272508944e-03,2.000000000000000000e+01,7.424580653532160401e-02,0.000000000000000000e+00,0.000000000000000000e+00,0.000000000000000000e+00,0.000000000000000000e+00,-4.881165314516915288e+01,8.447682451683197868e+00,2.300000000000000000e+01,9.822804626199625773e+02,9.720826929759469692e+01,2.663500000000000000e+06,1.129099999999999965e-01,-1.411113550000003443e+02,1.000000000000000000e+00
2.882064645702364560e-03,4.481847171793520990e-03,6.018134527837032399e-01,1.101600776543145255e+00,2.000000000000000000e+01,7.416927980986173785e-02,0.000000000000000000e+00,0.000000000000000000e+00,0.000000000000000000e+00,0.000000000000000000e+00,-4.943013061525299889e+01,7.265181662460219236e+00,2.400000000000000000e+01,1.432030208471376227e+03,9.143979533047344432e+01,2.665400000000000000e+06,3.478399999999999825e-01,-1.251849077000082161e+03,1.000000000000000000e+00
2.635056563092144297e-03,4.485225337723802719e-03,6.664037945210783409e-01,1.462876314453773197e-02,2.000000000000000000e+01,7.368343122365192399e-02,0.000000000000000000e+00,0.000000000000000000e+00,0.000000000000000000e+00,0.000000000000000000e+00,-5.351580411362960632e+01,7.378790428024609049e+00,2.500000000000000000e+01,1.033676199859381995e+03,9.692446657722689451e+01,2.629300000000000000e+06,3.453499999999999903e-01,-1.110472619000089708e+03,1.000000000000000000e+00
2.819481537221172045e-03,4.425333232958957724e-03,7.180703118151039455e-01,6.238403899416639087e-01,2.000000000000000000e+01,7.347747066436202679e-02,0.000000000000000000e+00,0.000000000000000000e+00,0.000000000000000000e+00,0.000000000000000000e+00,-4.929699258975499276e+01,7.168747766737711302e+00,2.600000000000000000e+01,1.356033288506362169e+03,9.267476332807301276e+01,2.659500000000000000e+06,3.769500000000000073e-01,-1.131738548000058699e+03,1.000000000000000000e+00
2.671204609684821232e-03,3.711918952173259758e-03,6.848881668997718331e-01,5.038360119272508944e-03,2.000000000000000000e+01,7.424580653532160401e-02,0.000000000000000000e+00,0.000000000000000000e+00,0.000000000000000000e+00,0.000000000000000000e+00,-4.881165314516915288e+01,8.447682451683197868e+00,2.700000000000000000e+01,1.132387130519476386e+03,9.394003487686354958e+01,2.764000000000000000e+06,2.828700000000000103e-01,-6.761166019999868695e+02,1.000000000000000000e+00
2.803714361529676541e-03,4.361488213352977816e-03,6.337814644856241131e-01,7.560744323065230477e-01,2.000000000000000000e+01,7.378242154672912112e-02,0.000000000000000000e+00,0.000000000000000000e+00,0.000000000000000000e+00,0.000000000000000000e+00,-4.972564937283494402e+01,7.379767240417244523e+00,2.800000000000000000e+01,1.358562761903234559e+03,9.242946609821886739e+01,2.670900000000000000e+06,3.959300000000000042e-01,-1.426306419999749778e+03,1.000000000000000000e+00
2.534450001339888861e-03,5.156855014604683901e-03,6.920995346079676924e-01,4.474876111466893208e-02,2.000000000000000000e+01,6.495952639158496245e-02,0.000000000000000000e+00,0.000000000000000000e+00,0.000000000000000000e+00,0.000000000000000000e+00,-5.250438152749132570e+01,7.632315246031320832e+00,2.900000000000000000e+01,1.044718070031669413e+03,9.679388564035043885e+01,2.633800000000000000e+06,3.616900000000000115e-01,-1.222369600000172341e+03,1.000000000000000000e+00
2.972555226125418726e-03,4.532584743844922381e-03,7.186056602525507930e-01,-5.673445832490859875e-01,2.000000000000000000e+01,7.514197535034383701e-02,0.000000000000000000e+00,0.000000000000000000e+00,0.000000000000000000e+00,0.000000000000000000e+00,-5.424118175673358166e+01,7.816880971584550863e+00,3.000000000000000000e+01,9.128745909006373722e+02,9.906156382801670190e+01,2.651900000000000000e+06,1.501500000000000057e-01,-2.707411999999941372e+02,1.000000000000000000e+00
2.918571251134411022e-03,4.451568607498356672e-03,6.533128956269850240e-01,6.241767088048941758e-01,2.000000000000000000e+01,7.451839418862049591e-02,0.000000000000000000e+00,0.000000000000000000e+00,0.000000000000000000e+00,0.000000000000000000e+00,-4.809804606338317967e+01,7.878578916707245305e+00,3.100000000000000000e+01,1.361643931455610300e+03,9.180235698813240219e+01,2.727500000000000000e+06,2.546300000000000230e-01,-6.302121000000202002e+02,1.000000000000000000e+00
2.913688077186366021e-03,4.175326969410377530e-03,7.218321983267491637e-01,8.398177541725543316e-01,2.000000000000000000e+01,7.006396569295354759e-02,0.000000000000000000e+00,0.000000000000000000e+00,0.000000000000000000e+00,0.000000000000000000e+00,-5.183668071745479011e+01,6.896849908792764161e+00,3.200000000000000000e+01,1.394506190194380451e+03,9.155936759134984015e+01,2.682300000000000000e+06,4.153700000000000170e-01,-1.266367999999718222e+03,1.000000000000000000e+00
2.705270489360291943e-03,3.862653885407958069e-03,7.585739514940378347e-01,4.843767563598434973e-03,2.000000000000000000e+01,7.570407506355258942e-02,0.000000000000000000e+00,0.000000000000000000e+00,0.000000000000000000e+00,0.000000000000000000e+00,-5.352225037719855294e+01,7.856774514992148184e+00,3.300000000000000000e+01,9.586230328730143810e+02,9.792919087838231462e+01,2.628500000000000000e+06,3.391299999999999870e-01,-1.114291809000058947e+03,1.000000000000000000e+00
2.790401403774863884e-03,4.814499801401471088e-03,8.572498917023569920e-01,-6.528763874361076525e-02,2.000000000000000000e+01,7.275112090001711884e-02,0.000000000000000000e+00,0.000000000000000000e+00,0.000000000000000000e+00,0.000000000000000000e+00,-5.496583760735978785e+01,7.446719535849857685e+00,3.400000000000000000e+01,9.212284694636781524e+02,9.839928429816909272e+01,2.617300000000000000e+06,4.385000000000000009e-01,-1.205465999999856876e+03,1.000000000000000000e+00
2.642487834105628104e-03,4.600397166532150042e-03,7.541690342877938047e-01,-2.691772731119964623e-01,2.000000000000000000e+01,7.438298654930780573e-02,0.000000000000000000e+00,0.000000000000000000e+00,0.000000000000000000e+00,0.000000000000000000e+00,-5.551040130894546820e+01,7.316042499645906361e+00,3.500000000000000000e+01,9.025652992605101872e+02,9.914524529146926568e+01,2.602800000000000000e+06,1.747499999999999887e-01,-3.100839069999981348e+02,1.000000000000000000e+00
2.598004486391093312e-03,5.499933157041757455e-03,7.573988328272752701e-01,-1.889972154104228863e-01,2.000000000000000000e+01,7.649453228623691314e-02,0.000000000000000000e+00,0.000000000000000000e+00,0.000000000000000000e+00,0.000000000000000000e+00,-5.248982847012030817e+01,7.661025086126059591e+00,3.600000000000000000e+01,9.194069734324077672e+02,9.850445000331473011e+01,2.604200000000000000e+06,3.267900000000000249e-01,-8.191733850000355233e+02,1.000000000000000000e+00
2.775867100028338048e-03,5.092280895482912025e-03,8.860243731718829840e-01,-4.840682554487268918e-01,2.000000000000000000e+01,6.636526567561781831e-02,0.000000000000000000e+00,0.000000000000000000e+00,0.000000000000000000e+00,0.000000000000000000e+00,-5.862397979588396879e+01,6.421634759410641990e+00,3.700000000000000000e+01,8.856931651267155985e+02,9.936397570103088128e+01,2.591200000000000000e+06,3.121999999999999775e-01,-7.276575510001017619e+02,1.000000000000000000e+00
2.481458892581294221e-03,4.621821142292694036e-03,9.314001248340670891e-01,-1.084774512210872066e+00,2.000000000000000000e+01,7.350810224849270436e-02,0.000000000000000000e+00,0.000000000000000000e+00,0.000000000000000000e+00,0.000000000000000000e+00,-5.598213595663825259e+01,8.205657457962244550e+00,3.800000000000000000e+01,6.255104615795996779e+02,1.020818933238049055e+02,2.657000000000000000e+06,2.121500000000000052e-01,-2.828340000000210921e+02,1.000000000000000000e+00
2.243292575077821330e-03,4.892833232112620001e-03,7.311907581886887275e-01,-8.650589744442230833e-01,2.000000000000000000e+01,7.583655106395149892e-02,0.000000000000000000e+00,0.000000000000000000e+00,0.000000000000000000e+00,0.000000000000000000e+00,-5.985396473718432020e+01,7.419745447998061572e+00,3.900000000000000000e+01,6.886555040624268713e+02,1.019322461894889074e+02,2.643500000000000000e+06,1.174300000000000066e-01,-1.326711999999985494e+02,1.000000000000000000e+00
2.224106908983699941e-03,4.859926150112562661e-03,9.457349156068776130e-01,-1.071814505444745436e+00,2.000000000000000000e+01,8.029538832708069118e-02,0.000000000000000000e+00,0.000000000000000000e+00,0.000000000000000000e+00,0.000000000000000000e+00,-5.182378561053567267e+01,7.517411786369452287e+00,4.000000000000000000e+01,6.103623727957036635e+02,1.025825923193057605e+02,2.660700000000000000e+06,9.871599999999999819e-02,-7.936699999999920863e+01,1.000000000000000000e+00
2.539876761986479929e-03,4.644987313218506414e-03,7.530385049695356159e-01,-1.070986050666287603e+00,2.000000000000000000e+01,7.420709983332449133e-02,0.000000000000000000e+00,0.000000000000000000e+00,0.000000000000000000e+00,0.000000000000000000e+00,-5.612940432802537316e+01,7.811547338476806601e+00,4.100000000000000000e+01,6.946513108182474525e+02,1.018569036453543504e+02,2.628700000000000000e+06,1.878599999999999992e-01,-3.390066680000313681e+02,1.000000000000000000e+00
2.402750934548325383e-03,5.081234153652899876e-03,8.086268386558237431e-01,-9.494743776935359314e-01,2.000000000000000000e+01,7.288546552819182012e-02,0.000000000000000000e+00,0.000000000000000000e+00,0.000000000000000000e+00,0.000000000000000000e+00,-5.637791757109596347e+01,7.572774505246174570e+00,4.200000000000000000e+01,7.022332954209407490e+02,1.016740155855600847e+02,2.609100000000000000e+06,3.754799999999999804e-01,-9.134603999999320649e+02,1.000000000000000000e+00
2.585908585719835957e-03,4.931859900768666496e-03,9.055135281608949205e-01,-1.564196934498311320e+00,2.000000000000000000e+01,7.352550124413484434e-02,0.000000000000000000e+00,0.000000000000000000e+00,0.000000000000000000e+00,0.000000000000000000e+00,-5.695838911528394988e+01,7.663938031640762816e+00,4.300000000000000000e+01,6.048197297985890373e+02,1.036072145731165648e+02,2.608400000000000000e+06,2.106999999999999984e-01,-3.210950000000286764e+02,1.000000000000000000e+00
2.662934952130842532e-03,4.845735382441000196e-03,9.151828384156778240e-01,-4.887963616465945682e-01,2.000000000000000000e+01,7.424248046499624942e-02,0.000000000000000000e+00,0.000000000000000000e+00,0.000000000000000000e+00,0.000000000000000000e+00,-5.662625422865782809e+01,7.170075929428784356e+00,4.400000000000000000e+01,7.685519122418510278e+02,9.962481801919075508e+01,2.650500000000000000e+06,3.473700000000000121e-01,-6.535781000000745280e+02,1.000000000000000000e+00
2.683678464067774765e-03,4.532894202235498299e-03,7.462974272716287327e-01,-1.253234840311719500e+00,2.000000000000000000e+01,7.451927971114534477e-02,0.000000000000000000e+00,0.000000000000000000e+00,0.000000000000000000e+00,0.000000000000000000e+00,-5.521831338240463793e+01,8.020123576530785670e+00,4.500000000000000000e+01,7.223161325884650523e+02,1.015553157648064087e+02,2.653900000000000000e+06,1.754799999999999971e-01,-3.127766320000106361e+02,1.000000000000000000e+00
2.652408589093024991e-03,4.752746923236454701e-03,8.336988733539951735e-01,-1.138916397516153145e+00,2.000000000000000000e+01,7.297362472218703322e-02,0.000000000000000000e+00,0.000000000000000000e+00,0.000000000000000000e+00,0.000000000000000000e+00,-5.543877025518304436e+01,7.736207931499546220e+00,4.600000000000000000e+01,7.336633122778661118e+02,1.013434275457790363e+02,2.631700000000000000e+06,3.931100000000000150e-01,-9.630296000000411141e+02,1.000000000000000000e+00
2.543071049973026198e-03,4.660402544832990476e-03,8.948161901528500772e-01,-2.020269088948619007e+00,2.000000000000000000e+01,7.393191475341129304e-02,0.000000000000000000e+00,0.000000000000000000e+00,0.000000000000000000e+00,0.000000000000000000e+00,-5.949552511377270037e+01,7.760813095831311514e+00,4.700000000000000000e+01,4.026927983456907896e+02,1.072132270218908445e+02,2.582900000000000000e+06,1.717599999999999960e-01,-2.376019009999938021e+02,1.000000000000000000e+00
2.444659272765072749e-03,4.554768726836860501e-03,8.222431077346739059e-01,-1.907106315940006125e+00,2.000000000000000000e+01,7.576268282667363019e-02,0.000000000000000000e+00,0.000000000000000000e+00,0.000000000000000000e+00,0.000000000000000000e+00,-5.903083136051607482e+01,7.897634885527200943e+00,4.800000000000000000e+01,4.286371575500335780e+02,1.066842005110921434e+02,2.598400000000000000e+06,9.592299999999999438e-02,-9.095399999999929719e+01,1.000000000000000000e+00
2.342137019507534255e-03,4.885159213694120588e-03,8.523548724287132172e-01,-2.138100476626950464e+00,2.000000000000000000e+01,8.189352656775947259e-02,0.000000000000000000e+00,0.000000000000000000e+00,0.000000000000000000e+00,0.000000000000000000e+00,-5.985631997567364238e+01,8.198087892308693725e+00,4.900000000000000000e+01,4.303985062882154580e+02,1.064777871209448392e+02,2.604500000000000000e+06,1.136899999999999994e-01,-1.190503619999997511e+02,1.000000000000000000e+00
2.678258891697679004e-03,4.144776663086774046e-03,7.727283274242080502e-01,-2.047028880334125667e+00,2.000000000000000000e+01,7.486958306034682820e-02,0.000000000000000000e+00,0.000000000000000000e+00,0.000000000000000000e+00,0.000000000000000000e+00,-6.497714906436573301e+01,8.400576745775063969e+00,5.000000000000000000e+01,1.349382137650466689e+02,1.218885188485222670e+02,2.544900000000000000e+06,1.403099999999999903e-01,-2.304873940000088908e+02,1.000000000000000000e+00
2.363712178027825572e-03,4.756058677319622771e-03,8.028955825647476896e-01,-1.851704702939775071e+00,2.000000000000000000e+01,7.477152741941749114e-02,0.000000000000000000e+00,0.000000000000000000e+00,0.000000000000000000e+00,0.000000000000000000e+00,-5.840042446419137434e+01,8.117222424389529678e+00,5.100000000000000000e+01,4.324040371508689304e+02,1.061240272493462840e+02,2.620000000000000000e+06,1.308600000000000041e-01,-1.601216000000035820e+02,1.000000000000000000e+00
2.628495247416566191e-03,4.948534180630674573e-03,8.262786035767499815e-01,-9.729871604392770212e-01,2.000000000000000000e+01,7.308947948868246836e-02,0.000000000000000000e+00,0.000000000000000000e+00,0.000000000000000000e+00,0.000000000000000000e+00,-5.523994561741123732e+01,7.750148295747584903e+00,5.200000000000000000e+01,7.585652243831870010e+02,1.008162380533399869e+02,2.635200000000000000e+06,3.434400000000000230e-01,-7.856843999998360459e+02,1.000000000000000000e+00
2.615498039720595257e-03,4.848668111464273997e-03,1.102151870262692679e+00,-1.749906218935900704e+00,2.000000000000000000e+01,6.681633071026839288e-02,0.000000000000000000e+00,0.000000000000000000e+00,0.000000000000000000e+00,0.000000000000000000e+00,-5.783764167526230437e+01,7.829333748667703929e+00,5.300000000000000000e+01,5.126982614041353372e+02,1.049182834994704905e+02,2.608800000000000000e+06,9.910099999999999465e-02,-6.607258599999929061e+01,1.000000000000000000e+00
2.624517939548724234e-03,4.667322107167514236e-03,8.233647289328742680e-01,-1.617198767361497591e+00,2.000000000000000000e+01,7.494348233990254238e-02,0.000000000000000000e+00,0.000000000000000000e+00,0.000000000000000000e+00,0.000000000000000000e+00,-5.721441687575886448e+01,8.242691091127914760e+00,5.400000000000000000e+01,5.365881106702458965e+02,1.044934351237992303e+02,2.643400000000000000e+06,1.293199999999999905e-01,-1.572374999999954355e+02,1.000000000000000000e+00
2.360354419871655077e-03,5.020504576784571779e-03,8.173371092618897382e-01,-1.861366168947044430e+00,2.000000000000000000e+01,7.340927697536883678e-02,0.000000000000000000e+00,0.000000000000000000e+00,0.000000000000000000e+00,0.000000000000000000e+00,-5.935248683520832458e+01,7.741203231520028538e+00,5.500000000000000000e+01,4.163230864631333930e+02,1.067357258955688906e+02,2.583800000000000000e+06,2.452999999999999903e-01,-4.492672370000678939e+02,1.000000000000000000e+00
2.271098840525012045e-03,4.726188928455792373e-03,9.511760484107519842e-01,-1.325813201741044001e+00,2.000000000000000000e+01,7.584370013391208976e-02,0.000000000000000000e+00,0.000000000000000000e+00,0.000000000000000000e+00,0.000000000000000000e+00,-5.849086387939799181e+01,8.150517547211022062e+00,5.600000000000000000e+01,4.543494084117595548e+02,1.057201624383939134e+02,2.621400000000000000e+06,8.652200000000000168e-02,-5.268720000000097770e+01,1.000000000000000000e+00
2.529732990349958105e-03,4.668709521383647247e-03,9.459099555727056297e-01,-1.590962261954842472e+00,2.000000000000000000e+01,7.398249783392918388e-02,0.000000000000000000e+00,0.000000000000000000e+00,0.000000000000000000e+00,0.000000000000000000e+00,-5.806250061007455798e+01,7.754101850191957190e+00,5.700000000000000000e+01,5.221093779165514661e+02,1.048468291517177846e+02,2.600900000000000000e+06,1.589599999999999902e-01,-1.836772739999975386e+02,1.000000000000000000e+00
2.594099540135568534e-03,4.573257535725224442e-03,9.096523915806974392e-01,-1.561206809749489777e+00,2.000000000000000000e+01,7.988250529480564466e-02,0.000000000000000000e+00,0.000000000000000000e+00,0.000000000000000000e+00,0.000000000000000000e+00,-5.817118635883007727e+01,8.078682784877583956e+00,5.800000000000000000e+01,4.143560975809070897e+02,1.071207625207297980e+02,2.577800000000000000e+06,1.098999999999999977e-01,-8.929702499999923759e+01,1.000000000000000000e+00
2.449664188332447562e-03,4.950769384639770385e-03,8.335239647085770365e-01,-1.320235119904838328e+00,2.000000000000000000e+01,7.331017752928781217e-02,0.000000000000000000e+00,0.000000000000000000e+00,0.000000000000000000e+00,0.000000000000000000e+00,-5.750569603822978593e+01,7.672667161432497274e+00,5.900000000000000000e+01,5.860770481379850025e+02,1.036392884149511673e+02,2.602300000000000000e+06,2.636100000000000110e-01,-5.002103750000543982e+02,1.000000000000000000e+00
2.610564138879721639e-03,4.499459071840376453e-03,1.037038008033969838e+00,-1.810857639812225361e+00,2.000000000000000000e+01,7.426320929028112916e-02,0.000000000000000000e+00,0.000000000000000000e+00,0.000000000000000000e+00,0.000000000000000000e+00,-5.804799252775328000e+01,7.922575101733530190e+00,6.000000000000000000e+01,4.936994734964276859e+02,1.049428584073958035e+02,2.617500000000000000e+06,2.383299999999999863e-01,-2.965958709999948155e+02,1.000000000000000000e+00
2.491681672104844800e-03,4.570771284504607755e-03,9.183374009851978936e-01,-1.338585939695276839e+00,2.000000000000000000e+01,7.578718778000201328e-02,0.000000000000000000e+00,0.000000000000000000e+00,0.000000000000000000e+00,0.000000000000000000e+00,-5.787244247056287350e+01,8.010844585817661567e+00,6.100000000000000000e+01,5.255557324331695099e+02,1.045870530230207152e+02,2.620500000000000000e+06,8.841899999999999760e-02,-6.637053300000044942e+01,1.000000000000000000e+00
2.362883250501424809e-03,4.112387360821475463e-03,9.454112150593455555e-01,-1.936403604048243299e+00,2.000000000000000000e+01,7.285114958837757282e-02,0.000000000000000000e+00,0.000000000000000000e+00,0.000000000000000000e+00,0.000000000000000000e+00,-5.631544908743269673e+01,8.025374937161259936e+00,6.200000000000000000e+01,5.411645332930959285e+02,1.039534130310632776e+02,2.640400000000000000e+06,3.326799999999999757e-01,-5.914614030000434468e+02,1.000000000000000000e+00
2.509890486341508596e-03,3.874002884682680933e-03,1.034705249140462469e+00,-2.529950283171259695e+00,2.000000000000000000e+01,7.326254472143949037e-02,0.000000000000000000e+00,0.000000000000000000e+00,0.000000000000000000e+00,0.000000000000000000e+00,-6.676871317374215664e+01,7.325184242696599846e+00,6.300000000000000000e+01,1.410185119985244739e+02,1.194595628591427783e+02,2.465600000000000000e+06,2.059300000000000019e-01,-2.893204859999905239e+02,1.000000000000000000e+00
2.676786562793919549e-03,5.035475609216339896e-03,9.430280720924678617e-01,-2.478795313744056372e+00,2.000000000000000000e+01,7.496195078393792788e-02,0.000000000000000000e+00,0.000000000000000000e+00,0.000000000000000000e+00,0.000000000000000000e+00,-5.859471025100653208e+01,8.063681289364678761e+00,6.400000000000000000e+01,3.835341849039741078e+02,1.072443092335881545e+02,2.613800000000000000e+06,1.121899999999999981e-01,-1.030641149999988784e+02,1.000000000000000000e+00
2.368052665460034130e-03,5.311176146173844648e-03,7.895694557205423791e-01,-1.718193197626319835e+00,2.000000000000000000e+01,7.307179809933286863e-02,0.000000000000000000e+00,0.000000000000000000e+00,0.000000000000000000e+00,0.000000000000000000e+00,-5.682885278631381709e+01,7.769598856608071813e+00,6.500000000000000000e+01,5.796246261537480677e+02,1.038209439065026629e+02,2.616900000000000000e+06,3.258800000000000030e-01,-7.584671969999448038e+02,1.000000000000000000e+00
2.376684565508930050e-03,4.863999205459593710e-03,8.130389999535778678e-01,-1.618216867911148604e+00,2.000000000000000000e+01,7.385051931908162559e-02,0.000000000000000000e+00,0.000000000000000000e+00,0.000000000000000000e+00,0.000000000000000000e+00,-5.832700704607259468e+01,7.796026899615009498e+00,6.600000000000000000e+01,4.916898621238483429e+02,1.052421529725939422e+02,2.600000000000000000e+06,1.915300000000000058e-01,-3.059186129999727086e+02,1.000000000000000000e+00
2.223725875914798339e-03,4.203411029189453585e-03,1.173825542201556882e+00,-3.104673776735143331e+00,2.000000000000000000e+01,7.232380719559802773e-02,0.000000000000000000e+00,0.000000000000000000e+00,0.000000000000000000e+00,0.000000000000000000e+00,-5.904566504874463817e+01,7.119703095859634345e+00,6.700000000000000000e+01,2.273365672272580866e+02,1.108948187421504770e+02,2.494800000000000000e+06,8.566600000000000603e-02,-5.229720000000044422e+01,1.000000000000000000e+00
2.633433062870531392e-03,4.386170920867564493e-03,9.826943053496974834e-01,-3.169497740114889162e+00,2.000000000000000000e+01,7.025939170709318005e-02,0.000000000000000000e+00,0.000000000000000000e+00,0.000000000000000000e+00,0.000000000000000000e+00,-5.792751888872889765e+01,8.090355280614806688e+00,6.800000000000000000e+01,1.980015113673226210e+02,1.126961499107651576e+02,2.519600000000000000e+06,2.501300000000000190e-01,-4.270639999999581278e+02,1.000000000000000000e+00
2.334736804013694614e-03,4.890036618322371118e-03,8.301125435998530921e-01,-2.174598534180177012e+00,2.000000000000000000e+01,7.339327287905200725e-02,0.000000000000000000e+00,0.000000000000000000e+00,0.000000000000000000e+00,0.000000000000000000e+00,-6.174195259971566685e+01,8.042404654401888564e+00,6.900000000000000000e+01,2.255479577775264772e+02,1.118222781981189513e+02,2.570600000000000000e+06,2.400299999999999934e-01,-4.342303069999902618e+02,1.000000000000000000e+00
2.504816570751531093e-03,4.779933042870968159e-03,8.590210077995554805e-01,-2.447672037336749984e+00,2.000000000000000000e+01,7.427392203155103179e-02,0.000000000000000000e+00,0.000000000000000000e+00,0.000000000000000000e+00,0.000000000000000000e+00,-6.208164121013760450e+01,7.970099214737585314e+00,7.000000000000000000e+01,2.084687029329527093e+02,1.124104195222427336e+02,2.562000000000000000e+06,1.476200000000000012e-01,-2.001494999999876256e+02,1.000000000000000000e+00
2.291044476133607694e-03,4.590427723020907257e-03,7.554987520314011551e-01,-2.443665906135918942e+00,2.000000000000000000e+01,7.565899180722129858e-02,0.000000000000000000e+00,0.000000000000000000e+00,0.000000000000000000e+00,0.000000000000000000e+00,-5.929842703970928852e+01,8.358035978589423820e+00,7.100000000000000000e+01,3.075434442112059514e+02,1.086065499795678306e+02,2.622800000000000000e+06,1.031600000000000017e-01,-1.105794160000015012e+02,1.000000000000000000e+00
2.500630636746968734e-03,5.003195083950931488e-03,9.518494400654606835e-01,-2.358656587724358378e+00,2.000000000000000000e+01,7.379903705916589229e-02,0.000000000000000000e+00,0.000000000000000000e+00,0.000000000000000000e+00,0.000000000000000000e+00,-6.242704187493681189e+01,7.792287449607992578e+00,7.200000000000000000e+01,2.122240269548728406e+02,1.123024446979855213e+02,2.547300000000000000e+06,1.629700000000000037e-01,-2.002475340000060555e+02,1.000000000000000000e+00
2.357718583053712482e-03,4.971025999588643204e-03,8.064906500931472433e-01,-1.699852459791536319e+00,2.000000000000000000e+01,7.375415535303178616e-02,0.000000000000000000e+00,0.000000000000000000e+00,0.000000000000000000e+00,0.000000000000000000e+00,-5.862891412774426669e+01,7.645156799455762986e+00,7.300000000000000000e+01,4.849230384330588777e+02,1.054820844633604509e+02,2.586700000000000000e+06,1.998499999999999999e-01,-3.341286000000187641e+02,1.000000000000000000e+00
2.459136772906359795e-03,4.998550765201165494e-03,8.619214798000092159e-01,-2.252194977852270963e+00,2.000000000000000000e+01,7.394686511581070876e-02,0.000000000000000000e+00,0.000000000000000000e+00,0.000000000000000000e+00,0.000000000000000000e+00,-5.964565893702840071e+01,8.010175455572447589e+00,7.400000000000000000e+01,3.376631736344364185e+02,1.082097306667761956e+02,2.596600000000000000e+06,1.726999999999999924e-01,-2.444255940000201122e+02,1.000000000000000000e+00
2.525452233312810990e-03,4.834591505568978237e-03,8.792474807273743531e-01,-2.060350591315444291e+00,2.000000000000000000e+01,7.378896752281349780e-02,0.000000000000000000e+00,0.000000000000000000e+00,0.000000000000000000e+00,0.000000000000000000e+00,-6.195818643688929228e+01,8.388217221558196712e+00,7.500000000000000000e+01,1.900088297695207871e+02,1.136039147497909454e+02,2.587500000000000000e+06,1.839099999999999902e-01,-2.767410960000116802e+02,1.000000000000000000e+00
2.602251685410290026e-03,4.924110625070723252e-03,9.431866679088165561e-01,-2.266469971626383639e+00,2.000000000000000000e+01,7.419090563783065084e-02,0.000000000000000000e+00,0.000000000000000000e+00,0.000000000000000000e+00,0.000000000000000000e+00,-5.945388962674537936e+01,8.462198000029360401e+00,7.600000000000000000e+01,2.992806329747595555e+02,1.088608521741323472e+02,2.627600000000000000e+06,1.490499999999999881e-01,-1.645325009999959320e+02,1.000000000000000000e+00
2.237744206088810792e-03,4.619403181596658074e-03,8.472855068670720469e-01,-2.287322482195789597e+00,2.000000000000000000e+01,6.848627299932147361e-02,0.000000000000000000e+00,0.000000000000000000e+00,0.000000000000000000e+00,0.000000000000000000e+00,-6.410416470389687049e+01,7.195268878127632384e+00,7.700000000000000000e+01,2.240054079382838097e+02,1.120436881251170576e+02,2.551400000000000000e+06,1.148600000000000038e-01,-1.220311750000020510e+02,1.000000000000000000e+00
2.779600726337103436e-03,5.080813554630084911e-03,9.658987796687492633e-01,-2.519321726798558814e+00,2.000000000000000000e+01,7.136820219071059179e-02,0.000000000000000000e+00,0.000000000000000000e+00,0.000000000000000000e+00,0.000000000000000000e+00,-6.086342597158547818e+01,7.962513924160362855e+00,7.800000000000000000e+01,3.367644873613791106e+02,1.085238802827719979e+02,2.580700000000000000e+06,9.480299999999999838e-02,-7.595943799999955104e+01,1.000000000000000000e+00
2.550648393972576328e-03,4.297765035090506287e-03,8.563941529127054864e-01,-2.601826579840593290e+00,2.000000000000000000e+01,7.011428252891460655e-02,0.000000000000000000e+00,0.000000000000000000e+00,0.000000000000000000e+00,0.000000000000000000e+00,-6.929409253532243440e+01,7.632326081774174931e+00,7.900000000000000000e+01,1.777681576386978008e+02,1.136681387377344237e+02,2.543400000000000000e+06,1.706600000000000061e-01,-2.215890000000071325e+02,1.000000000000000000e+00
2.398305043735036307e-03,4.694727178401728387e-03,9.058087933709925155e-01,-2.106445629518173490e+00,2.000000000000000000e+01,7.375243438418915831e-02,0.000000000000000000e+00,0.000000000000000000e+00,0.000000000000000000e+00,0.000000000000000000e+00,-6.049613944011311162e+01,7.513155303495258508e+00,8.000000000000000000e+01,3.604468690968296869e+02,1.081580189995209622e+02,2.555400000000000000e+06,1.774699999999999889e-01,-2.410779280000117524e+02,1.000000000000000000e+00
2.450874067771966446e-03,4.675982133941890967e-03,8.990368285013489169e-01,-1.815602409202659917e+00,2.000000000000000000e+01,7.339166727289807290e-02,0.000000000000000000e+00,0.000000000000000000e+00,0.000000000000000000e+00,0.000000000000000000e+00,-6.031116382588571412e+01,7.755153610133220354e+00,8.100000000000000000e+01,3.622537987020592141e+02,1.081217430978496310e+02,2.572200000000000000e+06,2.206299999999999928e-01,-3.544145999999872743e+02,1.000000000000000000e+00
2.376710451930677537e-03,4.512106272504873804e-03,8.841263439096365140e-01,-2.298964583566936781e+00,2.000000000000000000e+01,7.349641910184857851e-02,0.000000000000000000e+00,0.000000000000000000e+00,0.000000000000000000e+00,0.000000000000000000e+00,-6.238683750552210938e+01,8.337883684072671997e+00,8.200000000000000000e+01,1.651287196167592697e+02,1.144728202106850716e+02,2.578400000000000000e+06,2.113299999999999901e-01,-3.333332309999684071e+02,1.000000000000000000e+00
2.618736920703083632e-03,3.932462229530222370e-03,9.982987457959653366e-01,-2.480852689114685372e+00,2.000000000000000000e+01,6.400135253606969998e-02,0.000000000000000000e+00,0.000000000000000000e+00,0.000000000000000000e+00,0.000000000000000000e+00,-6.469711086433177627e+01,7.516710768123290087e+00,8.300000000000000000e+01,1.490404831444220406e+02,1.180514271144262182e+02,2.486800000000000000e+06,1.858799999999999897e-01,-2.919415099999977201e+02,1.000000000000000000e+00
2.500697400093163537e-03,4.538009992757724084e-03,8.788919572847446737e-01,-2.281188017844165472e+00,2.000000000000000000e+01,7.343411678751049498e-02,0.000000000000000000e+00,0.000000000000000000e+00,0.000000000000000000e+00,0.000000000000000000e+00,-6.265670471327642588e+01,8.374003744851153286e+00,8.400000000000000000e+01,1.594440081644674763e+02,1.152149891878372472e+02,2.576500000000000000e+06,2.286900000000000044e-01,-3.960766170000131297e+02,1.000000000000000000e+00
2.442422792748118535e-03,4.604399633794878030e-03,8.639670210850776133e-01,-2.468838428891681147e+00,2.000000000000000000e+01,7.308766068685582096e-02,0.000000000000000000e+00,0.000000000000000000e+00,0.000000000000000000e+00,0.000000000000000000e+00,-6.338027590653314292e+01,8.126602189810180121e+00,8.500000000000000000e+01,1.572971701911835396e+02,1.159196681214125704e+02,2.552700000000000000e+06,2.890800000000000036e-01,-6.245008000000166248e+02,1.000000000000000000e+00
2.470839034717398509e-03,4.782501922509415845e-03,8.600309998690450763e-01,-2.451744380621913688e+00,2.000000000000000000e+01,7.322684875725518627e-02,0.000000000000000000e+00,0.000000000000000000e+00,0.000000000000000000e+00,0.000000000000000000e+00,-6.370982113368778244e+01,8.151192516707903124e+00,8.600000000000000000e+01,1.540425398892536748e+02,1.168820990244585545e+02,2.549500000000000000e+06,2.645299999999999874e-01,-5.291256079999651547e+02,1.000000000000000000e+00
2.361871945332188159e-03,4.307521056236478067e-03,9.758761544899259288e-01,-1.846847866052950593e+00,2.000000000000000000e+01,6.704345558821940554e-02,0.000000000000000000e+00,0.000000000000000000e+00,0.000000000000000000e+00,0.000000000000000000e+00,-6.003283384316775084e+01,7.638828224683073209e+00,8.700000000000000000e+01,3.639706675173092094e+02,1.074377606246536772e+02,2.569400000000000000e+06,1.008700000000000013e-01,-7.873299999999851195e+01,1.000000000000000000e+00
2.492473617333976731e-03,4.640906243930761205e-03,8.604926046286255348e-01,-2.350525098867779938e+00,2.000000000000000000e+01,7.352657341843951699e-02,0.000000000000000000e+00,0.000000000000000000e+00,0.000000000000000000e+00,0.000000000000000000e+00,-6.470753127562070972e+01,7.834550219512617986e+00,8.800000000000000000e+01,1.518914437783446658e+02,1.175721794595698810e+02,2.519000000000000000e+06,2.118599999999999928e-01,-3.806960610000259635e+02,1.000000000000000000e+00
2.487178256790738892e-03,4.575578333093905173e-03,8.584097288394203495e-01,-2.286866383577716544e+00,2.000000000000000000e+01,7.363387389798531357e-02,0.000000000000000000e+00,0.000000000000000000e+00,0.000000000000000000e+00,0.000000000000000000e+00,-6.472337504984263035e+01,7.879604204490506802e+00,8.900000000000000000e+01,1.504704681511335878e+02,1.178569251580187114e+02,2.520900000000000000e+06,2.001199999999999923e-01,-3.499209000000298602e+02,1.000000000000000000e+00
2.605224660736999570e-03,4.913927155272612701e-03,9.429507264291139279e-01,-2.514546722544593216e+00,2.000000000000000000e+01,7.468510481555623581e-02,0.000000000000000000e+00,0.000000000000000000e+00,0.000000000000000000e+00,0.000000000000000000e+00,-5.936592999476756916e+01,8.759168668743201991e+00,9.000000000000000000e+01,2.562340439636377027e+02,1.095482729962820514e+02,2.646800000000000000e+06,1.248599999999999988e-01,-1.177455480000019747e+02,1.000000000000000000e+00
2.821200627221864994e-03,5.636994635992702285e-03,5.940890277204623482e-01,2.004062758898557117e+00,2.000000000000000000e+01,8.269818794054405175e-02,0.000000000000000000e+00,0.000000000000000000e+00,0.000000000000000000e+00,0.000000000000000000e+00,-4.555735743421973893e+01,7.706780654066650804e+00,9.100000000000000000e+01,3.253841555997512387e+03,8.543100190423179185e+01,2.800100000000000000e+06,6.011499999999999622e-01,-1.109763199999869357e+03,1.000000000000000000e+00
3.182231900925500644e-03,4.633780631842083532e-03,4.528495638393357225e-01,1.729119464274431195e+00,2.000000000000000000e+01,6.944455944167110539e-02,0.000000000000000000e+00,0.000000000000000000e+00,0.000000000000000000e+00,0.000000000000000000e+00,-3.752061384192782612e+01,4.989741300150388525e+00,9.200000000000000000e+01,1.904075137342508697e+03,8.884910783156107073e+01,2.630400000000000000e+06,1.928199999999999914e-01,-5.378784000000101742e+02,1.000000000000000000e+00
2.851740698217294055e-03,4.114375708597546068e-03,4.439420764631726857e-01,1.865073889914597771e+00,2.000000000000000000e+01,5.392500830209641383e-02,0.000000000000000000e+00,0.000000000000000000e+00,0.000000000000000000e+00,0.000000000000000000e+00,-5.537867183968963758e+01,7.307017911708085123e+00,9.300000000000000000e+01,1.872312853590389295e+03,8.886925203335617596e+01,2.625200000000000000e+06,1.866500000000000103e-01,-5.097941099999844141e+02,1.000000000000000000e+00
4.132499377193191159e-03,3.844006636622980099e-03,6.039780326069535965e-01,1.988923178430803906e+00,2.000000000000000000e+01,7.025698956883914825e-02,0.000000000000000000e+00,0.000000000000000000e+00,0.000000000000000000e+00,0.000000000000000000e+00,-4.890326696983949972e+01,4.786599809410424733e+00,9.400000000000000000e+01,1.866752346472678255e+03,8.887456093669895552e+01,2.612700000000000000e+06,2.852999999999999980e-01,-1.003288539999878139e+03,1.000000000000000000e+00
2.099315087689044429e-03,5.362796699388442528e-03,5.135342682014152338e-01,1.183160293177015099e+00,2.000000000000000000e+01,7.324698955377642595e-02,0.000000000000000000e+00,0.000000000000000000e+00,0.000000000000000000e+00,0.000000000000000000e+00,-4.813992556731894723e+01,6.578656553008644714e+00,9.500000000000000000e+01,1.711047929327507518e+03,8.973195754844216765e+01,2.677600000000000000e+06,1.681300000000000017e-01,-3.554023229999743307e+02,1.000000000000000000e+00
2.920249940500241250e-03,4.852647133871360041e-03,5.166376510027274049e-01,2.225524937340908060e+00,2.000000000000000000e+01,7.453546828214566156e-02,0.000000000000000000e+00,0.000000000000000000e+00,0.000000000000000000e+00,0.000000000000000000e+00,-4.081332149798056008e+01,6.702602301040349708e+00,9.600000000000000000e+01,2.214797353994038076e+03,8.656626760095467432e+01,2.699900000000000000e+06,3.685200000000000142e-01,-1.536401405000360683e+03,1.000000000000000000e+00
3.213766670112824016e-03,3.872017868459461630e-03,5.890781624867601485e-01,2.254982886037075751e+00,2.000000000000000000e+01,7.709219554958834930e-02,0.000000000000000000e+00,0.000000000000000000e+00,0.000000000000000000e+00,0.000000000000000000e+00,-3.828704987813823379e+01,6.087472568165741116e+00,9.700000000000000000e+01,2.175475542457644679e+03,8.662460775957708847e+01,2.709400000000000000e+06,1.969299999999999939e-01,-5.469728499999980613e+02,1.000000000000000000e+00
3.301462350347801784e-03,4.671204102078697906e-03,5.787565767513428439e-01,2.365561375925228749e+00,2.000000000000000000e+01,7.501070705807359740e-02,0.000000000000000000e+00,0.000000000000000000e+00,0.000000000000000000e+00,0.000000000000000000e+00,-4.380629377781865230e+01,6.948665855812414804e+00,9.800000000000000000e+01,2.037950133851711371e+03,8.684367169871519820e+01,2.694500000000000000e+06,2.594500000000000139e-01,-8.169727499999397651e+02,1.000000000000000000e+00
2.981634663492592832e-03,4.449948548455746541e-03,4.889602773847305239e-01,2.393838592984133484e+00,2.000000000000000000e+01,7.530253459408553507e-02,0.000000000000000000e+00,0.000000000000000000e+00,0.000000000000000000e+00,0.000000000000000000e+00,-4.451408378678353728e+01,6.609331885100469428e+00,9.900000000000000000e+01,1.976522446772403782e+03,8.745334398234950868e+01,2.659700000000000000e+06,2.967099999999999738e-01,-1.221427199999997356e+03,1.000000000000000000e+00
2.888826002089943824e-03,4.173557568734040379e-03,6.176973528357833088e-01,1.896123366968593293e+00,2.000000000000000000e+01,6.905102919545820506e-02,0.000000000000000000e+00,0.000000000000000000e+00,0.000000000000000000e+00,0.000000000000000000e+00,-4.755735964600424381e+01,6.203010906660456847e+00,1.000000000000000000e+02,1.936668488774702610e+03,8.835818000628123059e+01,2.636100000000000000e+06,2.336300000000000043e-01,-7.391279999999705979e+02,1.000000000000000000e+00
2.934326287621713027e-03,4.221978962220013232e-03,5.908958310065227648e-01,1.815451659150105090e+00,2.000000000000000000e+01,7.898494843178748004e-02,0.000000000000000000e+00,0.000000000000000000e+00,0.000000000000000000e+00,0.000000000000000000e+00,-4.875975746105883246e+01,6.427667848699988973e+00,1.010000000000000000e+02,1.961668030369273083e+03,8.829011431097556795e+01,2.661300000000000000e+06,1.050600000000000006e-01,-1.783531640000080927e+02,1.000000000000000000e+00
2.894339757340907548e-03,4.384998855883955049e-03,6.592191946231140687e-01,1.219884598885636606e+00,2.000000000000000000e+01,7.319102813960789988e-02,0.000000000000000000e+00,0.000000000000000000e+00,0.000000000000000000e+00,0.000000000000000000e+00,-4.746677354746867650e+01,7.155326444165313049e+00,1.020000000000000000e+02,1.650619987290038353e+03,9.010235459725190310e+01,2.676900000000000000e+06,5.335800000000000542e-01,-2.137226385000863047e+03,1.000000000000000000e+00
2.950936259043639327e-03,9.697923668191932127e-04,4.149325399633585487e-01,-2.875609419198005945e+00,2.000000000000000000e+01,7.724718532962100703e-02,0.000000000000000000e+00,0.000000000000000000e+00,0.000000000000000000e+00,0.000000000000000000e+00,-8.746519049496797038e+01,6.320973938122190994e+00,1.030000000000000000e+02,1.363513344864150270e+02,1.940875768278790474e+02,2.074500000000000000e+06,2.353500000000000036e-01,-3.473228739999879622e+02,1.000000000000000000e+00
2.943323580856905403e-03,5.566994452875602059e-03,6.319079277138348605e-01,-3.552152335447663623e-01,2.000000000000000000e+01,6.819739438025851364e-02,0.000000000000000000e+00,0.000000000000000000e+00,0.000000000000000000e+00,0.000000000000000000e+00,-5.233532844847407972e+01,6.075567518531082456e+00,1.040000000000000000e+02,9.130538393441165681e+02,9.912857523178516317e+01,2.596700000000000000e+06,2.664699999999999847e-01,-7.947813179998606756e+02,1.000000000000000000e+00
2.417893301595622126e-03,4.653091238645819076e-03,8.584734216259949369e-01,9.751785066187103335e-02,2.000000000000000000e+01,8.129697498607504902e-02,0.000000000000000000e+00,0.000000000000000000e+00,0.000000000000000000e+00,0.000000000000000000e+00,-6.003200528334998864e+01,8.009786703615830561e+00,1.050000000000000000e+02,9.112519059752493149e+02,9.925514757278968148e+01,2.566000000000000000e+06,3.152099999999999902e-01,-8.166265099999176300e+02,1.000000000000000000e+00
2.734381886589093077e-03,4.566722948617000545e-03,6.669633170325697247e-01,1.288210554110926109e+00,2.000000000000000000e+01,7.369020725274519346e-02,0.000000000000000000e+00,0.000000000000000000e+00,0.000000000000000000e+00,0.000000000000000000e+00,-4.985326272327779407e+01,6.686756677419047890e+00,1.060000000000000000e+02,1.491244702443300412e+03,9.131052241269108549e+01,2.616700000000000000e+06,3.406500000000000083e-01,-1.072726543000054335e+03,1.000000000000000000e+00
2.856805207258544550e-03,4.277711666530846155e-03,7.585000808982337306e-01,1.995335409782778013e-01,2.000000000000000000e+01,7.455495090091623922e-02,0.000000000000000000e+00,0.000000000000000000e+00,0.000000000000000000e+00,0.000000000000000000e+00,-5.555996853285813586e+01,7.243508471726206821e+00,1.070000000000000000e+02,9.731225015370785059e+02,9.828375684523160771e+01,2.597100000000000000e+06,1.706600000000000061e-01,-3.174115890000095419e+02,1.000000000000000000e+00
2.745788924620320287e-03,5.007817435290840176e-03,6.875501010241166222e-01,-3.896052394114248307e-01,2.000000000000000000e+01,6.719513429254179993e-02,0.000000000000000000e+00,0.000000000000000000e+00,0.000000000000000000e+00,0.000000000000000000e+00,-5.603162822854334735e+01,7.492143027491734664e+00,1.080000000000000000e+02,8.933958830134896516e+02,9.946550893676207750e+01,2.575400000000000000e+06,2.788900000000000268e-01,-6.895544950000056588e+02,1.000000000000000000e+00
2.792271828709787674e-03,4.583796437096167645e-03,7.594532032994025794e-01,-4.130664039608612503e-01,2.000000000000000000e+01,7.023547898636170461e-02,0.000000000000000000e+00,0.000000000000000000e+00,0.000000000000000000e+00,0.000000000000000000e+00,-5.795216112400691344e+01,7.610656687125271880e+00,1.090000000000000000e+02,9.418394280901587763e+02,9.843095207344542530e+01,2.613900000000000000e+06,2.756600000000000161e-01,-6.984196779999028877e+02,1.000000000000000000e+00
2.821967094135584189e-03,4.443264361162406126e-03,6.903373727307745567e-01,1.652656606019237973e-01,2.000000000000000000e+01,7.429115679023212682e-02,0.000000000000000000e+00,0.000000000000000000e+00,0.000000000000000000e+00,0.000000000000000000e+00,-5.475213391298540699e+01,7.333319726943066996e+00,1.100000000000000000e+02,9.893818580385182031e+02,9.765201035821161213e+01,2.612200000000000000e+06,2.339299999999999990e-01,-5.766307100000636865e+02,1.000000000000000000e+00
2.682838910539634032e-03,4.271725091244918393e-03,7.440727927081756121e-01,-2.045961436577492076e+00,2.000000000000000000e+01,7.526068802668828273e-02,0.000000000000000000e+00,0.000000000000000000e+00,0.000000000000000000e+00,0.000000000000000000e+00,-6.571387136795580375e+01,7.813769234214920090e+00,1.110000000000000000e+02,1.475911335786543361e+02,1.200832133792819434e+02,2.504600000000000000e+06,1.224299999999999972e-01,-1.987201259999954743e+02,1.000000000000000000e+00
2.428054842004426055e-03,5.192293453659324251e-03,7.916355230252798414e-01,-1.587753784759419418e+00,2.000000000000000000e+01,7.333642638973264516e-02,0.000000000000000000e+00,0.000000000000000000e+00,0.000000000000000000e+00,0.000000000000000000e+00,-5.791897358686330222e+01,7.772375949082189095e+00,1.120000000000000000e+02,5.264065741822460041e+02,1.047055407851232758e+02,2.603400000000000000e+06,2.753599999999999937e-01,-5.771332230000989512e+02,1.000000000000000000e+00
2.512623207539993724e-03,4.716112608420157740e-03,8.679275803719901372e-01,-2.545072154475534365e+00,2.000000000000000000e+01,7.629104679544240764e-02,0.000000000000000000e+00,0.000000000000000000e+00,0.000000000000000000e+00,0.000000000000000000e+00,-5.994646383659124922e+01,7.371164530541464366e+00,1.130000000000000000e+02,1.504089979262229519e+02,1.184749574919337505e+02,2.480700000000000000e+06,1.773099999999999954e-01,-2.617456899999916686e+02,1.000000000000000000e+00
2.485320995906917328e-03,4.379387895161762634e-03,8.010594100068882950e-01,-2.634629496570985996e+00,2.000000000000000000e+01,7.126699986760472172e-02,0.000000000000000000e+00,0.000000000000000000e+00,0.000000000000000000e+00,0.000000000000000000e+00,-6.344664525549112000e+01,7.886759043068268582e+00,1.140000000000000000e+02,1.503864333922862500e+02,1.191768852457784931e+02,2.531200000000000000e+06,3.779000000000000137e-01,-1.017182680999846070e+03,1.000000000000000000e+00
2.591283226310142282e-03,4.906733485734475139e-03,9.663979929336257158e-01,-1.448364915290151878e+00,2.000000000000000000e+01,7.317815694663193371e-02,0.000000000000000000e+00,0.000000000000000000e+00,0.000000000000000000e+00,0.000000000000000000e+00,-5.914958081832631365e+01,7.588327274907792130e+00,1.150000000000000000e+02,4.885682285423809503e+02,1.056595404578704915e+02,2.577000000000000000e+06,2.364100000000000090e-01,-3.604958579999872086e+02,1.000000000000000000e+00
2.528404410931056698e-03,4.933336159941301494e-03,8.791922940320283653e-01,-1.703031110246797875e+00,2.000000000000000000e+01,7.524833187522013411e-02,0.000000000000000000e+00,0.000000000000000000e+00,0.000000000000000000e+00,0.000000000000000000e+00,-5.862904534889548813e+01,7.761649967472671108e+00,1.160000000000000000e+02,4.877198748696496864e+02,1.056637987960072422e+02,2.594500000000000000e+06,1.053199999999999970e-01,-9.935079299999883062e+01,1.000000000000000000e+00
2.702823901625940172e-03,4.478935868972609875e-03,6.916664872544757703e-01,2.704608835715364146e-01,2.000000000000000000e+01,7.960272346587944636e-02,0.000000000000000000e+00,0.000000000000000000e+00,0.000000000000000000e+00,0.000000000000000000e+00,-5.953247031810939660e+01,7.171566950624863601e+00,1.170000000000000000e+02,1.094598848612647998e+03,9.674269738182223932e+01,2.577200000000000000e+06,2.868100000000000094e-01,-7.888559740001461478e+02,1.000000000000000000e+00
2.863631626448716848e-03,4.368940764077894681e-03,6.285498791498705939e-01,1.115892612472213274e+00,2.000000000000000000e+01,7.393280726280684889e-02,0.000000000000000000e+00,0.000000000000000000e+00,0.000000000000000000e+00,0.000000000000000000e+00,-4.866144907719022683e+01,6.738352827043986082e+00,1.180000000000000000e+02,1.544544896658175730e+03,9.116821175811530509e+01,2.632500000000000000e+06,3.618899999999999895e-01,-1.311430178999645477e+03,1.000000000000000000e+00
2.647478293935428932e-03,4.669974427269812760e-03,8.026915517810178091e-01,-1.118450157411789325e+00,2.000000000000000000e+01,7.327950276506191296e-02,0.000000000000000000e+00,0.000000000000000000e+00,0.000000000000000000e+00,0.000000000000000000e+00,-5.495922396890323114e+01,7.742674268739833110e+00,1.190000000000000000e+02,7.617638397870383642e+02,1.009327587652442872e+02,2.637800000000000000e+06,3.204600000000000226e-01,-7.644507120001105704e+02,1.000000000000000000e+00
2.660381354966329191e-03,4.546202450580438467e-03,7.393357272051783724e-01,-1.189267277129670175e+00,2.000000000000000000e+01,7.500941224004897823e-02,0.000000000000000000e+00,0.000000000000000000e+00,0.000000000000000000e+00,0.000000000000000000e+00,-5.490901265585336688e+01,7.959630998406645119e+00,1.200000000000000000e+02,7.603635830539959670e+02,1.011116087523096212e+02,2.653700000000000000e+06,1.425099999999999978e-01,-2.222881689999902051e+02,1.000000000000000000e+00
2.515415644447325811e-03,5.012102900765022517e-03,9.021761736227897899e-01,-7.442995502307884204e-01,2.000000000000000000e+01,7.413035162181916271e-02,0.000000000000000000e+00,0.000000000000000000e+00,0.000000000000000000e+00,0.000000000000000000e+00,-5.620138053824767610e+01,7.678280546688886155e+00,1.210000000000000000e+02,7.598356085573261680e+02,1.012242309798374578e+02,2.619100000000000000e+06,1.554300000000000126e-01,-1.799056180000053473e+02,1.000000000000000000e+00
2.713431170936668989e-03,4.469310051739368642e-03,1.016908240699584187e+00,-9.008712005191115146e-01,2.000000000000000000e+01,8.324835463754697018e-02,0.000000000000000000e+00,0.000000000000000000e+00,0.000000000000000000e+00,0.000000000000000000e+00,-5.922323189348932715e+01,7.023905583395083418e+00,1.220000000000000000e+02,5.887800095680468075e+02,1.036760244457957469e+02,2.607900000000000000e+06,1.130000000000000032e-01,-8.813834699999929967e+01,1.000000000000000000e+00
2.679028662179389411e-03,4.632086696125843270e-03,9.221034947922899239e-01,-2.408213197174847942e+00,2.000000000000000000e+01,7.597081636810543159e-02,0.000000000000000000e+00,0.000000000000000000e+00,0.000000000000000000e+00,0.000000000000000000e+00,-5.887109587963837498e+01,7.987894519586578923e+00,1.230000000000000000e+02,3.900403944306553399e+02,1.073523674086812321e+02,2.605700000000000000e+06,8.664900000000000380e-02,-6.742149999999953991e+01,1.000000000000000000e+00
2.623203780973920683e-03,4.706000445716977329e-03,8.358283445155473279e-01,-8.930616176538532791e-01,2.000000000000000000e+01,7.283640936248350628e-02,0.000000000000000000e+00,0.000000000000000000e+00,0.000000000000000000e+00,0.000000000000000000e+00,-5.629872886859403991e+01,7.421414126505052167e+00,1.240000000000000000e+02,7.552580791958077953e+02,1.013472631870122314e+02,2.600500000000000000e+06,4.168299999999999783e-01,-1.108038408999796957e+03,1.000000000000000000e+00
2.495239020861132924e-03,4.864323708692405365e-03,8.982610857609059085e-01,-8.339297372618730275e-01,2.000000000000000000e+01,7.474154201132893194e-02,0.000000000000000000e+00,0.000000000000000000e+00,0.000000000000000000e+00,0.000000000000000000e+00,-5.619063692734872006e+01,7.662479670648659535e+00,1.250000000000000000e+02,7.455680505996654119e+02,1.013670534626475614e+02,2.618500000000000000e+06,1.237800000000000011e-01,-1.198436470000025622e+02,1.000000000000000000e+00
2.271098840525012045e-03,4.726188928455792373e-03,9.511760484107519842e-01,-1.325813201741044001e+00,2.000000000000000000e+01,7.584370013391208976e-02,0.000000000000000000e+00,0.000000000000000000e+00,0.000000000000000000e+00,0.000000000000000000e+00,-5.849086387939799181e+01,8.150517547211022062e+00,1.260000000000000000e+02,5.063711703916524698e+02,1.050042740078391148e+02,2.613800000000000000e+06,8.917600000000000526e-02,-6.374700000000080991e+01,1.000000000000000000e+00
2.608390410956845304e-03,4.695292081396516479e-03,9.510440751904226664e-01,-1.937805653676020423e+00,2.000000000000000000e+01,7.596474404839952121e-02,0.000000000000000000e+00,0.000000000000000000e+00,0.000000000000000000e+00,0.000000000000000000e+00,-5.925937730642580448e+01,7.852782868975488384e+00,1.270000000000000000e+02,4.183390407212457376e+02,1.069355188187866759e+02,2.592700000000000000e+06,8.509700000000000597e-02,-5.954910499999937912e+01,1.000000000000000000e+00
2.585190119163914210e-03,4.611331703038913307e-03,8.851702478793592732e-01,-2.030166941553069648e+00,2.000000000000000000e+01,7.363514729885423105e-02,0.000000000000000000e+00,0.000000000000000000e+00,0.000000000000000000e+00,0.000000000000000000e+00,-5.866823758949583834e+01,7.773851368301985865e+00,1.280000000000000000e+02,4.531440025724043039e+02,1.062418703447012120e+02,2.594300000000000000e+06,2.058599999999999874e-01,-3.295887749999927792e+02,1.000000000000000000e+00
2.651982225039715372e-03,4.537289304470453963e-03,7.919301059473126125e-01,-7.300471199897040631e-01,2.000000000000000000e+01,7.391792309963299279e-02,0.000000000000000000e+00,0.000000000000000000e+00,0.000000000000000000e+00,0.000000000000000000e+00,-5.669559389713960940e+01,7.579381316492803222e+00,1.290000000000000000e+02,7.297003143180361349e+02,1.016156616123721506e+02,2.605900000000000000e+06,2.097199999999999898e-01,-3.922308000000145967e+02,1.000000000000000000e+00
2.564101491985962007e-03,4.260182458107266909e-03,8.908126188216345387e-01,-2.927508680834332466e+00,2.000000000000000000e+01,7.370351539969981214e-02,0.000000000000000000e+00,0.000000000000000000e+00,0.000000000000000000e+00,0.000000000000000000e+00,-6.073856903631114790e+01,8.061286324727785058e+00,1.300000000000000000e+02,3.380060186369938151e+02,1.084067611281639927e+02,2.598000000000000000e+06,8.775499999999999967e-02,-7.146872999999958154e+01,1.000000000000000000e+00
2.586022761161663533e-03,4.909243517762504512e-03,8.943594459901038629e-01,-2.172109778680279213e+00,2.000000000000000000e+01,7.449327831590310534e-02,0.000000000000000000e+00,0.000000000000000000e+00,0.000000000000000000e+00,0.000000000000000000e+00,-6.026994256269976802e+01,7.718744467998596370e+00,1.310000000000000000e+02,3.597767281169288935e+02,1.083966620312042721e+02,2.571200000000000000e+06,1.344499999999999862e-01,-1.562806000000041422e+02,1.000000000000000000e+00
2.259700491405546800e-03,4.853193094459392135e-03,8.175698954788606088e-01,-2.261849609067705380e+00,2.000000000000000000e+01,7.866771746897276152e-02,0.000000000000000000e+00,0.000000000000000000e+00,0.000000000000000000e+00,0.000000000000000000e+00,-6.071711586948371320e+01,7.261403843672405323e+00,1.320000000000000000e+02,1.931821185775518188e+02,1.136279736510265792e+02,2.538200000000000000e+06,1.728800000000000059e-01,-2.455209900000087657e+02,1.000000000000000000e+00
2.309863894772846635e-03,3.778977659927203799e-03,8.775064986746571316e-01,-3.312001874898965692e+00,2.000000000000000000e+01,7.716159082756995913e-02,0.000000000000000000e+00,0.000000000000000000e+00,0.000000000000000000e+00,0.000000000000000000e+00,-6.158968005106749644e+01,8.455984774207795596e+00,1.330000000000000000e+02,1.419741403452500492e+02,1.225801753924521904e+02,2.487700000000000000e+06,3.637500000000000178e-01,-1.089594921999738517e+03,1.000000000000000000e+00
2.704642812469387064e-03,4.468175719158249022e-03,7.019222650177165956e-01,-7.192048414419099922e-01,2.000000000000000000e+01,7.468764145984582714e-02,0.000000000000000000e+00,0.000000000000000000e+00,0.000000000000000000e+00,0.000000000000000000e+00,-5.462276097690328669e+01,7.847444595725557193e+00,1.340000000000000000e+02,8.407857602603974101e+02,9.977404275612325080e+01,2.649500000000000000e+06,1.782400000000000095e-01,-3.475937849999793343e+02,1.000000000000000000e+00
2.581594435254298305e-03,5.116541656960040679e-03,8.382607849619250207e-01,-1.065810513461256104e+00,2.000000000000000000e+01,7.319211554485996474e-02,0.000000000000000000e+00,0.000000000000000000e+00,0.000000000000000000e+00,0.000000000000000000e+00,-5.318026379084642485e+01,7.899208081255370217e+00,1.350000000000000000e+02,8.530314672241080416e+02,9.966811589527722504e+01,2.670300000000000000e+06,3.130299999999999749e-01,-6.099568290000144088e+02,1.000000000000000000e+00
2.831388552157093272e-03,4.692083386344640845e-03,6.350910119048027713e-01,-7.883343186014994952e-01,2.000000000000000000e+01,7.803577488661256334e-02,0.000000000000000000e+00,0.000000000000000000e+00,0.000000000000000000e+00,0.000000000000000000e+00,-5.638441562001509766e+01,7.302165010927169853e+00,1.360000000000000000e+02,8.032940915891933855e+02,1.000958153726323303e+02,2.660100000000000000e+06,1.972500000000000087e-01,-4.147200000000211730e+02,1.000000000000000000e+00
2.505901261008595862e-03,4.686089808511266670e-03,7.892371023831522558e-01,-5.961517917224690155e-01,2.000000000000000000e+01,7.092583754578787869e-02,0.000000000000000000e+00,0.000000000000000000e+00,0.000000000000000000e+00,0.000000000000000000e+00,-5.071027673898299071e+01,7.952636157884599655e+00,1.370000000000000000e+02,7.832491184533184878e+02,1.002904663647294399e+02,2.616500000000000000e+06,3.543200000000000238e-01,-8.920652569999108437e+02,1.000000000000000000e+00
2.811616800139234672e-03,4.990501550799235700e-03,1.020223561262252110e+00,-1.383751160334045771e+00,2.000000000000000000e+01,8.028215872558079613e-02,0.000000000000000000e+00,0.000000000000000000e+00,0.000000000000000000e+00,0.000000000000000000e+00,-5.422703981261052064e+01,7.688458083864903259e+00,1.380000000000000000e+02,6.115344649664707504e+02,1.030185060378237694e+02,2.639700000000000000e+06,1.295000000000000040e-01,-1.146728880000018336e+02,1.000000000000000000e+00
2.854077970551886691e-03,5.160487857394094151e-03,8.500635163596391708e-01,-6.780960832319072873e-01,2.000000000000000000e+01,7.477086383071726572e-02,0.000000000000000000e+00,0.000000000000000000e+00,0.000000000000000000e+00,0.000000000000000000e+00,-4.865875068765508615e+01,6.850174176739521670e+00,1.390000000000000000e+02,7.167719331853674021e+02,1.017864965238706958e+02,2.635200000000000000e+06,1.106599999999999945e-01,-1.029420000000015705e+02,1.000000000000000000e+00
2.502906851671101753e-03,4.462906482675943476e-03,8.937776915849053871e-01,-2.396776791234164428e+00,2.000000000000000000e+01,7.459285851318636640e-02,0.000000000000000000e+00,0.000000000000000000e+00,0.000000000000000000e+00,0.000000000000000000e+00,-5.987604844931608739e+01,8.042756983729789866e+00,1.400000000000000000e+02,3.247280014600560207e+02,1.087689586053428741e+02,2.595700000000000000e+06,1.320900000000000130e-01,-1.455905849999994643e+02,1.000000000000000000e+00
2.408787304041988542e-03,4.704386013516956289e-03,8.079416083134585147e-01,-2.348495677314444752e+00,2.000000000000000000e+01,7.442359210621327104e-02,0.000000000000000000e+00,0.000000000000000000e+00,0.000000000000000000e+00,0.000000000000000000e+00,-5.984583021855378604e+01,8.144645033209483742e+00,1.410000000000000000e+02,3.074747769782949263e+02,1.088689064186681037e+02,2.601900000000000000e+06,1.515100000000000058e-01,-2.096633000000122706e+02,1.000000000000000000e+00
2.686553235512119733e-03,5.337728480751263369e-03,8.457020636602092800e-01,-2.289080950114152913e+00,2.000000000000000000e+01,7.583535343209701907e-02,0.000000000000000000e+00,0.000000000000000000e+00,0.000000000000000000e+00,0.000000000000000000e+00,-5.839018618663914140e+01,7.751469971569506789e+00,1.420000000000000000e+02,2.997361713803859971e+02,1.094839057043068209e+02,2.598500000000000000e+06,9.139799999999999314e-02,-8.153031000000079587e+01,1.000000000000000000e+00
2.510853356163919060e-03,4.840931708316969020e-03,8.788031752587329715e-01,-2.003505020562610817e+00,2.000000000000000000e+01,7.368313059617262462e-02,0.000000000000000000e+00,0.000000000000000000e+00,0.000000000000000000e+00,0.000000000000000000e+00,-6.168289648173266215e+01,8.242612757345245456e+00,1.430000000000000000e+02,2.163196908501197981e+02,1.123582794306818187e+02,2.582700000000000000e+06,1.941599999999999993e-01,-3.015710999999834030e+02,1.000000000000000000e+00
2.618092588500347227e-03,5.284433100704991060e-03,1.074719813221058029e+00,-1.465350900675655987e+00,2.000000000000000000e+01,7.128908312557333260e-02,0.000000000000000000e+00,0.000000000000000000e+00,0.000000000000000000e+00,0.000000000000000000e+00,-6.002017736986486085e+01,7.365026113242002737e+00,1.440000000000000000e+02,4.561641319212963595e+02,1.059363479673668991e+02,2.562200000000000000e+06,9.379400000000000237e-02,-5.499100000000009203e+01,1.000000000000000000e+00
2.586216455427199981e-03,4.697776854300535557e-03,9.224345782643834646e-01,-1.873240159348122269e+00,2.000000000000000000e+01,7.569680510773614535e-02,0.000000000000000000e+00,0.000000000000000000e+00,0.000000000000000000e+00,0.000000000000000000e+00,-5.857591378917953762e+01,7.790104720227857271e+00,1.450000000000000000e+02,4.709355556380684789e+02,1.058586496877530863e+02,2.597600000000000000e+06,9.077300000000000646e-02,-7.240799999999947545e+01,1.000000000000000000e+00
2.631951101607603403e-03,4.632676592434258403e-03,9.311962232582481347e-01,-2.591252396231120692e+00,2.000000000000000000e+01,7.615275966313281297e-02,0.000000000000000000e+00,0.000000000000000000e+00,0.000000000000000000e+00,0.000000000000000000e+00,-5.857891861888756324e+01,8.132733078683207495e+00,1.460000000000000000e+02,3.722226806249935862e+02,1.074785906439085181e+02,2.618600000000000000e+06,8.356800000000000339e-02,-5.974617299999968623e+01,1.000000000000000000e+00
2.554730073678414780e-03,4.664733043016143499e-03,9.022613780872835720e-01,-2.285620196327702747e+00,2.000000000000000000e+01,7.370057590406083048e-02,0.000000000000000000e+00,0.000000000000000000e+00,0.000000000000000000e+00,0.000000000000000000e+00,-6.006050670015913795e+01,7.615439866086960663e+00,1.470000000000000000e+02,3.702438749087219207e+02,1.080208595093260300e+02,2.566900000000000000e+06,1.886099999999999999e-01,-2.854797839999959592e+02,1.000000000000000000e+00
2.581019254211093517e-03,4.558916293912761847e-03,9.385852592941305028e-01,-2.001810278468828308e+00,2.000000000000000000e+01,7.549152950089499381e-02,0.000000000000000000e+00,0.000000000000000000e+00,0.000000000000000000e+00,0.000000000000000000e+00,-5.998555058908777937e+01,7.848138034461332069e+00,1.480000000000000000e+02,3.645069533886784257e+02,1.080594138513601052e+02,2.582500000000000000e+06,9.540999999999999481e-02,-7.631127100000124130e+01,1.000000000000000000e+00
2.518287736784165492e-03,5.010051922687539828e-03,8.362139695210716317e-01,-2.009930524456200907e+00,2.000000000000000000e+01,7.353546953920669926e-02,0.000000000000000000e+00,0.000000000000000000e+00,0.000000000000000000e+00,0.000000000000000000e+00,-5.988867601721315737e+01,7.828922489937726326e+00,1.490000000000000000e+02,3.704274509548462788e+02,1.078812738288627457e+02,2.581900000000000000e+06,2.231599999999999973e-01,-4.024587350000243191e+02,1.000000000000000000e+00
2.555699479984865907e-03,4.372428368739078586e-03,8.940736352299059053e-01,-2.307232128577355823e+00,2.000000000000000000e+01,7.365046342766906617e-02,0.000000000000000000e+00,0.000000000000000000e+00,0.000000000000000000e+00,0.000000000000000000e+00,-6.572435768240774223e+01,7.477060369326206768e+00,1.500000000000000000e+02,1.535293411297466832e+02,1.179080002787980135e+02,2.486900000000000000e+06,1.935999999999999943e-01,-3.208631999999902291e+02,1.000000000000000000e+00
2.826328494325705716e-03,3.948628072629668806e-03,6.640308606133903391e-01,3.229584074849363717e-01,2.000000000000000000e+01,6.492044448458290928e-02,0.000000000000000000e+00,0.000000000000000000e+00,0.000000000000000000e+00,0.000000000000000000e+00,-5.273071720433112120e+01,7.329351614480138721e+00,1.510000000000000000e+02,1.101639530668989664e+03,9.670094629903763916e+01,2.583000000000000000e+06,2.469800000000000051e-01,-7.417754979999393754e+02,1.000000000000000000e+00
2.389901938050577584e-03,4.417606709125527532e-03,8.473220639760817852e-01,-2.356906925245155104e+00,2.000000000000000000e+01,7.361233604785284712e-02,0.000000000000000000e+00,0.000000000000000000e+00,0.000000000000000000e+00,0.000000000000000000e+00,-6.318933258450996959e+01,7.689037925546357677e+00,1.520000000000000000e+02,2.043478260825486643e+02,1.133792095004058922e+02,2.531100000000000000e+06,2.063500000000000056e-01,-3.581828319999671066e+02,1.000000000000000000e+00
2.353161217452808679e-03,4.175744729335197601e-03,9.114611482430222678e-01,-2.512757617778097252e+00,2.000000000000000000e+01,7.231060045398685077e-02,0.000000000000000000e+00,0.000000000000000000e+00,0.000000000000000000e+00,0.000000000000000000e+00,-6.004538136013029970e+01,7.354260794509318799e+00,1.530000000000000000e+02,2.043478260825486643e+02,1.133792095004058922e+02,2.531100000000000000e+06,2.063500000000000056e-01,-3.581828319999671066e+02,1.000000000000000000e+00
2.389901938050577584e-03,4.417606709125527532e-03,8.473220639760818962e-01,-2.356906925245155104e+00,2.000000000000000000e+01,7.361233604785284712e-02,0.000000000000000000e+00,0.000000000000000000e+00,0.000000000000000000e+00,0.000000000000000000e+00,-6.318933258450996959e+01,7.689037925546357677e+00,1.540000000000000000e+02,2.043478260825486643e+02,1.133792095004058922e+02,2.531100000000000000e+06,2.063500000000000056e-01,-3.581828319999671066e+02,1.000000000000000000e+00
2.900211195106173166e-03,4.517168097951505638e-03,7.566257050705953446e-01,4.486296426945007854e-01,2.000000000000000000e+01,7.315735794280885107e-02,0.000000000000000000e+00,0.000000000000000000e+00,0.000000000000000000e+00,0.000000000000000000e+00,-5.053435250202598894e+01,7.273331356094336009e+00,1.550000000000000000e+02,1.278652469841016000e+03,9.372282908339559526e+01,2.654300000000000000e+06,4.352900000000000102e-01,-1.362328030999894054e+03,1.000000000000000000e+00
2.911429663027944714e-03,4.535089182883854722e-03,8.427132285727009231e-01,6.936894794008161558e-01,2.000000000000000000e+01,7.360060562738923728e-02,0.000000000000000000e+00,0.000000000000000000e+00,0.000000000000000000e+00,0.000000000000000000e+00,-5.097009794255118464e+01,7.369926235098885670e+00,1.560000000000000000e+02,1.285192170748071248e+03,9.339690338919862711e+01,2.657000000000000000e+06,2.518199999999999883e-01,-4.631385089999842535e+02,1.000000000000000000e+00
3.034217075982757923e-03,4.750044126808421543e-03,7.091943675928009672e-01,5.684939810138358585e-01,2.000000000000000000e+01,7.377510243773977017e-02,0.000000000000000000e+00,0.000000000000000000e+00,0.000000000000000000e+00,0.000000000000000000e+00,-5.002904467917201714e+01,7.426503104466857685e+00,1.570000000000000000e+02,1.315428965147467352e+03,9.309958099165289980e+01,2.671100000000000000e+06,3.278200000000000003e-01,-9.297892199998932483e+02,1.000000000000000000e+00
3.025250240460927807e-03,4.448373717935416236e-03,6.264885105643014374e-01,9.505207821289862746e-01,2.000000000000000000e+01,7.389589527718939954e-02,0.000000000000000000e+00,0.000000000000000000e+00,0.000000000000000000e+00,0.000000000000000000e+00,-5.127262842921922470e+01,7.332304055102390805e+00,1.580000000000000000e+02,1.335997595679257302e+03,9.305655878593937302e+01,2.650500000000000000e+06,3.968800000000000106e-01,-1.554496109999900227e+03,1.000000000000000000e+00
2.621966403149407401e-03,4.955977658902033060e-03,9.388625368467636845e-01,-2.710610927621490696e+00,2.000000000000000000e+01,7.974435033548578355e-02,0.000000000000000000e+00,0.000000000000000000e+00,0.000000000000000000e+00,0.000000000000000000e+00,-6.056743845309659946e+01,9.011321173983356303e+00,1.590000000000000000e+02,1.813539822363088945e+02,1.138011266008623892e+02,2.571300000000000000e+06,2.168100000000000027e-01,-3.606400000000370483e+02,1.000000000000000000e+00
2.023335532488733466e-03,5.646044351446653266e-03,7.133117408436907558e-01,-2.291026277352862017e+00,2.000000000000000000e+01,7.287687202691260635e-02,0.000000000000000000e+00,0.000000000000000000e+00,0.000000000000000000e+00,0.000000000000000000e+00,-6.497761604951089964e+01,7.641051252463314292e+00,1.600000000000000000e+02,1.813539822363088945e+02,1.138011266008623892e+02,2.571300000000000000e+06,2.168100000000000027e-01,-3.606400000000370483e+02,1.000000000000000000e+00
2.428934956342642011e-03,4.302062706713512090e-03,9.519869397223270635e-01,-2.567345073704942582e+00,2.000000000000000000e+01,7.493567911650778068e-02,0.000000000000000000e+00,0.000000000000000000e+00,0.000000000000000000e+00,0.000000000000000000e+00,-6.471084167658729314e+01,7.389847542125718149e+00,1.610000000000000000e+02,1.772547376367838865e+02,1.151669689809862405e+02,2.495900000000000000e+06,1.078800000000000037e-01,-9.311204999999846166e+01,1.000000000000000000e+00
2.341901995127542400e-03,3.642742022990775545e-03,7.884495355885569046e-01,-4.053991681932926028e+00,2.000000000000000000e+01,8.762283680374308159e-02,0.000000000000000000e+00,0.000000000000000000e+00,0.000000000000000000e+00,0.000000000000000000e+00,-7.950894844026163355e+01,8.979568504962639253e+00,1.620000000000000000e+02,1.438524128490639100e+02,1.229547325739346064e+02,2.479100000000000000e+06,2.243499999999999939e-01,-4.721265840000460798e+02,1.000000000000000000e+00
2.618060130083258580e-03,4.681473352345048335e-03,6.921153978083530722e-01,6.340470267814888317e-01,2.000000000000000000e+01,7.464160590714324917e-02,0.000000000000000000e+00,0.000000000000000000e+00,0.000000000000000000e+00,0.000000000000000000e+00,-5.487647826655456385e+01,7.228097603175420716e+00,1.630000000000000000e+02,1.074056475273161141e+03,9.688876028145971020e+01,2.603600000000000000e+06,1.696799999999999975e-01,-3.253313759999888362e+02,1.000000000000000000e+00
2.475588578828210110e-03,4.694382162091751895e-03,6.917660970183687752e-01,-4.497814809289073512e-01,2.000000000000000000e+01,7.443671277518983109e-02,0.000000000000000000e+00,0.000000000000000000e+00,0.000000000000000000e+00,0.000000000000000000e+00,-5.581681680011288904e+01,7.012235756675359255e+00,1.640000000000000000e+02,9.035528132848893392e+02,9.954618524823297321e+01,2.578600000000000000e+06,1.785400000000000043e-01,-3.586058849999690210e+02,1.000000000000000000e+00
2.361685218999423283e-03,5.017785788225331660e-03,7.945548219515771171e-01,-9.758805632793041696e-01,2.000000000000000000e+01,7.338345368938223312e-02,0.000000000000000000e+00,0.000000000000000000e+00,0.000000000000000000e+00,0.000000000000000000e+00,-5.716386889359629464e+01,7.521858329483466221e+00,1.650000000000000000e+02,6.615346308010171015e+02,1.024467507638813117e+02,2.596800000000000000e+06,2.619900000000000007e-01,-5.126305629999529856e+02,1.000000000000000000e+00
2.366863700489288836e-03,4.976178130017890923e-03,8.052015431352299579e-01,-1.016250709881289849e+00,2.000000000000000000e+01,7.322483032926155322e-02,0.000000000000000000e+00,0.000000000000000000e+00,0.000000000000000000e+00,0.000000000000000000e+00,-5.674838090132401192e+01,7.525026054364222006e+00,1.660000000000000000e+02,6.758656350129693919e+02,1.020825666799427580e+02,2.601600000000000000e+06,2.883100000000000107e-01,-5.952216000000624945e+02,1.000000000000000000e+00
2.625342211424192516e-03,4.612140004936286439e-03,8.343078524261509088e-01,-1.336013309813368188e+00,2.000000000000000000e+01,7.436473609334069701e-02,0.000000000000000000e+00,0.000000000000000000e+00,0.000000000000000000e+00,0.000000000000000000e+00,-5.604433547559467854e+01,7.873792264944581731e+00,1.670000000000000000e+02,6.706123628622301567e+02,1.024035862656260036e+02,2.633500000000000000e+06,1.579299999999999871e-01,-2.221624999999919794e+02,1.000000000000000000e+00
2.555886640397632761e-03,4.721263754198134349e-03,7.675366472020893616e-01,-1.569396667760775355e+00,2.000000000000000000e+01,7.469305866352482504e-02,0.000000000000000000e+00,0.000000000000000000e+00,0.000000000000000000e+00,0.000000000000000000e+00,-5.728931855353895486e+01,8.118940364360538453e+00,1.680000000000000000e+02,5.423694398020777498e+02,1.043896459110506783e+02,2.634200000000000000e+06,1.493299999999999905e-01,-2.236499999999934971e+02,1.000000000000000000e+00
2.572012749275304384e-03,4.917388663917304781e-03,8.833288967199361963e-01,-1.595464552999596775e+00,2.000000000000000000e+01,7.370340520614809821e-02,0.000000000000000000e+00,0.000000000000000000e+00,0.000000000000000000e+00,0.000000000000000000e+00,-5.729715041119278141e+01,7.708683936018626781e+00,1.690000000000000000e+02,5.779417880508484586e+02,1.040021614638756375e+02,2.607300000000000000e+06,1.960999999999999965e-01,-2.965504469999978596e+02,1.000000000000000000e+00
2.360227451937485163e-03,4.427805894645300486e-03,7.690362252028332124e-01,-1.605243997821107493e+00,2.000000000000000000e+01,8.089650710683719825e-02,0.000000000000000000e+00,0.000000000000000000e+00,0.000000000000000000e+00,0.000000000000000000e+00,-5.647136895397965617e+01,7.771057947355162199e+00,1.700000000000000000e+02,5.665877025969059559e+02,1.040476454851375365e+02,2.668200000000000000e+06,8.039300000000000612e-02,-7.429230000000011103e+01,1.000000000000000000e+00
2.489201962573110542e-03,5.020142922933007804e-03,8.012561584826763950e-01,-1.150691120850894311e+00,2.000000000000000000e+01,7.862332935804992873e-02,0.000000000000000000e+00,0.000000000000000000e+00,0.000000000000000000e+00,0.000000000000000000e+00,-5.676773113841247209e+01,7.548672890818102665e+00,1.710000000000000000e+02,5.621827640153265975e+02,1.043235422367766034e+02,2.601800000000000000e+06,2.260999999999999954e-01,-4.140197439999634526e+02,1.000000000000000000e+00
2.171379723838568702e-03,4.526874082474032987e-03,7.766301397222488134e-01,-1.352113528353742433e+00,2.000000000000000000e+01,7.856932873435062969e-02,0.000000000000000000e+00,0.000000000000000000e+00,0.000000000000000000e+00,0.000000000000000000e+00,-5.965016363778666175e+01,7.416599681157887147e+00,1.720000000000000000e+02,5.626302996217278860e+02,1.042849128407813595e+02,2.581800000000000000e+06,2.145799999999999930e-01,-3.531013589999728310e+02,1.000000000000000000e+00
2.729104433815327836e-03,4.766856709844418359e-03,7.023996863078798558e-01,-2.486903034478499253e-01,2.000000000000000000e+01,7.511604496473492376e-02,0.000000000000000000e+00,0.000000000000000000e+00,0.000000000000000000e+00,0.000000000000000000e+00,-5.387232863243246328e+01,7.509617866724569879e+00,1.730000000000000000e+02,1.007803422109707867e+03,9.782426155576769133e+01,2.634700000000000000e+06,1.448000000000000120e-01,-2.446102629999937790e+02,1.000000000000000000e+00
2.537785311846378015e-03,4.972105716294387620e-03,7.828225189883371016e-01,-1.022511714287176243e+00,2.000000000000000000e+01,7.778689397472207667e-02,0.000000000000000000e+00,0.000000000000000000e+00,0.000000000000000000e+00,0.000000000000000000e+00,-5.752135763824551162e+01,7.685867469111821393e+00,1.740000000000000000e+02,7.677811465409295124e+02,1.009843015823505255e+02,2.640500000000000000e+06,1.518400000000000027e-01,-2.467091000000064014e+02,1.000000000000000000e+00
2.776781166430488616e-03,4.859774908605236053e-03,8.715807639278007057e-01,-2.253418725691537006e+00,2.000000000000000000e+01,6.945473730526341427e-02,0.000000000000000000e+00,0.000000000000000000e+00,0.000000000000000000e+00,0.000000000000000000e+00,-5.721268819550051177e+01,7.335634027325017570e+00,1.750000000000000000e+02,4.066401046756956248e+02,1.072469987058869521e+02,2.587800000000000000e+06,8.503800000000000248e-02,-6.109716599999944719e+01,1.000000000000000000e+00
2.654050869767559870e-03,5.143981559815666640e-03,9.112422419054584388e-01,-2.017321471786570619e+00,2.000000000000000000e+01,6.957034695468969354e-02,0.000000000000000000e+00,0.000000000000000000e+00,0.000000000000000000e+00,0.000000000000000000e+00,-6.462238264096814078e+01,7.844039920973195024e+00,1.760000000000000000e+02,4.177101522455754434e+02,1.071472892173826210e+02,2.574600000000000000e+06,9.096999999999999531e-02,-6.941990499999991471e+01,1.000000000000000000e+00
2.380356000433740422e-03,5.215528833939889024e-03,8.059240169096246742e-01,-1.408938730730062705e+00,2.000000000000000000e+01,7.315550049906144325e-02,0.000000000000000000e+00,0.000000000000000000e+00,0.000000000000000000e+00,0.000000000000000000e+00,-5.842345575821369152e+01,7.756155422046990822e+00,1.770000000000000000e+02,5.131014039705474943e+02,1.049958479505971809e+02,2.596500000000000000e+06,2.917500000000000093e-01,-6.271273650000929365e+02,1.000000000000000000e+00
3.254690132229775060e-03,4.010783608958142128e-03,7.458025256499567490e-01,-1.857529859599624356e+00,2.000000000000000000e+01,7.820787669852258261e-02,0.000000000000000000e+00,0.000000000000000000e+00,0.000000000000000000e+00,0.000000000000000000e+00,-6.235703693758492250e+01,7.351787906784259974e+00,1.780000000000000000e+02,1.449512082552663230e+02,1.252001771883442842e+02,2.487600000000000000e+06,1.341900000000000037e-01,-2.922556000000015501e+02,1.000000000000000000e+00
2.838418888614225276e-03,3.758860281546664607e-03,6.671421362232099472e-01,-1.836969443271069036e+00,2.000000000000000000e+01,7.631772624331505106e-02,0.000000000000000000e+00,0.000000000000000000e+00,0.000000000000000000e+00,0.000000000000000000e+00,-6.684669715562037595e+01,7.962867513691021415e+00,1.790000000000000000e+02,1.452967842910215666e+02,1.247158388561077800e+02,2.496300000000000000e+06,1.045299999999999979e-01,-1.848484000000047445e+02,1.000000000000000000e+00
2.685172746919274687e-03,4.391392512317016106e-03,8.177234902391314897e-01,-2.363203469684785230e+00,2.000000000000000000e+01,7.307196959332321051e-02,0.000000000000000000e+00,0.000000000000000000e+00,0.000000000000000000e+00,0.000000000000000000e+00,-6.693727236442310868e+01,7.742356458160159605e+00,1.800000000000000000e+02,1.455264156051373163e+02,1.230604092468228998e+02,2.483800000000000000e+06,3.522500000000000075e-01,-1.090826000000223303e+03,1.000000000000000000e+00
2.569576194633373285e-03,4.961825664151597870e-03,8.831072884811770329e-01,-1.496693087042102022e+00,2.000000000000000000e+01,7.367260974094229364e-02,0.000000000000000000e+00,0.000000000000000000e+00,0.000000000000000000e+00,0.000000000000000000e+00,-5.719252600633665651e+01,7.696994070683286004e+00,1.810000000000000000e+02,5.983309198464277188e+02,1.037022718728462678e+02,2.608000000000000000e+06,1.985899999999999888e-01,-3.026615109999857509e+02,1.000000000000000000e+00
2.744077963842975632e-03,4.293442953783319430e-03,8.584830563784812130e-01,-1.207018587893372130e+00,2.000000000000000000e+01,7.247699982072061675e-02,0.000000000000000000e+00,0.000000000000000000e+00,0.000000000000000000e+00,0.000000000000000000e+00,-5.239634466221743025e+01,8.644809182320340568e+00,1.820000000000000000e+02,7.477489678516056983e+02,1.014699888515247466e+02,2.621000000000000000e+06,2.129300000000000082e-01,-4.156102999999760073e+02,1.000000000000000000e+00
2.377174947157221704e-03,5.041921535948818735e-03,8.107385335726888798e-01,-1.576125057341617897e+00,2.000000000000000000e+01,7.402458792880134419e-02,0.000000000000000000e+00,0.000000000000000000e+00,0.000000000000000000e+00,0.000000000000000000e+00,-5.834782605096838637e+01,7.841609187947073067e+00,1.830000000000000000e+02,4.951338173654859816e+02,1.053007766590562966e+02,2.603100000000000000e+06,1.769199999999999939e-01,-2.629743269999794393e+02,1.000000000000000000e+00
2.412113613894963093e-03,4.937916030333978044e-03,8.114503780819730672e-01,-1.641967062137355882e+00,2.000000000000000000e+01,7.376875009116312665e-02,0.000000000000000000e+00,0.000000000000000000e+00,0.000000000000000000e+00,0.000000000000000000e+00,-5.848002342587226110e+01,7.674785656778545295e+00,1.840000000000000000e+02,5.015873015902391217e+02,1.052639966616507792e+02,2.590700000000000000e+06,1.998900000000000121e-01,-3.360719999999644187e+02,1.000000000000000000e+00
2.783650550303735666e-03,4.572707172205636543e-03,7.719094536511995619e-01,-2.218995781060467021e+00,2.000000000000000000e+01,7.753203780653779298e-02,0.000000000000000000e+00,0.000000000000000000e+00,0.000000000000000000e+00,0.000000000000000000e+00,-5.984970886134401979e+01,8.296178598839070162e+00,1.850000000000000000e+02,4.268435856392425762e+02,1.069599454696218288e+02,2.602300000000000000e+06,2.107700000000000129e-01,-3.947855010000233733e+02,1.000000000000000000e+00
2.663842776546091785e-03,4.330899928313545859e-03,1.012187661950564532e+00,-2.148284195155628851e+00,2.000000000000000000e+01,7.734303935634694038e-02,0.000000000000000000e+00,0.000000000000000000e+00,0.000000000000000000e+00,0.000000000000000000e+00,-6.328826343669515353e+01,6.888896762261718543e+00,1.860000000000000000e+02,4.215212807366834227e+02,1.070891149427029774e+02,2.574300000000000000e+06,9.087199999999999445e-02,-6.854179999999858808e+01,1.000000000000000000e+00
2.308869407363403712e-03,4.271130246577588795e-03,8.698042024151082519e-01,-2.375238340953742089e+00,2.000000000000000000e+01,7.359386762283924577e-02,0.000000000000000000e+00,0.000000000000000000e+00,0.000000000000000000e+00,0.000000000000000000e+00,-6.149840976930580894e+01,8.088459973632399880e+00,1.870000000000000000e+02,2.279975954838492385e+02,1.116428577671581763e+02,2.576000000000000000e+06,2.055099999999999982e-01,-3.183355119999747558e+02,1.000000000000000000e+00
2.577524476998330899e-03,4.631182848424487963e-03,9.230015051942677129e-01,-2.448183464875941073e+00,2.000000000000000000e+01,7.410885668332788112e-02,0.000000000000000000e+00,0.000000000000000000e+00,0.000000000000000000e+00,0.000000000000000000e+00,-6.250613232064520730e+01,7.526388525907943716e+00,1.880000000000000000e+02,2.443217522732783777e+02,1.115872684663100785e+02,2.530900000000000000e+06,1.497499999999999942e-01,-1.886229349999939870e+02,1.000000000000000000e+00
2.577769386355772616e-03,4.591409662830104460e-03,9.263711717213332086e-01,-2.403296197420512481e+00,2.000000000000000000e+01,7.419927572061846277e-02,0.000000000000000000e+00,0.000000000000000000e+00,0.000000000000000000e+00,0.000000000000000000e+00,-6.248850311514668476e+01,7.530902403291722891e+00,1.890000000000000000e+02,2.490993857354196166e+02,1.115103221338550696e+02,2.531900000000000000e+06,1.436300000000000077e-01,-1.761626499999946418e+02,1.000000000000000000e+00
2.512989398886936263e-03,4.473322919191887598e-03,8.676449586615433418e-01,-2.484651630803816680e+00,2.000000000000000000e+01,7.504094336602387671e-02,0.000000000000000000e+00,0.000000000000000000e+00,0.000000000000000000e+00,0.000000000000000000e+00,-6.221018374213720392e+01,7.612498569019733097e+00,1.900000000000000000e+02,2.525860011849531475e+02,1.113857899959226359e+02,2.539600000000000000e+06,1.124499999999999944e-01,-1.190329070000017850e+02,1.000000000000000000e+00
2.981374180954574852e-03,4.154312918435669813e-03,8.944590963790929328e-01,-2.705666297565069378e+00,2.000000000000000000e+01,8.172616211584091128e-02,0.000000000000000000e+00,0.000000000000000000e+00,0.000000000000000000e+00,0.000000000000000000e+00,-8.016106487664728775e+01,6.309107769328657689e+00,1.910000000000000000e+02,2.548697613322352140e+02,1.111119687754019338e+02,2.534700000000000000e+06,1.204999999999999960e-01,-1.217139000000028091e+02,1.000000000000000000e+00
2.601790117794381980e-03,4.807926991596661245e-03,7.827536101358034681e-01,-1.126001941157954711e+00,2.000000000000000000e+01,7.403786930154010459e-02,0.000000000000000000e+00,0.000000000000000000e+00,0.000000000000000000e+00,0.000000000000000000e+00,-5.375988213916797065e+01,7.927134373130257927e+00,1.920000000000000000e+02,8.242855086016163568e+02,1.001630401916767994e+02,2.665800000000000000e+06,2.026799999999999990e-01,-3.470187329999901635e+02,1.000000000000000000e+00
2.509757932841371469e-03,4.889526745258599566e-03,8.621635032737855475e-01,-2.138905831426544779e+00,2.000000000000000000e+01,7.417792310238004172e-02,0.000000000000000000e+00,0.000000000000000000e+00,0.000000000000000000e+00,0.000000000000000000e+00,-5.996528639231356550e+01,7.945269202781958029e+00,1.930000000000000000e+02,3.401602646687146603e+02,1.084441353458916808e+02,2.588600000000000000e+06,1.557699999999999918e-01,-2.090001659999934986e+02,1.000000000000000000e+00
2.520602008944335982e-03,4.976403918004458811e-03,8.596237400413528906e-01,-1.969351951575458948e+00,2.000000000000000000e+01,7.395010201240105607e-02,0.000000000000000000e+00,0.000000000000000000e+00,0.000000000000000000e+00,0.000000000000000000e+00,-6.058437680910417100e+01,7.662724098820939744e+00,1.940000000000000000e+02,3.564553844010319494e+02,1.084221620136327573e+02,2.563200000000000000e+06,1.723999999999999977e-01,-2.556283859999952313e+02,1.000000000000000000e+00
2.934748835384822993e-03,4.728042784139371499e-03,6.801858857266096514e-01,9.012314284080493731e-01,2.000000000000000000e+01,7.408266961228876513e-02,0.000000000000000000e+00,0.000000000000000000e+00,0.000000000000000000e+00,0.000000000000000000e+00,-5.040394479882016299e+01,7.204433909721759122e+00,1.950000000000000000e+02,1.367082728723460377e+03,9.249695220182326239e+01,2.650400000000000000e+06,2.761600000000000166e-01,-7.396174800000630967e+02,1.000000000000000000e+00
2.377851820510886501e-03,4.639146636570906472e-03,8.917960973214983378e-01,-1.760453239925110935e+00,2.000000000000000000e+01,7.260374836245978014e-02,0.000000000000000000e+00,0.000000000000000000e+00,0.000000000000000000e+00,0.000000000000000000e+00,-6.202629426103874266e+01,7.802447170172447599e+00,1.960000000000000000e+02,4.302795174420165267e+02,1.068977258350646196e+02,2.566800000000000000e+06,1.036299999999999999e-01,-8.633939999999847714e+01,1.000000000000000000e+00
2.728698441576983200e-03,4.393069637144898787e-03,7.876279075782746109e-01,-1.994854823394303533e+00,2.000000000000000000e+01,7.478481144948806447e-02,0.000000000000000000e+00,0.000000000000000000e+00,0.000000000000000000e+00,0.000000000000000000e+00,-6.541468054074736926e+01,8.185718223207382849e+00,1.970000000000000000e+02,1.496880939869459439e+02,1.218741403078751517e+02,2.527400000000000000e+06,1.389900000000000024e-01,-2.267807309999952281e+02,1.000000000000000000e+00
2.620602748857511245e-03,4.974890285198462977e-03,8.226058579532429249e-01,-9.886593195253221555e-01,2.000000000000000000e+01,7.294970104813244816e-02,0.000000000000000000e+00,0.000000000000000000e+00,0.000000000000000000e+00,0.000000000000000000e+00,-5.456701387360871536e+01,7.831330943883986428e+00,1.980000000000000000e+02,7.874579595199846835e+02,1.003432538040336226e+02,2.648900000000000000e+06,3.942999999999999838e-01,-9.695989660001127959e+02,1.000000000000000000e+00
2.456745641405659250e-03,4.714323926270194524e-03,9.610102446713802982e-01,-2.393699103396277561e+00,2.000000000000000000e+01,7.534855859345815365e-02,0.000000000000000000e+00,0.000000000000000000e+00,0.000000000000000000e+00,0.000000000000000000e+00,-6.908085687205299052e+01,7.883912268744242446e+00,1.990000000000000000e+02,1.579415721888530868e+02,1.170183960706243766e+02,2.487600000000000000e+06,1.868400000000000061e-01,-2.958466570000041429e+02,1.000000000000000000e+00
