3.530649821281766406e-03,4.419560158512094404e-03,5.548514391185398464e-01,2.901936824243301238e+00,2.000000000000000000e+01,7.799509024153000736e-02,0.000000000000000000e+00,0.000000000000000000e+00,0.000000000000000000e+00,0.000000000000000000e+00,-3.817962984867480003e+01,7.640614339790142928e+00,0.000000000000000000e+00,2.693009291975879023e+03,8.453823649302506738e+01,2.806700000000000000e+06,9.811200000000000476e-02,-1.638383999999948628e+02,1.000000000000000000e+00
3.712751311057541949e-03,4.646376799540496115e-03,5.621296657309331479e-01,2.701418827722359417e+00,2.000000000000000000e+01,7.699100992221172279e-02,0.000000000000000000e+00,0.000000000000000000e+00,0.000000000000000000e+00,0.000000000000000000e+00,-3.815765898901458542e+01,7.591466906895375288e+00,1.000000000000000000e+00,2.587303619412492480e+03,8.455090138294292501e+01,2.802600000000000000e+06,1.363600000000000090e-01,-2.859086999999963155e+02,1.000000000000000000e+00
2.429151875902489481e-03,7.103440778126002362e-04,4.757628496285286057e-01,-2.210494905062913773e+01,2.000000000000000000e+01,7.417924535225270399e-02,0.000000000000000000e+00,0.000000000000000000e+00,0.000000000000000000e+00,0.000000000000000000e+00,-9.865448618903117506e+01,6.500098909165416217e+00,2.000000000000000000e+00,8.178778969025033518e+01,2.879723871665251522e+02,2.064700000000000000e+06,7.280200000000000560e-02,-9.672117899999999224e+01,1.000000000000000000e+00
2.920249940500241250e-03,4.852647133871360041e-03,5.166376510027274049e-01,2.225524937340908060e+00,2.000000000000000000e+01,7.453546828214566156e-02,0.000000000000000000e+00,0.000000000000000000e+00,0.000000000000000000e+00,0.000000000000000000e+00,-4.081332149798056008e+01,6.702602301040349708e+00,3.000000000000000000e+00,2.214797353994038076e+03,8.656626760095467432e+01,2.699900000000000000e+06,3.685200000000000142e-01,-1.536401405000360683e+03,1.000000000000000000e+00
3.107167814228235271e-03,4.697839667180556990e-03,5.355982431759387374e-01,2.328026870886941602e+00,2.000000000000000000e+01,7.474620697556744187e-02,0.000000000000000000e+00,0.000000000000000000e+00,0.000000000000000000e+00,0.000000000000000000e+00,-4.208643433886359730e+01,6.451679035237519955e+00,4.000000000000000000e+00,2.161374317695547234e+03,8.702658028942249757e+01,2.667100000000000000e+06,3.306200000000000250e-01,-1.315546140000290961e+03,1.000000000000000000e+00
2.757601724803086622e-03,9.685592928417456659e-04,4.065870295862282213e-01,-3.003890708148532873e+00,2.000000000000000000e+01,7.279895175571943211e-02,0.000000000000000000e+00,0.000000000000000000e+00,0.000000000000000000e+00,0.000000000000000000e+00,-9.601651190650946432e+01,5.816460056084020280e+00,5.000000000000000000e+00,1.363513344864150270e+02,1.940875768278790474e+02,2.074500000000000000e+06,2.353500000000000036e-01,-3.473228739999879622e+02,1.000000000000000000e+00
2.387968981758457378e-03,3.703465338776052752e-03,3.609738968861672115e-01,-2.198272911687199738e+01,2.000000000000000000e+01,7.595544362247277914e-02,0.000000000000000000e+00,0.000000000000000000e+00,0.000000000000000000e+00,0.000000000000000000e+00,-7.182753335181840271e+01,8.515748209891308207e+00,6.000000000000000000e+00,1.566539459299646069e+02,1.890478926735861478e+02,2.407100000000000000e+06,3.991100000000000203e-01,-1.598447600000513376e+03,1.000000000000000000e+00
1.412436847570560381e-03,2.139556060479387914e-03,2.330090671769713406e-01,8.078566837064281358e+00,2.000000000000000000e+01,8.813371565247303530e-02,0.000000000000000000e+00,0.000000000000000000e+00,0.000000000000000000e+00,0.000000000000000000e+00,-8.138270120455609913e+01,8.622021439433229517e+00,7.000000000000000000e+00,1.576559069406708602e+02,1.473049557402966627e+02,2.382400000000000000e+06,5.585099999999999787e-02,-1.471735809999971991e+02,1.000000000000000000e+00
3.895496294520297935e-03,2.065271888540854209e-03,5.386982904885306844e-01,-3.375813735360615020e+00,2.000000000000000000e+01,6.796885446657262297e-02,0.000000000000000000e+00,0.000000000000000000e+00,0.000000000000000000e+00,0.000000000000000000e+00,-7.764130909418776127e+01,6.914535634996302527e+00,8.000000000000000000e+00,1.680548677039227243e+02,1.419474645549660181e+02,2.349900000000000000e+06,5.435399999999999954e-02,-1.031665799999992856e+02,1.000000000000000000e+00
2.698659504736987836e-03,4.476997289844373250e-03,6.894825604859933232e-01,-3.677459011580020309e+00,2.000000000000000000e+01,7.543805182540880283e-02,0.000000000000000000e+00,0.000000000000000000e+00,0.000000000000000000e+00,0.000000000000000000e+00,-6.742454716914613755e+01,6.786220729062677037e+00,9.000000000000000000e+00,1.688885131645013473e+02,1.176208076964876881e+02,2.430400000000000000e+06,1.259699999999999986e-01,-2.398520220000069969e+02,1.000000000000000000e+00
3.098619084741161944e-03,4.282925151487645271e-03,8.338350326083964204e-01,-2.816506509911461009e+00,2.000000000000000000e+01,6.866290444074679700e-02,0.000000000000000000e+00,0.000000000000000000e+00,0.000000000000000000e+00,0.000000000000000000e+00,-6.415607367255388738e+01,7.276731432332725902e+00,1.000000000000000000e+01,1.724514900340637098e+02,1.160803770984910841e+02,2.430400000000000000e+06,7.281100000000000072e-02,-5.972714699999958299e+01,1.000000000000000000e+00
2.593264327021249996e-03,4.657290489286501634e-03,8.263956498294071640e-01,-3.570340943079298945e+00,2.000000000000000000e+01,7.346167273521742036e-02,0.000000000000000000e+00,0.000000000000000000e+00,0.000000000000000000e+00,0.000000000000000000e+00,-6.546289244024852394e+01,6.983815464727436861e+00,1.100000000000000000e+01,1.846579608145728457e+02,1.152658547008653329e+02,2.464000000000000000e+06,2.481299999999999895e-01,-5.641481909999732807e+02,1.000000000000000000e+00
2.653434742351432150e-03,4.617334841958605982e-03,8.510278375426747477e-01,-3.940692438107587847e+00,2.000000000000000000e+01,7.346355443971996912e-02,0.000000000000000000e+00,0.000000000000000000e+00,0.000000000000000000e+00,0.000000000000000000e+00,-6.493563513959533395e+01,6.979272818381581089e+00,1.200000000000000000e+01,1.865399720377602080e+02,1.148038316670052126e+02,2.469700000000000000e+06,2.447600000000000053e-01,-5.244076899999458874e+02,1.000000000000000000e+00
2.860457977298750884e-03,4.971163095402370696e-03,8.294698960362840712e-01,-1.928357093988820159e+00,2.000000000000000000e+01,7.076078224574369746e-02,0.000000000000000000e+00,0.000000000000000000e+00,0.000000000000000000e+00,0.000000000000000000e+00,-6.211961843311453890e+01,6.707637065546317778e+00,1.300000000000000000e+01,4.085457955774975858e+02,1.080512652134685538e+02,2.541100000000000000e+06,1.324899999999999967e-01,-1.618332820000059940e+02,1.000000000000000000e+00
2.665637148828961522e-03,4.848889260529176681e-03,8.872943102873278587e-01,-2.132765833949558765e+00,2.000000000000000000e+01,7.438280507860042801e-02,0.000000000000000000e+00,0.000000000000000000e+00,0.000000000000000000e+00,0.000000000000000000e+00,-6.044341272356993500e+01,7.312986161309689592e+00,1.400000000000000000e+01,4.185953581755969708e+02,1.077140925863206036e+02,2.544400000000000000e+06,1.402899999999999980e-01,-1.813775470000026928e+02,1.000000000000000000e+00
2.596376793867388993e-03,4.862642320600648813e-03,7.568089487209281874e-01,-1.876757291421153884e+00,2.000000000000000000e+01,7.510554160834280457e-02,0.000000000000000000e+00,0.000000000000000000e+00,0.000000000000000000e+00,0.000000000000000000e+00,-6.095756919853931066e+01,7.337077106158118589e+00,1.500000000000000000e+01,4.185953120481738097e+02,1.080071298965789452e+02,2.539500000000000000e+06,1.219200000000000006e-01,-1.778253150000033997e+02,1.000000000000000000e+00
2.827978968852052060e-03,4.115230495284530506e-03,5.942492266565501113e-01,1.756224284788695522e+00,2.000000000000000000e+01,7.678399627000706551e-02,0.000000000000000000e+00,0.000000000000000000e+00,0.000000000000000000e+00,0.000000000000000000e+00,-4.477264215073124376e+01,6.642712617985701229e+00,1.600000000000000000e+01,1.961668030369273083e+03,8.829011431097556795e+01,2.661300000000000000e+06,1.050600000000000006e-01,-1.783531640000080927e+02,1.000000000000000000e+00
2.653536241739945945e-03,4.646244076320948588e-03,8.401626034704844370e-01,-2.006413940984863586e+00,2.000000000000000000e+01,7.436416743952346808e-02,0.000000000000000000e+00,0.000000000000000000e+00,0.000000000000000000e+00,0.000000000000000000e+00,-5.900497201339261721e+01,7.083909069939033465e+00,1.700000000000000000e+01,5.545750251159415711e+02,1.057856394585753605e+02,2.547100000000000000e+06,1.510700000000000098e-01,-2.247061800000047924e+02,1.000000000000000000e+00
2.597783870546866141e-03,4.561117955184561604e-03,1.146468490758035363e+00,-1.728901436320737561e+00,2.000000000000000000e+01,6.655708702941819099e-02,0.000000000000000000e+00,0.000000000000000000e+00,0.000000000000000000e+00,0.000000000000000000e+00,-5.936287521585599336e+01,7.387660934316969907e+00,1.800000000000000000e+01,4.561641319212963595e+02,1.059363479673668991e+02,2.562200000000000000e+06,9.379400000000000237e-02,-5.499100000000009203e+01,1.000000000000000000e+00
2.682284509071208856e-03,4.888071613767896659e-03,9.992856256203495047e-01,-2.384329540779095424e+00,2.000000000000000000e+01,7.385070171886271018e-02,0.000000000000000000e+00,0.000000000000000000e+00,0.000000000000000000e+00,0.000000000000000000e+00,-5.925976292902526410e+01,7.299893223654080998e+00,1.900000000000000000e+01,4.520478028666507839e+02,1.069672571711208491e+02,2.557600000000000000e+06,1.591299999999999937e-01,-1.864883999999987907e+02,1.000000000000000000e+00
2.981634663492592832e-03,4.449948548455746541e-03,4.889602773847305239e-01,2.393838592984133484e+00,2.000000000000000000e+01,7.530253459408553507e-02,0.000000000000000000e+00,0.000000000000000000e+00,0.000000000000000000e+00,0.000000000000000000e+00,-4.451408378678353728e+01,6.609331885100469428e+00,2.000000000000000000e+01,1.976522446772403782e+03,8.745334398234950868e+01,2.659700000000000000e+06,2.967099999999999738e-01,-1.221427199999997356e+03,1.000000000000000000e+00
2.736515576699159041e-03,4.839195548886824141e-03,9.178646777753401986e-01,-1.526693326995389732e+00,2.000000000000000000e+01,7.298940450521096412e-02,0.000000000000000000e+00,0.000000000000000000e+00,0.000000000000000000e+00,0.000000000000000000e+00,-5.928149972608018459e+01,7.084176970736701051e+00,2.100000000000000000e+01,5.694419081177330781e+02,1.050837285182641097e+02,2.543700000000000000e+06,3.044999999999999929e-01,-6.462945719999502217e+02,1.000000000000000000e+00
2.592202846479981643e-03,5.006587585440504078e-03,8.079890876242971087e-01,-8.351617591396833795e-01,2.000000000000000000e+01,7.336590763615079280e-02,0.000000000000000000e+00,0.000000000000000000e+00,0.000000000000000000e+00,0.000000000000000000e+00,-5.901591823898002076e+01,7.565551742313406436e+00,2.200000000000000000e+01,5.695777313352851934e+02,1.046727914232688192e+02,2.576900000000000000e+06,2.721799999999999775e-01,-5.851872000000442995e+02,1.000000000000000000e+00
2.888826002089943824e-03,4.173557568734040379e-03,6.176973528357833088e-01,1.896123366968593293e+00,2.000000000000000000e+01,6.905102919545820506e-02,0.000000000000000000e+00,0.000000000000000000e+00,0.000000000000000000e+00,0.000000000000000000e+00,-4.755735964600424381e+01,6.203010906660456847e+00,2.300000000000000000e+01,1.936668488774702610e+03,8.835818000628123059e+01,2.636100000000000000e+06,2.336300000000000043e-01,-7.391279999999705979e+02,1.000000000000000000e+00
2.471314432409271646e-03,4.924395224966467144e-03,8.556192966173349346e-01,-1.171058155254140809e+00,2.000000000000000000e+01,7.806687204899688537e-02,0.000000000000000000e+00,0.000000000000000000e+00,0.000000000000000000e+00,0.000000000000000000e+00,-5.870976905314623906e+01,8.515808131189098518e+00,2.400000000000000000e+01,5.069754303803918560e+02,1.058136765790740697e+02,2.597300000000000000e+06,1.433099999999999929e-01,-2.055481349999886049e+02,1.000000000000000000e+00
2.731073238833980031e-03,4.822294303502153504e-03,8.150618125432870231e-01,-9.960521098602626022e-01,2.000000000000000000e+01,7.531576032984001190e-02,0.000000000000000000e+00,0.000000000000000000e+00,0.000000000000000000e+00,0.000000000000000000e+00,-5.357360057962441147e+01,6.973844220834473973e+00,2.500000000000000000e+01,5.907320586439773251e+02,1.045077061560241987e+02,2.566000000000000000e+06,2.024600000000000011e-01,-3.711666210000155388e+02,1.000000000000000000e+00
2.532711433888050912e-03,4.151373790311170542e-03,1.096126982848571130e+00,-2.882067928092562958e+00,2.000000000000000000e+01,6.388969209498489288e-02,0.000000000000000000e+00,0.000000000000000000e+00,0.000000000000000000e+00,0.000000000000000000e+00,-7.120823732584928223e+01,6.551937745504650579e+00,2.600000000000000000e+01,2.219006403683179656e+02,1.135155175073200269e+02,2.471700000000000000e+06,2.346199999999999952e-01,-2.875459049999970489e+02,1.000000000000000000e+00
2.628434326220317925e-03,3.695325587045282349e-03,1.070576308985973446e+00,-3.108008848396282886e+00,2.000000000000000000e+01,6.624516042511324754e-02,0.000000000000000000e+00,0.000000000000000000e+00,0.000000000000000000e+00,0.000000000000000000e+00,-6.265016364256617010e+01,6.932185785234054265e+00,2.700000000000000000e+01,2.273365672272580866e+02,1.108948187421504770e+02,2.494800000000000000e+06,8.566600000000000603e-02,-5.229720000000044422e+01,1.000000000000000000e+00
2.806836703241628178e-03,4.044089082530510915e-03,8.223938699251525097e-01,-3.809221646946002959e+00,2.000000000000000000e+01,6.755811668865802089e-02,0.000000000000000000e+00,0.000000000000000000e+00,0.000000000000000000e+00,0.000000000000000000e+00,-6.654615269100825969e+01,6.351906460730089243e+00,2.800000000000000000e+01,2.176555620805365834e+02,1.146259783417421403e+02,2.419700000000000000e+06,1.070699999999999985e-01,-1.295902949999995712e+02,1.000000000000000000e+00
2.652351791287985931e-03,4.811724411949025969e-03,9.904767319883045484e-01,-2.229197997498394646e+00,2.000000000000000000e+01,7.326209925626589459e-02,0.000000000000000000e+00,0.000000000000000000e+00,0.000000000000000000e+00,0.000000000000000000e+00,-6.045355675103534310e+01,7.626661719485694491e+00,2.900000000000000000e+01,3.443149508904160143e+02,1.085248162268676424e+02,2.562600000000000000e+06,2.189699999999999980e-01,-3.291132000000117159e+02,1.000000000000000000e+00
3.122792450612804985e-03,4.470693716835515835e-03,1.110218527476161787e+00,-3.281377774815782633e+00,2.000000000000000000e+01,6.838413228897174956e-02,0.000000000000000000e+00,0.000000000000000000e+00,0.000000000000000000e+00,0.000000000000000000e+00,-6.637619734662089854e+01,7.824075623179937544e+00,3.000000000000000000e+01,2.810006836560199304e+02,1.105044676055798902e+02,2.538100000000000000e+06,1.501200000000000034e-01,-1.593578520000057779e+02,1.000000000000000000e+00
2.646877084269979186e-03,4.812900093244532052e-03,9.455554678238722310e-01,-2.891215214829734315e+00,2.000000000000000000e+01,7.596765561260622468e-02,0.000000000000000000e+00,0.000000000000000000e+00,0.000000000000000000e+00,0.000000000000000000e+00,-6.199967942096868256e+01,7.393648174828811648e+00,3.100000000000000000e+01,2.655175628871484719e+02,1.108829537981690834e+02,2.530300000000000000e+06,8.354599999999999527e-02,-6.132193500000029474e+01,1.000000000000000000e+00
2.633848755414858536e-03,4.665642299620183925e-03,8.986480779266891039e-01,-1.336728660652927392e+00,2.000000000000000000e+01,7.300795341664538529e-02,0.000000000000000000e+00,0.000000000000000000e+00,0.000000000000000000e+00,0.000000000000000000e+00,-5.801573936567373835e+01,7.329222009443729036e+00,3.200000000000000000e+01,6.116416847052137200e+02,1.037763330779008299e+02,2.573900000000000000e+06,3.109399999999999942e-01,-6.500712000000632997e+02,1.000000000000000000e+00
2.607547687421544157e-03,4.861739789875817869e-03,8.161777521394890655e-01,-3.072954723886045070e+00,2.000000000000000000e+01,7.347453268874773458e-02,0.000000000000000000e+00,0.000000000000000000e+00,0.000000000000000000e+00,0.000000000000000000e+00,-6.138464428266416206e+01,7.242523920839651019e+00,3.300000000000000000e+01,3.216014785445129291e+02,1.100482335915996828e+02,2.528100000000000000e+06,2.553000000000000269e-01,-5.659338300000551953e+02,1.000000000000000000e+00
2.563574679694546193e-03,5.165980129546728084e-03,8.463850549091467279e-01,-2.021419967256741224e+00,2.000000000000000000e+01,7.372698229200537468e-02,0.000000000000000000e+00,0.000000000000000000e+00,0.000000000000000000e+00,0.000000000000000000e+00,-6.287813107940509383e+01,7.130246374500616824e+00,3.400000000000000000e+01,3.155665109713063998e+02,1.103740425809967007e+02,2.504200000000000000e+06,1.896500000000000130e-01,-3.281932799999970598e+02,1.000000000000000000e+00
2.852646134244615772e-03,4.442995282184628025e-03,5.529485997818945897e-01,2.004029435494954381e+00,2.000000000000000000e+01,7.480029921799408177e-02,0.000000000000000000e+00,0.000000000000000000e+00,0.000000000000000000e+00,0.000000000000000000e+00,-4.633226193601649356e+01,6.215118492578868725e+00,3.500000000000000000e+01,1.865854513969853087e+03,8.877515755445290324e+01,2.612000000000000000e+06,2.701000000000000068e-01,-9.471009000001025697e+02,1.000000000000000000e+00
2.515607442026419373e-03,4.554124258448902576e-03,8.666704922245440645e-01,-6.084212836016819059e-01,2.000000000000000000e+01,7.362126144052066890e-02,0.000000000000000000e+00,0.000000000000000000e+00,0.000000000000000000e+00,0.000000000000000000e+00,-6.038448002775290036e+01,6.603987135316379486e+00,3.600000000000000000e+01,6.838746977043905417e+02,1.037167582522333902e+02,2.502600000000000000e+06,1.981199999999999906e-01,-3.322810540000245965e+02,1.000000000000000000e+00
2.606886085601947504e-03,4.772753156879997946e-03,7.250058150290461523e-01,-7.827097452014986079e-01,2.000000000000000000e+01,7.428345029342590944e-02,0.000000000000000000e+00,0.000000000000000000e+00,0.000000000000000000e+00,0.000000000000000000e+00,-5.932535157866568909e+01,6.839119626424169596e+00,3.700000000000000000e+01,7.074987448745629308e+02,1.033626141585742602e+02,2.528500000000000000e+06,1.817699999999999871e-01,-3.762769999999773063e+02,1.000000000000000000e+00
2.591197803175618840e-03,5.014110259374530976e-03,7.051276063129323646e-01,-8.142585978703735794e-01,2.000000000000000000e+01,7.465521668459411397e-02,0.000000000000000000e+00,0.000000000000000000e+00,0.000000000000000000e+00,0.000000000000000000e+00,-5.884177419691461353e+01,7.149827328257575942e+00,3.800000000000000000e+01,6.846128876276851543e+02,1.034664301310964021e+02,2.553700000000000000e+06,1.581500000000000128e-01,-2.983116179999900623e+02,1.000000000000000000e+00
2.363397394263406365e-03,5.024226379579557582e-03,6.622997727957018466e-01,-6.975839307612901052e-01,2.000000000000000000e+01,7.503654275658169781e-02,0.000000000000000000e+00,0.000000000000000000e+00,0.000000000000000000e+00,0.000000000000000000e+00,-5.933948905762279225e+01,6.843834166583905088e+00,3.900000000000000000e+01,7.116122642110178731e+02,1.032412264775364434e+02,2.528900000000000000e+06,1.366100000000000092e-01,-2.437050980000148570e+02,1.000000000000000000e+00
2.932084339070391722e-03,2.010481459205622472e-03,9.453928719011396309e-01,1.596926870792129971e-01,2.000000000000000000e+01,6.114377987849144158e-02,0.000000000000000000e+00,0.000000000000000000e+00,0.000000000000000000e+00,0.000000000000000000e+00,-6.165225144400777424e+01,7.536549984823387227e+00,4.000000000000000000e+01,7.773148285770780603e+02,1.007238316214745026e+02,2.603900000000000000e+06,7.919900000000000551e-02,-6.249677999999954636e+01,1.000000000000000000e+00
2.747752161550197705e-03,4.588909446281904184e-03,8.002020463859697008e-01,-8.221702277903210065e-01,2.000000000000000000e+01,7.412765313773049536e-02,0.000000000000000000e+00,0.000000000000000000e+00,0.000000000000000000e+00,0.000000000000000000e+00,-5.914695623934690616e+01,6.796223932712864624e+00,4.100000000000000000e+01,7.276564224422829739e+02,1.031461456249620454e+02,2.527800000000000000e+06,1.803700000000000025e-01,-3.349812000000235344e+02,1.000000000000000000e+00
2.429233622760599860e-03,5.106399080806342701e-03,8.604567323103227139e-01,-3.212331106761570076e-01,2.000000000000000000e+01,7.349375203301000692e-02,0.000000000000000000e+00,0.000000000000000000e+00,0.000000000000000000e+00,0.000000000000000000e+00,-5.870771378269746776e+01,7.054934430105231691e+00,4.200000000000000000e+01,7.339007807886125647e+02,1.023636679979028514e+02,2.548800000000000000e+06,2.087700000000000111e-01,-3.340698419999918087e+02,1.000000000000000000e+00
2.413045867945840580e-03,4.745116786751597641e-03,8.520516816477521349e-01,-8.520021654407193834e-01,2.000000000000000000e+01,6.622091648267892927e-02,0.000000000000000000e+00,0.000000000000000000e+00,0.000000000000000000e+00,0.000000000000000000e+00,-5.923817372134538317e+01,7.498912434191180587e+00,4.300000000000000000e+01,7.337017691993423796e+02,1.025360316348200485e+02,2.551200000000000000e+06,4.247099999999999764e-01,-1.224474000000162505e+03,1.000000000000000000e+00
2.757707005565128086e-03,4.598276877265521610e-03,9.101385928574241557e-01,-1.108561872148748462e+00,2.000000000000000000e+01,7.376163751589093209e-02,0.000000000000000000e+00,0.000000000000000000e+00,0.000000000000000000e+00,0.000000000000000000e+00,-5.639524166114447468e+01,7.293647364827371860e+00,4.400000000000000000e+01,7.541466639680386379e+02,1.017888127175382067e+02,2.590900000000000000e+06,1.930499999999999994e-01,-2.933582029999987526e+02,1.000000000000000000e+00
3.236639539155182661e-03,4.359483957473487582e-03,6.201652551677394598e-01,1.668664757381790542e+00,2.000000000000000000e+01,7.448305991449079289e-02,0.000000000000000000e+00,0.000000000000000000e+00,0.000000000000000000e+00,0.000000000000000000e+00,-4.651372533857166758e+01,6.648471049693465140e+00,4.500000000000000000e+01,1.758417705676022024e+03,8.903599121313429521e+01,2.645400000000000000e+06,3.074500000000000011e-01,-1.062491300000109050e+03,1.000000000000000000e+00
2.880207348265982972e-03,4.688792649210889694e-03,5.728794242403985049e-01,1.308341695243601777e+00,2.000000000000000000e+01,7.447469766543038383e-02,0.000000000000000000e+00,0.000000000000000000e+00,0.000000000000000000e+00,0.000000000000000000e+00,-5.003661442350021105e+01,6.605418932300220369e+00,4.600000000000000000e+01,1.539588068793535285e+03,9.138421090944913772e+01,2.608900000000000000e+06,3.045200000000000129e-01,-1.105727999999931399e+03,1.000000000000000000e+00
2.551762858546979557e-03,4.765314791429203084e-03,6.781782846219583938e-01,-3.441713101143731857e-01,2.000000000000000000e+01,7.454511790936138582e-02,0.000000000000000000e+00,0.000000000000000000e+00,0.000000000000000000e+00,0.000000000000000000e+00,-5.616955396474603646e+01,7.010325380535913808e+00,4.700000000000000000e+01,9.088817870551016540e+02,9.959068270200279471e+01,2.574600000000000000e+06,1.774600000000000066e-01,-3.691907799999993927e+02,1.000000000000000000e+00
2.548527431774894568e-03,4.981732622897017820e-03,6.220823041885459315e-01,-3.213079447307420899e-01,2.000000000000000000e+01,7.412044478046142526e-02,0.000000000000000000e+00,0.000000000000000000e+00,0.000000000000000000e+00,0.000000000000000000e+00,-5.546323258265559275e+01,7.227122824475498142e+00,4.800000000000000000e+01,9.130538393441165681e+02,9.912857523178516317e+01,2.596700000000000000e+06,2.664699999999999847e-01,-7.947813179998606756e+02,1.000000000000000000e+00
2.557014750952029975e-03,4.965052812846294794e-03,6.440383498893232916e-01,-5.657049908993148080e-01,2.000000000000000000e+01,7.433935200637992180e-02,0.000000000000000000e+00,0.000000000000000000e+00,0.000000000000000000e+00,0.000000000000000000e+00,-5.537862628183138725e+01,7.113960089539300924e+00,4.900000000000000000e+01,9.071308328521382691e+02,9.961792644321504042e+01,2.590000000000000000e+06,2.245300000000000074e-01,-5.628787319999036072e+02,1.000000000000000000e+00
2.838255321245409211e-03,4.208109691778294179e-03,5.482515372474174864e-01,1.383085365731267391e+00,2.000000000000000000e+01,7.472602282267436224e-02,0.000000000000000000e+00,0.000000000000000000e+00,0.000000000000000000e+00,0.000000000000000000e+00,-4.685348626880909961e+01,6.541086625842231328e+00,5.000000000000000000e+01,1.687700018303527941e+03,8.981749701053428225e+01,2.633900000000000000e+06,3.065499999999999892e-01,-1.182594599999650654e+03,1.000000000000000000e+00
2.802249205619458238e-03,4.862199191880274898e-03,6.067472637627260301e-01,1.103104284616338804e+00,2.000000000000000000e+01,7.473748118117817807e-02,0.000000000000000000e+00,0.000000000000000000e+00,0.000000000000000000e+00,0.000000000000000000e+00,-4.878662865018328887e+01,6.816777018520435938e+00,5.100000000000000000e+01,1.571920192288142516e+03,9.121909883150021869e+01,2.637400000000000000e+06,2.206100000000000005e-01,-5.831895999999107971e+02,1.000000000000000000e+00
2.919257350624549982e-03,4.544039242058398216e-03,5.743566182157409106e-01,1.499014894668760700e+00,2.000000000000000000e+01,7.460689441425663593e-02,0.000000000000000000e+00,0.000000000000000000e+00,0.000000000000000000e+00,0.000000000000000000e+00,-4.863435304286477390e+01,6.643642325427184581e+00,5.200000000000000000e+01,1.620530188516404451e+03,9.026910038378196077e+01,2.625200000000000000e+06,2.893600000000000061e-01,-1.008028000000032989e+03,1.000000000000000000e+00
2.854572157132757425e-03,4.635257913727658906e-03,5.677971640945796983e-01,1.314879258617728919e+00,2.000000000000000000e+01,7.447311774126105788e-02,0.000000000000000000e+00,0.000000000000000000e+00,0.000000000000000000e+00,0.000000000000000000e+00,-4.937149126015741274e+01,6.588546630703169704e+00,5.300000000000000000e+01,1.575632767921849791e+03,9.101035378531572917e+01,2.614000000000000000e+06,3.061699999999999977e-01,-1.139434490999945410e+03,1.000000000000000000e+00
2.778410537866279548e-03,4.857057943331355432e-03,5.518343622285640793e-01,1.220964153399610952e+00,2.000000000000000000e+01,7.482017582989507198e-02,0.000000000000000000e+00,0.000000000000000000e+00,0.000000000000000000e+00,0.000000000000000000e+00,-4.687901843953856229e+01,7.094781147003256905e+00,5.400000000000000000e+01,1.639490329500685220e+03,8.989461463362361826e+01,2.678000000000000000e+06,2.602900000000000214e-01,-8.282144000001687800e+02,1.000000000000000000e+00
2.370986723521355515e-03,4.590215488667875182e-03,8.184146636265725583e-01,-1.182562554488445633e-01,2.000000000000000000e+01,7.286536373091295760e-02,0.000000000000000000e+00,0.000000000000000000e+00,0.000000000000000000e+00,0.000000000000000000e+00,-5.806638672944347945e+01,6.604022272167955343e+00,5.500000000000000000e+01,8.410049319532032541e+02,1.004582824357680693e+02,2.527200000000000000e+06,3.548899999999999832e-01,-9.135424470000701831e+02,1.000000000000000000e+00
2.759676424150149000e-03,4.620291304512257752e-03,5.482790005555551183e-01,1.327957004257145801e+00,2.000000000000000000e+01,7.499993119800113517e-02,0.000000000000000000e+00,0.000000000000000000e+00,0.000000000000000000e+00,0.000000000000000000e+00,-4.979750747344100148e+01,6.521261470212648348e+00,5.600000000000000000e+01,1.560797430906867476e+03,9.122498001040661109e+01,2.604700000000000000e+06,2.353600000000000136e-01,-7.578960000000885202e+02,1.000000000000000000e+00
2.722930820356706319e-03,5.330822663832971917e-03,8.327615481551059462e-01,-5.705691350946349161e-01,2.000000000000000000e+01,7.530734525887726460e-02,0.000000000000000000e+00,0.000000000000000000e+00,0.000000000000000000e+00,0.000000000000000000e+00,-6.013624965030406599e+01,7.163613353879234147e+00,5.700000000000000000e+01,8.363125584863269069e+02,1.005501921044873939e+02,2.574000000000000000e+06,2.141899999999999915e-01,-3.553162899999743445e+02,1.000000000000000000e+00
2.914145113869978480e-03,4.285230738435591435e-03,5.474806653130198653e-01,1.511062254839978358e+00,2.000000000000000000e+01,7.466247265572285852e-02,0.000000000000000000e+00,0.000000000000000000e+00,0.000000000000000000e+00,0.000000000000000000e+00,-4.699852356214150007e+01,6.503198673503105098e+00,5.800000000000000000e+01,1.730044001718907339e+03,8.963077865105989872e+01,2.629700000000000000e+06,3.273499999999999743e-01,-1.316152150000216352e+03,1.000000000000000000e+00
2.756147267279111194e-03,4.930397531645641131e-03,7.242309356609131221e-01,8.144776574473419628e-02,2.000000000000000000e+01,7.341071053103070954e-02,0.000000000000000000e+00,0.000000000000000000e+00,0.000000000000000000e+00,0.000000000000000000e+00,-5.605983758174842535e+01,7.004650296932773301e+00,5.900000000000000000e+01,9.647184369326363367e+02,9.870695753501919967e+01,2.575100000000000000e+06,3.367100000000000093e-01,-1.022571577000100206e+03,1.000000000000000000e+00
3.180890742261428990e-03,4.292113827480105448e-03,6.666072812297655359e-01,1.210308511446680502e+00,2.000000000000000000e+01,7.488998053858281212e-02,0.000000000000000000e+00,0.000000000000000000e+00,0.000000000000000000e+00,0.000000000000000000e+00,-4.746379313109029141e+01,6.946469407529221485e+00,6.000000000000000000e+01,1.635316289265231489e+03,9.025493306158149664e+01,2.660400000000000000e+06,2.051000000000000045e-01,-4.914490499999545250e+02,1.000000000000000000e+00
2.548254498876656796e-03,4.612914117004618744e-03,6.467804618770544023e-01,1.149789730783157271e-01,2.000000000000000000e+01,7.424996109512495279e-02,0.000000000000000000e+00,0.000000000000000000e+00,0.000000000000000000e+00,0.000000000000000000e+00,-5.708355561437426218e+01,7.234016418717509112e+00,6.100000000000000000e+01,8.464550858320587849e+02,1.001741094831554051e+02,2.578500000000000000e+06,2.355200000000000071e-01,-6.161039819999165275e+02,1.000000000000000000e+00
2.644036385343741941e-03,4.895965743756896735e-03,7.272044492943728899e-01,4.488085606027721747e-02,2.000000000000000000e+01,7.333600775273245442e-02,0.000000000000000000e+00,0.000000000000000000e+00,0.000000000000000000e+00,0.000000000000000000e+00,-5.614469151877341346e+01,6.978750573029779858e+00,6.200000000000000000e+01,9.478579466863097878e+02,9.885225968103407013e+01,2.572300000000000000e+06,3.396500000000000075e-01,-9.996926189998688415e+02,1.000000000000000000e+00
2.392659642196585078e-03,4.923019719124975546e-03,8.100266003810308035e-01,8.558067583765513464e-02,2.000000000000000000e+01,7.299011250989856370e-02,0.000000000000000000e+00,0.000000000000000000e+00,0.000000000000000000e+00,0.000000000000000000e+00,-5.715677423103601029e+01,6.927538953101342045e+00,6.300000000000000000e+01,8.670784329769347778e+02,9.972770324410528531e+01,2.557900000000000000e+06,3.187599999999999878e-01,-7.553934900001319193e+02,1.000000000000000000e+00
3.218997519462396192e-03,3.977830826979418880e-03,7.077436594843798945e-01,1.232462619049282004e+00,2.000000000000000000e+01,7.337279105525294776e-02,0.000000000000000000e+00,0.000000000000000000e+00,0.000000000000000000e+00,0.000000000000000000e+00,-4.875116339317769132e+01,6.826108627050325062e+00,6.400000000000000000e+01,1.607096796114736662e+03,9.082417292838091782e+01,2.638400000000000000e+06,4.960899999999999754e-01,-1.994492399999781583e+03,1.000000000000000000e+00
2.885602306269774431e-03,4.830599004437530729e-03,7.160718079018062454e-01,2.364441231838257107e-01,2.000000000000000000e+01,7.353492793650676096e-02,0.000000000000000000e+00,0.000000000000000000e+00,0.000000000000000000e+00,0.000000000000000000e+00,-5.564519942218927895e+01,7.130456032904935348e+00,6.500000000000000000e+01,9.921305439086343085e+02,9.816733193924324041e+01,2.588100000000000000e+06,3.388999999999999790e-01,-1.055891199999840410e+03,1.000000000000000000e+00
2.674181480426075092e-03,4.342211955893448064e-03,5.896850295874538350e-01,8.068334204305273039e-01,2.000000000000000000e+01,7.453945269151321384e-02,0.000000000000000000e+00,0.000000000000000000e+00,0.000000000000000000e+00,0.000000000000000000e+00,-5.112997259274395390e+01,6.497537617739826743e+00,6.600000000000000000e+01,1.386543688945791700e+03,9.322293417946218597e+01,2.590500000000000000e+06,2.624199999999999866e-01,-8.412372540000228582e+02,1.000000000000000000e+00
2.890213794240169710e-03,4.640616258368090996e-03,6.034623141614448016e-01,1.046826499592146797e+00,2.000000000000000000e+01,7.451992753196103048e-02,0.000000000000000000e+00,0.000000000000000000e+00,0.000000000000000000e+00,0.000000000000000000e+00,-5.289679028033376085e+01,6.670610015798246195e+00,6.700000000000000000e+01,1.330139677664353940e+03,9.386063150135522903e+01,2.585400000000000000e+06,2.568900000000000072e-01,-8.390604299999071145e+02,1.000000000000000000e+00
2.737248918566898177e-03,4.588464536287464521e-03,5.796070881087198590e-01,1.043554321175881316e+00,2.000000000000000000e+01,7.471655395520643284e-02,0.000000000000000000e+00,0.000000000000000000e+00,0.000000000000000000e+00,0.000000000000000000e+00,-5.241493320993803451e+01,6.683214697923851588e+00,6.800000000000000000e+01,1.341883061664377692e+03,9.350564971048360974e+01,2.591300000000000000e+06,2.398599999999999899e-01,-7.517599199999035591e+02,1.000000000000000000e+00
2.832167211868482411e-03,4.626053582929365998e-03,5.988099139776013047e-01,1.157830380233089151e+00,2.000000000000000000e+01,7.501637178101425163e-02,0.000000000000000000e+00,0.000000000000000000e+00,0.000000000000000000e+00,0.000000000000000000e+00,-5.228435604478364951e+01,6.637166331890867355e+00,6.900000000000000000e+01,1.399766890499346118e+03,9.319681355200667383e+01,2.589100000000000000e+06,1.952699999999999991e-01,-5.203327999999600024e+02,1.000000000000000000e+00
2.493817372027431166e-03,5.284556984103525382e-03,7.138469311312821697e-01,5.930641084098385862e-01,2.000000000000000000e+01,7.928943962444044702e-02,0.000000000000000000e+00,0.000000000000000000e+00,0.000000000000000000e+00,0.000000000000000000e+00,-4.728645382373352390e+01,6.733434007518958708e+00,7.000000000000000000e+01,1.328747442130435957e+03,9.387949372873397635e+01,2.608400000000000000e+06,4.008300000000000196e-01,-1.236791999999683640e+03,1.000000000000000000e+00
2.882064645702364560e-03,4.481847171793520990e-03,6.018134527837032399e-01,1.101600776543145255e+00,2.000000000000000000e+01,7.416927980986173785e-02,0.000000000000000000e+00,0.000000000000000000e+00,0.000000000000000000e+00,0.000000000000000000e+00,-4.943013061525299889e+01,7.265181662460219236e+00,7.100000000000000000e+01,1.432030208471376227e+03,9.143979533047344432e+01,2.665400000000000000e+06,3.478399999999999825e-01,-1.251849077000082161e+03,1.000000000000000000e+00
2.747680285176481562e-03,5.439981504550567108e-03,9.228206173568794801e-01,1.069216051525463840e+00,2.000000000000000000e+01,7.247460472144581778e-02,0.000000000000000000e+00,0.000000000000000000e+00,0.000000000000000000e+00,0.000000000000000000e+00,-5.136178983451727476e+01,6.941907955875564085e+00,7.200000000000000000e+01,1.403178380735307655e+03,9.278477473119716024e+01,2.620100000000000000e+06,4.850300000000000167e-01,-1.072544400000113001e+03,1.000000000000000000e+00
2.797566693393703161e-03,4.797081513543760382e-03,6.466028202161876459e-01,5.370668486342504711e-01,2.000000000000000000e+01,7.444261922899694794e-02,0.000000000000000000e+00,0.000000000000000000e+00,0.000000000000000000e+00,0.000000000000000000e+00,-5.348366945716174570e+01,6.782962651559174105e+00,7.300000000000000000e+01,1.222812473810309712e+03,9.536883050198952105e+01,2.587700000000000000e+06,2.279100000000000015e-01,-6.005462129999935996e+02,1.000000000000000000e+00
2.615832957011630759e-03,5.308291682852437493e-03,4.868557168788422151e-01,8.821208113652906357e-01,2.000000000000000000e+01,7.481495710116843612e-02,0.000000000000000000e+00,0.000000000000000000e+00,0.000000000000000000e+00,0.000000000000000000e+00,-5.249745264238623577e+01,7.132495109287938284e+00,7.400000000000000000e+01,1.222842806894828300e+03,9.474962177642315453e+01,2.602200000000000000e+06,2.444399999999999906e-01,-8.464089999999508791e+02,1.000000000000000000e+00
2.692526377355917988e-03,3.964691532549086649e-03,6.737947712053216076e-01,1.195148077699265787e+00,2.000000000000000000e+01,7.078603163425564726e-02,0.000000000000000000e+00,0.000000000000000000e+00,0.000000000000000000e+00,0.000000000000000000e+00,-5.722372042356427357e+01,6.341896866527720000e+00,7.500000000000000000e+01,1.401681456857786543e+03,9.313771037238977613e+01,2.564200000000000000e+06,2.245000000000000051e-01,-6.349906999999865320e+02,1.000000000000000000e+00
2.615832957011630759e-03,5.308291682852437493e-03,4.868557168788422151e-01,8.821208113652906357e-01,2.000000000000000000e+01,7.481495710116843612e-02,0.000000000000000000e+00,0.000000000000000000e+00,0.000000000000000000e+00,0.000000000000000000e+00,-5.249745264238623577e+01,7.132495109287938284e+00,7.600000000000000000e+01,1.307358656138886772e+03,9.408183903913447921e+01,2.622500000000000000e+06,2.911000000000000254e-01,-1.195948000000163802e+03,1.000000000000000000e+00
2.844039582569932861e-03,4.888582346434387077e-03,6.142913033217132224e-01,6.615372267903815162e-01,2.000000000000000000e+01,7.461788079122574913e-02,0.000000000000000000e+00,0.000000000000000000e+00,0.000000000000000000e+00,0.000000000000000000e+00,-5.240675058398930730e+01,6.896748738847014337e+00,7.700000000000000000e+01,1.292783570226197298e+03,9.437191332088501383e+01,2.606700000000000000e+06,2.315500000000000058e-01,-6.504228000000686052e+02,1.000000000000000000e+00
2.642378105196621727e-03,4.614484819800047585e-03,7.288765045573306622e-01,8.422290917192415405e-02,2.000000000000000000e+01,7.353296329156530642e-02,0.000000000000000000e+00,0.000000000000000000e+00,0.000000000000000000e+00,0.000000000000000000e+00,-5.583634151297364667e+01,6.654719342079022049e+00,7.800000000000000000e+01,1.016650256535674202e+03,9.810921650412826978e+01,2.554400000000000000e+06,3.012199999999999878e-01,-8.279178670000864031e+02,1.000000000000000000e+00
2.647177425744586410e-03,4.649240933675932372e-03,7.308386913785656080e-01,1.121196110394938050e-01,2.000000000000000000e+01,7.353445781994059904e-02,0.000000000000000000e+00,0.000000000000000000e+00,0.000000000000000000e+00,0.000000000000000000e+00,-5.577975734307683808e+01,6.654738890575116805e+00,7.900000000000000000e+01,1.024432714270679071e+03,9.800455291966545701e+01,2.554900000000000000e+06,2.961900000000000088e-01,-8.138611920001221733e+02,1.000000000000000000e+00
2.634090428480290267e-03,4.475438098883174204e-03,5.971498595288931011e-01,7.888479578197811204e-01,2.000000000000000000e+01,7.448903083735208819e-02,0.000000000000000000e+00,0.000000000000000000e+00,0.000000000000000000e+00,0.000000000000000000e+00,-5.396128609672097554e+01,6.906065868481335634e+00,8.000000000000000000e+01,1.165799218551494278e+03,9.536923982121651022e+01,2.590900000000000000e+06,2.511399999999999744e-01,-7.695670000000854998e+02,1.000000000000000000e+00
2.607912445208828561e-03,4.571180270607760367e-03,6.414978524690962969e-01,6.304059185823678302e-01,2.000000000000000000e+01,7.385189308633292871e-02,0.000000000000000000e+00,0.000000000000000000e+00,0.000000000000000000e+00,0.000000000000000000e+00,-5.250770465746134619e+01,6.857371485232632402e+00,8.100000000000000000e+01,1.233368029703850198e+03,9.449522840494694265e+01,2.602900000000000000e+06,3.174500000000000099e-01,-1.013725713000112933e+03,1.000000000000000000e+00
2.605021091874499661e-03,4.225090808184652803e-03,6.549817073755241914e-01,3.539531157588523547e-01,2.000000000000000000e+01,8.169356827751184102e-02,0.000000000000000000e+00,0.000000000000000000e+00,0.000000000000000000e+00,0.000000000000000000e+00,-5.034501003882588321e+01,6.141164391303652437e+00,8.200000000000000000e+01,1.155368741260262368e+03,9.627514302879599484e+01,2.581100000000000000e+06,1.819199999999999984e-01,-4.041153260000271530e+02,1.000000000000000000e+00
2.767046766893727344e-03,4.767354176296896909e-03,5.907663840808372591e-01,7.554058962001075628e-01,2.000000000000000000e+01,7.511133178841847280e-02,0.000000000000000000e+00,0.000000000000000000e+00,0.000000000000000000e+00,0.000000000000000000e+00,-5.483846190814485766e+01,6.935300021990347119e+00,8.300000000000000000e+01,1.153415238891041554e+03,9.628864841148933351e+01,2.583800000000000000e+06,1.848499999999999865e-01,-4.812717939999425312e+02,1.000000000000000000e+00
2.768020189549291570e-03,4.508328483920683721e-03,6.441699997706987757e-01,4.517291422621915187e-01,2.000000000000000000e+01,7.456060017251062155e-02,0.000000000000000000e+00,0.000000000000000000e+00,0.000000000000000000e+00,0.000000000000000000e+00,-5.477844304457268265e+01,6.611104100983815179e+00,8.400000000000000000e+01,1.149999325121185848e+03,9.639153519016275595e+01,2.562400000000000000e+06,2.163899999999999990e-01,-5.725167349999633188e+02,1.000000000000000000e+00
2.717566927071720859e-03,4.513466022044059986e-03,6.866568515169511056e-01,3.085595499839106082e-01,2.000000000000000000e+01,7.419447225725422923e-02,0.000000000000000000e+00,0.000000000000000000e+00,0.000000000000000000e+00,0.000000000000000000e+00,-5.465324056623198601e+01,6.684352127097400675e+00,8.500000000000000000e+01,1.112538014026072915e+03,9.665292701945675446e+01,2.568600000000000000e+06,2.322200000000000097e-01,-5.848229999999738311e+02,1.000000000000000000e+00
2.660528098761583658e-03,4.533402293289495733e-03,7.356582833271432253e-01,1.360981551816918267e-01,2.000000000000000000e+01,7.351750476699721315e-02,0.000000000000000000e+00,0.000000000000000000e+00,0.000000000000000000e+00,0.000000000000000000e+00,-5.510786286120883659e+01,6.756241566690754041e+00,8.600000000000000000e+01,1.038355207807880333e+03,9.750254359829301620e+01,2.568600000000000000e+06,3.024800000000000266e-01,-8.292562999999821614e+02,1.000000000000000000e+00
2.546471740698020517e-03,4.105755947169930156e-03,6.787202949335852109e-01,3.136701938643253196e-01,2.000000000000000000e+01,7.165269843166653663e-02,0.000000000000000000e+00,0.000000000000000000e+00,0.000000000000000000e+00,0.000000000000000000e+00,-5.550899785131093722e+01,7.197546214682599697e+00,8.700000000000000000e+01,1.101639530668989664e+03,9.670094629903763916e+01,2.583000000000000000e+06,2.469800000000000051e-01,-7.417754979999393754e+02,1.000000000000000000e+00
2.904268937670349566e-03,4.926932197116676466e-03,6.623429639865988650e-01,4.826020284502680752e-02,2.000000000000000000e+01,7.343200077211685384e-02,0.000000000000000000e+00,0.000000000000000000e+00,0.000000000000000000e+00,0.000000000000000000e+00,-5.334401181509166179e+01,6.143377501599562862e+00,8.800000000000000000e+01,1.088401883771078474e+03,9.704671951935937102e+01,2.579600000000000000e+06,2.483899999999999997e-01,-7.402862000001009619e+02,1.000000000000000000e+00
2.730724192628869798e-03,4.567616796629547955e-03,6.116739889010375242e-01,4.521372761547331476e-01,2.000000000000000000e+01,7.491973555999512091e-02,0.000000000000000000e+00,0.000000000000000000e+00,0.000000000000000000e+00,0.000000000000000000e+00,-5.467481677754197023e+01,6.785898062338818093e+00,8.900000000000000000e+01,1.131600309154804563e+03,9.645651857833978227e+01,2.575300000000000000e+06,1.935099999999999876e-01,-5.005904669999996486e+02,1.000000000000000000e+00
2.744896431570133938e-03,4.749500606373060520e-03,6.030155770698549800e-01,2.994465625831170819e-01,2.000000000000000000e+01,7.474259657950571567e-02,0.000000000000000000e+00,0.000000000000000000e+00,0.000000000000000000e+00,0.000000000000000000e+00,-5.459208441226172681e+01,6.980465177702559032e+00,9.000000000000000000e+01,1.089894979384051567e+03,9.685371418087356687e+01,2.589700000000000000e+06,2.204800000000000093e-01,-6.208274999999129022e+02,1.000000000000000000e+00
2.679132978100453363e-03,5.145164407900924657e-03,8.539215124056140915e-01,2.435559841657102542e-01,2.000000000000000000e+01,6.519834578876648745e-02,0.000000000000000000e+00,0.000000000000000000e+00,0.000000000000000000e+00,0.000000000000000000e+00,-6.252976715640561878e+01,6.376497991274205468e+00,9.100000000000000000e+01,1.052108630945094546e+03,9.716213488048616398e+01,2.569900000000000000e+06,3.921799999999999731e-01,-1.094900763999913806e+03,1.000000000000000000e+00
2.687226075586025310e-03,4.701503056428114023e-03,6.667411571095842593e-01,4.100351573584816167e-01,2.000000000000000000e+01,7.471155870309906244e-02,0.000000000000000000e+00,0.000000000000000000e+00,0.000000000000000000e+00,0.000000000000000000e+00,-5.438622491875028686e+01,6.896206472384949215e+00,9.200000000000000000e+01,1.143242179662415083e+03,9.640636048412073933e+01,2.586000000000000000e+06,1.761399999999999910e-01,-3.768979360000117822e+02,1.000000000000000000e+00
3.140498874440753128e-03,1.835884114176303261e-03,4.678896044238137764e-01,-3.016869516283434471e+00,2.000000000000000000e+01,6.859350736166708318e-02,0.000000000000000000e+00,0.000000000000000000e+00,0.000000000000000000e+00,0.000000000000000000e+00,-7.151979444992885249e+01,6.949372213876972459e+00,9.300000000000000000e+01,1.596736633247166424e+02,1.517486864609870736e+02,2.282300000000000000e+06,4.986600000000000060e-02,-9.147179999999960387e+01,1.000000000000000000e+00
2.993142986019161136e-03,4.201547523473992372e-03,6.871093599385680317e-01,-4.397940333063529827e+00,2.000000000000000000e+01,7.437483351976975632e-02,0.000000000000000000e+00,0.000000000000000000e+00,0.000000000000000000e+00,0.000000000000000000e+00,-7.081041034330341688e+01,6.929829650924565598e+00,9.400000000000000000e+01,1.694051479698869969e+02,1.266998943795133385e+02,2.394700000000000000e+06,2.584699999999999775e-01,-8.461239270000843362e+02,1.000000000000000000e+00
2.627235891597424697e-03,4.653022305400423414e-03,5.296181313061019136e-01,-2.831284948141628455e+00,2.000000000000000000e+01,8.622640639142367669e-02,0.000000000000000000e+00,0.000000000000000000e+00,0.000000000000000000e+00,0.000000000000000000e+00,-6.741631998703842044e+01,6.527600201729400808e+00,9.500000000000000000e+01,1.704303209929455249e+02,1.231363351303366329e+02,2.348400000000000000e+06,1.088299999999999962e-01,-2.247567479999997602e+02,1.000000000000000000e+00
2.598628362497752697e-03,4.218191997591458700e-03,7.961849797568461007e-01,-4.135424061371407944e+00,2.000000000000000000e+01,7.481716281940231639e-02,0.000000000000000000e+00,0.000000000000000000e+00,0.000000000000000000e+00,0.000000000000000000e+00,-6.485957906964631547e+01,6.805588730560586441e+00,9.600000000000000000e+01,2.220107570919251714e+02,1.144878410558226847e+02,2.461300000000000000e+06,1.340399999999999925e-01,-2.084389979999920683e+02,1.000000000000000000e+00
2.383686630425080506e-03,5.363534395728440131e-03,8.179287454226679133e-01,-2.396039580330521446e+00,2.000000000000000000e+01,7.324411046317119700e-02,0.000000000000000000e+00,0.000000000000000000e+00,0.000000000000000000e+00,0.000000000000000000e+00,-6.842641630124008145e+01,7.550369902578400350e+00,9.700000000000000000e+01,3.260229007441685098e+02,1.103619143774036644e+02,2.492300000000000000e+06,1.037600000000000050e-01,-1.335833999999989032e+02,1.000000000000000000e+00
2.525657982641920686e-03,4.970004506418270254e-03,7.432966681262280773e-01,-2.574169771031649567e+00,2.000000000000000000e+01,7.575882268790101737e-02,0.000000000000000000e+00,0.000000000000000000e+00,0.000000000000000000e+00,0.000000000000000000e+00,-6.289868331490720976e+01,6.929320992429109261e+00,9.800000000000000000e+01,3.212487075718200344e+02,1.104177948220793439e+02,2.492800000000000000e+06,9.882799999999999918e-02,-1.234371999999973326e+02,1.000000000000000000e+00
2.682826597029996755e-03,4.851344674828133099e-03,7.658487148587602711e-01,-2.581935202798235185e+00,2.000000000000000000e+01,7.438250038836544120e-02,0.000000000000000000e+00,0.000000000000000000e+00,0.000000000000000000e+00,0.000000000000000000e+00,-5.966533471284243717e+01,7.464560380266783923e+00,9.900000000000000000e+01,4.192179156908991899e+02,1.078670222362313353e+02,2.562800000000000000e+06,1.710899999999999921e-01,-3.156090569999907984e+02,1.000000000000000000e+00
2.683800388029580330e-03,4.711469419739641729e-03,1.141620061426132926e+00,-3.545418330420273101e+00,2.000000000000000000e+01,7.157994296103836751e-02,0.000000000000000000e+00,0.000000000000000000e+00,0.000000000000000000e+00,0.000000000000000000e+00,-6.067770317213996378e+01,7.828471399907300565e+00,1.000000000000000000e+02,3.056853151219135043e+02,1.108797459349709698e+02,2.572400000000000000e+06,8.953200000000000047e-01,-2.451485266999954547e+03,1.000000000000000000e+00
2.683800388029580330e-03,4.711469419739641729e-03,1.141620061426132926e+00,-3.545418330420273101e+00,2.000000000000000000e+01,7.157994296103836751e-02,0.000000000000000000e+00,0.000000000000000000e+00,0.000000000000000000e+00,0.000000000000000000e+00,-6.067770317213996378e+01,7.828471399907300565e+00,1.010000000000000000e+02,2.357045730977701510e+02,1.111725045514012038e+02,2.538600000000000000e+06,1.336400000000000088e-01,-1.287891419999989182e+02,1.000000000000000000e+00
2.665913652008670802e-03,4.769227736501950587e-03,1.009997170036197822e+00,-2.066644141519188516e+00,2.000000000000000000e+01,7.318463885817652614e-02,0.000000000000000000e+00,0.000000000000000000e+00,0.000000000000000000e+00,0.000000000000000000e+00,-5.957300844579130228e+01,7.288800208412818726e+00,1.020000000000000000e+02,4.566398778869460671e+02,1.066523575969860076e+02,2.553100000000000000e+06,2.262500000000000067e-01,-3.374279989999888585e+02,1.000000000000000000e+00
2.526877090172080162e-03,4.768320508088738988e-03,7.845241430883849176e-01,-1.579886705731180729e+00,2.000000000000000000e+01,7.399138317632911188e-02,0.000000000000000000e+00,0.000000000000000000e+00,0.000000000000000000e+00,0.000000000000000000e+00,-6.316801712099415056e+01,6.950446645142541513e+00,1.030000000000000000e+02,3.767135349050213904e+02,1.097724667081870535e+02,2.490700000000000000e+06,1.840199999999999891e-01,-3.473768920000305798e+02,1.000000000000000000e+00
2.607967652520140015e-03,4.815695845300839786e-03,7.704015546318632168e-01,-2.039407080895817792e+00,2.000000000000000000e+01,7.426126807505281646e-02,0.000000000000000000e+00,0.000000000000000000e+00,0.000000000000000000e+00,0.000000000000000000e+00,-6.235269752228545315e+01,7.013295683928882696e+00,1.040000000000000000e+02,3.837082536945702032e+02,1.092459257445187006e+02,2.504000000000000000e+06,1.702599999999999947e-01,-3.168707850000229200e+02,1.000000000000000000e+00
2.681889655510836384e-03,4.826475439324084266e-03,7.377236683045704790e-01,-2.248142487411115553e+00,2.000000000000000000e+01,7.532577979459435802e-02,0.000000000000000000e+00,0.000000000000000000e+00,0.000000000000000000e+00,0.000000000000000000e+00,-6.232224909263851487e+01,7.149766418609772245e+00,1.050000000000000000e+02,3.560761953693561281e+02,1.098805293167362720e+02,2.512400000000000000e+06,1.170800000000000035e-01,-1.806773999999992668e+02,1.000000000000000000e+00
2.584680476539385867e-03,4.832281621501944430e-03,7.562921324606184381e-01,-2.313900942537738370e+00,2.000000000000000000e+01,7.428956766548000523e-02,0.000000000000000000e+00,0.000000000000000000e+00,0.000000000000000000e+00,0.000000000000000000e+00,-6.165523163384155225e+01,7.049461418743142360e+00,1.060000000000000000e+02,3.897379613428965399e+02,1.088612660084135939e+02,2.513700000000000000e+06,1.721199999999999952e-01,-3.264867629999934593e+02,1.000000000000000000e+00
2.498177604427369129e-03,4.975353800639585079e-03,8.067158105799545620e-01,-1.184845375951594920e-01,2.000000000000000000e+01,7.311806213599490734e-02,0.000000000000000000e+00,0.000000000000000000e+00,0.000000000000000000e+00,0.000000000000000000e+00,-5.940387323079944792e+01,6.827776761242318138e+00,1.070000000000000000e+02,7.439734868318925010e+02,1.024734152561384235e+02,2.526700000000000000e+06,2.966900000000000093e-01,-7.119328500001221300e+02,1.000000000000000000e+00
2.524270173187902720e-03,4.556410026981367982e-03,7.979721201917917561e-01,-3.885191441059496764e-01,2.000000000000000000e+01,7.363962438798066223e-02,0.000000000000000000e+00,0.000000000000000000e+00,0.000000000000000000e+00,0.000000000000000000e+00,-6.052465317132683253e+01,6.624390475927444122e+00,1.080000000000000000e+02,6.992023858396689775e+02,1.035870724023661182e+02,2.502200000000000000e+06,2.212600000000000122e-01,-4.485971559999567830e+02,1.000000000000000000e+00
2.688115931359697300e-03,4.793235192517317916e-03,7.019682528785504694e-01,-6.865209459870245112e-01,2.000000000000000000e+01,7.430225811852274320e-02,0.000000000000000000e+00,0.000000000000000000e+00,0.000000000000000000e+00,0.000000000000000000e+00,-5.966186729381549725e+01,6.834726458848930264e+00,1.090000000000000000e+02,7.056075544583148940e+02,1.035747249152865521e+02,2.524400000000000000e+06,1.963000000000000023e-01,-4.505983999999667731e+02,1.000000000000000000e+00
3.171726491940688852e-03,4.661456337319373408e-03,4.906283416009422083e-01,2.255899454859171538e+00,2.000000000000000000e+01,8.053046439268006507e-02,0.000000000000000000e+00,0.000000000000000000e+00,0.000000000000000000e+00,0.000000000000000000e+00,-4.034351327602269066e+01,6.787778536439360799e+00,1.100000000000000000e+02,2.695662642809979388e+03,8.634115874955777770e+01,2.712600000000000000e+06,5.708200000000000079e-02,-7.824019999999853781e+01,1.000000000000000000e+00
2.639817414182488685e-03,4.917947137686218967e-03,8.344661367853989375e-01,-6.678701148787677955e-01,2.000000000000000000e+01,7.251984120650040166e-02,0.000000000000000000e+00,0.000000000000000000e+00,0.000000000000000000e+00,0.000000000000000000e+00,-5.899524475299571691e+01,7.068000525046423732e+00,1.110000000000000000e+02,7.167152292372477405e+02,1.032787987417841009e+02,2.546200000000000000e+06,5.016899999999999693e-01,-1.587256000000395716e+03,1.000000000000000000e+00
3.202701857914813481e-03,4.827175720913668561e-03,5.412553452703481316e-01,2.348880786168082047e+00,2.000000000000000000e+01,7.465935628423020498e-02,0.000000000000000000e+00,0.000000000000000000e+00,0.000000000000000000e+00,0.000000000000000000e+00,-3.749613654322472200e+01,6.478754506963110060e+00,1.120000000000000000e+02,2.437987938502812995e+03,8.675086707615948001e+01,2.706300000000000000e+06,3.558999999999999941e-01,-1.412460329999579471e+03,1.000000000000000000e+00
2.527621638383046373e-03,4.902313076907480541e-03,8.972883499755285319e-01,-8.895592684921995730e-01,2.000000000000000000e+01,6.987395615681901706e-02,0.000000000000000000e+00,0.000000000000000000e+00,0.000000000000000000e+00,0.000000000000000000e+00,-6.490293849634284129e+01,7.356275603275994612e+00,1.130000000000000000e+02,5.864341193689518832e+02,1.048412942368714340e+02,2.570900000000000000e+06,8.221699999999999842e-02,-6.909194699999936518e+01,1.000000000000000000e+00
2.724883297849530622e-03,4.774810954221317405e-03,8.899591171985968829e-01,-1.240286767380379462e+00,2.000000000000000000e+01,7.299194598823735558e-02,0.000000000000000000e+00,0.000000000000000000e+00,0.000000000000000000e+00,0.000000000000000000e+00,-5.954018490761990279e+01,7.084473344208651824e+00,1.140000000000000000e+02,5.866216383298615256e+02,1.048190893176134892e+02,2.540600000000000000e+06,3.165100000000000136e-01,-7.323864790000868652e+02,1.000000000000000000e+00
2.573514647798634015e-03,5.091027371441882166e-03,8.397507119715881263e-01,-1.770100302578411444e+00,2.000000000000000000e+01,7.338685112605110306e-02,0.000000000000000000e+00,0.000000000000000000e+00,0.000000000000000000e+00,0.000000000000000000e+00,-6.354765345796103304e+01,7.318568145806946035e+00,1.150000000000000000e+02,2.695670694689690663e+02,1.121185524479309095e+02,2.506000000000000000e+06,2.367299999999999960e-01,-4.807373999999732632e+02,1.000000000000000000e+00
2.420211375347355431e-03,5.105748075762692358e-03,7.874660974662233137e-01,-3.719859593369553852e-01,2.000000000000000000e+01,7.419966474393266398e-02,0.000000000000000000e+00,0.000000000000000000e+00,0.000000000000000000e+00,0.000000000000000000e+00,-5.836421343822384245e+01,7.034811130463897832e+00,1.160000000000000000e+02,7.727863774686585430e+02,1.019411832976207819e+02,2.551800000000000000e+06,1.626900000000000013e-01,-2.473250220000080049e+02,1.000000000000000000e+00
2.519061498721865845e-03,4.763569263404171354e-03,7.739981693799213858e-01,-2.409014329171697000e-01,2.000000000000000000e+01,7.343618113380040446e-02,0.000000000000000000e+00,0.000000000000000000e+00,0.000000000000000000e+00,0.000000000000000000e+00,-5.914399616132817528e+01,6.760579649905975153e+00,1.170000000000000000e+02,7.617573544469905755e+02,1.021074329330574670e+02,2.525400000000000000e+06,2.646600000000000064e-01,-6.200123280000327668e+02,1.000000000000000000e+00
2.307967794672013701e-03,5.165994161979398785e-03,9.994821226213228549e-01,-2.314683513381337321e-01,2.000000000000000000e+01,7.194023886645599386e-02,0.000000000000000000e+00,0.000000000000000000e+00,0.000000000000000000e+00,0.000000000000000000e+00,-6.004952013431767455e+01,7.134413023782457230e+00,1.180000000000000000e+02,6.235347114865760432e+02,1.043772161558191982e+02,2.538100000000000000e+06,5.965899999999999537e-01,-1.475805739000257063e+03,1.000000000000000000e+00
2.560790758497543708e-03,4.803313181752935646e-03,8.941492771018848540e-01,-8.123708356538422715e-01,2.000000000000000000e+01,7.282570485751643785e-02,0.000000000000000000e+00,0.000000000000000000e+00,0.000000000000000000e+00,0.000000000000000000e+00,-5.938898747495582597e+01,7.038205837575734591e+00,1.190000000000000000e+02,6.247101837298749842e+02,1.038839114560039718e+02,2.539600000000000000e+06,3.345400000000000040e-01,-7.662541919998860749e+02,1.000000000000000000e+00
2.594646089535422410e-03,4.939093767594677359e-03,7.224688399936516348e-01,-9.892018697996378673e-01,2.000000000000000000e+01,7.466723792867539788e-02,0.000000000000000000e+00,0.000000000000000000e+00,0.000000000000000000e+00,0.000000000000000000e+00,-5.880691968616694965e+01,7.223512829843211414e+00,1.200000000000000000e+02,6.502355046595353087e+02,1.038293140434746249e+02,2.558400000000000000e+06,1.549000000000000099e-01,-2.786165000000168561e+02,1.000000000000000000e+00
2.826268265614423521e-03,4.845349661880639369e-03,8.529180657221112627e-01,-3.425666030748427127e-01,2.000000000000000000e+01,7.301078423373277837e-02,0.000000000000000000e+00,0.000000000000000000e+00,0.000000000000000000e+00,0.000000000000000000e+00,-5.686591822153697251e+01,6.973211177143947559e+00,1.210000000000000000e+02,8.580098786075378712e+02,1.001875923627794265e+02,2.564200000000000000e+06,3.498499999999999943e-01,-8.844438000000733382e+02,1.000000000000000000e+00
3.070623512816463528e-03,4.696890757573303141e-03,5.013755853976299415e-01,1.858288917339184998e+00,2.000000000000000000e+01,6.878574742753411353e-02,0.000000000000000000e+00,0.000000000000000000e+00,0.000000000000000000e+00,0.000000000000000000e+00,-4.215321972506279025e+01,6.113178592682936063e+00,1.220000000000000000e+02,1.946173635785004308e+03,8.836204971445823730e+01,2.636400000000000000e+06,2.240800000000000014e-01,-6.990799199999706843e+02,1.000000000000000000e+00
2.515209769018785305e-03,4.779391817268587896e-03,7.476023915097946837e-01,1.027870667198502175e-01,2.000000000000000000e+01,7.325454076375265133e-02,0.000000000000000000e+00,0.000000000000000000e+00,0.000000000000000000e+00,0.000000000000000000e+00,-5.727004918346763418e+01,6.740645340397771079e+00,1.230000000000000000e+02,9.136470002784859616e+02,9.950213945628794932e+01,2.544500000000000000e+06,3.217099999999999960e-01,-8.918154540001522719e+02,1.000000000000000000e+00
2.514581346353078270e-03,4.995764270965007137e-03,7.353635770534798777e-01,-1.101155013788143178e-01,2.000000000000000000e+01,7.321179034725640300e-02,0.000000000000000000e+00,0.000000000000000000e+00,0.000000000000000000e+00,0.000000000000000000e+00,-5.655932967833255987e+01,6.852944837057618699e+00,1.240000000000000000e+02,9.220603500605113823e+02,9.937021751543511527e+01,2.559700000000000000e+06,3.417399999999999882e-01,-9.796724380001923009e+02,1.000000000000000000e+00
2.521531425612083370e-03,5.029078567003627404e-03,8.114646613611279369e-01,-1.423070725069647047e+00,2.000000000000000000e+01,6.797172065898433868e-02,0.000000000000000000e+00,0.000000000000000000e+00,0.000000000000000000e+00,0.000000000000000000e+00,-6.008012047733376448e+01,6.410445029545528861e+00,1.250000000000000000e+02,7.083684549904157848e+02,1.035266245704069661e+02,2.547100000000000000e+06,1.847999999999999921e-01,-3.060429449999854228e+02,1.000000000000000000e+00
2.245352482179709726e-03,4.810049332286908327e-03,1.085814335982752121e+00,-7.375133503674681235e-01,2.000000000000000000e+01,6.617024417144388992e-02,0.000000000000000000e+00,0.000000000000000000e+00,0.000000000000000000e+00,0.000000000000000000e+00,-6.428219039524586265e+01,6.271542152938748949e+00,1.260000000000000000e+02,5.740731044519642410e+02,1.051701095784708144e+02,2.501400000000000000e+06,5.232400000000000384e-01,-1.219225567000155252e+03,1.000000000000000000e+00
2.712955890482027493e-03,4.788350865631544120e-03,7.177636620367345843e-01,-1.127154165968661470e+00,2.000000000000000000e+01,7.485959338331593660e-02,0.000000000000000000e+00,0.000000000000000000e+00,0.000000000000000000e+00,0.000000000000000000e+00,-5.859031358323262850e+01,6.828381416272124582e+00,1.270000000000000000e+02,7.329989298202485770e+02,1.032603325818266597e+02,2.536200000000000000e+06,1.484000000000000041e-01,-2.762728150000190794e+02,1.000000000000000000e+00
3.173180651144267249e-03,4.451303514443987613e-03,6.594707148577314548e-01,2.224531354823169771e+00,2.000000000000000000e+01,7.421130722550672854e-02,0.000000000000000000e+00,0.000000000000000000e+00,0.000000000000000000e+00,0.000000000000000000e+00,-4.319432787915381766e+01,6.158978778964845802e+00,1.280000000000000000e+02,2.097943353450779796e+03,8.776969015316581135e+01,2.633400000000000000e+06,2.940499999999999781e-01,-8.877276099999290864e+02,1.000000000000000000e+00
3.020469497948068648e-03,4.636539585422486814e-03,5.680212009333999168e-01,1.927621506672909213e+00,2.000000000000000000e+01,7.529164825638269554e-02,0.000000000000000000e+00,0.000000000000000000e+00,0.000000000000000000e+00,0.000000000000000000e+00,-4.375097497077686626e+01,6.291769712116197510e+00,1.290000000000000000e+02,2.061847744062331458e+03,8.812973599235138522e+01,2.640400000000000000e+06,2.073500000000000065e-01,-5.896241899999445195e+02,1.000000000000000000e+00
3.192674255115560134e-03,4.319406033313087992e-03,5.471108380395981463e-01,2.076478675385701411e+00,2.000000000000000000e+01,7.508333647350348694e-02,0.000000000000000000e+00,0.000000000000000000e+00,0.000000000000000000e+00,0.000000000000000000e+00,-4.313864309713549972e+01,6.128276174574007307e+00,1.300000000000000000e+02,2.070240859911458756e+03,8.799145686428198587e+01,2.631500000000000000e+06,2.841299999999999937e-01,-1.086011719999743491e+03,1.000000000000000000e+00
3.052567238680573090e-03,4.369416507287496830e-03,6.092054473709801465e-01,1.792508264230866066e+00,2.000000000000000000e+01,7.353812040399407279e-02,0.000000000000000000e+00,0.000000000000000000e+00,0.000000000000000000e+00,0.000000000000000000e+00,-4.641339466753068166e+01,6.553956414949839271e+00,1.310000000000000000e+02,1.915630507416645514e+03,8.883185833707807433e+01,2.638700000000000000e+06,4.966300000000000159e-01,-2.265298429999792461e+03,1.000000000000000000e+00
3.314232344079902012e-03,4.148299097926624532e-03,6.124811102624366788e-01,1.933129466471961599e+00,2.000000000000000000e+01,7.471262377386389542e-02,0.000000000000000000e+00,0.000000000000000000e+00,0.000000000000000000e+00,0.000000000000000000e+00,-4.632347051153110584e+01,6.219491328076457215e+00,1.320000000000000000e+02,1.866752346472678255e+03,8.887456093669895552e+01,2.612700000000000000e+06,2.852999999999999980e-01,-1.003288539999878139e+03,1.000000000000000000e+00
2.789458717761478159e-03,4.874510568934941994e-03,8.342425964613408018e-01,-3.665997367165692022e-01,2.000000000000000000e+01,7.300957906860557067e-02,0.000000000000000000e+00,0.000000000000000000e+00,0.000000000000000000e+00,0.000000000000000000e+00,-5.657067196010848420e+01,6.967746360234483127e+00,1.330000000000000000e+02,8.752815518996939090e+02,9.994374888476315277e+01,2.567200000000000000e+06,3.610099999999999976e-01,-9.487282349999071585e+02,1.000000000000000000e+00
2.434804087846775041e-03,4.597678188333343720e-03,8.114384773137715001e-01,2.846337894270645208e-02,2.000000000000000000e+01,7.291607171371278229e-02,0.000000000000000000e+00,0.000000000000000000e+00,0.000000000000000000e+00,0.000000000000000000e+00,-5.797971334847440517e+01,6.601238287388433434e+00,1.340000000000000000e+02,8.692448688720662631e+02,1.001284767644505820e+02,2.527900000000000000e+06,3.529499999999999860e-01,-9.279823109998212658e+02,1.000000000000000000e+00
2.634756085156946849e-03,4.729286324676203537e-03,6.895122340748544021e-01,-7.424120018925434161e-01,2.000000000000000000e+01,7.453179685205005289e-02,0.000000000000000000e+00,0.000000000000000000e+00,0.000000000000000000e+00,0.000000000000000000e+00,-5.833581281848136513e+01,6.882616375704889933e+00,1.350000000000000000e+02,7.670242711359038594e+02,1.023610180802313607e+02,2.542000000000000000e+06,1.790899999999999992e-01,-3.832153789999831588e+02,1.000000000000000000e+00
2.632719033234075592e-03,4.840683355290813401e-03,6.647290760931290343e-01,-2.689103983828250999e-01,2.000000000000000000e+01,7.476147383548939485e-02,0.000000000000000000e+00,0.000000000000000000e+00,0.000000000000000000e+00,0.000000000000000000e+00,-5.566663307784371284e+01,7.020877519989066506e+00,1.360000000000000000e+02,9.637779912075917537e+02,9.901586349910563456e+01,2.581000000000000000e+06,1.703500000000000014e-01,-3.551930489999983251e+02,1.000000000000000000e+00
2.618390801792730687e-03,4.878836991933730577e-03,7.229499168567887768e-01,8.805259152385822019e-02,2.000000000000000000e+01,7.380429517163847319e-02,0.000000000000000000e+00,0.000000000000000000e+00,0.000000000000000000e+00,0.000000000000000000e+00,-5.646992976304849776e+01,6.753974840670085911e+00,1.370000000000000000e+02,9.764746148716178595e+02,9.876293596833630772e+01,2.554200000000000000e+06,2.472900000000000098e-01,-5.896631189999212665e+02,1.000000000000000000e+00
2.637040409753842185e-03,4.895586237410075488e-03,7.121070355432749244e-01,1.213932651736659429e-01,2.000000000000000000e+01,7.380966525041210424e-02,0.000000000000000000e+00,0.000000000000000000e+00,0.000000000000000000e+00,0.000000000000000000e+00,-5.649664053341891190e+01,6.763570447626134907e+00,1.380000000000000000e+02,9.801813186612581603e+02,9.874301245868134913e+01,2.554300000000000000e+06,2.508500000000000174e-01,-6.303309000000641618e+02,1.000000000000000000e+00
1.972882049792241098e-03,4.693402771938928741e-03,9.780673019649279709e-01,-4.767145917359378871e-01,2.000000000000000000e+01,6.666788925146664713e-02,0.000000000000000000e+00,0.000000000000000000e+00,0.000000000000000000e+00,0.000000000000000000e+00,-6.048851482018429238e+01,6.829021153835832081e+00,1.390000000000000000e+02,6.263609297478999451e+02,1.042728579410059950e+02,2.515400000000000000e+06,9.523700000000000221e-02,-5.925606699999887184e+01,1.000000000000000000e+00
3.531080307334732993e-03,4.765972215411204763e-03,5.053033377572854201e-01,2.413918389586191093e+00,2.000000000000000000e+01,7.143000573650558349e-02,0.000000000000000000e+00,0.000000000000000000e+00,0.000000000000000000e+00,0.000000000000000000e+00,-4.600665826194401120e+01,6.189798045387746583e+00,1.400000000000000000e+02,2.320854855582259916e+03,8.705326416637316811e+01,2.666300000000000000e+06,1.602200000000000013e-01,-4.128897000000162052e+02,1.000000000000000000e+00
3.171726491940688852e-03,4.661456337319373408e-03,4.906283416009422083e-01,2.255899454859171538e+00,2.000000000000000000e+01,8.053046439268006507e-02,0.000000000000000000e+00,0.000000000000000000e+00,0.000000000000000000e+00,0.000000000000000000e+00,-4.034351327602269066e+01,6.787778536439360799e+00,1.410000000000000000e+02,2.238186085855446890e+03,8.737181423534934765e+01,2.647500000000000000e+06,2.773399999999999754e-01,-9.967042540000908275e+02,1.000000000000000000e+00
2.714791886002635227e-03,4.839292847097068952e-03,8.036784482334160540e-01,-6.083570272569867043e-01,2.000000000000000000e+01,7.407312197268370313e-02,0.000000000000000000e+00,0.000000000000000000e+00,0.000000000000000000e+00,0.000000000000000000e+00,-5.743346384994179488e+01,6.986901620817359770e+00,1.420000000000000000e+02,8.176654610150894769e+02,1.013325313367976150e+02,2.559200000000000000e+06,1.825700000000000101e-01,-3.239899999999996680e+02,1.000000000000000000e+00
2.719030336077542416e-03,4.806850090809530567e-03,7.853240759652280190e-01,-3.944847016444177346e-01,2.000000000000000000e+01,7.383053824779235719e-02,0.000000000000000000e+00,0.000000000000000000e+00,0.000000000000000000e+00,0.000000000000000000e+00,-5.800194122624230886e+01,6.989709394898840245e+00,1.430000000000000000e+02,7.977510370473428338e+02,1.014627635641918744e+02,2.552400000000000000e+06,2.146299999999999875e-01,-4.349477670000526359e+02,1.000000000000000000e+00
2.319272986067160910e-03,4.423176401045851060e-03,6.562960526751605572e-01,-4.166167659058764849e-01,2.000000000000000000e+01,7.756849479688300575e-02,0.000000000000000000e+00,0.000000000000000000e+00,0.000000000000000000e+00,0.000000000000000000e+00,-6.008292380935387911e+01,6.615950976718544041e+00,1.440000000000000000e+02,8.115258647132674241e+02,1.014174487552989348e+02,2.547600000000000000e+06,1.615699999999999914e-01,-3.091016000000141162e+02,1.000000000000000000e+00
2.705755359017460518e-03,4.855870688274132978e-03,7.812848415760507148e-01,-1.936754428218079582e-01,2.000000000000000000e+01,7.301693005255024960e-02,0.000000000000000000e+00,0.000000000000000000e+00,0.000000000000000000e+00,0.000000000000000000e+00,-5.761369358416552444e+01,7.093780342743446710e+00,1.450000000000000000e+02,8.203978740730450454e+02,1.009788301899768754e+02,2.563500000000000000e+06,3.835100000000000176e-01,-1.163940799999803630e+03,1.000000000000000000e+00
2.590885761478490309e-03,4.809912314846729806e-03,6.831374156660211527e-01,-5.230122245766982703e-01,2.000000000000000000e+01,8.147342532404679150e-02,0.000000000000000000e+00,0.000000000000000000e+00,0.000000000000000000e+00,0.000000000000000000e+00,-7.234327644708342575e+01,6.304558989673227032e+00,1.460000000000000000e+02,7.213430395731277258e+02,1.034053746491936181e+02,2.501600000000000000e+06,3.046300000000000119e-01,-8.771944999998200956e+02,1.000000000000000000e+00
2.753313734429759050e-03,4.761215180952692999e-03,7.151016884443609500e-01,-6.637093201395103392e-01,2.000000000000000000e+01,6.873254936627566647e-02,0.000000000000000000e+00,0.000000000000000000e+00,0.000000000000000000e+00,0.000000000000000000e+00,-5.737909168935630788e+01,6.734047151128483399e+00,1.470000000000000000e+02,7.308640089419263859e+02,1.033308442454823961e+02,2.529900000000000000e+06,1.352700000000000014e-01,-2.456906759999895655e+02,1.000000000000000000e+00
2.557754334275144214e-03,4.634617423494791916e-03,6.165316300195493593e-01,-2.057763506550276678e-01,2.000000000000000000e+01,7.428357652008048262e-02,0.000000000000000000e+00,0.000000000000000000e+00,0.000000000000000000e+00,0.000000000000000000e+00,-5.659124600193133148e+01,6.783698279632329964e+00,1.480000000000000000e+02,9.318637833834825415e+02,9.948872843517672493e+01,2.554800000000000000e+06,2.517099999999999893e-01,-7.695346749998249152e+02,1.000000000000000000e+00
2.762429640795321592e-03,4.632228876239619444e-03,5.618545352010166916e-01,1.808037322117455048e+00,2.000000000000000000e+01,7.499960435841200590e-02,0.000000000000000000e+00,0.000000000000000000e+00,0.000000000000000000e+00,0.000000000000000000e+00,-4.692067045700366634e+01,6.424618536705793304e+00,1.490000000000000000e+02,1.814882423035617421e+03,8.910584192412315474e+01,2.623900000000000000e+06,2.217500000000000027e-01,-6.455738039999345119e+02,1.000000000000000000e+00
2.519790020819115146e-03,4.788605034542202897e-03,7.593375278653502480e-01,-2.577332125675942942e-01,2.000000000000000000e+01,7.341523360143667465e-02,0.000000000000000000e+00,0.000000000000000000e+00,0.000000000000000000e+00,0.000000000000000000e+00,-5.793998668833123133e+01,6.716755663079087668e+00,1.500000000000000000e+02,8.418690886002726756e+02,1.007190210409419251e+02,2.535900000000000000e+06,2.764199999999999990e-01,-6.871200000001022090e+02,1.000000000000000000e+00
3.148902759041231642e-03,3.880958578624162363e-03,5.931236407800920540e-01,1.610894631116314368e+00,2.000000000000000000e+01,7.571367176055886217e-02,0.000000000000000000e+00,0.000000000000000000e+00,0.000000000000000000e+00,0.000000000000000000e+00,-4.768025854338756631e+01,6.391426620606694087e+00,1.510000000000000000e+02,1.740184202856476759e+03,8.978516725382206687e+01,2.614900000000000000e+06,1.767600000000000005e-01,-4.673264399999777083e+02,1.000000000000000000e+00
2.951659224571082790e-03,4.553201387014278040e-03,5.317445856665071746e-01,2.182671885804752243e+00,2.000000000000000000e+01,7.649320292946203137e-02,0.000000000000000000e+00,0.000000000000000000e+00,0.000000000000000000e+00,0.000000000000000000e+00,-4.375156297702027075e+01,6.444103233405961362e+00,1.520000000000000000e+02,2.172303594989525209e+03,8.753120291444440682e+01,2.653200000000000000e+06,1.354200000000000126e-01,-3.130103999999967641e+02,1.000000000000000000e+00
2.465701002943092215e-03,5.299120318287379137e-03,7.178937905411985065e-01,-1.485615449714452474e-01,2.000000000000000000e+01,7.127411813142939256e-02,0.000000000000000000e+00,0.000000000000000000e+00,0.000000000000000000e+00,0.000000000000000000e+00,-5.256109995237892463e+01,6.585899126609929155e+00,1.530000000000000000e+02,8.876360479642165728e+02,9.995363419844653663e+01,2.564300000000000000e+06,2.544500000000000095e-01,-6.957253120000405033e+02,1.000000000000000000e+00
2.421156172394898099e-03,4.335677895309723515e-03,5.696157392056180324e-01,-1.489433006971824902e+00,2.000000000000000000e+01,7.682210674483710977e-02,0.000000000000000000e+00,0.000000000000000000e+00,0.000000000000000000e+00,0.000000000000000000e+00,-6.354047712243647084e+01,6.502178891725893806e+00,1.540000000000000000e+02,5.070066483827918660e+02,1.085134384672445407e+02,2.462100000000000000e+06,9.431299999999999406e-02,-1.700349000000004480e+02,1.000000000000000000e+00
2.563668765712877502e-03,4.701936158248671421e-03,8.349143308003509345e-01,1.451988455475967110e-01,2.000000000000000000e+01,7.373850748617458151e-02,0.000000000000000000e+00,0.000000000000000000e+00,0.000000000000000000e+00,0.000000000000000000e+00,-5.873553354231105317e+01,6.860941090803613918e+00,1.550000000000000000e+02,8.180076086601452516e+02,1.014041743560212154e+02,2.536300000000000000e+06,1.956700000000000106e-01,-3.346033049999981017e+02,1.000000000000000000e+00
2.591584082992937250e-03,4.586151835572524482e-03,6.213987926066564249e-01,3.583888440096723027e-01,2.000000000000000000e+01,7.515944928486240073e-02,0.000000000000000000e+00,0.000000000000000000e+00,0.000000000000000000e+00,0.000000000000000000e+00,-5.607656515625723159e+01,6.850163063483600823e+00,1.560000000000000000e+02,1.035013792298434055e+03,9.800521939615181566e+01,2.565000000000000000e+06,1.559599999999999875e-01,-3.399840000000289706e+02,1.000000000000000000e+00
2.919808477462984379e-03,4.807816158991104483e-03,7.486674516528639689e-01,1.688172977419083454e-01,2.000000000000000000e+01,7.383675685184426518e-02,0.000000000000000000e+00,0.000000000000000000e+00,0.000000000000000000e+00,0.000000000000000000e+00,-5.583403327222652024e+01,6.800668853353592169e+00,1.570000000000000000e+02,1.032955520077954361e+03,9.805824246024039326e+01,2.564000000000000000e+06,2.504600000000000160e-01,-6.211792059999266939e+02,1.000000000000000000e+00
2.882399936544647722e-03,4.514128858354921059e-03,6.475909051581872911e-01,2.043395398152036968e+00,2.000000000000000000e+01,6.259141711221617721e-02,0.000000000000000000e+00,0.000000000000000000e+00,0.000000000000000000e+00,0.000000000000000000e+00,-3.899866751077274074e+01,6.311046631637702298e+00,1.580000000000000000e+02,1.879049809685237733e+03,8.894566765123983032e+01,2.620100000000000000e+06,3.982899999999999774e-01,-1.535968748999420313e+03,1.000000000000000000e+00
2.662158338107367163e-03,4.708630635446506285e-03,7.280104553258412992e-01,-6.007753947298357655e-01,2.000000000000000000e+01,7.393017304413930513e-02,0.000000000000000000e+00,0.000000000000000000e+00,0.000000000000000000e+00,0.000000000000000000e+00,-5.801189761959813040e+01,6.725618529836686399e+00,1.590000000000000000e+02,8.164176803231496251e+02,1.015103866012797766e+02,2.535600000000000000e+06,2.332100000000000006e-01,-5.585742349999139833e+02,1.000000000000000000e+00
2.609401502033976798e-03,4.739299355819967877e-03,7.652707537885727884e-01,-1.128734084314446107e-01,2.000000000000000000e+01,7.380522788664675704e-02,0.000000000000000000e+00,0.000000000000000000e+00,0.000000000000000000e+00,0.000000000000000000e+00,-5.776786210462594795e+01,6.942569450456842262e+00,1.600000000000000000e+02,8.364355737178585741e+02,1.007541256034638906e+02,2.552300000000000000e+06,2.215499999999999969e-01,-4.578812549999729526e+02,1.000000000000000000e+00
2.911758078027319816e-03,4.495310655120630244e-03,7.375260214687111571e-01,4.013715902937134428e-01,2.000000000000000000e+01,7.480979433009801727e-02,0.000000000000000000e+00,0.000000000000000000e+00,0.000000000000000000e+00,0.000000000000000000e+00,-6.164063255778280137e+01,6.767515816159379582e+00,1.610000000000000000e+02,9.942316092688738536e+02,9.863248769931560389e+01,2.567000000000000000e+06,1.708199999999999996e-01,-3.210888550000217379e+02,1.000000000000000000e+00
2.629027432179624479e-03,4.730323460186484225e-03,7.240569126087530449e-01,6.024436502972613239e-02,2.000000000000000000e+01,7.354991634450869231e-02,0.000000000000000000e+00,0.000000000000000000e+00,0.000000000000000000e+00,0.000000000000000000e+00,-5.650823599484164816e+01,6.553216665963384813e+00,1.620000000000000000e+02,1.000380542212242062e+03,9.860609860750935241e+01,2.540400000000000000e+06,2.905499999999999750e-01,-8.049967380000730373e+02,1.000000000000000000e+00
2.629027432179624479e-03,4.730323460186484225e-03,7.240569126087530449e-01,6.024436502972613239e-02,2.000000000000000000e+01,7.354991634450869231e-02,0.000000000000000000e+00,0.000000000000000000e+00,0.000000000000000000e+00,0.000000000000000000e+00,-5.650823599484164816e+01,6.553216665963384813e+00,1.630000000000000000e+02,1.000380542212242062e+03,9.860609860750935241e+01,2.540400000000000000e+06,2.905499999999999750e-01,-8.049967380000730373e+02,1.000000000000000000e+00
2.629027432179624479e-03,4.730323460186484225e-03,7.240569126087530449e-01,6.024436502972613239e-02,2.000000000000000000e+01,7.354991634450869231e-02,0.000000000000000000e+00,0.000000000000000000e+00,0.000000000000000000e+00,0.000000000000000000e+00,-5.650823599484164816e+01,6.553216665963384813e+00,1.640000000000000000e+02,1.000380542212242062e+03,9.860609860750935241e+01,2.540400000000000000e+06,2.905499999999999750e-01,-8.049967380000730373e+02,1.000000000000000000e+00
2.688282725757744872e-03,4.813117814072085353e-03,7.085221833302930428e-01,1.597587368404242147e-01,2.000000000000000000e+01,7.404459903723512038e-02,0.000000000000000000e+00,0.000000000000000000e+00,0.000000000000000000e+00,0.000000000000000000e+00,-5.620692096849828090e+01,6.757608068951860503e+00,1.650000000000000000e+02,1.006976369407289098e+03,9.839626757571143401e+01,2.557200000000000000e+06,2.271400000000000086e-01,-5.358079999999474694e+02,1.000000000000000000e+00
2.319272986067160910e-03,4.423176401045851060e-03,6.562960526751605572e-01,-4.166167659058764849e-01,2.000000000000000000e+01,7.756849479688300575e-02,0.000000000000000000e+00,0.000000000000000000e+00,0.000000000000000000e+00,0.000000000000000000e+00,-6.008292380935387911e+01,6.615950976718544041e+00,1.660000000000000000e+02,7.637962933783957169e+02,1.030973046364153873e+02,2.507400000000000000e+06,6.778199999999999503e-02,-6.957000000000006423e+01,1.000000000000000000e+00
2.383686630425080506e-03,5.363534395728440131e-03,8.179287454226679133e-01,-2.396039580330521446e+00,2.000000000000000000e+01,7.324411046317119700e-02,0.000000000000000000e+00,0.000000000000000000e+00,0.000000000000000000e+00,0.000000000000000000e+00,-6.842641630124008145e+01,7.550369902578400350e+00,1.670000000000000000e+02,3.126641888939689693e+02,1.259928424306920647e+02,2.455100000000000000e+06,2.497199999999999975e-01,-5.470508279999451133e+02,1.000000000000000000e+00
2.900002432178619763e-03,4.449940808350641083e-03,6.257529959436786138e-01,1.222783978179927900e+00,2.000000000000000000e+01,7.371042185515090661e-02,0.000000000000000000e+00,0.000000000000000000e+00,0.000000000000000000e+00,0.000000000000000000e+00,-4.401682583399445292e+01,6.407701912512742126e+00,1.680000000000000000e+02,1.722885685582169117e+03,8.983920485831863800e+01,2.643900000000000000e+06,3.675999999999999823e-01,-1.403676789999996799e+03,1.000000000000000000e+00
3.177899854782570768e-03,4.280057855640168399e-03,5.875288638411935160e-01,1.933056018631546191e+00,2.000000000000000000e+01,7.391738853165731593e-02,0.000000000000000000e+00,0.000000000000000000e+00,0.000000000000000000e+00,0.000000000000000000e+00,-4.310993422646804163e+01,6.299416611134615707e+00,1.690000000000000000e+02,2.123870051546030936e+03,8.800405026520235197e+01,2.646400000000000000e+06,4.680099999999999816e-01,-2.187136709999942013e+03,1.000000000000000000e+00
3.192674255115560134e-03,4.319406033313087992e-03,5.471108380395981463e-01,2.076478675385701411e+00,2.000000000000000000e+01,7.508333647350348694e-02,0.000000000000000000e+00,0.000000000000000000e+00,0.000000000000000000e+00,0.000000000000000000e+00,-4.313864309713549972e+01,6.128276174574007307e+00,1.700000000000000000e+02,2.109387910977095089e+03,8.806764242567128065e+01,2.623900000000000000e+06,3.422299999999999787e-01,-1.519052699999672541e+03,1.000000000000000000e+00
2.647330835599675213e-03,4.820322310086948454e-03,7.074627963188164781e-01,3.149791536523598168e-02,2.000000000000000000e+01,7.372285669802966512e-02,0.000000000000000000e+00,0.000000000000000000e+00,0.000000000000000000e+00,0.000000000000000000e+00,-5.646731444577854120e+01,6.760851161649066299e+00,1.710000000000000000e+02,9.650775346687750016e+02,9.890232240330938396e+01,2.554200000000000000e+06,2.715600000000000236e-01,-7.384219770001043344e+02,1.000000000000000000e+00
2.656376735006553240e-03,4.642953470004387850e-03,5.730533524387695365e-01,4.376167025925706278e-01,2.000000000000000000e+01,7.525996164728086801e-02,0.000000000000000000e+00,0.000000000000000000e+00,0.000000000000000000e+00,0.000000000000000000e+00,-5.484797745714620021e+01,6.729248105612220421e+00,1.720000000000000000e+02,1.135510916634212890e+03,9.657423680237101848e+01,2.569700000000000000e+06,1.786999999999999977e-01,-4.687822350000218421e+02,1.000000000000000000e+00
2.720545123463298173e-03,4.512377038874188298e-03,6.827326960825917945e-01,3.308661167942404391e-01,2.000000000000000000e+01,7.416998448997846882e-02,0.000000000000000000e+00,0.000000000000000000e+00,0.000000000000000000e+00,0.000000000000000000e+00,-5.457192944378955701e+01,6.594073608128429242e+00,1.730000000000000000e+02,1.136274113438307950e+03,9.648455578840612645e+01,2.563300000000000000e+06,2.360599999999999921e-01,-6.111365999999787846e+02,1.000000000000000000e+00
2.816761387837374286e-03,4.501042455996260086e-03,7.612932566384569277e-01,1.332391999660380577e-01,2.000000000000000000e+01,7.375653779686636158e-02,0.000000000000000000e+00,0.000000000000000000e+00,0.000000000000000000e+00,0.000000000000000000e+00,-5.364873399007121435e+01,6.704178714244577009e+00,1.740000000000000000e+02,1.140180482860612301e+03,9.648021727834023409e+01,2.580400000000000000e+06,2.609899999999999998e-01,-6.203973000000153206e+02,1.000000000000000000e+00
2.558129515597368751e-03,4.472785087288152356e-03,7.012347950499289162e-01,5.639475003403363051e-02,2.000000000000000000e+01,7.435630391738165534e-02,0.000000000000000000e+00,0.000000000000000000e+00,0.000000000000000000e+00,0.000000000000000000e+00,-5.783681017459799989e+01,6.716145999282458590e+00,1.750000000000000000e+02,8.993626782602365211e+02,1.001176364542251065e+02,2.537200000000000000e+06,1.864099999999999924e-01,-3.923134670000018787e+02,1.000000000000000000e+00
2.777277516669348235e-03,4.613840993799544522e-03,7.006837003405388398e-01,-5.018977667970815348e-01,2.000000000000000000e+01,7.424662953531700749e-02,0.000000000000000000e+00,0.000000000000000000e+00,0.000000000000000000e+00,0.000000000000000000e+00,-5.803571578732015723e+01,6.785405059412386919e+00,1.760000000000000000e+02,8.316479829115543225e+02,1.013752445171599845e+02,2.539200000000000000e+06,2.168899999999999995e-01,-5.360554970000088133e+02,1.000000000000000000e+00
2.642729327827366727e-03,4.746095837448704655e-03,7.201141267911093102e-01,-1.733269589328123583e-03,2.000000000000000000e+01,7.403398095378244115e-02,0.000000000000000000e+00,0.000000000000000000e+00,0.000000000000000000e+00,0.000000000000000000e+00,-5.740734845255784080e+01,6.925675216041229376e+00,1.770000000000000000e+02,8.811656040587516827e+02,1.001529541093024704e+02,2.555300000000000000e+06,2.198499999999999899e-01,-4.930076000000395311e+02,1.000000000000000000e+00
2.549843668440548126e-03,4.420413838853529814e-03,6.669659122946369756e-01,5.751861034573830800e-01,2.000000000000000000e+01,7.434206606743343215e-02,0.000000000000000000e+00,0.000000000000000000e+00,0.000000000000000000e+00,0.000000000000000000e+00,-5.543062510522150887e+01,6.599268030444406463e+00,1.780000000000000000e+02,1.102347416791900059e+03,9.671254497420608232e+01,2.554500000000000000e+06,2.117799999999999960e-01,-4.983549999999669353e+02,1.000000000000000000e+00
2.819664361434802598e-03,4.892675453849615851e-03,7.692531031111544682e-01,-2.377505488731341265e-01,2.000000000000000000e+01,7.303783909045691303e-02,0.000000000000000000e+00,0.000000000000000000e+00,0.000000000000000000e+00,0.000000000000000000e+00,-5.702675059101947141e+01,7.104676215207912371e+00,1.790000000000000000e+02,8.688735605429761790e+02,1.003794243378410869e+02,2.570600000000000000e+06,4.023999999999999799e-01,-1.319383999999696925e+03,1.000000000000000000e+00
2.671717563592359082e-03,4.705370589666166975e-03,6.712729443554246167e-01,-2.908393924652355467e-01,2.000000000000000000e+01,7.476359452733725985e-02,0.000000000000000000e+00,0.000000000000000000e+00,0.000000000000000000e+00,0.000000000000000000e+00,-5.650055404095301981e+01,6.953753428259368263e+00,1.800000000000000000e+02,9.211323867017298426e+02,9.971247861628540932e+01,2.567200000000000000e+06,1.691400000000000126e-01,-3.600088139999843975e+02,1.000000000000000000e+00
2.586883444222670692e-03,4.319135433676061196e-03,7.173834196634859550e-01,-1.147717099729968382e+00,2.000000000000000000e+01,7.451819483836673308e-02,0.000000000000000000e+00,0.000000000000000000e+00,0.000000000000000000e+00,0.000000000000000000e+00,-6.026147873928979948e+01,6.588274529783298306e+00,1.810000000000000000e+02,6.782868424588427843e+02,1.044677050869753145e+02,2.502900000000000000e+06,1.708800000000000041e-01,-3.479501549999752115e+02,1.000000000000000000e+00
2.826939659111430032e-03,4.861779925676367256e-03,6.089337942400485648e-01,1.359865691203544058e+00,2.000000000000000000e+01,7.470970133320620210e-02,0.000000000000000000e+00,0.000000000000000000e+00,0.000000000000000000e+00,0.000000000000000000e+00,-4.792191301636147216e+01,6.777962954027461961e+00,1.820000000000000000e+02,1.670219110329820069e+03,9.011118730498455420e+01,2.642800000000000000e+06,2.246299999999999963e-01,-5.894274150000301233e+02,1.000000000000000000e+00
2.645501828572032789e-03,4.515506406217655727e-03,6.331279281354441624e-01,9.360820938816506454e-01,2.000000000000000000e+01,7.340441102770103865e-02,0.000000000000000000e+00,0.000000000000000000e+00,0.000000000000000000e+00,0.000000000000000000e+00,-5.210005815479501479e+01,6.647304385294043882e+00,1.830000000000000000e+02,1.391173639097113210e+03,9.347702347477563478e+01,2.591800000000000000e+06,4.235599999999999921e-01,-1.676329199999697266e+03,1.000000000000000000e+00
2.806271991487804991e-03,5.061548823549500212e-03,6.291967611050169884e-01,7.901252789918631336e-01,2.000000000000000000e+01,7.447519564632343325e-02,0.000000000000000000e+00,0.000000000000000000e+00,0.000000000000000000e+00,0.000000000000000000e+00,-5.143992782121643614e+01,6.819120993805978692e+00,1.840000000000000000e+02,1.396229834058304050e+03,9.340857605676511355e+01,2.611200000000000000e+06,2.316900000000000071e-01,-6.119864189999556174e+02,1.000000000000000000e+00
3.318116931967694284e-03,4.002853942963032971e-03,6.112849143194762913e-01,1.878611637030865866e+00,2.000000000000000000e+01,7.492644463358696938e-02,0.000000000000000000e+00,0.000000000000000000e+00,0.000000000000000000e+00,0.000000000000000000e+00,-4.752629285514378665e+01,6.142501859000957687e+00,1.850000000000000000e+02,1.814976009912063319e+03,8.946133595884819556e+01,2.596000000000000000e+06,2.565000000000000058e-01,-8.673251999999275768e+02,1.000000000000000000e+00
2.339264954411954603e-03,4.327516053571204765e-03,4.821191068130933899e-01,1.196294683345586307e+00,2.000000000000000000e+01,7.644922208893710491e-02,0.000000000000000000e+00,0.000000000000000000e+00,0.000000000000000000e+00,0.000000000000000000e+00,-4.766485191392019516e+01,6.587481897775231410e+00,1.860000000000000000e+02,1.633753713218660778e+03,9.063207696834683702e+01,2.630600000000000000e+06,1.370699999999999974e-01,-3.260579940000155261e+02,1.000000000000000000e+00
2.836148467921925306e-03,4.877480742151159981e-03,6.067965558045793628e-01,7.361898071323392800e-01,2.000000000000000000e+01,7.487818345606411796e-02,0.000000000000000000e+00,0.000000000000000000e+00,0.000000000000000000e+00,0.000000000000000000e+00,-5.198418211110410425e+01,6.934044016225019647e+00,1.870000000000000000e+02,1.329821566256068081e+03,9.390342320464239378e+01,2.614100000000000000e+06,2.039700000000000124e-01,-5.384599680000045510e+02,1.000000000000000000e+00
2.527621638383046373e-03,4.902313076907480541e-03,8.972883499755285319e-01,-8.895592684921995730e-01,2.000000000000000000e+01,6.987395615681901706e-02,0.000000000000000000e+00,0.000000000000000000e+00,0.000000000000000000e+00,0.000000000000000000e+00,-6.490293849634284129e+01,7.356275603275994612e+00,1.880000000000000000e+02,3.475306981628527865e+02,1.149723214918167002e+02,2.495500000000000000e+06,4.253299999999999859e-01,-7.532627130000932993e+02,1.000000000000000000e+00
2.652353632122980785e-03,4.683301273594259184e-03,7.376818650524230581e-01,-1.006293277483930826e+00,2.000000000000000000e+01,7.389160479484592481e-02,0.000000000000000000e+00,0.000000000000000000e+00,0.000000000000000000e+00,0.000000000000000000e+00,-5.785050268891323810e+01,6.742593364764538855e+00,1.890000000000000000e+02,7.793837895017711617e+02,1.022986100444977637e+02,2.538800000000000000e+06,2.358699999999999963e-01,-5.593952000000223279e+02,1.000000000000000000e+00
2.750259191443233785e-03,4.789564806930571468e-03,7.317684242522808358e-01,-6.992517185883930786e-01,2.000000000000000000e+01,7.429793522457048272e-02,0.000000000000000000e+00,0.000000000000000000e+00,0.000000000000000000e+00,0.000000000000000000e+00,-5.736581153856421622e+01,6.894888167182854133e+00,1.900000000000000000e+02,8.332497180314403522e+02,1.013773851693584191e+02,2.553900000000000000e+06,1.875300000000000022e-01,-3.926097610000074951e+02,1.000000000000000000e+00
2.911458471075833304e-03,4.462601220134943328e-03,6.287285462332768970e-01,9.055882366496489366e-01,2.000000000000000000e+01,7.423191612093715808e-02,0.000000000000000000e+00,0.000000000000000000e+00,0.000000000000000000e+00,0.000000000000000000e+00,-5.334493695625999266e+01,6.564665021358467634e+00,1.910000000000000000e+02,1.296889984434237931e+03,9.437996955031259461e+01,2.573500000000000000e+06,2.913999999999999924e-01,-9.959467119999072793e+02,1.000000000000000000e+00
2.716903310546203015e-03,4.476652727096795334e-03,5.990160185633504053e-01,7.803188189378612583e-01,2.000000000000000000e+01,7.460585467122901604e-02,0.000000000000000000e+00,0.000000000000000000e+00,0.000000000000000000e+00,0.000000000000000000e+00,-5.291688600830272549e+01,6.378080318899057133e+00,1.920000000000000000e+02,1.326602576478561105e+03,9.427670406755781585e+01,2.564500000000000000e+06,2.362700000000000078e-01,-7.310568240000927744e+02,1.000000000000000000e+00
2.560380652573835368e-03,4.662137965522751386e-03,7.661266616990594081e-01,-4.626280368933927689e-01,2.000000000000000000e+01,7.655642479078131335e-02,0.000000000000000000e+00,0.000000000000000000e+00,0.000000000000000000e+00,0.000000000000000000e+00,-6.551694638384373093e+01,6.496335691155136871e+00,1.930000000000000000e+02,4.564529110381560599e+02,1.107689314324420309e+02,2.440300000000000000e+06,7.766099999999999393e-02,-7.748236399999935031e+01,1.000000000000000000e+00
2.594752146110781109e-03,4.809053325933348652e-03,6.179525344445272461e-01,2.056565107739012355e-01,2.000000000000000000e+01,7.506728560786644910e-02,0.000000000000000000e+00,0.000000000000000000e+00,0.000000000000000000e+00,0.000000000000000000e+00,-5.631272865802286987e+01,6.870696826944596936e+00,1.940000000000000000e+02,1.011596909013277468e+03,9.853863598146347158e+01,2.563800000000000000e+06,1.612099999999999922e-01,-3.594940000000231066e+02,1.000000000000000000e+00
2.647514709282179548e-03,4.839721567819347051e-03,7.198234252938546796e-01,2.877675613873977023e-02,2.000000000000000000e+01,7.376239537641358923e-02,0.000000000000000000e+00,0.000000000000000000e+00,0.000000000000000000e+00,0.000000000000000000e+00,-5.646173441146646610e+01,6.772308211842556602e+00,1.950000000000000000e+02,9.660143669533727007e+02,9.891645886446306690e+01,2.555200000000000000e+06,2.582200000000000051e-01,-6.493803189999565575e+02,1.000000000000000000e+00
2.799166156877601688e-03,4.611927205339578714e-03,6.010488713647090808e-01,9.924594789170695375e-01,2.000000000000000000e+01,7.435970433715802241e-02,0.000000000000000000e+00,0.000000000000000000e+00,0.000000000000000000e+00,0.000000000000000000e+00,-5.145845057636709896e+01,6.524514700700396297e+00,1.960000000000000000e+02,1.415169868646799614e+03,9.294975565574455345e+01,2.589100000000000000e+06,2.813200000000000145e-01,-9.378516000002102828e+02,1.000000000000000000e+00
2.742148606926625085e-03,4.664456071636238592e-03,6.984464005246013851e-01,-6.319210774490873206e-01,2.000000000000000000e+01,7.424655466067296705e-02,0.000000000000000000e+00,0.000000000000000000e+00,0.000000000000000000e+00,0.000000000000000000e+00,-5.766191869122528857e+01,6.792555645874963410e+00,1.970000000000000000e+02,8.349532382578436227e+02,1.013818129809153561e+02,2.543800000000000000e+06,2.155799999999999939e-01,-5.250930000000064410e+02,1.000000000000000000e+00
2.716490631124663605e-03,4.795183124943548300e-03,6.788279460560453504e-01,-9.214204060667152696e-01,2.000000000000000000e+01,7.503083919007275115e-02,0.000000000000000000e+00,0.000000000000000000e+00,0.000000000000000000e+00,0.000000000000000000e+00,-6.007120304560280033e+01,6.953320910092964269e+00,1.980000000000000000e+02,6.481899284080748203e+02,1.047056762747089209e+02,2.527100000000000000e+06,1.474199999999999955e-01,-2.989399659999876349e+02,1.000000000000000000e+00
2.935448368328354585e-03,4.782013303859661280e-03,7.060562772264508125e-01,3.950080999998479281e-01,2.000000000000000000e+01,7.382222904928791019e-02,0.000000000000000000e+00,0.000000000000000000e+00,0.000000000000000000e+00,0.000000000000000000e+00,-5.287000164485478138e+01,6.800909573836211308e+00,1.990000000000000000e+02,1.229505004317834619e+03,9.526175237743890989e+01,2.595100000000000000e+06,2.896000000000000241e-01,-8.396028060001059430e+02,1.000000000000000000e+00
