3.530649821281766406e-03,4.419560158512094404e-03,5.548514391185398464e-01,2.901936824243301238e+00,2.000000000000000000e+01,7.799509024153000736e-02,0.000000000000000000e+00,0.000000000000000000e+00,0.000000000000000000e+00,0.000000000000000000e+00,-3.817962984867480003e+01,7.640614339790142928e+00,0.000000000000000000e+00,2.693009291975879023e+03,8.453823649302506738e+01,2.806700000000000000e+06,9.811200000000000476e-02,-1.638383999999948628e+02,1.000000000000000000e+00
3.712751311057541949e-03,4.646376799540496115e-03,5.621296657309331479e-01,2.701418827722359417e+00,2.000000000000000000e+01,7.699100992221172279e-02,0.000000000000000000e+00,0.000000000000000000e+00,0.000000000000000000e+00,0.000000000000000000e+00,-3.815765898901458542e+01,7.591466906895375288e+00,1.000000000000000000e+00,2.587303619412492480e+03,8.455090138294292501e+01,2.802600000000000000e+06,1.363600000000000090e-01,-2.859086999999963155e+02,1.000000000000000000e+00
3.202701857914813481e-03,4.827175720913668561e-03,5.412553452703481316e-01,2.348880786168082047e+00,2.000000000000000000e+01,7.465935628423020498e-02,0.000000000000000000e+00,0.000000000000000000e+00,0.000000000000000000e+00,0.000000000000000000e+00,-3.749613654322472200e+01,6.478754506963110060e+00,2.000000000000000000e+00,2.437987938502812995e+03,8.675086707615948001e+01,2.706300000000000000e+06,3.558999999999999941e-01,-1.412460329999579471e+03,1.000000000000000000e+00
3.107167814228235271e-03,4.697839667180556990e-03,5.355982431759387374e-01,2.328026870886941602e+00,2.000000000000000000e+01,7.474620697556744187e-02,0.000000000000000000e+00,0.000000000000000000e+00,0.000000000000000000e+00,0.000000000000000000e+00,-4.208643433886359730e+01,6.451679035237519955e+00,3.000000000000000000e+00,2.161374317695547234e+03,8.702658028942249757e+01,2.667100000000000000e+06,3.306200000000000250e-01,-1.315546140000290961e+03,1.000000000000000000e+00
2.429151875902489481e-03,7.103440778126002362e-04,4.757628496285286057e-01,-2.210494905062913773e+01,2.000000000000000000e+01,7.417924535225270399e-02,0.000000000000000000e+00,0.000000000000000000e+00,0.000000000000000000e+00,0.000000000000000000e+00,-9.865448618903117506e+01,6.500098909165416217e+00,4.000000000000000000e+00,8.178778969025033518e+01,2.879723871665251522e+02,2.064700000000000000e+06,7.280200000000000560e-02,-9.672117899999999224e+01,1.000000000000000000e+00
3.173180651144267249e-03,4.451303514443987613e-03,6.594707148577314548e-01,2.224531354823169771e+00,2.000000000000000000e+01,7.421130722550672854e-02,0.000000000000000000e+00,0.000000000000000000e+00,0.000000000000000000e+00,0.000000000000000000e+00,-4.319432787915381766e+01,6.158978778964845802e+00,5.000000000000000000e+00,2.097943353450779796e+03,8.776969015316581135e+01,2.633400000000000000e+06,2.940499999999999781e-01,-8.877276099999290864e+02,1.000000000000000000e+00
3.020469497948068648e-03,4.636539585422486814e-03,5.680212009333999168e-01,1.927621506672909213e+00,2.000000000000000000e+01,7.529164825638269554e-02,0.000000000000000000e+00,0.000000000000000000e+00,0.000000000000000000e+00,0.000000000000000000e+00,-4.375097497077686626e+01,6.291769712116197510e+00,6.000000000000000000e+00,2.061847744062331458e+03,8.812973599235138522e+01,2.640400000000000000e+06,2.073500000000000065e-01,-5.896241899999445195e+02,1.000000000000000000e+00
3.090330193485540597e-03,4.575243549526778787e-03,5.625804704152597147e-01,1.950807861023937217e+00,2.000000000000000000e+01,7.516380182396131815e-02,0.000000000000000000e+00,0.000000000000000000e+00,0.000000000000000000e+00,0.000000000000000000e+00,-4.544570084136516641e+01,6.416475107366478525e+00,7.000000000000000000e+00,1.936668488774702610e+03,8.835818000628123059e+01,2.636100000000000000e+06,2.336300000000000043e-01,-7.391279999999705979e+02,1.000000000000000000e+00
2.827978968852052060e-03,4.115230495284530506e-03,5.942492266565501113e-01,1.756224284788695522e+00,2.000000000000000000e+01,7.678399627000706551e-02,0.000000000000000000e+00,0.000000000000000000e+00,0.000000000000000000e+00,0.000000000000000000e+00,-4.477264215073124376e+01,6.642712617985701229e+00,8.000000000000000000e+00,1.961668030369273083e+03,8.829011431097556795e+01,2.661300000000000000e+06,1.050600000000000006e-01,-1.783531640000080927e+02,1.000000000000000000e+00
2.852646134244615772e-03,4.442995282184628025e-03,5.529485997818945897e-01,2.004029435494954381e+00,2.000000000000000000e+01,7.480029921799408177e-02,0.000000000000000000e+00,0.000000000000000000e+00,0.000000000000000000e+00,0.000000000000000000e+00,-4.633226193601649356e+01,6.215118492578868725e+00,9.000000000000000000e+00,1.865854513969853087e+03,8.877515755445290324e+01,2.612000000000000000e+06,2.701000000000000068e-01,-9.471009000001025697e+02,1.000000000000000000e+00
3.236639539155182661e-03,4.359483957473487582e-03,6.201652551677394598e-01,1.668664757381790542e+00,2.000000000000000000e+01,7.448305991449079289e-02,0.000000000000000000e+00,0.000000000000000000e+00,0.000000000000000000e+00,0.000000000000000000e+00,-4.651372533857166758e+01,6.648471049693465140e+00,1.000000000000000000e+01,1.758417705676022024e+03,8.903599121313429521e+01,2.645400000000000000e+06,3.074500000000000011e-01,-1.062491300000109050e+03,1.000000000000000000e+00
2.914145113869978480e-03,4.285230738435591435e-03,5.474806653130198653e-01,1.511062254839978358e+00,2.000000000000000000e+01,7.466247265572285852e-02,0.000000000000000000e+00,0.000000000000000000e+00,0.000000000000000000e+00,0.000000000000000000e+00,-4.699852356214150007e+01,6.503198673503105098e+00,1.100000000000000000e+01,1.730044001718907339e+03,8.963077865105989872e+01,2.629700000000000000e+06,3.273499999999999743e-01,-1.316152150000216352e+03,1.000000000000000000e+00
2.757601724803086622e-03,9.685592928417456659e-04,4.065870295862282213e-01,-3.003890708148532873e+00,2.000000000000000000e+01,7.279895175571943211e-02,0.000000000000000000e+00,0.000000000000000000e+00,0.000000000000000000e+00,0.000000000000000000e+00,-9.601651190650946432e+01,5.816460056084020280e+00,1.200000000000000000e+01,1.363513344864150270e+02,1.940875768278790474e+02,2.074500000000000000e+06,2.353500000000000036e-01,-3.473228739999879622e+02,1.000000000000000000e+00
2.387968981758457378e-03,3.703465338776052752e-03,3.609738968861672115e-01,-2.198272911687199738e+01,2.000000000000000000e+01,7.595544362247277914e-02,0.000000000000000000e+00,0.000000000000000000e+00,0.000000000000000000e+00,0.000000000000000000e+00,-7.182753335181840271e+01,8.515748209891308207e+00,1.300000000000000000e+01,1.566539459299646069e+02,1.890478926735861478e+02,2.407100000000000000e+06,3.991100000000000203e-01,-1.598447600000513376e+03,1.000000000000000000e+00
2.838255321245409211e-03,4.208109691778294179e-03,5.482515372474174864e-01,1.383085365731267391e+00,2.000000000000000000e+01,7.472602282267436224e-02,0.000000000000000000e+00,0.000000000000000000e+00,0.000000000000000000e+00,0.000000000000000000e+00,-4.685348626880909961e+01,6.541086625842231328e+00,1.400000000000000000e+01,1.687700018303527941e+03,8.981749701053428225e+01,2.633900000000000000e+06,3.065499999999999892e-01,-1.182594599999650654e+03,1.000000000000000000e+00
3.218997519462396192e-03,3.977830826979418880e-03,7.077436594843798945e-01,1.232462619049282004e+00,2.000000000000000000e+01,7.337279105525294776e-02,0.000000000000000000e+00,0.000000000000000000e+00,0.000000000000000000e+00,0.000000000000000000e+00,-4.875116339317769132e+01,6.826108627050325062e+00,1.500000000000000000e+01,1.607096796114736662e+03,9.082417292838091782e+01,2.638400000000000000e+06,4.960899999999999754e-01,-1.994492399999781583e+03,1.000000000000000000e+00
2.947743589289071597e-03,4.993752451434074757e-03,6.346897131162989592e-01,1.421256424485838110e+00,2.000000000000000000e+01,7.475652151281596269e-02,0.000000000000000000e+00,0.000000000000000000e+00,0.000000000000000000e+00,0.000000000000000000e+00,-5.031883848113116642e+01,6.762662485954439973e+00,1.600000000000000000e+01,1.604120297195338253e+03,9.135107961553775624e+01,2.618000000000000000e+06,2.004199999999999871e-01,-4.851441789999581147e+02,1.000000000000000000e+00
2.339264954411954603e-03,4.327516053571204765e-03,4.821191068130933899e-01,1.196294683345586307e+00,2.000000000000000000e+01,7.644922208893710491e-02,0.000000000000000000e+00,0.000000000000000000e+00,0.000000000000000000e+00,0.000000000000000000e+00,-4.766485191392019516e+01,6.587481897775231410e+00,1.700000000000000000e+01,1.633753713218660778e+03,9.063207696834683702e+01,2.630600000000000000e+06,1.370699999999999974e-01,-3.260579940000155261e+02,1.000000000000000000e+00
3.180890742261428990e-03,4.292113827480105448e-03,6.666072812297655359e-01,1.210308511446680502e+00,2.000000000000000000e+01,7.488998053858281212e-02,0.000000000000000000e+00,0.000000000000000000e+00,0.000000000000000000e+00,0.000000000000000000e+00,-4.746379313109029141e+01,6.946469407529221485e+00,1.800000000000000000e+01,1.635316289265231489e+03,9.025493306158149664e+01,2.660400000000000000e+06,2.051000000000000045e-01,-4.914490499999545250e+02,1.000000000000000000e+00
2.932084339070391722e-03,2.010481459205622472e-03,9.453928719011396309e-01,1.596926870792129971e-01,2.000000000000000000e+01,6.114377987849144158e-02,0.000000000000000000e+00,0.000000000000000000e+00,0.000000000000000000e+00,0.000000000000000000e+00,-6.165225144400777424e+01,7.536549984823387227e+00,1.900000000000000000e+01,7.773148285770780603e+02,1.007238316214745026e+02,2.603900000000000000e+06,7.919900000000000551e-02,-6.249677999999954636e+01,1.000000000000000000e+00
2.564223695394384894e-03,5.130127474276602317e-03,7.844282288825671356e-01,-1.185970228131278281e+00,2.000000000000000000e+01,7.462424133343403820e-02,0.000000000000000000e+00,0.000000000000000000e+00,0.000000000000000000e+00,0.000000000000000000e+00,-5.904755231674707971e+01,7.889154146792125566e+00,2.000000000000000000e+01,5.069754303803918560e+02,1.058136765790740697e+02,2.597300000000000000e+06,1.433099999999999929e-01,-2.055481349999886049e+02,1.000000000000000000e+00
2.778410537866279548e-03,4.857057943331355432e-03,5.518343622285640793e-01,1.220964153399610952e+00,2.000000000000000000e+01,7.482017582989507198e-02,0.000000000000000000e+00,0.000000000000000000e+00,0.000000000000000000e+00,0.000000000000000000e+00,-4.687901843953856229e+01,7.094781147003256905e+00,2.100000000000000000e+01,1.639490329500685220e+03,8.989461463362361826e+01,2.678000000000000000e+06,2.602900000000000214e-01,-8.282144000001687800e+02,1.000000000000000000e+00
2.844039582569932861e-03,4.888582346434387077e-03,6.142913033217132224e-01,6.615372267903815162e-01,2.000000000000000000e+01,7.461788079122574913e-02,0.000000000000000000e+00,0.000000000000000000e+00,0.000000000000000000e+00,0.000000000000000000e+00,-5.240675058398930730e+01,6.896748738847014337e+00,2.200000000000000000e+01,1.292783570226197298e+03,9.437191332088501383e+01,2.606700000000000000e+06,2.315500000000000058e-01,-6.504228000000686052e+02,1.000000000000000000e+00
3.122792450612804985e-03,4.470693716835515835e-03,1.110218527476161787e+00,-3.281377774815782633e+00,2.000000000000000000e+01,6.838413228897174956e-02,0.000000000000000000e+00,0.000000000000000000e+00,0.000000000000000000e+00,0.000000000000000000e+00,-6.637619734662089854e+01,7.824075623179937544e+00,2.300000000000000000e+01,2.810006836560199304e+02,1.105044676055798902e+02,2.538100000000000000e+06,1.501200000000000034e-01,-1.593578520000057779e+02,1.000000000000000000e+00
2.615832957011630759e-03,5.308291682852437493e-03,4.868557168788422151e-01,8.821208113652906357e-01,2.000000000000000000e+01,7.481495710116843612e-02,0.000000000000000000e+00,0.000000000000000000e+00,0.000000000000000000e+00,0.000000000000000000e+00,-5.249745264238623577e+01,7.132495109287938284e+00,2.400000000000000000e+01,1.307358656138886772e+03,9.408183903913447921e+01,2.622500000000000000e+06,2.911000000000000254e-01,-1.195948000000163802e+03,1.000000000000000000e+00
2.754080529438433962e-03,4.470983084197803666e-03,6.054226839220204770e-01,4.455970957138801619e-02,2.000000000000000000e+01,8.070587627793845975e-02,0.000000000000000000e+00,0.000000000000000000e+00,0.000000000000000000e+00,0.000000000000000000e+00,-5.659735600774681075e+01,6.833844044280435348e+00,2.500000000000000000e+01,9.834858630438136515e+02,9.899381127605566633e+01,2.560400000000000000e+06,1.894200000000000050e-01,-4.843523160000415260e+02,1.000000000000000000e+00
2.757707005565128086e-03,4.598276877265521610e-03,9.101385928574241557e-01,-1.108561872148748462e+00,2.000000000000000000e+01,7.376163751589093209e-02,0.000000000000000000e+00,0.000000000000000000e+00,0.000000000000000000e+00,0.000000000000000000e+00,-5.639524166114447468e+01,7.293647364827371860e+00,2.600000000000000000e+01,7.541466639680386379e+02,1.017888127175382067e+02,2.590900000000000000e+06,1.930499999999999994e-01,-2.933582029999987526e+02,1.000000000000000000e+00
2.674181480426075092e-03,4.342211955893448064e-03,5.896850295874538350e-01,8.068334204305273039e-01,2.000000000000000000e+01,7.453945269151321384e-02,0.000000000000000000e+00,0.000000000000000000e+00,0.000000000000000000e+00,0.000000000000000000e+00,-5.112997259274395390e+01,6.497537617739826743e+00,2.700000000000000000e+01,1.386543688945791700e+03,9.322293417946218597e+01,2.590500000000000000e+06,2.624199999999999866e-01,-8.412372540000228582e+02,1.000000000000000000e+00
2.632719033234075592e-03,4.840683355290813401e-03,6.647290760931290343e-01,-2.689103983828250999e-01,2.000000000000000000e+01,7.476147383548939485e-02,0.000000000000000000e+00,0.000000000000000000e+00,0.000000000000000000e+00,0.000000000000000000e+00,-5.566663307784371284e+01,7.020877519989066506e+00,2.800000000000000000e+01,9.637779912075917537e+02,9.901586349910563456e+01,2.581000000000000000e+06,1.703500000000000014e-01,-3.551930489999983251e+02,1.000000000000000000e+00
2.546471740698020517e-03,4.105755947169930156e-03,6.787202949335852109e-01,3.136701938643253196e-01,2.000000000000000000e+01,7.165269843166653663e-02,0.000000000000000000e+00,0.000000000000000000e+00,0.000000000000000000e+00,0.000000000000000000e+00,-5.550899785131093722e+01,7.197546214682599697e+00,2.900000000000000000e+01,1.101639530668989664e+03,9.670094629903763916e+01,2.583000000000000000e+06,2.469800000000000051e-01,-7.417754979999393754e+02,1.000000000000000000e+00
2.561287625719725364e-03,4.656842557638174798e-03,6.372760812141212705e-01,-7.093910724574351012e-02,2.000000000000000000e+01,7.426263032301642919e-02,0.000000000000000000e+00,0.000000000000000000e+00,0.000000000000000000e+00,0.000000000000000000e+00,-5.638729018468483645e+01,6.607928596190313364e+00,3.000000000000000000e+01,9.883578907320534199e+02,9.885341348335990119e+01,2.545200000000000000e+06,2.351100000000000134e-01,-6.635576909999098234e+02,1.000000000000000000e+00
2.597783870546866141e-03,4.561117955184561604e-03,1.146468490758035363e+00,-1.728901436320737561e+00,2.000000000000000000e+01,6.655708702941819099e-02,0.000000000000000000e+00,0.000000000000000000e+00,0.000000000000000000e+00,0.000000000000000000e+00,-5.936287521585599336e+01,7.387660934316969907e+00,3.100000000000000000e+01,4.561641319212963595e+02,1.059363479673668991e+02,2.562200000000000000e+06,9.379400000000000237e-02,-5.499100000000009203e+01,1.000000000000000000e+00
2.653536241739945945e-03,4.646244076320948588e-03,8.401626034704844370e-01,-2.006413940984863586e+00,2.000000000000000000e+01,7.436416743952346808e-02,0.000000000000000000e+00,0.000000000000000000e+00,0.000000000000000000e+00,0.000000000000000000e+00,-5.900497201339261721e+01,7.083909069939033465e+00,3.200000000000000000e+01,5.545750251159415711e+02,1.057856394585753605e+02,2.547100000000000000e+06,1.510700000000000098e-01,-2.247061800000047924e+02,1.000000000000000000e+00
2.656376735006553240e-03,4.642953470004387850e-03,5.730533524387695365e-01,4.376167025925706278e-01,2.000000000000000000e+01,7.525996164728086801e-02,0.000000000000000000e+00,0.000000000000000000e+00,0.000000000000000000e+00,0.000000000000000000e+00,-5.484797745714620021e+01,6.729248105612220421e+00,3.300000000000000000e+01,1.135510916634212890e+03,9.657423680237101848e+01,2.569700000000000000e+06,1.786999999999999977e-01,-4.687822350000218421e+02,1.000000000000000000e+00
2.758988751369737674e-03,4.400396505834315401e-03,6.281731219265301869e-01,7.805978499304671026e-01,2.000000000000000000e+01,7.473058883373645545e-02,0.000000000000000000e+00,0.000000000000000000e+00,0.000000000000000000e+00,0.000000000000000000e+00,-5.212616907212215267e+01,6.441472987231012581e+00,3.400000000000000000e+01,1.358849515497659468e+03,9.382054018256411609e+01,2.577000000000000000e+06,2.086800000000000044e-01,-5.505144619999994120e+02,1.000000000000000000e+00
2.682284509071208856e-03,4.888071613767896659e-03,9.992856256203495047e-01,-2.384329540779095424e+00,2.000000000000000000e+01,7.385070171886271018e-02,0.000000000000000000e+00,0.000000000000000000e+00,0.000000000000000000e+00,0.000000000000000000e+00,-5.925976292902526410e+01,7.299893223654080998e+00,3.500000000000000000e+01,4.520478028666507839e+02,1.069672571711208491e+02,2.557600000000000000e+06,1.591299999999999937e-01,-1.864883999999987907e+02,1.000000000000000000e+00
2.736515576699159041e-03,4.839195548886824141e-03,9.178646777753401986e-01,-1.526693326995389732e+00,2.000000000000000000e+01,7.298940450521096412e-02,0.000000000000000000e+00,0.000000000000000000e+00,0.000000000000000000e+00,0.000000000000000000e+00,-5.928149972608018459e+01,7.084176970736701051e+00,3.600000000000000000e+01,5.694419081177330781e+02,1.050837285182641097e+02,2.543700000000000000e+06,3.044999999999999929e-01,-6.462945719999502217e+02,1.000000000000000000e+00
2.592202846479981643e-03,5.006587585440504078e-03,8.079890876242971087e-01,-8.351617591396833795e-01,2.000000000000000000e+01,7.336590763615079280e-02,0.000000000000000000e+00,0.000000000000000000e+00,0.000000000000000000e+00,0.000000000000000000e+00,-5.901591823898002076e+01,7.565551742313406436e+00,3.700000000000000000e+01,5.695777313352851934e+02,1.046727914232688192e+02,2.576900000000000000e+06,2.721799999999999775e-01,-5.851872000000442995e+02,1.000000000000000000e+00
2.413045867945840580e-03,4.745116786751597641e-03,8.520516816477521349e-01,-8.520021654407193834e-01,2.000000000000000000e+01,6.622091648267892927e-02,0.000000000000000000e+00,0.000000000000000000e+00,0.000000000000000000e+00,0.000000000000000000e+00,-5.923817372134538317e+01,7.498912434191180587e+00,3.800000000000000000e+01,7.337017691993423796e+02,1.025360316348200485e+02,2.551200000000000000e+06,4.247099999999999764e-01,-1.224474000000162505e+03,1.000000000000000000e+00
2.429233622760599860e-03,5.106399080806342701e-03,8.604567323103227139e-01,-3.212331106761570076e-01,2.000000000000000000e+01,7.349375203301000692e-02,0.000000000000000000e+00,0.000000000000000000e+00,0.000000000000000000e+00,0.000000000000000000e+00,-5.870771378269746776e+01,7.054934430105231691e+00,3.900000000000000000e+01,7.339007807886125647e+02,1.023636679979028514e+02,2.548800000000000000e+06,2.087700000000000111e-01,-3.340698419999918087e+02,1.000000000000000000e+00
2.605021091874499661e-03,4.225090808184652803e-03,6.549817073755241914e-01,3.539531157588523547e-01,2.000000000000000000e+01,8.169356827751184102e-02,0.000000000000000000e+00,0.000000000000000000e+00,0.000000000000000000e+00,0.000000000000000000e+00,-5.034501003882588321e+01,6.141164391303652437e+00,4.000000000000000000e+01,1.155368741260262368e+03,9.627514302879599484e+01,2.581100000000000000e+06,1.819199999999999984e-01,-4.041153260000271530e+02,1.000000000000000000e+00
2.630124792324128793e-03,4.869996602483508963e-03,8.799987812063092552e-01,-1.859680085759739976e+00,2.000000000000000000e+01,7.455412645856480947e-02,0.000000000000000000e+00,0.000000000000000000e+00,0.000000000000000000e+00,0.000000000000000000e+00,-6.096044276531495143e+01,7.356665014902891819e+00,4.100000000000000000e+01,4.085457955774975858e+02,1.080512652134685538e+02,2.541100000000000000e+06,1.324899999999999967e-01,-1.618332820000059940e+02,1.000000000000000000e+00
2.677108603797501239e-03,4.574824030900828675e-03,6.458019241845500691e-01,1.091023831632669250e+00,2.000000000000000000e+01,6.955199886865293113e-02,0.000000000000000000e+00,0.000000000000000000e+00,0.000000000000000000e+00,0.000000000000000000e+00,-5.559701634632082090e+01,6.237858828487358842e+00,4.200000000000000000e+01,1.367082064699200373e+03,9.354811925870696143e+01,2.591100000000000000e+06,2.335000000000000131e-01,-6.987903310000965575e+02,1.000000000000000000e+00
2.646877084269979186e-03,4.812900093244532052e-03,9.455554678238722310e-01,-2.891215214829734315e+00,2.000000000000000000e+01,7.596765561260622468e-02,0.000000000000000000e+00,0.000000000000000000e+00,0.000000000000000000e+00,0.000000000000000000e+00,-6.199967942096868256e+01,7.393648174828811648e+00,4.300000000000000000e+01,2.655175628871484719e+02,1.108829537981690834e+02,2.530300000000000000e+06,8.354599999999999527e-02,-6.132193500000029474e+01,1.000000000000000000e+00
2.493817372027431166e-03,5.284556984103525382e-03,7.138469311312821697e-01,5.930641084098385862e-01,2.000000000000000000e+01,7.928943962444044702e-02,0.000000000000000000e+00,0.000000000000000000e+00,0.000000000000000000e+00,0.000000000000000000e+00,-4.728645382373352390e+01,6.733434007518958708e+00,4.400000000000000000e+01,1.328747442130435957e+03,9.387949372873397635e+01,2.608400000000000000e+06,4.008300000000000196e-01,-1.236791999999683640e+03,1.000000000000000000e+00
2.885602306269774431e-03,4.830599004437530729e-03,7.160718079018062454e-01,2.364441231838257107e-01,2.000000000000000000e+01,7.353492793650676096e-02,0.000000000000000000e+00,0.000000000000000000e+00,0.000000000000000000e+00,0.000000000000000000e+00,-5.564519942218927895e+01,7.130456032904935348e+00,4.500000000000000000e+01,9.921305439086343085e+02,9.816733193924324041e+01,2.588100000000000000e+06,3.388999999999999790e-01,-1.055891199999840410e+03,1.000000000000000000e+00
2.816761387837374286e-03,4.501042455996260086e-03,7.612932566384569277e-01,1.332391999660380577e-01,2.000000000000000000e+01,7.375653779686636158e-02,0.000000000000000000e+00,0.000000000000000000e+00,0.000000000000000000e+00,0.000000000000000000e+00,-5.364873399007121435e+01,6.704178714244577009e+00,4.600000000000000000e+01,1.140180482860612301e+03,9.648021727834023409e+01,2.580400000000000000e+06,2.609899999999999998e-01,-6.203973000000153206e+02,1.000000000000000000e+00
2.615832957011630759e-03,5.308291682852437493e-03,4.868557168788422151e-01,8.821208113652906357e-01,2.000000000000000000e+01,7.481495710116843612e-02,0.000000000000000000e+00,0.000000000000000000e+00,0.000000000000000000e+00,0.000000000000000000e+00,-5.249745264238623577e+01,7.132495109287938284e+00,4.700000000000000000e+01,1.222842806894828300e+03,9.474962177642315453e+01,2.602200000000000000e+06,2.444399999999999906e-01,-8.464089999999508791e+02,1.000000000000000000e+00
2.782254133925938112e-03,4.787250997936624668e-03,6.134836778182070072e-01,5.005532307757679794e-02,2.000000000000000000e+01,8.043850501912372386e-02,0.000000000000000000e+00,0.000000000000000000e+00,0.000000000000000000e+00,0.000000000000000000e+00,-4.928549029811111382e+01,6.169238598419682695e+00,4.800000000000000000e+01,1.088401883771078474e+03,9.704671951935937102e+01,2.579600000000000000e+06,2.483899999999999997e-01,-7.402862000001009619e+02,1.000000000000000000e+00
2.882064645702364560e-03,4.481847171793520990e-03,6.018134527837032399e-01,1.101600776543145255e+00,2.000000000000000000e+01,7.416927980986173785e-02,0.000000000000000000e+00,0.000000000000000000e+00,0.000000000000000000e+00,0.000000000000000000e+00,-4.943013061525299889e+01,7.265181662460219236e+00,4.900000000000000000e+01,1.432030208471376227e+03,9.143979533047344432e+01,2.665400000000000000e+06,3.478399999999999825e-01,-1.251849077000082161e+03,1.000000000000000000e+00
2.890213794240169710e-03,4.640616258368090996e-03,6.034623141614448016e-01,1.046826499592146797e+00,2.000000000000000000e+01,7.451992753196103048e-02,0.000000000000000000e+00,0.000000000000000000e+00,0.000000000000000000e+00,0.000000000000000000e+00,-5.289679028033376085e+01,6.670610015798246195e+00,5.000000000000000000e+01,1.330139677664353940e+03,9.386063150135522903e+01,2.585400000000000000e+06,2.568900000000000072e-01,-8.390604299999071145e+02,1.000000000000000000e+00
2.747680285176481562e-03,5.439981504550567108e-03,9.228206173568794801e-01,1.069216051525463840e+00,2.000000000000000000e+01,7.247460472144581778e-02,0.000000000000000000e+00,0.000000000000000000e+00,0.000000000000000000e+00,0.000000000000000000e+00,-5.136178983451727476e+01,6.941907955875564085e+00,5.100000000000000000e+01,1.403178380735307655e+03,9.278477473119716024e+01,2.620100000000000000e+06,4.850300000000000167e-01,-1.072544400000113001e+03,1.000000000000000000e+00
1.412436847570560381e-03,2.139556060479387914e-03,2.330090671769713406e-01,8.078566837064281358e+00,2.000000000000000000e+01,8.813371565247303530e-02,0.000000000000000000e+00,0.000000000000000000e+00,0.000000000000000000e+00,0.000000000000000000e+00,-8.138270120455609913e+01,8.622021439433229517e+00,5.200000000000000000e+01,1.576559069406708602e+02,1.473049557402966627e+02,2.382400000000000000e+06,5.585099999999999787e-02,-1.471735809999971991e+02,1.000000000000000000e+00
2.525657982641920686e-03,4.970004506418270254e-03,7.432966681262280773e-01,-2.574169771031649567e+00,2.000000000000000000e+01,7.575882268790101737e-02,0.000000000000000000e+00,0.000000000000000000e+00,0.000000000000000000e+00,0.000000000000000000e+00,-6.289868331490720976e+01,6.929320992429109261e+00,5.300000000000000000e+01,3.212487075718200344e+02,1.104177948220793439e+02,2.492800000000000000e+06,9.882799999999999918e-02,-1.234371999999973326e+02,1.000000000000000000e+00
2.692526377355917988e-03,3.964691532549086649e-03,6.737947712053216076e-01,1.195148077699265787e+00,2.000000000000000000e+01,7.078603163425564726e-02,0.000000000000000000e+00,0.000000000000000000e+00,0.000000000000000000e+00,0.000000000000000000e+00,-5.722372042356427357e+01,6.341896866527720000e+00,5.400000000000000000e+01,1.401681456857786543e+03,9.313771037238977613e+01,2.564200000000000000e+06,2.245000000000000051e-01,-6.349906999999865320e+02,1.000000000000000000e+00
2.607547687421544157e-03,4.861739789875817869e-03,8.161777521394890655e-01,-3.072954723886045070e+00,2.000000000000000000e+01,7.347453268874773458e-02,0.000000000000000000e+00,0.000000000000000000e+00,0.000000000000000000e+00,0.000000000000000000e+00,-6.138464428266416206e+01,7.242523920839651019e+00,5.500000000000000000e+01,3.216014785445129291e+02,1.100482335915996828e+02,2.528100000000000000e+06,2.553000000000000269e-01,-5.659338300000551953e+02,1.000000000000000000e+00
2.652351791287985931e-03,4.811724411949025969e-03,9.904767319883045484e-01,-2.229197997498394646e+00,2.000000000000000000e+01,7.326209925626589459e-02,0.000000000000000000e+00,0.000000000000000000e+00,0.000000000000000000e+00,0.000000000000000000e+00,-6.045355675103534310e+01,7.626661719485694491e+00,5.600000000000000000e+01,3.443149508904160143e+02,1.085248162268676424e+02,2.562600000000000000e+06,2.189699999999999980e-01,-3.291132000000117159e+02,1.000000000000000000e+00
2.747752161550197705e-03,4.588909446281904184e-03,8.002020463859697008e-01,-8.221702277903210065e-01,2.000000000000000000e+01,7.412765313773049536e-02,0.000000000000000000e+00,0.000000000000000000e+00,0.000000000000000000e+00,0.000000000000000000e+00,-5.914695623934690616e+01,6.796223932712864624e+00,5.700000000000000000e+01,7.276564224422829739e+02,1.031461456249620454e+02,2.527800000000000000e+06,1.803700000000000025e-01,-3.349812000000235344e+02,1.000000000000000000e+00
2.630062819680780567e-03,4.906076723005902210e-03,6.776075642284773437e-01,-1.638155758678735141e-01,2.000000000000000000e+01,7.393798910187823759e-02,0.000000000000000000e+00,0.000000000000000000e+00,0.000000000000000000e+00,0.000000000000000000e+00,-5.690811449257013521e+01,6.981146893622471872e+00,5.800000000000000000e+01,8.876360479642165728e+02,9.995363419844653663e+01,2.564300000000000000e+06,2.544500000000000095e-01,-6.957253120000405033e+02,1.000000000000000000e+00
2.665637148828961522e-03,4.848889260529176681e-03,8.872943102873278587e-01,-2.132765833949558765e+00,2.000000000000000000e+01,7.438280507860042801e-02,0.000000000000000000e+00,0.000000000000000000e+00,0.000000000000000000e+00,0.000000000000000000e+00,-6.044341272356993500e+01,7.312986161309689592e+00,5.900000000000000000e+01,4.185953581755969708e+02,1.077140925863206036e+02,2.544400000000000000e+06,1.402899999999999980e-01,-1.813775470000026928e+02,1.000000000000000000e+00
2.596376793867388993e-03,4.862642320600648813e-03,7.568089487209281874e-01,-1.876757291421153884e+00,2.000000000000000000e+01,7.510554160834280457e-02,0.000000000000000000e+00,0.000000000000000000e+00,0.000000000000000000e+00,0.000000000000000000e+00,-6.095756919853931066e+01,7.337077106158118589e+00,6.000000000000000000e+01,4.185953120481738097e+02,1.080071298965789452e+02,2.539500000000000000e+06,1.219200000000000006e-01,-1.778253150000033997e+02,1.000000000000000000e+00
2.548527431774894568e-03,4.981732622897017820e-03,6.220823041885459315e-01,-3.213079447307420899e-01,2.000000000000000000e+01,7.412044478046142526e-02,0.000000000000000000e+00,0.000000000000000000e+00,0.000000000000000000e+00,0.000000000000000000e+00,-5.546323258265559275e+01,7.227122824475498142e+00,6.100000000000000000e+01,9.130538393441165681e+02,9.912857523178516317e+01,2.596700000000000000e+06,2.664699999999999847e-01,-7.947813179998606756e+02,1.000000000000000000e+00
2.515607442026419373e-03,4.554124258448902576e-03,8.666704922245440645e-01,-6.084212836016819059e-01,2.000000000000000000e+01,7.362126144052066890e-02,0.000000000000000000e+00,0.000000000000000000e+00,0.000000000000000000e+00,0.000000000000000000e+00,-6.038448002775290036e+01,6.603987135316379486e+00,6.200000000000000000e+01,6.838746977043905417e+02,1.037167582522333902e+02,2.502600000000000000e+06,1.981199999999999906e-01,-3.322810540000245965e+02,1.000000000000000000e+00
2.591579130723645555e-03,4.857706816965740547e-03,5.898860306195778946e-01,5.074725531533463840e-01,2.000000000000000000e+01,7.477590411956848426e-02,0.000000000000000000e+00,0.000000000000000000e+00,0.000000000000000000e+00,0.000000000000000000e+00,-5.384301876081647009e+01,6.893410724079801710e+00,6.300000000000000000e+01,1.166330489194157508e+03,9.576499826345677491e+01,2.591600000000000000e+06,2.094100000000000128e-01,-5.590944000000525875e+02,1.000000000000000000e+00
2.591197803175618840e-03,5.014110259374530976e-03,7.051276063129323646e-01,-8.142585978703735794e-01,2.000000000000000000e+01,7.465521668459411397e-02,0.000000000000000000e+00,0.000000000000000000e+00,0.000000000000000000e+00,0.000000000000000000e+00,-5.884177419691461353e+01,7.149827328257575942e+00,6.400000000000000000e+01,6.846128876276851543e+02,1.034664301310964021e+02,2.553700000000000000e+06,1.581500000000000128e-01,-2.983116179999900623e+02,1.000000000000000000e+00
2.587664098770729379e-03,4.733356812403144084e-03,8.135020531456249593e-01,2.092687006080833356e-01,2.000000000000000000e+01,7.285931972780165800e-02,0.000000000000000000e+00,0.000000000000000000e+00,0.000000000000000000e+00,0.000000000000000000e+00,-5.492739797380065880e+01,6.747892014198635380e+00,6.500000000000000000e+01,1.052108630945094546e+03,9.716213488048616398e+01,2.569900000000000000e+06,3.921799999999999731e-01,-1.094900763999913806e+03,1.000000000000000000e+00
2.363397394263406365e-03,5.024226379579557582e-03,6.622997727957018466e-01,-6.975839307612901052e-01,2.000000000000000000e+01,7.503654275658169781e-02,0.000000000000000000e+00,0.000000000000000000e+00,0.000000000000000000e+00,0.000000000000000000e+00,-5.933948905762279225e+01,6.843834166583905088e+00,6.600000000000000000e+01,7.116122642110178731e+02,1.032412264775364434e+02,2.528900000000000000e+06,1.366100000000000092e-01,-2.437050980000148570e+02,1.000000000000000000e+00
2.434804087846775041e-03,4.597678188333343720e-03,8.114384773137715001e-01,2.846337894270645208e-02,2.000000000000000000e+01,7.291607171371278229e-02,0.000000000000000000e+00,0.000000000000000000e+00,0.000000000000000000e+00,0.000000000000000000e+00,-5.797971334847440517e+01,6.601238287388433434e+00,6.700000000000000000e+01,8.692448688720662631e+02,1.001284767644505820e+02,2.527900000000000000e+06,3.529499999999999860e-01,-9.279823109998212658e+02,1.000000000000000000e+00
2.731073238833980031e-03,4.822294303502153504e-03,8.150618125432870231e-01,-9.960521098602626022e-01,2.000000000000000000e+01,7.531576032984001190e-02,0.000000000000000000e+00,0.000000000000000000e+00,0.000000000000000000e+00,0.000000000000000000e+00,-5.357360057962441147e+01,6.973844220834473973e+00,6.800000000000000000e+01,5.907320586439773251e+02,1.045077061560241987e+02,2.566000000000000000e+06,2.024600000000000011e-01,-3.711666210000155388e+02,1.000000000000000000e+00
2.370986723521355515e-03,4.590215488667875182e-03,8.184146636265725583e-01,-1.182562554488445633e-01,2.000000000000000000e+01,7.286536373091295760e-02,0.000000000000000000e+00,0.000000000000000000e+00,0.000000000000000000e+00,0.000000000000000000e+00,-5.806638672944347945e+01,6.604022272167955343e+00,6.900000000000000000e+01,8.410049319532032541e+02,1.004582824357680693e+02,2.527200000000000000e+06,3.548899999999999832e-01,-9.135424470000701831e+02,1.000000000000000000e+00
2.557014750952029975e-03,4.965052812846294794e-03,6.440383498893232916e-01,-5.657049908993148080e-01,2.000000000000000000e+01,7.433935200637992180e-02,0.000000000000000000e+00,0.000000000000000000e+00,0.000000000000000000e+00,0.000000000000000000e+00,-5.537862628183138725e+01,7.113960089539300924e+00,7.000000000000000000e+01,9.071308328521382691e+02,9.961792644321504042e+01,2.590000000000000000e+06,2.245300000000000074e-01,-5.628787319999036072e+02,1.000000000000000000e+00
2.660528098761583658e-03,4.533402293289495733e-03,7.356582833271432253e-01,1.360981551816918267e-01,2.000000000000000000e+01,7.351750476699721315e-02,0.000000000000000000e+00,0.000000000000000000e+00,0.000000000000000000e+00,0.000000000000000000e+00,-5.510786286120883659e+01,6.756241566690754041e+00,7.100000000000000000e+01,1.038355207807880333e+03,9.750254359829301620e+01,2.568600000000000000e+06,3.024800000000000266e-01,-8.292562999999821614e+02,1.000000000000000000e+00
2.606886085601947504e-03,4.772753156879997946e-03,7.250058150290461523e-01,-7.827097452014986079e-01,2.000000000000000000e+01,7.428345029342590944e-02,0.000000000000000000e+00,0.000000000000000000e+00,0.000000000000000000e+00,0.000000000000000000e+00,-5.932535157866568909e+01,6.839119626424169596e+00,7.200000000000000000e+01,7.074987448745629308e+02,1.033626141585742602e+02,2.528500000000000000e+06,1.817699999999999871e-01,-3.762769999999773063e+02,1.000000000000000000e+00
2.548254498876656796e-03,4.612914117004618744e-03,6.467804618770544023e-01,1.149789730783157271e-01,2.000000000000000000e+01,7.424996109512495279e-02,0.000000000000000000e+00,0.000000000000000000e+00,0.000000000000000000e+00,0.000000000000000000e+00,-5.708355561437426218e+01,7.234016418717509112e+00,7.300000000000000000e+01,8.464550858320587849e+02,1.001741094831554051e+02,2.578500000000000000e+06,2.355200000000000071e-01,-6.161039819999165275e+02,1.000000000000000000e+00
3.895496294520297935e-03,2.065271888540854209e-03,5.386982904885306844e-01,-3.375813735360615020e+00,2.000000000000000000e+01,6.796885446657262297e-02,0.000000000000000000e+00,0.000000000000000000e+00,0.000000000000000000e+00,0.000000000000000000e+00,-7.764130909418776127e+01,6.914535634996302527e+00,7.400000000000000000e+01,1.680548677039227243e+02,1.419474645549660181e+02,2.349900000000000000e+06,5.435399999999999954e-02,-1.031665799999992856e+02,1.000000000000000000e+00
2.633848755414858536e-03,4.665642299620183925e-03,8.986480779266891039e-01,-1.336728660652927392e+00,2.000000000000000000e+01,7.300795341664538529e-02,0.000000000000000000e+00,0.000000000000000000e+00,0.000000000000000000e+00,0.000000000000000000e+00,-5.801573936567373835e+01,7.329222009443729036e+00,7.500000000000000000e+01,6.116416847052137200e+02,1.037763330779008299e+02,2.573900000000000000e+06,3.109399999999999942e-01,-6.500712000000632997e+02,1.000000000000000000e+00
2.722930820356706319e-03,5.330822663832971917e-03,8.327615481551059462e-01,-5.705691350946349161e-01,2.000000000000000000e+01,7.530734525887726460e-02,0.000000000000000000e+00,0.000000000000000000e+00,0.000000000000000000e+00,0.000000000000000000e+00,-6.013624965030406599e+01,7.163613353879234147e+00,7.600000000000000000e+01,8.363125584863269069e+02,1.005501921044873939e+02,2.574000000000000000e+06,2.141899999999999915e-01,-3.553162899999743445e+02,1.000000000000000000e+00
2.628434326220317925e-03,3.695325587045282349e-03,1.070576308985973446e+00,-3.108008848396282886e+00,2.000000000000000000e+01,6.624516042511324754e-02,0.000000000000000000e+00,0.000000000000000000e+00,0.000000000000000000e+00,0.000000000000000000e+00,-6.265016364256617010e+01,6.932185785234054265e+00,7.700000000000000000e+01,2.273365672272580866e+02,1.108948187421504770e+02,2.494800000000000000e+06,8.566600000000000603e-02,-5.229720000000044422e+01,1.000000000000000000e+00
2.532711433888050912e-03,4.151373790311170542e-03,1.096126982848571130e+00,-2.882067928092562958e+00,2.000000000000000000e+01,6.388969209498489288e-02,0.000000000000000000e+00,0.000000000000000000e+00,0.000000000000000000e+00,0.000000000000000000e+00,-7.120823732584928223e+01,6.551937745504650579e+00,7.800000000000000000e+01,2.219006403683179656e+02,1.135155175073200269e+02,2.471700000000000000e+06,2.346199999999999952e-01,-2.875459049999970489e+02,1.000000000000000000e+00
2.806836703241628178e-03,4.044089082530510915e-03,8.223938699251525097e-01,-3.809221646946002959e+00,2.000000000000000000e+01,6.755811668865802089e-02,0.000000000000000000e+00,0.000000000000000000e+00,0.000000000000000000e+00,0.000000000000000000e+00,-6.654615269100825969e+01,6.351906460730089243e+00,7.900000000000000000e+01,2.176555620805365834e+02,1.146259783417421403e+02,2.419700000000000000e+06,1.070699999999999985e-01,-1.295902949999995712e+02,1.000000000000000000e+00
2.698659504736987836e-03,4.476997289844373250e-03,6.894825604859933232e-01,-3.677459011580020309e+00,2.000000000000000000e+01,7.543805182540880283e-02,0.000000000000000000e+00,0.000000000000000000e+00,0.000000000000000000e+00,0.000000000000000000e+00,-6.742454716914613755e+01,6.786220729062677037e+00,8.000000000000000000e+01,1.688885131645013473e+02,1.176208076964876881e+02,2.430400000000000000e+06,1.259699999999999986e-01,-2.398520220000069969e+02,1.000000000000000000e+00
2.653434742351432150e-03,4.617334841958605982e-03,8.510278375426747477e-01,-3.940692438107587847e+00,2.000000000000000000e+01,7.346355443971996912e-02,0.000000000000000000e+00,0.000000000000000000e+00,0.000000000000000000e+00,0.000000000000000000e+00,-6.493563513959533395e+01,6.979272818381581089e+00,8.100000000000000000e+01,1.865399720377602080e+02,1.148038316670052126e+02,2.469700000000000000e+06,2.447600000000000053e-01,-5.244076899999458874e+02,1.000000000000000000e+00
3.098619084741161944e-03,4.282925151487645271e-03,8.338350326083964204e-01,-2.816506509911461009e+00,2.000000000000000000e+01,6.866290444074679700e-02,0.000000000000000000e+00,0.000000000000000000e+00,0.000000000000000000e+00,0.000000000000000000e+00,-6.415607367255388738e+01,7.276731432332725902e+00,8.200000000000000000e+01,1.724514900340637098e+02,1.160803770984910841e+02,2.430400000000000000e+06,7.281100000000000072e-02,-5.972714699999958299e+01,1.000000000000000000e+00
2.593264327021249996e-03,4.657290489286501634e-03,8.263956498294071640e-01,-3.570340943079298945e+00,2.000000000000000000e+01,7.346167273521742036e-02,0.000000000000000000e+00,0.000000000000000000e+00,0.000000000000000000e+00,0.000000000000000000e+00,-6.546289244024852394e+01,6.983815464727436861e+00,8.300000000000000000e+01,1.846579608145728457e+02,1.152658547008653329e+02,2.464000000000000000e+06,2.481299999999999895e-01,-5.641481909999732807e+02,1.000000000000000000e+00
3.531080307334732993e-03,4.765972215411204763e-03,5.053033377572854201e-01,2.413918389586191093e+00,2.000000000000000000e+01,7.143000573650558349e-02,0.000000000000000000e+00,0.000000000000000000e+00,0.000000000000000000e+00,0.000000000000000000e+00,-4.600665826194401120e+01,6.189798045387746583e+00,8.400000000000000000e+01,2.320854855582259916e+03,8.705326416637316811e+01,2.666300000000000000e+06,1.602200000000000013e-01,-4.128897000000162052e+02,1.000000000000000000e+00
2.830765993581670775e-03,4.570438169236140311e-03,5.188979322787743431e-01,2.438230168741531312e+00,2.000000000000000000e+01,7.498603157350038073e-02,0.000000000000000000e+00,0.000000000000000000e+00,0.000000000000000000e+00,0.000000000000000000e+00,-4.093195484821669794e+01,6.115841177996106381e+00,8.500000000000000000e+01,2.238186085855446890e+03,8.737181423534934765e+01,2.647500000000000000e+06,2.773399999999999754e-01,-9.967042540000908275e+02,1.000000000000000000e+00
2.951659224571082790e-03,4.553201387014278040e-03,5.317445856665071746e-01,2.182671885804752243e+00,2.000000000000000000e+01,7.649320292946203137e-02,0.000000000000000000e+00,0.000000000000000000e+00,0.000000000000000000e+00,0.000000000000000000e+00,-4.375156297702027075e+01,6.444103233405961362e+00,8.600000000000000000e+01,2.172303594989525209e+03,8.753120291444440682e+01,2.653200000000000000e+06,1.354200000000000126e-01,-3.130103999999967641e+02,1.000000000000000000e+00
3.068864858445551763e-03,4.625788466606335636e-03,5.201927075712016180e-01,2.137964455135827446e+00,2.000000000000000000e+01,7.474841648573321562e-02,0.000000000000000000e+00,0.000000000000000000e+00,0.000000000000000000e+00,0.000000000000000000e+00,-4.392404106013714227e+01,6.115108506449995929e+00,8.700000000000000000e+01,2.109387910977095089e+03,8.806764242567128065e+01,2.623900000000000000e+06,3.422299999999999787e-01,-1.519052699999672541e+03,1.000000000000000000e+00
3.177899854782570768e-03,4.280057855640168399e-03,5.875288638411935160e-01,1.933056018631546191e+00,2.000000000000000000e+01,7.391738853165731593e-02,0.000000000000000000e+00,0.000000000000000000e+00,0.000000000000000000e+00,0.000000000000000000e+00,-4.310993422646804163e+01,6.299416611134615707e+00,8.800000000000000000e+01,2.123870051546030936e+03,8.800405026520235197e+01,2.646400000000000000e+06,4.680099999999999816e-01,-2.187136709999942013e+03,1.000000000000000000e+00
3.327800909715138838e-03,1.678232828319206182e-03,5.116503766771431927e-01,-3.324538538483700290e+00,2.000000000000000000e+01,6.744924300457832977e-02,0.000000000000000000e+00,0.000000000000000000e+00,0.000000000000000000e+00,0.000000000000000000e+00,-7.525046277526692506e+01,6.977801289111750016e+00,8.900000000000000000e+01,1.596736633247166424e+02,1.517486864609870736e+02,2.282300000000000000e+06,4.986600000000000060e-02,-9.147179999999960387e+01,1.000000000000000000e+00
3.094978856430641648e-03,4.580924597907445883e-03,5.565862012752411658e-01,1.946405703082023653e+00,2.000000000000000000e+01,7.528597753548091354e-02,0.000000000000000000e+00,0.000000000000000000e+00,0.000000000000000000e+00,0.000000000000000000e+00,-4.545065337930896732e+01,6.420851131845431325e+00,9.000000000000000000e+01,1.946173635785004308e+03,8.836204971445823730e+01,2.636400000000000000e+06,2.240800000000000014e-01,-6.990799199999706843e+02,1.000000000000000000e+00
3.052567238680573090e-03,4.369416507287496830e-03,6.092054473709801465e-01,1.792508264230866066e+00,2.000000000000000000e+01,7.353812040399407279e-02,0.000000000000000000e+00,0.000000000000000000e+00,0.000000000000000000e+00,0.000000000000000000e+00,-4.641339466753068166e+01,6.553956414949839271e+00,9.100000000000000000e+01,1.915630507416645514e+03,8.883185833707807433e+01,2.638700000000000000e+06,4.966300000000000159e-01,-2.265298429999792461e+03,1.000000000000000000e+00
3.314232344079902012e-03,4.148299097926624532e-03,6.124811102624366788e-01,1.933129466471961599e+00,2.000000000000000000e+01,7.471262377386389542e-02,0.000000000000000000e+00,0.000000000000000000e+00,0.000000000000000000e+00,0.000000000000000000e+00,-4.632347051153110584e+01,6.219491328076457215e+00,9.200000000000000000e+01,1.866752346472678255e+03,8.887456093669895552e+01,2.612700000000000000e+06,2.852999999999999980e-01,-1.003288539999878139e+03,1.000000000000000000e+00
3.318116931967694284e-03,4.002853942963032971e-03,6.112849143194762913e-01,1.878611637030865866e+00,2.000000000000000000e+01,7.492644463358696938e-02,0.000000000000000000e+00,0.000000000000000000e+00,0.000000000000000000e+00,0.000000000000000000e+00,-4.752629285514378665e+01,6.142501859000957687e+00,9.300000000000000000e+01,1.814976009912063319e+03,8.946133595884819556e+01,2.596000000000000000e+06,2.565000000000000058e-01,-8.673251999999275768e+02,1.000000000000000000e+00
3.148902759041231642e-03,3.880958578624162363e-03,5.931236407800920540e-01,1.610894631116314368e+00,2.000000000000000000e+01,7.571367176055886217e-02,0.000000000000000000e+00,0.000000000000000000e+00,0.000000000000000000e+00,0.000000000000000000e+00,-4.768025854338756631e+01,6.391426620606694087e+00,9.400000000000000000e+01,1.740184202856476759e+03,8.978516725382206687e+01,2.614900000000000000e+06,1.767600000000000005e-01,-4.673264399999777083e+02,1.000000000000000000e+00
3.121424209488289810e-03,4.353412406548845884e-03,6.250437563302549959e-01,1.315223985738196211e+00,2.000000000000000000e+01,7.410321315376222628e-02,0.000000000000000000e+00,0.000000000000000000e+00,0.000000000000000000e+00,0.000000000000000000e+00,-4.651408838167467508e+01,6.627377869811699185e+00,9.500000000000000000e+01,1.722885685582169117e+03,8.983920485831863800e+01,2.643900000000000000e+06,3.675999999999999823e-01,-1.403676789999996799e+03,1.000000000000000000e+00
2.639336941794479148e-03,4.627125936071395038e-03,5.920386697871046211e-01,6.004413931469962940e-01,2.000000000000000000e+01,7.500836840703381525e-02,0.000000000000000000e+00,0.000000000000000000e+00,0.000000000000000000e+00,0.000000000000000000e+00,-5.514296462099371610e+01,6.653855122620032425e+00,9.600000000000000000e+01,1.144335207613547709e+03,9.648370399832172950e+01,2.561500000000000000e+06,1.871299999999999908e-01,-4.883048169999976835e+02,1.000000000000000000e+00
2.686115772997130485e-03,4.476320805710250900e-03,6.382222318899479774e-01,4.781460153913998923e-01,2.000000000000000000e+01,7.481074086982059113e-02,0.000000000000000000e+00,0.000000000000000000e+00,0.000000000000000000e+00,0.000000000000000000e+00,-5.488502854343840198e+01,6.592231059770911727e+00,9.700000000000000000e+01,1.157527944253165288e+03,9.641707055757491673e+01,2.560000000000000000e+06,1.855999999999999872e-01,-4.404128269999538361e+02,1.000000000000000000e+00
2.793019706293742559e-03,4.663548972231331899e-03,7.322892677643543236e-01,3.093236618188057174e-01,2.000000000000000000e+01,7.406292181371657013e-02,0.000000000000000000e+00,0.000000000000000000e+00,0.000000000000000000e+00,0.000000000000000000e+00,-5.622088406500732560e+01,6.688663856340463454e+00,9.800000000000000000e+01,1.043799122168734129e+03,9.799055075131107628e+01,2.552400000000000000e+06,2.194299999999999862e-01,-4.979918999999534890e+02,1.000000000000000000e+00
2.639817414182488685e-03,4.917947137686218967e-03,8.344661367853989375e-01,-6.678701148787677955e-01,2.000000000000000000e+01,7.251984120650040166e-02,0.000000000000000000e+00,0.000000000000000000e+00,0.000000000000000000e+00,0.000000000000000000e+00,-5.899524475299571691e+01,7.068000525046423732e+00,9.900000000000000000e+01,7.167152292372477405e+02,1.032787987417841009e+02,2.546200000000000000e+06,5.016899999999999693e-01,-1.587256000000395716e+03,1.000000000000000000e+00
2.831952441682578092e-03,4.707670299044879741e-03,6.229745095007455102e-01,7.618052599453961626e-01,2.000000000000000000e+01,7.426935414267794855e-02,0.000000000000000000e+00,0.000000000000000000e+00,0.000000000000000000e+00,0.000000000000000000e+00,-5.187067264661345689e+01,6.469199961816469724e+00,1.000000000000000000e+02,1.383926013078076039e+03,9.372762519606871479e+01,2.581100000000000000e+06,2.711100000000000176e-01,-8.750879999999229995e+02,1.000000000000000000e+00
2.701755614437870070e-03,4.701892805194262011e-03,7.355629977128104180e-01,4.031093409733055299e-01,2.000000000000000000e+01,7.445202622941819726e-02,0.000000000000000000e+00,0.000000000000000000e+00,0.000000000000000000e+00,0.000000000000000000e+00,-5.654173826792467139e+01,6.961350101453708028e+00,1.010000000000000000e+02,9.942316092688738536e+02,9.863248769931560389e+01,2.567000000000000000e+06,1.708199999999999996e-01,-3.210888550000217379e+02,1.000000000000000000e+00
2.629027432179624479e-03,4.730323460186484225e-03,7.240569126087530449e-01,6.024436502972613239e-02,2.000000000000000000e+01,7.354991634450869231e-02,0.000000000000000000e+00,0.000000000000000000e+00,0.000000000000000000e+00,0.000000000000000000e+00,-5.650823599484164816e+01,6.553216665963384813e+00,1.020000000000000000e+02,1.000380542212242062e+03,9.860609860750935241e+01,2.540400000000000000e+06,2.905499999999999750e-01,-8.049967380000730373e+02,1.000000000000000000e+00
2.594752146110781109e-03,4.809053325933348652e-03,6.179525344445272461e-01,2.056565107739012355e-01,2.000000000000000000e+01,7.506728560786644910e-02,0.000000000000000000e+00,0.000000000000000000e+00,0.000000000000000000e+00,0.000000000000000000e+00,-5.631272865802286987e+01,6.870696826944596936e+00,1.030000000000000000e+02,1.011596909013277468e+03,9.853863598146347158e+01,2.563800000000000000e+06,1.612099999999999922e-01,-3.594940000000231066e+02,1.000000000000000000e+00
2.610029179853005574e-03,4.757071785020397514e-03,6.368675472554070627e-01,1.852571923909653862e-01,2.000000000000000000e+01,7.174632223753080185e-02,0.000000000000000000e+00,0.000000000000000000e+00,0.000000000000000000e+00,0.000000000000000000e+00,-5.382905531777711161e+01,6.027702999990331989e+00,1.040000000000000000e+02,1.030182893797461475e+03,9.851573771092661502e+01,2.546800000000000000e+06,1.885100000000000109e-01,-4.442986380000387499e+02,1.000000000000000000e+00
2.769789899000439561e-03,4.720144276532016805e-03,6.842062548086116358e-01,2.630066819177162563e-01,2.000000000000000000e+01,7.432073160118535249e-02,0.000000000000000000e+00,0.000000000000000000e+00,0.000000000000000000e+00,0.000000000000000000e+00,-5.640462530086488613e+01,6.671476772217582507e+00,1.050000000000000000e+02,1.034015865217958890e+03,9.825068713350775340e+01,2.549500000000000000e+06,2.126800000000000079e-01,-5.173417990000389182e+02,1.000000000000000000e+00
2.802894909089125378e-03,4.596001159596907470e-03,7.999810665283848543e-01,5.028765608867451498e-01,2.000000000000000000e+01,7.301398475932219245e-02,0.000000000000000000e+00,0.000000000000000000e+00,0.000000000000000000e+00,0.000000000000000000e+00,-5.578097580667582633e+01,6.491770073115104012e+00,1.060000000000000000e+02,1.107578972765593562e+03,9.702427695759180892e+01,2.543700000000000000e+06,3.826999999999999846e-01,-1.170435190999889755e+03,1.000000000000000000e+00
3.054936224878357972e-03,4.916547049062645718e-03,7.930113850815672105e-01,1.032044958624304121e-01,2.000000000000000000e+01,7.319465844482189731e-02,0.000000000000000000e+00,0.000000000000000000e+00,0.000000000000000000e+00,0.000000000000000000e+00,-5.404760270668963074e+01,6.902751699802696095e+00,1.070000000000000000e+02,1.115697140761543096e+03,9.687669932010301466e+01,2.590000000000000000e+06,3.780999999999999917e-01,-1.127563589999920623e+03,1.000000000000000000e+00
2.588108325279476520e-03,4.388030915084027012e-03,6.247100871191334504e-01,4.696433510474737338e-01,2.000000000000000000e+01,7.526839935436585582e-02,0.000000000000000000e+00,0.000000000000000000e+00,0.000000000000000000e+00,0.000000000000000000e+00,-5.562094022039146068e+01,6.799698171205666775e+00,1.080000000000000000e+02,1.076896217614091938e+03,9.730622852738318329e+01,2.566400000000000000e+06,1.508200000000000096e-01,-3.179801620000009166e+02,1.000000000000000000e+00
3.446147354105456861e-03,5.077379309938518347e-03,8.234103386757214427e-01,7.619951213179936289e-01,2.000000000000000000e+01,7.272519254275475187e-02,0.000000000000000000e+00,0.000000000000000000e+00,0.000000000000000000e+00,0.000000000000000000e+00,-4.682154337233237129e+01,7.358883738439004674e+00,1.090000000000000000e+02,1.632714417454829118e+03,9.119738489680939608e+01,2.699700000000000000e+06,6.200599999999999445e-01,-2.043307560000547937e+03,1.000000000000000000e+00
2.893373026021772276e-03,4.841720890640507403e-03,5.903741454847968306e-01,8.517305403273432995e-01,2.000000000000000000e+01,7.517785059347024956e-02,0.000000000000000000e+00,0.000000000000000000e+00,0.000000000000000000e+00,0.000000000000000000e+00,-5.338033215317841496e+01,7.114073568334769782e+00,1.100000000000000000e+02,1.242883305239582569e+03,9.493451151136100918e+01,2.612000000000000000e+06,1.885699999999999876e-01,-4.922904649999916842e+02,1.000000000000000000e+00
2.893373026021772276e-03,4.841720890640507403e-03,5.903741454847968306e-01,8.517305403273432995e-01,2.000000000000000000e+01,7.517785059347024956e-02,0.000000000000000000e+00,0.000000000000000000e+00,0.000000000000000000e+00,0.000000000000000000e+00,-5.338033215317841496e+01,7.114073568334769782e+00,1.110000000000000000e+02,1.276504446070842050e+03,9.484386808759502685e+01,2.577500000000000000e+06,3.079399999999999915e-01,-1.158920127000373441e+03,1.000000000000000000e+00
2.524164485517275437e-03,4.359963714634503169e-03,6.677774865753342004e-01,9.818714627906811598e-01,2.000000000000000000e+01,7.087740786028159934e-02,0.000000000000000000e+00,0.000000000000000000e+00,0.000000000000000000e+00,0.000000000000000000e+00,-5.125633024222917555e+01,6.862900230554362047e+00,1.120000000000000000e+02,1.276239836448467031e+03,9.488105331258130093e+01,2.541000000000000000e+06,1.961299999999999988e-01,-4.494299999999857960e+02,1.000000000000000000e+00
2.729831493690962081e-03,4.559650287538821040e-03,7.094001879176459191e-01,7.068322703239716676e-01,2.000000000000000000e+01,7.353221017350522470e-02,0.000000000000000000e+00,0.000000000000000000e+00,0.000000000000000000e+00,0.000000000000000000e+00,-5.420716867466980915e+01,6.418750475858083782e+00,1.130000000000000000e+02,1.230160180711307476e+03,9.531425075973857020e+01,2.554700000000000000e+06,3.238500000000000267e-01,-9.969960000001864273e+02,1.000000000000000000e+00
2.721820162006009531e-03,5.606752293046090435e-03,7.524672680036720296e-01,4.039164046716813838e-01,2.000000000000000000e+01,6.796464255214883232e-02,0.000000000000000000e+00,0.000000000000000000e+00,0.000000000000000000e+00,0.000000000000000000e+00,-5.598120273004851555e+01,7.126574092461528842e+00,1.140000000000000000e+02,1.229944021140802761e+03,9.564743846223848323e+01,2.602400000000000000e+06,4.752600000000000158e-01,-1.721615129999648389e+03,1.000000000000000000e+00
2.777583951773435374e-03,4.492440767628751684e-03,6.337312642723996747e-01,5.033275115964592761e-01,2.000000000000000000e+01,7.484695198023549878e-02,0.000000000000000000e+00,0.000000000000000000e+00,0.000000000000000000e+00,0.000000000000000000e+00,-5.411730714881270643e+01,6.522184168535076765e+00,1.150000000000000000e+02,1.225674386397448870e+03,9.574824359976597066e+01,2.563000000000000000e+06,1.910699999999999898e-01,-4.733712000000658691e+02,1.000000000000000000e+00
2.806271991487804991e-03,5.061548823549500212e-03,6.291967611050169884e-01,7.901252789918631336e-01,2.000000000000000000e+01,7.447519564632343325e-02,0.000000000000000000e+00,0.000000000000000000e+00,0.000000000000000000e+00,0.000000000000000000e+00,-5.143992782121643614e+01,6.819120993805978692e+00,1.160000000000000000e+02,1.396229834058304050e+03,9.340857605676511355e+01,2.611200000000000000e+06,2.316900000000000071e-01,-6.119864189999556174e+02,1.000000000000000000e+00
2.524270173187902720e-03,4.556410026981367982e-03,7.979721201917917561e-01,-3.885191441059496764e-01,2.000000000000000000e+01,7.363962438798066223e-02,0.000000000000000000e+00,0.000000000000000000e+00,0.000000000000000000e+00,0.000000000000000000e+00,-6.052465317132683253e+01,6.624390475927444122e+00,1.170000000000000000e+02,6.992023858396689775e+02,1.035870724023661182e+02,2.502200000000000000e+06,2.212600000000000122e-01,-4.485971559999567830e+02,1.000000000000000000e+00
2.765757990183191281e-03,4.384384119232015604e-03,6.168318169765700798e-01,7.289292316889177670e-01,2.000000000000000000e+01,7.473648887405918984e-02,0.000000000000000000e+00,0.000000000000000000e+00,0.000000000000000000e+00,0.000000000000000000e+00,-5.304637578872306847e+01,6.485047960276873802e+00,1.180000000000000000e+02,1.294971155367908068e+03,9.450375026572143611e+01,2.570900000000000000e+06,2.170400000000000107e-01,-6.024347999999930607e+02,1.000000000000000000e+00
2.911458471075833304e-03,4.462601220134943328e-03,6.287285462332768970e-01,9.055882366496489366e-01,2.000000000000000000e+01,7.423191612093715808e-02,0.000000000000000000e+00,0.000000000000000000e+00,0.000000000000000000e+00,0.000000000000000000e+00,-5.334493695625999266e+01,6.564665021358467634e+00,1.190000000000000000e+02,1.296889984434237931e+03,9.437996955031259461e+01,2.573500000000000000e+06,2.913999999999999924e-01,-9.959467119999072793e+02,1.000000000000000000e+00
2.836148467921925306e-03,4.877480742151159981e-03,6.067965558045793628e-01,7.361898071323392800e-01,2.000000000000000000e+01,7.487818345606411796e-02,0.000000000000000000e+00,0.000000000000000000e+00,0.000000000000000000e+00,0.000000000000000000e+00,-5.198418211110410425e+01,6.934044016225019647e+00,1.200000000000000000e+02,1.329821566256068081e+03,9.390342320464239378e+01,2.614100000000000000e+06,2.039700000000000124e-01,-5.384599680000045510e+02,1.000000000000000000e+00
2.498177604427369129e-03,4.975353800639585079e-03,8.067158105799545620e-01,-1.184845375951594920e-01,2.000000000000000000e+01,7.311806213599490734e-02,0.000000000000000000e+00,0.000000000000000000e+00,0.000000000000000000e+00,0.000000000000000000e+00,-5.940387323079944792e+01,6.827776761242318138e+00,1.210000000000000000e+02,7.439734868318925010e+02,1.024734152561384235e+02,2.526700000000000000e+06,2.966900000000000093e-01,-7.119328500001221300e+02,1.000000000000000000e+00
2.709529438440957602e-03,4.639352619152556714e-03,6.160714126601156693e-01,5.616948636961440755e-01,2.000000000000000000e+01,7.478061060853810615e-02,0.000000000000000000e+00,0.000000000000000000e+00,0.000000000000000000e+00,0.000000000000000000e+00,-5.425674037104225533e+01,6.598491550165755726e+00,1.220000000000000000e+02,1.199072120894512636e+03,9.579391480415443993e+01,2.566600000000000000e+06,2.018000000000000071e-01,-5.291707139999404035e+02,1.000000000000000000e+00
2.830407470282791070e-03,4.767104154147049598e-03,6.633351224989680883e-01,6.536344163204005353e-01,2.000000000000000000e+01,7.433892526804040946e-02,0.000000000000000000e+00,0.000000000000000000e+00,0.000000000000000000e+00,0.000000000000000000e+00,-5.467498131009426032e+01,6.716318942102903478e+00,1.230000000000000000e+02,1.178962038248695535e+03,9.605863495921381912e+01,2.570600000000000000e+06,2.302599999999999925e-01,-6.004295449999980292e+02,1.000000000000000000e+00
3.028914968285955928e-03,4.143562238384684328e-03,6.409231722300673395e-01,1.885869744516683211e+00,2.000000000000000000e+01,6.680806805503067269e-02,0.000000000000000000e+00,0.000000000000000000e+00,0.000000000000000000e+00,0.000000000000000000e+00,-4.184712319983989204e+01,5.740801273891318779e+00,1.240000000000000000e+02,1.879049809685237733e+03,8.894566765123983032e+01,2.620100000000000000e+06,3.982899999999999774e-01,-1.535968748999420313e+03,1.000000000000000000e+00
2.514581346353078270e-03,4.995764270965007137e-03,7.353635770534798777e-01,-1.101155013788143178e-01,2.000000000000000000e+01,7.321179034725640300e-02,0.000000000000000000e+00,0.000000000000000000e+00,0.000000000000000000e+00,0.000000000000000000e+00,-5.655932967833255987e+01,6.852944837057618699e+00,1.250000000000000000e+02,9.220603500605113823e+02,9.937021751543511527e+01,2.559700000000000000e+06,3.417399999999999882e-01,-9.796724380001923009e+02,1.000000000000000000e+00
2.515209769018785305e-03,4.779391817268587896e-03,7.476023915097946837e-01,1.027870667198502175e-01,2.000000000000000000e+01,7.325454076375265133e-02,0.000000000000000000e+00,0.000000000000000000e+00,0.000000000000000000e+00,0.000000000000000000e+00,-5.727004918346763418e+01,6.740645340397771079e+00,1.260000000000000000e+02,9.136470002784859616e+02,9.950213945628794932e+01,2.544500000000000000e+06,3.217099999999999960e-01,-8.918154540001522719e+02,1.000000000000000000e+00
2.634756085156946849e-03,4.729286324676203537e-03,6.895122340748544021e-01,-7.424120018925434161e-01,2.000000000000000000e+01,7.453179685205005289e-02,0.000000000000000000e+00,0.000000000000000000e+00,0.000000000000000000e+00,0.000000000000000000e+00,-5.833581281848136513e+01,6.882616375704889933e+00,1.270000000000000000e+02,7.670242711359038594e+02,1.023610180802313607e+02,2.542000000000000000e+06,1.790899999999999992e-01,-3.832153789999831588e+02,1.000000000000000000e+00
2.420211375347355431e-03,5.105748075762692358e-03,7.874660974662233137e-01,-3.719859593369553852e-01,2.000000000000000000e+01,7.419966474393266398e-02,0.000000000000000000e+00,0.000000000000000000e+00,0.000000000000000000e+00,0.000000000000000000e+00,-5.836421343822384245e+01,7.034811130463897832e+00,1.280000000000000000e+02,7.727863774686585430e+02,1.019411832976207819e+02,2.551800000000000000e+06,1.626900000000000013e-01,-2.473250220000080049e+02,1.000000000000000000e+00
2.840068113479795285e-03,4.768389041370142169e-03,6.225653755657991617e-01,9.650181486014365317e-01,2.000000000000000000e+01,7.424186887635507437e-02,0.000000000000000000e+00,0.000000000000000000e+00,0.000000000000000000e+00,0.000000000000000000e+00,-5.162160577824582219e+01,6.465849277130134354e+00,1.290000000000000000e+02,1.431791364541381427e+03,9.309823885034693092e+01,2.583300000000000000e+06,2.744099999999999873e-01,-8.836217780000565654e+02,1.000000000000000000e+00
2.858605624258815821e-03,4.708421080411990395e-03,6.102545270480053130e-01,9.585305765578873149e-01,2.000000000000000000e+01,7.431128999506275701e-02,0.000000000000000000e+00,0.000000000000000000e+00,0.000000000000000000e+00,0.000000000000000000e+00,-5.165885761034262202e+01,6.496210321257123610e+00,1.300000000000000000e+02,1.419370987310739110e+03,9.313389439100292577e+01,2.585200000000000000e+06,2.821000000000000174e-01,-9.419451999999297414e+02,1.000000000000000000e+00
2.849322738453972936e-03,4.738820693259829242e-03,6.139557942811264546e-01,9.577586071893774422e-01,2.000000000000000000e+01,7.431053596419623375e-02,0.000000000000000000e+00,0.000000000000000000e+00,0.000000000000000000e+00,0.000000000000000000e+00,-5.165566952831854053e+01,6.488189914567550787e+00,1.310000000000000000e+02,1.424281043119270862e+03,9.313329152369033181e+01,2.584600000000000000e+06,2.728400000000000269e-01,-8.965834470000124838e+02,1.000000000000000000e+00
2.704290075998884955e-03,4.724275568481398242e-03,7.053284736297613655e-01,6.152859579542063750e-02,2.000000000000000000e+01,7.420216308198079869e-02,0.000000000000000000e+00,0.000000000000000000e+00,0.000000000000000000e+00,0.000000000000000000e+00,-5.702689489297975456e+01,6.576631752985692358e+00,1.320000000000000000e+02,9.883287475008129377e+02,9.908303104141066342e+01,2.536600000000000000e+06,2.082100000000000062e-01,-4.796878260000384557e+02,1.000000000000000000e+00
2.568448430954817924e-03,4.740315037063595402e-03,7.061596421105454935e-01,-4.196887139845602577e-01,2.000000000000000000e+01,7.461070108577105842e-02,0.000000000000000000e+00,0.000000000000000000e+00,0.000000000000000000e+00,0.000000000000000000e+00,-5.802213105067794174e+01,6.910173693844070542e+00,1.330000000000000000e+02,8.115258647132674241e+02,1.014174487552989348e+02,2.547600000000000000e+06,1.615699999999999914e-01,-3.091016000000141162e+02,1.000000000000000000e+00
2.594646089535422410e-03,4.939093767594677359e-03,7.224688399936516348e-01,-9.892018697996378673e-01,2.000000000000000000e+01,7.466723792867539788e-02,0.000000000000000000e+00,0.000000000000000000e+00,0.000000000000000000e+00,0.000000000000000000e+00,-5.880691968616694965e+01,7.223512829843211414e+00,1.340000000000000000e+02,6.502355046595353087e+02,1.038293140434746249e+02,2.558400000000000000e+06,1.549000000000000099e-01,-2.786165000000168561e+02,1.000000000000000000e+00
2.560790758497543708e-03,4.803313181752935646e-03,8.941492771018848540e-01,-8.123708356538422715e-01,2.000000000000000000e+01,7.282570485751643785e-02,0.000000000000000000e+00,0.000000000000000000e+00,0.000000000000000000e+00,0.000000000000000000e+00,-5.938898747495582597e+01,7.038205837575734591e+00,1.350000000000000000e+02,6.247101837298749842e+02,1.038839114560039718e+02,2.539600000000000000e+06,3.345400000000000040e-01,-7.662541919998860749e+02,1.000000000000000000e+00
2.307967794672013701e-03,5.165994161979398785e-03,9.994821226213228549e-01,-2.314683513381337321e-01,2.000000000000000000e+01,7.194023886645599386e-02,0.000000000000000000e+00,0.000000000000000000e+00,0.000000000000000000e+00,0.000000000000000000e+00,-6.004952013431767455e+01,7.134413023782457230e+00,1.360000000000000000e+02,6.235347114865760432e+02,1.043772161558191982e+02,2.538100000000000000e+06,5.965899999999999537e-01,-1.475805739000257063e+03,1.000000000000000000e+00
2.682826597029996755e-03,4.851344674828133099e-03,7.658487148587602711e-01,-2.581935202798235185e+00,2.000000000000000000e+01,7.438250038836544120e-02,0.000000000000000000e+00,0.000000000000000000e+00,0.000000000000000000e+00,0.000000000000000000e+00,-5.966533471284243717e+01,7.464560380266783923e+00,1.370000000000000000e+02,4.192179156908991899e+02,1.078670222362313353e+02,2.562800000000000000e+06,1.710899999999999921e-01,-3.156090569999907984e+02,1.000000000000000000e+00
2.437303987136506690e-03,4.467487056946623653e-03,5.929001277801051462e-01,4.464750104527225316e-01,2.000000000000000000e+01,7.484402179647631215e-02,0.000000000000000000e+00,0.000000000000000000e+00,0.000000000000000000e+00,0.000000000000000000e+00,-5.754885555004327102e+01,6.369820383207598802e+00,1.380000000000000000e+02,1.019416010749905354e+03,9.854350482190467631e+01,2.517800000000000000e+06,1.902899999999999869e-01,-4.934904750000500258e+02,1.000000000000000000e+00
2.758163029836924705e-03,4.438312531815464743e-03,6.519670753140538455e-01,2.486838855495761003e-01,2.000000000000000000e+01,7.484916684055983871e-02,0.000000000000000000e+00,0.000000000000000000e+00,0.000000000000000000e+00,0.000000000000000000e+00,-5.423673956126523876e+01,6.744414289881671465e+00,1.390000000000000000e+02,1.150609086064158419e+03,9.654720212583130490e+01,2.577300000000000000e+06,1.809900000000000120e-01,-4.127791699999748403e+02,1.000000000000000000e+00
2.724883297849530622e-03,4.774810954221317405e-03,8.899591171985968829e-01,-1.240286767380379462e+00,2.000000000000000000e+01,7.299194598823735558e-02,0.000000000000000000e+00,0.000000000000000000e+00,0.000000000000000000e+00,0.000000000000000000e+00,-5.954018490761990279e+01,7.084473344208651824e+00,1.400000000000000000e+02,5.866216383298615256e+02,1.048190893176134892e+02,2.540600000000000000e+06,3.165100000000000136e-01,-7.323864790000868652e+02,1.000000000000000000e+00
2.413045867945840580e-03,4.745116786751597641e-03,8.520516816477521349e-01,-8.520021654407193834e-01,2.000000000000000000e+01,6.622091648267892927e-02,0.000000000000000000e+00,0.000000000000000000e+00,0.000000000000000000e+00,0.000000000000000000e+00,-5.923817372134538317e+01,7.498912434191180587e+00,1.410000000000000000e+02,5.864341193689518832e+02,1.048412942368714340e+02,2.570900000000000000e+06,8.221699999999999842e-02,-6.909194699999936518e+01,1.000000000000000000e+00
3.195939089582354627e-03,4.395235596882414095e-03,5.320878331693326135e-01,1.372983478517639133e+00,2.000000000000000000e+01,7.690959465592391020e-02,0.000000000000000000e+00,0.000000000000000000e+00,0.000000000000000000e+00,0.000000000000000000e+00,-4.409169531762935179e+01,6.002252341694906512e+00,1.420000000000000000e+02,1.700403920459557867e+03,9.004210124220369948e+01,2.628700000000000000e+06,2.454600000000000115e-01,-7.907840999998700227e+02,1.000000000000000000e+00
2.676327425939684611e-03,4.701280853651059952e-03,6.111477330970149779e-01,4.177859898540770556e-01,2.000000000000000000e+01,7.515111476149198555e-02,0.000000000000000000e+00,0.000000000000000000e+00,0.000000000000000000e+00,0.000000000000000000e+00,-5.318992674816514921e+01,6.842343424406418961e+00,1.430000000000000000e+02,1.232226837921359447e+03,9.543634832086364383e+01,2.595000000000000000e+06,1.672800000000000120e-01,-3.802596000000204981e+02,1.000000000000000000e+00
2.691340071363799817e-03,4.682082011515736886e-03,5.912356034777973557e-01,6.977641576330695372e-01,2.000000000000000000e+01,7.501350398291276034e-02,0.000000000000000000e+00,0.000000000000000000e+00,0.000000000000000000e+00,0.000000000000000000e+00,-5.578622308222796988e+01,6.830038828922335270e+00,1.440000000000000000e+02,1.089891475457324304e+03,9.722473790299235930e+01,2.566300000000000000e+06,1.890799999999999981e-01,-5.049213000000218585e+02,1.000000000000000000e+00
2.598628362497752697e-03,4.218191997591458700e-03,7.961849797568461007e-01,-4.135424061371407944e+00,2.000000000000000000e+01,7.481716281940231639e-02,0.000000000000000000e+00,0.000000000000000000e+00,0.000000000000000000e+00,0.000000000000000000e+00,-6.485957906964631547e+01,6.805588730560586441e+00,1.450000000000000000e+02,2.220107570919251714e+02,1.144878410558226847e+02,2.461300000000000000e+06,1.340399999999999925e-01,-2.084389979999920683e+02,1.000000000000000000e+00
2.537721055377374288e-03,4.973203781103541915e-03,7.514879745196763050e-01,-2.583787890249472419e+00,2.000000000000000000e+01,7.556962239721512486e-02,0.000000000000000000e+00,0.000000000000000000e+00,0.000000000000000000e+00,0.000000000000000000e+00,-6.287821981583132924e+01,6.913769785735873086e+00,1.460000000000000000e+02,3.260229007441685098e+02,1.103619143774036644e+02,2.492300000000000000e+06,1.037600000000000050e-01,-1.335833999999989032e+02,1.000000000000000000e+00
2.683800388029580330e-03,4.711469419739641729e-03,1.141620061426132926e+00,-3.545418330420273101e+00,2.000000000000000000e+01,7.157994296103836751e-02,0.000000000000000000e+00,0.000000000000000000e+00,0.000000000000000000e+00,0.000000000000000000e+00,-6.067770317213996378e+01,7.828471399907300565e+00,1.470000000000000000e+02,3.056853151219135043e+02,1.108797459349709698e+02,2.572400000000000000e+06,8.953200000000000047e-01,-2.451485266999954547e+03,1.000000000000000000e+00
3.045614515473897381e-03,4.851807114199124631e-03,8.005741622076658626e-01,4.439172933081170225e-02,2.000000000000000000e+01,7.312293486498563921e-02,0.000000000000000000e+00,0.000000000000000000e+00,0.000000000000000000e+00,0.000000000000000000e+00,-5.195654264793608235e+01,7.023939752731669373e+00,1.480000000000000000e+02,1.200747126933638128e+03,9.583571312482533244e+01,2.620700000000000000e+06,4.076400000000000023e-01,-1.199170830000123260e+03,1.000000000000000000e+00
2.547317179669351343e-03,4.793961077846805620e-03,6.730127079679726343e-01,2.880863188924710494e-01,2.000000000000000000e+01,7.368058034192516426e-02,0.000000000000000000e+00,0.000000000000000000e+00,0.000000000000000000e+00,0.000000000000000000e+00,-5.590726391126740680e+01,6.572062265993801944e+00,1.490000000000000000e+02,1.058406440333391629e+03,9.763420732434406091e+01,2.547800000000000000e+06,2.938700000000000201e-01,-8.838939000000320902e+02,1.000000000000000000e+00
2.496358685610711170e-03,4.642218849075516532e-03,6.546467874693862044e-01,1.863680263244894275e-01,2.000000000000000000e+01,7.444367788940955966e-02,0.000000000000000000e+00,0.000000000000000000e+00,0.000000000000000000e+00,0.000000000000000000e+00,-5.247888568639765339e+01,6.522072723674660288e+00,1.500000000000000000e+02,1.052897879060709784e+03,9.792381819140686616e+01,2.535900000000000000e+06,2.872899999999999898e-01,-8.523565999998746747e+02,1.000000000000000000e+00
2.753402697068099703e-03,4.893473105260170118e-03,8.682070214580669409e-01,-1.395480689504631222e+00,2.000000000000000000e+01,7.386972295488528073e-02,0.000000000000000000e+00,0.000000000000000000e+00,0.000000000000000000e+00,0.000000000000000000e+00,-5.799936823612604542e+01,6.898444617729163397e+00,1.510000000000000000e+02,7.083684549904157848e+02,1.035266245704069661e+02,2.547100000000000000e+06,1.847999999999999921e-01,-3.060429449999854228e+02,1.000000000000000000e+00
2.977878297699727058e-03,4.787204578801620980e-03,5.540122544348364819e-01,1.444512613359708375e+00,2.000000000000000000e+01,7.444857970500970423e-02,0.000000000000000000e+00,0.000000000000000000e+00,0.000000000000000000e+00,0.000000000000000000e+00,-4.842589162010223447e+01,6.624999832254779619e+00,1.520000000000000000e+02,1.686134345061425392e+03,9.025535108154865327e+01,2.625900000000000000e+06,3.352100000000000080e-01,-1.379116430999566091e+03,1.000000000000000000e+00
2.885602306269774431e-03,4.830599004437530729e-03,7.160718079018062454e-01,2.364441231838257107e-01,2.000000000000000000e+01,7.353492793650676096e-02,0.000000000000000000e+00,0.000000000000000000e+00,0.000000000000000000e+00,0.000000000000000000e+00,-5.564519942218927895e+01,7.130456032904935348e+00,1.530000000000000000e+02,9.708920289445123899e+02,9.922356193740961317e+01,2.539500000000000000e+06,2.151700000000000002e-01,-5.243079999999893062e+02,1.000000000000000000e+00
2.773382689439108685e-03,4.546331314993109531e-03,6.199551285273441348e-01,6.970338045742313637e-02,2.000000000000000000e+01,7.502372413204624890e-02,0.000000000000000000e+00,0.000000000000000000e+00,0.000000000000000000e+00,0.000000000000000000e+00,-5.684015234997741572e+01,6.823746883497625149e+00,1.540000000000000000e+02,9.681639789539318599e+02,9.924890777178245571e+01,2.554800000000000000e+06,1.813599999999999934e-01,-4.562492879999646220e+02,1.000000000000000000e+00
2.652088484226316524e-03,4.533331274026558208e-03,6.875968887331724844e-01,-8.345711625160717739e-02,2.000000000000000000e+01,7.444109053293160305e-02,0.000000000000000000e+00,0.000000000000000000e+00,0.000000000000000000e+00,0.000000000000000000e+00,-5.748265777436655810e+01,6.806085357889589460e+00,1.550000000000000000e+02,8.960567822020819904e+02,1.001685552934436743e+02,2.546700000000000000e+06,1.924299999999999899e-01,-4.298892000000163875e+02,1.000000000000000000e+00
2.618347356916211899e-03,4.499972433714400852e-03,6.365762785205204555e-01,6.265232257960137163e-01,2.000000000000000000e+01,7.438968850316912684e-02,0.000000000000000000e+00,0.000000000000000000e+00,0.000000000000000000e+00,0.000000000000000000e+00,-5.547486382251710779e+01,6.308940164927774319e+00,1.560000000000000000e+02,1.175366458871080340e+03,9.635553617885317124e+01,2.534700000000000000e+06,2.254400000000000015e-01,-6.153196169999147287e+02,1.000000000000000000e+00
2.665913652008670802e-03,4.769227736501950587e-03,1.009997170036197822e+00,-2.066644141519188516e+00,2.000000000000000000e+01,7.318463885817652614e-02,0.000000000000000000e+00,0.000000000000000000e+00,0.000000000000000000e+00,0.000000000000000000e+00,-5.957300844579130228e+01,7.288800208412818726e+00,1.570000000000000000e+02,4.566398778869460671e+02,1.066523575969860076e+02,2.553100000000000000e+06,2.262500000000000067e-01,-3.374279989999888585e+02,1.000000000000000000e+00
2.630583757637005356e-03,4.749431567337838306e-03,6.141208110767902850e-01,7.613734087140207052e-01,2.000000000000000000e+01,6.913376310493139776e-02,0.000000000000000000e+00,0.000000000000000000e+00,0.000000000000000000e+00,0.000000000000000000e+00,-5.109900941685231857e+01,6.501434696216668030e+00,1.580000000000000000e+02,1.294174268041470668e+03,9.481926844997892090e+01,2.550500000000000000e+06,2.178400000000000059e-01,-5.331039999999293286e+02,1.000000000000000000e+00
2.557754334275144214e-03,4.634617423494791916e-03,6.165316300195493593e-01,-2.057763506550276678e-01,2.000000000000000000e+01,7.428357652008048262e-02,0.000000000000000000e+00,0.000000000000000000e+00,0.000000000000000000e+00,0.000000000000000000e+00,-5.659124600193133148e+01,6.783698279632329964e+00,1.590000000000000000e+02,9.318637833834825415e+02,9.948872843517672493e+01,2.554800000000000000e+06,2.517099999999999893e-01,-7.695346749998249152e+02,1.000000000000000000e+00
2.526877090172080162e-03,4.768320508088738988e-03,7.845241430883849176e-01,-1.579886705731180729e+00,2.000000000000000000e+01,7.399138317632911188e-02,0.000000000000000000e+00,0.000000000000000000e+00,0.000000000000000000e+00,0.000000000000000000e+00,-6.316801712099415056e+01,6.950446645142541513e+00,1.600000000000000000e+02,3.767135349050213904e+02,1.097724667081870535e+02,2.490700000000000000e+06,1.840199999999999891e-01,-3.473768920000305798e+02,1.000000000000000000e+00
2.584680476539385867e-03,4.832281621501944430e-03,7.562921324606184381e-01,-2.313900942537738370e+00,2.000000000000000000e+01,7.428956766548000523e-02,0.000000000000000000e+00,0.000000000000000000e+00,0.000000000000000000e+00,0.000000000000000000e+00,-6.165523163384155225e+01,7.049461418743142360e+00,1.610000000000000000e+02,3.897379613428965399e+02,1.088612660084135939e+02,2.513700000000000000e+06,1.721199999999999952e-01,-3.264867629999934593e+02,1.000000000000000000e+00
2.607967652520140015e-03,4.815695845300839786e-03,7.704015546318632168e-01,-2.039407080895817792e+00,2.000000000000000000e+01,7.426126807505281646e-02,0.000000000000000000e+00,0.000000000000000000e+00,0.000000000000000000e+00,0.000000000000000000e+00,-6.235269752228545315e+01,7.013295683928882696e+00,1.620000000000000000e+02,3.837082536945702032e+02,1.092459257445187006e+02,2.504000000000000000e+06,1.702599999999999947e-01,-3.168707850000229200e+02,1.000000000000000000e+00
2.681889655510836384e-03,4.826475439324084266e-03,7.377236683045704790e-01,-2.248142487411115553e+00,2.000000000000000000e+01,7.532577979459435802e-02,0.000000000000000000e+00,0.000000000000000000e+00,0.000000000000000000e+00,0.000000000000000000e+00,-6.232224909263851487e+01,7.149766418609772245e+00,1.630000000000000000e+02,3.560761953693561281e+02,1.098805293167362720e+02,2.512400000000000000e+06,1.170800000000000035e-01,-1.806773999999992668e+02,1.000000000000000000e+00
2.776014360578640990e-03,4.533544154789235711e-03,5.691814034877351602e-01,1.197052960657947196e+00,2.000000000000000000e+01,7.506351158316626471e-02,0.000000000000000000e+00,0.000000000000000000e+00,0.000000000000000000e+00,0.000000000000000000e+00,-4.985076646966859215e+01,6.377185063306429313e+00,1.640000000000000000e+02,1.565992986223159505e+03,9.162304649660578093e+01,2.593700000000000000e+06,2.137699999999999878e-01,-6.270036080000099901e+02,1.000000000000000000e+00
2.834759365132217060e-03,4.708688700813683931e-03,5.887736332662224514e-01,1.035416391065369979e+00,2.000000000000000000e+01,7.476008587518626070e-02,0.000000000000000000e+00,0.000000000000000000e+00,0.000000000000000000e+00,0.000000000000000000e+00,-4.980212040225455894e+01,6.690043836497282292e+00,1.650000000000000000e+02,1.507429450083010806e+03,9.192029431067726364e+01,2.617900000000000000e+06,2.390200000000000102e-01,-7.051590000001119733e+02,1.000000000000000000e+00
2.756901207699013340e-03,4.536845984136927620e-03,5.866643339001417212e-01,1.178708340501622320e+00,2.000000000000000000e+01,7.449923570168175135e-02,0.000000000000000000e+00,0.000000000000000000e+00,0.000000000000000000e+00,0.000000000000000000e+00,-5.098221406355538932e+01,6.568965730748610454e+00,1.660000000000000000e+02,1.448927904394116240e+03,9.223505385401421108e+01,2.596900000000000000e+06,2.690899999999999959e-01,-8.893163000000446345e+02,1.000000000000000000e+00
2.808987685464866060e-03,4.681527553665666697e-03,6.098328577369915848e-01,9.847828463896027840e-01,2.000000000000000000e+01,7.477848533911429785e-02,0.000000000000000000e+00,0.000000000000000000e+00,0.000000000000000000e+00,0.000000000000000000e+00,-5.018200442051474397e+01,6.855469986836521201e+00,1.670000000000000000e+02,1.449087745266743696e+03,9.221125452094030095e+01,2.626600000000000000e+06,2.171599999999999919e-01,-5.806182330000616503e+02,1.000000000000000000e+00
2.683800388029580330e-03,4.711469419739641729e-03,1.141620061426132926e+00,-3.545418330420273101e+00,2.000000000000000000e+01,7.157994296103836751e-02,0.000000000000000000e+00,0.000000000000000000e+00,0.000000000000000000e+00,0.000000000000000000e+00,-6.067770317213996378e+01,7.828471399907300565e+00,1.680000000000000000e+02,2.357045730977701510e+02,1.111725045514012038e+02,2.538600000000000000e+06,1.336400000000000088e-01,-1.287891419999989182e+02,1.000000000000000000e+00
2.993142986019161136e-03,4.201547523473992372e-03,6.871093599385680317e-01,-4.397940333063529827e+00,2.000000000000000000e+01,7.437483351976975632e-02,0.000000000000000000e+00,0.000000000000000000e+00,0.000000000000000000e+00,0.000000000000000000e+00,-7.081041034330341688e+01,6.929829650924565598e+00,1.690000000000000000e+02,1.694051479698869969e+02,1.266998943795133385e+02,2.394700000000000000e+06,2.584699999999999775e-01,-8.461239270000843362e+02,1.000000000000000000e+00
2.411682832787320502e-03,4.210548999507845135e-03,5.571959749150944274e-01,-2.791867513968806946e+00,2.000000000000000000e+01,8.229359824685769653e-02,0.000000000000000000e+00,0.000000000000000000e+00,0.000000000000000000e+00,0.000000000000000000e+00,-6.869363458352633245e+01,6.537407834589728850e+00,1.700000000000000000e+02,1.704303209929455249e+02,1.231363351303366329e+02,2.348400000000000000e+06,1.088299999999999962e-01,-2.247567479999997602e+02,1.000000000000000000e+00
2.648360613237448445e-03,4.458961715394248182e-03,6.454588085600587721e-01,4.622478727233856333e-01,2.000000000000000000e+01,7.478838112961713747e-02,0.000000000000000000e+00,0.000000000000000000e+00,0.000000000000000000e+00,0.000000000000000000e+00,-5.584278763902938891e+01,6.654067020122499621e+00,1.710000000000000000e+02,1.088846423558153674e+03,9.733549710963534096e+01,2.554200000000000000e+06,1.786200000000000010e-01,-4.096471469999742681e+02,1.000000000000000000e+00
2.867860249232993472e-03,4.678852732301676601e-03,6.016449457633326059e-01,9.512710351458282254e-01,2.000000000000000000e+01,7.437995708290391639e-02,0.000000000000000000e+00,0.000000000000000000e+00,0.000000000000000000e+00,0.000000000000000000e+00,-5.169292136041534746e+01,6.518550958694540043e+00,1.720000000000000000e+02,1.412303255512194028e+03,9.316982410484828847e+01,2.586500000000000000e+06,2.825900000000000079e-01,-9.591547999998763316e+02,1.000000000000000000e+00
2.751324164721831965e-03,4.722794288788070491e-03,7.074097650971634677e-01,2.269448490414123221e-01,2.000000000000000000e+01,7.435490020079565943e-02,0.000000000000000000e+00,0.000000000000000000e+00,0.000000000000000000e+00,0.000000000000000000e+00,-5.637233449618240400e+01,6.673338215455023814e+00,1.730000000000000000e+02,1.042583006231442596e+03,9.828619179930842620e+01,2.549900000000000000e+06,1.916200000000000125e-01,-4.185187999999734529e+02,1.000000000000000000e+00
2.739828792013752901e-03,4.475081677312748099e-03,6.409678409425104695e-01,4.874293689284450171e-01,2.000000000000000000e+01,7.482459224003204512e-02,0.000000000000000000e+00,0.000000000000000000e+00,0.000000000000000000e+00,0.000000000000000000e+00,-5.507506624440368626e+01,6.584020128886663770e+00,1.740000000000000000e+02,1.154445148267445575e+03,9.654951199937514161e+01,2.557500000000000000e+06,1.858400000000000052e-01,-4.465270369999741433e+02,1.000000000000000000e+00
2.708938924230647020e-03,4.871331983685282113e-03,6.990434070000471900e-01,2.374450384789749957e-01,2.000000000000000000e+01,7.491171423223870474e-02,0.000000000000000000e+00,0.000000000000000000e+00,0.000000000000000000e+00,0.000000000000000000e+00,-5.589522016856420095e+01,6.892137671507548191e+00,1.750000000000000000e+02,1.052827953632940762e+03,9.810344481208021250e+01,2.569600000000000000e+06,1.495700000000000085e-01,-2.749635000000042169e+02,1.000000000000000000e+00
2.595709462674670141e-03,5.020802420828712580e-03,6.024590541859676796e-01,1.691734811621566914e-01,2.000000000000000000e+01,7.445029824819926478e-02,0.000000000000000000e+00,0.000000000000000000e+00,0.000000000000000000e+00,0.000000000000000000e+00,-5.569164164419464669e+01,6.704179277632942302e+00,1.760000000000000000e+02,1.063077408299079707e+03,9.783108481445398752e+01,2.559000000000000000e+06,2.303000000000000047e-01,-6.728806079999284293e+02,1.000000000000000000e+00
2.713243481211218174e-03,4.940126671245754705e-03,6.019790131241065101e-01,1.728858950606957379e-01,2.000000000000000000e+01,7.445437697402640387e-02,0.000000000000000000e+00,0.000000000000000000e+00,0.000000000000000000e+00,0.000000000000000000e+00,-5.544248295435676965e+01,6.702179525916612590e+00,1.770000000000000000e+02,1.083136694178652988e+03,9.761564852310051776e+01,2.561600000000000000e+06,2.423399999999999999e-01,-7.659675100000847578e+02,1.000000000000000000e+00
2.658572628799251922e-03,4.852154531287337057e-03,6.823474002090681445e-01,-6.880844024550909488e-01,2.000000000000000000e+01,7.520768451708463587e-02,0.000000000000000000e+00,0.000000000000000000e+00,0.000000000000000000e+00,0.000000000000000000e+00,-5.938149071775580978e+01,6.869586398757370205e+00,1.780000000000000000e+02,7.308640089419263859e+02,1.033308442454823961e+02,2.529900000000000000e+06,1.352700000000000014e-01,-2.456906759999895655e+02,1.000000000000000000e+00
2.856780020859525648e-03,4.734708432996729416e-03,7.124831831042162111e-01,3.030352628326251629e-01,2.000000000000000000e+01,7.410957519507171964e-02,0.000000000000000000e+00,0.000000000000000000e+00,0.000000000000000000e+00,0.000000000000000000e+00,-5.505451242008591350e+01,6.595431657383284296e+00,1.790000000000000000e+02,1.135785957626237632e+03,9.690620815350602868e+01,2.558400000000000000e+06,2.293100000000000138e-01,-5.626365640000678923e+02,1.000000000000000000e+00
2.590885761478490309e-03,4.809912314846729806e-03,6.831374156660211527e-01,-5.230122245766982703e-01,2.000000000000000000e+01,8.147342532404679150e-02,0.000000000000000000e+00,0.000000000000000000e+00,0.000000000000000000e+00,0.000000000000000000e+00,-7.234327644708342575e+01,6.304558989673227032e+00,1.800000000000000000e+02,7.213430395731277258e+02,1.034053746491936181e+02,2.501600000000000000e+06,3.046300000000000119e-01,-8.771944999998200956e+02,1.000000000000000000e+00
2.575178005857770881e-03,4.431891867696883397e-03,6.472866858688302028e-01,6.182222654004668749e-01,2.000000000000000000e+01,7.435819771497206854e-02,0.000000000000000000e+00,0.000000000000000000e+00,0.000000000000000000e+00,0.000000000000000000e+00,-5.489745949235913969e+01,6.274099167685044165e+00,1.810000000000000000e+02,1.203204540415372321e+03,9.590680904847408783e+01,2.538100000000000000e+06,2.221400000000000041e-01,-5.747377679999912061e+02,1.000000000000000000e+00
3.042589930415598356e-03,4.083090140197391180e-03,7.696058944449291062e-01,6.184497604997722942e-01,2.000000000000000000e+01,8.482768740358949400e-02,0.000000000000000000e+00,0.000000000000000000e+00,0.000000000000000000e+00,0.000000000000000000e+00,-5.169386591190045266e+01,5.019684773227818475e+00,1.820000000000000000e+02,1.192683935063614626e+03,9.630178342928479651e+01,2.559200000000000000e+06,1.904500000000000082e-01,-4.697314440000157560e+02,1.000000000000000000e+00
2.776909678816634995e-03,4.744974797560284202e-03,6.135095084428450196e-01,4.883634787977352842e-01,2.000000000000000000e+01,7.452745405141056323e-02,0.000000000000000000e+00,0.000000000000000000e+00,0.000000000000000000e+00,0.000000000000000000e+00,-5.498406191091070383e+01,6.538628680048030439e+00,1.830000000000000000e+02,1.171770834336151438e+03,9.643305387941938989e+01,2.555200000000000000e+06,2.331000000000000016e-01,-7.003619220000980476e+02,1.000000000000000000e+00
3.546451372721091781e-03,3.656179553362388316e-03,7.736624555479474363e-01,6.510911801502586860e-01,2.000000000000000000e+01,7.013154293536423556e-02,0.000000000000000000e+00,0.000000000000000000e+00,0.000000000000000000e+00,0.000000000000000000e+00,-5.212857468355124269e+01,6.651429622987421020e+00,1.840000000000000000e+02,1.390375788598876170e+03,9.374309159333874675e+01,2.594100000000000000e+06,2.212000000000000077e-01,-5.490192000000662347e+02,1.000000000000000000e+00
2.791451594354043761e-03,4.630421037814568333e-03,6.011880057940934829e-01,8.654957313888950177e-01,2.000000000000000000e+01,7.511285604436857000e-02,0.000000000000000000e+00,0.000000000000000000e+00,0.000000000000000000e+00,0.000000000000000000e+00,-5.216595975297707355e+01,6.518060296476603455e+00,1.850000000000000000e+02,1.398193254714231671e+03,9.363296648577158976e+01,2.581800000000000000e+06,1.829099999999999893e-01,-4.623740099999542394e+02,1.000000000000000000e+00
2.789062398712626421e-03,4.710989621467971331e-03,6.160709304994289592e-01,8.250334249178413737e-01,2.000000000000000000e+01,7.481143185115352034e-02,0.000000000000000000e+00,0.000000000000000000e+00,0.000000000000000000e+00,0.000000000000000000e+00,-5.363137217702433901e+01,6.493435152646359398e+00,1.860000000000000000e+02,1.306816438878237932e+03,9.471479054519568308e+01,2.565600000000000000e+06,1.997899999999999954e-01,-5.303767350000427996e+02,1.000000000000000000e+00
2.882064645702364560e-03,4.481847171793520990e-03,6.018134527837032399e-01,1.101600776543145255e+00,2.000000000000000000e+01,7.416927980986173785e-02,0.000000000000000000e+00,0.000000000000000000e+00,0.000000000000000000e+00,0.000000000000000000e+00,-4.943013061525299889e+01,7.265181662460219236e+00,1.870000000000000000e+02,1.683522990948637471e+03,9.076857105211212229e+01,2.623000000000000000e+06,1.887600000000000111e-01,-5.072548299999725714e+02,1.000000000000000000e+00
2.886976272439744674e-03,4.789296651336502272e-03,5.974313645953169827e-01,1.202343045562245472e+00,2.000000000000000000e+01,7.532586537550961525e-02,0.000000000000000000e+00,0.000000000000000000e+00,0.000000000000000000e+00,0.000000000000000000e+00,-4.838551802376220223e+01,6.741414897504748538e+00,1.880000000000000000e+02,1.676549108406088862e+03,9.078220234887977824e+01,2.635500000000000000e+06,1.713699999999999946e-01,-4.042748329999860744e+02,1.000000000000000000e+00
2.551113274184837847e-03,4.711637772428432271e-03,6.629103072320086110e-01,1.749516244538773524e-02,2.000000000000000000e+01,7.421062169275044473e-02,0.000000000000000000e+00,0.000000000000000000e+00,0.000000000000000000e+00,0.000000000000000000e+00,-5.651117884759388943e+01,6.478885103338334339e+00,1.890000000000000000e+02,1.015192768159560273e+03,9.864694308934190303e+01,2.535800000000000000e+06,2.236400000000000055e-01,-5.671701100000340148e+02,1.000000000000000000e+00
2.936857675791143280e-03,5.245893603287875122e-03,5.836787236367630971e-01,5.483026923771122663e-01,2.000000000000000000e+01,7.615037422579994109e-02,0.000000000000000000e+00,0.000000000000000000e+00,0.000000000000000000e+00,0.000000000000000000e+00,-4.748985937104699673e+01,6.404323426201298908e+00,1.900000000000000000e+02,1.377872214010319112e+03,9.386099873298225305e+01,2.608100000000000000e+06,2.524199999999999777e-01,-7.244342000000949611e+02,1.000000000000000000e+00
1.972882049792241098e-03,4.693402771938928741e-03,9.780673019649279709e-01,-4.767145917359378871e-01,2.000000000000000000e+01,6.666788925146664713e-02,0.000000000000000000e+00,0.000000000000000000e+00,0.000000000000000000e+00,0.000000000000000000e+00,-6.048851482018429238e+01,6.829021153835832081e+00,1.910000000000000000e+02,6.263609297478999451e+02,1.042728579410059950e+02,2.515400000000000000e+06,9.523700000000000221e-02,-5.925606699999887184e+01,1.000000000000000000e+00
2.747556866095854713e-03,4.757058551251008155e-03,6.588679397882093447e-01,1.995679153757387025e-01,2.000000000000000000e+01,7.456465277879432973e-02,0.000000000000000000e+00,0.000000000000000000e+00,0.000000000000000000e+00,0.000000000000000000e+00,-5.633926753619690686e+01,6.631935907755316606e+00,1.920000000000000000e+02,1.046130407860731566e+03,9.825230982426944593e+01,2.547400000000000000e+06,1.971600000000000019e-01,-4.786100000000409409e+02,1.000000000000000000e+00
2.820888953107999336e-03,4.536618195356108101e-03,6.240758530527381609e-01,7.369056276618133339e-01,2.000000000000000000e+01,7.467120849558298024e-02,0.000000000000000000e+00,0.000000000000000000e+00,0.000000000000000000e+00,0.000000000000000000e+00,-5.294296423862732581e+01,6.520290087305451010e+00,1.930000000000000000e+02,1.309591138865506991e+03,9.442965156758859280e+01,2.574400000000000000e+06,2.199699999999999989e-01,-6.120607970000386331e+02,1.000000000000000000e+00
2.824555247898429509e-03,4.634675304574320184e-03,6.113003569829941197e-01,7.176929190804742786e-01,2.000000000000000000e+01,7.455570056755643493e-02,0.000000000000000000e+00,0.000000000000000000e+00,0.000000000000000000e+00,0.000000000000000000e+00,-5.286726427060072808e+01,6.520445039924165798e+00,1.940000000000000000e+02,1.313317604194834985e+03,9.442455131040927085e+01,2.575100000000000000e+06,2.405200000000000116e-01,-7.348792680001389499e+02,1.000000000000000000e+00
2.766735104628563393e-03,4.496739142051031993e-03,5.689011813114255300e-01,1.181121006720162736e+00,2.000000000000000000e+01,7.444694556923966977e-02,0.000000000000000000e+00,0.000000000000000000e+00,0.000000000000000000e+00,0.000000000000000000e+00,-4.931907388626021316e+01,6.204957225068953974e+00,1.950000000000000000e+02,1.605986257150017764e+03,9.154276583256191202e+01,2.585200000000000000e+06,3.004899999999999793e-01,-1.115927066999937324e+03,1.000000000000000000e+00
2.888364762473890051e-03,4.752821774742399530e-03,6.017380027484011684e-01,9.857309556866515887e-01,2.000000000000000000e+01,7.485093242672263836e-02,0.000000000000000000e+00,0.000000000000000000e+00,0.000000000000000000e+00,0.000000000000000000e+00,-5.296521975578892949e+01,6.661793604745862574e+00,1.960000000000000000e+02,1.339622340994006208e+03,9.402529628054834632e+01,2.584000000000000000e+06,2.130599999999999994e-01,-6.092738430000532617e+02,1.000000000000000000e+00
3.048930038582884760e-03,4.647357831819408890e-03,5.651479121765182745e-01,1.791222986703495890e+00,2.000000000000000000e+01,7.133832927679290004e-02,0.000000000000000000e+00,0.000000000000000000e+00,0.000000000000000000e+00,0.000000000000000000e+00,-4.601221240830645343e+01,6.650767804779985859e+00,1.970000000000000000e+02,2.730109719515529832e+03,8.860308170751346779e+01,2.653300000000000000e+06,6.548199999999999577e-01,-1.788179850000600254e+03,1.000000000000000000e+00
2.763412969915230409e-03,4.627856835702807807e-03,6.485711622882549543e-01,3.026014974325190732e-01,2.000000000000000000e+01,7.474344276356748029e-02,0.000000000000000000e+00,0.000000000000000000e+00,0.000000000000000000e+00,0.000000000000000000e+00,-5.534763565282922571e+01,6.594309357782532466e+00,1.980000000000000000e+02,1.126143729460999566e+03,9.713602844766896283e+01,2.555500000000000000e+06,1.890799999999999981e-01,-4.516584000000349874e+02,1.000000000000000000e+00
2.245352482179709726e-03,4.810049332286908327e-03,1.085814335982752121e+00,-7.375133503674681235e-01,2.000000000000000000e+01,6.617024417144388992e-02,0.000000000000000000e+00,0.000000000000000000e+00,0.000000000000000000e+00,0.000000000000000000e+00,-6.428219039524586265e+01,6.271542152938748949e+00,1.990000000000000000e+02,5.740731044519642410e+02,1.051701095784708144e+02,2.501400000000000000e+06,5.232400000000000384e-01,-1.219225567000155252e+03,1.000000000000000000e+00
